0,785282.4375
1,492123.21875
2,405161.625
3,320487.28125
4,183014.546875
5,142033.953125
6,125749.117188
7,115267.523438
8,108591.773438
9,84862.203125
10,78561.3515625
11,68371.109375
12,62193.2226562
13,54629.828125
14,51119.6484375
15,49921.0273438
16,41069.8398438
17,43120.3359375
18,40646.4492188
19,39760.7734375
20,34692.0117188
21,34011.7382812
22,34301.1679688
23,38993.703125
24,38371.2773438
25,29246.828125
26,31579.3359375
27,33077.6523438
28,30230.1875
29,33684.4609375
30,32464.7773438
31,27172.8261719
32,25604.1152344
33,28292.15625
34,29344.1542969
35,26081.5078125
36,25550.5839844
37,26507.5566406
38,27094.5742188
39,26933.4082031
40,25135.6035156
41,25866.21875
42,24638.375
43,24298.4785156
44,22677.6621094
45,24787.7949219
46,22771.8691406
47,22225.6992188
48,21744.828125
49,22396.1269531
50,21906.953125
51,20599.5722656
52,21384.015625
53,20032.2695312
54,21558.0859375
55,20368.6523438
56,23455.4414062
57,20571.0527344
58,19522.1738281
59,20056.3515625
60,21116.453125
61,20972.9121094
62,20782.3710938
63,17814.9824219
64,18552.1523438
65,19571.9199219
66,18722.5273438
67,20334.6425781
68,17673.1230469
69,17307.7089844
70,17412.4980469
71,19518.765625
72,18756.4179688
73,16159.3564453
74,15502.6337891
75,18082.4277344
76,17359.6464844
77,17269.3027344
78,15108.9335938
79,15613.9423828
80,17112.9570312
81,17070.640625
82,15150.5996094
83,15968.5117188
84,15978.4912109
85,14010.8896484
86,15588.5917969
87,16240.453125
88,14814.1806641
89,15457.3808594
90,14394.6972656
91,15189.0302734
92,15790.9111328
93,15228.1259766
94,14779.6835938
95,15873.2275391
96,17139.7402344
97,14012.7138672
98,13894.9707031
99,13772.5087891
100,13759.125
101,15170.9882812
102,15812.9677734
103,15154.0976562
104,12067.9892578
105,12829.4970703
106,12887.2578125
107,13020.8027344
108,13295.3955078
109,14089.3847656
110,12835.8173828
111,14221.0898438
112,13427.3896484
113,13030.6367188
114,13195.8632812
115,11399.7929688
116,12882.5380859
117,13140.7871094
118,13446.9765625
119,13279.3652344
120,14027.8828125
121,11951.2714844
122,13234.6210938
123,13274.2832031
124,12804.8388672
125,11899.5146484
126,12453.8359375
127,12609.8320312
128,12550.6171875
129,11119.15625
130,13065.7578125
131,12306.0205078
132,13649.5195312
133,11360.2988281
134,12623.2226562
135,11488.1464844
136,13280.7939453
137,11675.4863281
138,10835.234375
139,11683.0693359
140,12228.4248047
141,12208.2363281
142,12169.4033203
143,10949.4257812
144,11445.6425781
145,11528.3837891
146,9866.80078125
147,11009.2021484
148,11707.6113281
149,12180.9316406
150,9903.3515625
151,11744.2246094
152,11891.9345703
153,11467.5234375
154,12373.5888672
155,11336.3095703
156,11625.0263672
157,11065.2695312
158,11200.5986328
159,10341.4746094
160,11805.3964844
161,10419.6103516
162,9582.54296875
163,10527.984375
164,10302.1308594
165,10242.6054688
166,10131.5585938
167,12215.234375
168,10391.7246094
169,12368.7089844
170,10804.6474609
171,10872.7236328
172,11412.5576172
173,9986.34472656
174,10140.1523438
175,10853.3291016
176,10986.5957031
177,10787.6259766
178,11279.5927734
179,10179.0039062
180,9144.41015625
181,10191.2939453
182,9860.70214844
183,9152.06347656
184,10330.2255859
185,10524.0820312
186,11234.7246094
187,12000.1884766
188,10476.6005859
189,11277.5322266
190,9788.34277344
191,10136.8027344
192,10204.2041016
193,10133.0605469
194,11023.6757812
195,9579.15625
196,10092.9785156
197,10501.5214844
198,10259.1875
199,9954.76171875
200,9546.61425781
201,10288.4912109
202,8633.72460938
203,8855.80371094
204,9226.37890625
205,10170.6035156
206,10683.4130859
207,9478.12011719
208,8420.87988281
209,9656.62890625
210,9682.44921875
211,11353.6640625
212,10120.0712891
213,10217.1777344
214,10433.4785156
215,9456.98242188
216,10281.3085938
217,10507.7783203
218,10581.4404297
219,8997.80175781
220,8659.0703125
221,9681.61425781
222,9859.9296875
223,9583.42089844
224,8924.48632812
225,8576.77832031
226,8040.09814453
227,9865.5078125
228,8539.25976562
229,9507.23535156
230,9291.18652344
231,9370.54003906
232,8830.70703125
233,8955.265625
234,9276.13671875
235,9055.94824219
236,9817.53320312
237,9448.44335938
238,8845.43457031
239,9669.28222656
240,9304.14746094
241,10300.609375
242,8975.09667969
243,9250.88378906
244,9775.58691406
245,9176.39453125
246,8256.88867188
247,8859.42773438
248,9413.91210938
249,8283.04199219
250,10046.7304688
251,8739.20703125
252,8742.28710938
253,9718.19921875
254,9837.26464844
255,9250.80273438
256,9089.22949219
257,8858.71191406
258,9029.55371094
259,10055.9667969
260,8744.24707031
261,8298.32324219
262,9288.27441406
263,8124.16943359
264,8859.71191406
265,9094.05273438
266,9420.08398438
267,8586.87695312
268,9521.9921875
269,8164.62841797
270,7671.8515625
271,8566.81445312
272,8985.22460938
273,8507.15527344
274,8019.13720703
275,8265.84863281
276,8944.04882812
277,8383.80664062
278,8622.25097656
279,8565.54296875
280,8442.671875
281,9265.41015625
282,9576.80175781
283,7777.31494141
284,7643.3984375
285,7719.07226562
286,8023.15039062
287,7572.38574219
288,7219.13623047
289,7257.15332031
290,8262.33886719
291,8068.18701172
292,8025.55224609
293,7801.00097656
294,7989.37451172
295,8996.58984375
296,8290.14648438
297,8096.6875
298,8280.49902344
299,7958.82128906
300,8141.6796875
301,9176.87109375
302,8859.76953125
303,8097.05615234
304,8007.02001953
305,8308.91113281
306,8595.24316406
307,8957.65234375
308,7972.65673828
309,7523.35742188
310,8309.99707031
311,8453.37597656
312,8971.52441406
313,8193.76660156
314,8185.95849609
315,8802.56933594
316,8194.37695312
317,8522.93652344
318,8145.0859375
319,8084.66064453
320,7550.50830078
321,8002.69677734
322,8321.24609375
323,7539.20703125
324,7499.36474609
325,8564.63378906
326,8487.03808594
327,8828.19628906
328,7806.22998047
329,7227.81835938
330,8195.25195312
331,8264.46777344
332,8610.98144531
333,7337.40283203
334,7187.484375
335,7878.68457031
336,7662.85498047
337,7564.18359375
338,7157.98095703
339,7586.24023438
340,7845.91601562
341,7147.38134766
342,7164.45263672
343,8120.36181641
344,7213.01269531
345,7713.06347656
346,7801.48828125
347,7157.95947266
348,8630.58691406
349,6941.50390625
350,7913.7734375
351,7647.38134766
352,7682.06689453
353,7109.86962891
354,7595.93457031
355,7411.57470703
356,7033.06494141
357,7562.40869141
358,8234.43847656
359,8351.65820312
360,7906.28808594
361,6920.25634766
362,7335.09375
363,7768.22607422
364,8418.03222656
365,7212.01953125
366,8075.66552734
367,7886.52099609
368,6715.95654297
369,7074.83154297
370,6545.74169922
371,8097.875
372,6998.43701172
373,6770.13134766
374,8280.47363281
375,7732.87451172
376,7708.26513672
377,8095.28955078
378,7845.35302734
379,7683.2265625
380,8143.76074219
381,8049.97509766
382,7364.90136719
383,7889.91162109
384,8757.515625
385,7480.18847656
386,7264.41113281
387,7912.39648438
388,8638.953125
389,8192.42871094
390,7542.66162109
391,7021.41259766
392,8469.43164062
393,7792.62060547
394,8511.90429688
395,7661.18798828
396,8517.07128906
397,7337.23486328
398,7235.99316406
399,7415.13037109
400,8955.5234375
401,7083.35205078
402,6834.93994141
403,7315.53759766
404,6885.921875
405,6782.69238281
406,6628.71191406
407,6817.12060547
408,8236.19824219
409,7175.23779297
410,7004.32910156
411,6898.00292969
412,6932.02734375
413,6873.43603516
414,7478.21191406
415,6753.11865234
416,8084.16210938
417,7070.02050781
418,7488.6015625
419,6794.28076172
420,6576.70068359
421,7315.11230469
422,7558.07373047
423,7179.62939453
424,7295.22119141
425,6953.38476562
426,7417.95410156
427,7477.69482422
428,7363.76806641
429,6658.15478516
430,7958.20507812
431,6648.68457031
432,6146.16699219
433,7017.13671875
434,6957.20898438
435,7587.56787109
436,6446.8515625
437,6454.99267578
438,6895.25292969
439,6737.00830078
440,6671.50878906
441,7121.44580078
442,6321.39111328
443,8029.73144531
444,6807.71435547
445,7115.34765625
446,6715.71972656
447,7495.33251953
448,6639.21289062
449,6828.14257812
450,6989.890625
451,6592.72607422
452,6987.66015625
453,6974.3671875
454,6853.80712891
455,7186.20947266
456,6927.61279297
457,6659.99560547
458,6828.66748047
459,6071.25537109
460,6991.50585938
461,6709.13720703
462,6928.93994141
463,7543.47070312
464,7288.57128906
465,7225.44042969
466,6635.35302734
467,7136.52587891
468,6665.66748047
469,6932.81005859
470,6516.14599609
471,6824.05175781
472,6764.22119141
473,7593.62060547
474,6817.54003906
475,6428.91845703
476,7793.19384766
477,5977.53515625
478,6341.84814453
479,6292.75195312
480,7037.68701172
481,7601.45117188
482,6742.65429688
483,7278.56005859
484,7702.57958984
485,6509.00097656
486,6904.89550781
487,8070.48730469
488,7696.00488281
489,6836.16503906
490,6626.84667969
491,7967.49169922
492,7352.75683594
493,6372.97509766
494,7020.38037109
495,6841.86328125
496,6502.49511719
497,6777.50634766
498,6406.48242188
499,7547.22802734
500,6793.77148438
501,6086.41210938
502,6955.24609375
503,7126.06591797
504,6872.72900391
505,5937.23632812
506,6472.78417969
507,7061.15380859
508,6410.68359375
509,6388.1171875
510,6518.49707031
511,6510.62695312
512,6329.13818359
513,6166.61816406
514,6806.24462891
515,6504.09423828
516,6670.53759766
517,6276.92675781
518,6226.53466797
519,5726.13964844
520,6437.92822266
521,6613.92822266
522,6245.99951172
523,6374.5
524,6381.86425781
525,6051.95166016
526,5835.10498047
527,6488.203125
528,6214.35595703
529,5529.75292969
530,5836.55224609
531,6853.00244141
532,5806.77099609
533,6563.35253906
534,5303.84912109
535,6568.09814453
536,6543.93164062
537,6607.27294922
538,6667.18847656
539,6905.05664062
540,6253.78662109
541,5825.47802734
542,5635.44824219
543,5756.78808594
544,6374.59472656
545,7057.45849609
546,6891.59570312
547,6506.52880859
548,6894.83935547
549,6834.32763672
550,6267.98046875
551,5816.48583984
552,6743.00439453
553,6567.60498047
554,6238.01220703
555,5659.73681641
556,6798.07714844
557,6909.17529297
558,6719.60644531
559,6468.7734375
560,6280.72119141
561,6747.68798828
562,6576.28125
563,6417.78759766
564,6405.79931641
565,6177.63916016
566,6719.39892578
567,6169.53076172
568,6330.72265625
569,6414.23486328
570,6148.84960938
571,6277.37158203
572,6322.03271484
573,6336.89550781
574,6008.64160156
575,5662.71582031
576,6586.77099609
577,6257.00146484
578,6784.98144531
579,6451.45166016
580,5342.43212891
581,5923.34814453
582,6488.56347656
583,5791.58007812
584,6519.98828125
585,6560.75585938
586,7365.21923828
587,6349.95605469
588,6061.96630859
589,6205.66845703
590,5827.21337891
591,5594.22949219
592,6284.26074219
593,6385.45263672
594,6139.05029297
595,6405.81884766
596,6063.54101562
597,6057.11083984
598,6691.90673828
599,5958.60839844
600,6107.64404297
601,6335.28369141
602,6489.35546875
603,6453.56884766
604,6946.93457031
605,6203.80712891
606,6112.40722656
607,5857.45068359
608,6849.50292969
609,5957.25634766
610,6123.81884766
611,6084.47607422
612,7858.0703125
613,5726.47802734
614,6371.34960938
615,5655.02392578
616,6102.48535156
617,5616.85644531
618,6421.11279297
619,6491.73388672
620,6080.64794922
621,5913.03662109
622,5954.47607422
623,5897.50195312
624,6093.82421875
625,6000.02685547
626,5687.37207031
627,6462.03515625
628,6178.25292969
629,6203.96044922
630,5539.53466797
631,5517.72607422
632,6348.22070312
633,6191.24121094
634,5576.06396484
635,5884.22753906
636,6249.04248047
637,6274.32128906
638,5833.21337891
639,5794.20214844
640,6423.42578125
641,6406.83496094
642,5768.49462891
643,6487.21191406
644,7256.00292969
645,5572.79833984
646,5913.21533203
647,6278.49365234
648,7004.49658203
649,5975.62402344
650,5443.4453125
651,6081.01416016
652,5435.28955078
653,5826.64013672
654,6770.08740234
655,5670.62890625
656,6567.95849609
657,5619.39697266
658,6888.83935547
659,6583.53662109
660,5962.75488281
661,5979.03076172
662,6243.06738281
663,5863.64550781
664,5679.56787109
665,6033.47949219
666,6274.60058594
667,5956.69580078
668,5115.75146484
669,5876.59179688
670,5886.96484375
671,6178.70605469
672,5371.07519531
673,5501.01513672
674,5697.58007812
675,6179.54785156
676,6231.08398438
677,6044.52685547
678,6537.67578125
679,5879.70751953
680,5294.75390625
681,6225.18554688
682,5829.94189453
683,5498.34375
684,5687.78125
685,5843.94140625
686,5265.24658203
687,5179.50292969
688,5331.04736328
689,6030.90380859
690,6256.16210938
691,5689.26708984
692,5406.90966797
693,6311.21044922
694,5946.23583984
695,6063.06005859
696,5988.79833984
697,6676.20800781
698,5355.68408203
699,6081.0859375
700,6239.29101562
701,5978.56396484
702,6072.32617188
703,5230.44775391
704,5906.72509766
705,5329.22900391
706,5707.32080078
707,5131.01904297
708,5646.23779297
709,6505.38916016
710,5558.10644531
711,5931.03662109
712,6244.81103516
713,5758.39892578
714,5201.68505859
715,6416.85546875
716,5476.42822266
717,6325.94677734
718,5876.10302734
719,5650.98779297
720,5927.27001953
721,5926.64697266
722,5723.68554688
723,5840.86230469
724,5077.25195312
725,5761.06738281
726,5793.21777344
727,5312.52392578
728,6398.68896484
729,5253.38818359
730,5107.74755859
731,5775.39160156
732,6170.31103516
733,5244.28564453
734,5857.34033203
735,5384.45654297
736,5532.21337891
737,5884.16943359
738,5579.14257812
739,5013.22021484
740,5926.01220703
741,5167.35693359
742,5220.67431641
743,6000.70458984
744,5775.58154297
745,5656.50390625
746,6294.76660156
747,5207.27392578
748,6154.50195312
749,5667.47607422
750,5763.78417969
751,5058.49365234
752,5190.44482422
753,5040.36474609
754,5018.34765625
755,5380.7109375
756,5453.56933594
757,5344.703125
758,5728.78515625
759,5595.86865234
760,4552.61767578
761,5517.98339844
762,5714.64208984
763,5116.62255859
764,5859.40087891
765,4877.22558594
766,5506.98681641
767,6191.70410156
768,5408.17089844
769,5198.96386719
770,5125.91748047
771,5121.13525391
772,5160.79345703
773,5718.85644531
774,5423.97900391
775,5640.59423828
776,5356.42382812
777,5580.12158203
778,5222.61181641
779,5584.28466797
780,5112.25488281
781,6032.59814453
782,6174.04101562
783,5872.85253906
784,5117.80517578
785,4935.53173828
786,5329.40087891
787,5915.58886719
788,5549.06494141
789,6064.20996094
790,5929.70117188
791,5542.38574219
792,6329.54150391
793,5232.01953125
794,6592.46386719
795,6429.45214844
796,6291.00976562
797,5290.9921875
798,5971.22949219
799,5483.84570312
800,5501.00537109
801,4698.63623047
802,5113.21777344
803,5432.29638672
804,4814.53222656
805,5344.48876953
806,4918.18701172
807,5451.44824219
808,5813.79931641
809,5566.86767578
810,5550.86669922
811,5211.57080078
812,5050.67236328
813,5449.90185547
814,5298.80566406
815,5254.22167969
816,5114.41259766
817,5414.05761719
818,5990.75878906
819,5243.77148438
820,5171.83300781
821,5317.96923828
822,5339.29150391
823,4469.94873047
824,5444.12353516
825,5690.99267578
826,5220.52099609
827,4815.88623047
828,5745.7109375
829,5719.2421875
830,5365.5625
831,5438.59423828
832,5435.60400391
833,5492.55664062
834,5597.16113281
835,5433.33642578
836,5190.89208984
837,5185.73876953
838,5530.62841797
839,5868.52685547
840,5084.45898438
841,4781.10253906
842,5334.49902344
843,5892.31152344
844,5369.12060547
845,5009.96484375
846,6229.21630859
847,5720.19775391
848,5152.63720703
849,5228.05322266
850,5075.11914062
851,5633.85351562
852,4972.17089844
853,5511.1796875
854,5165.73925781
855,5507.74658203
856,5961.31396484
857,5030.86132812
858,4623.85742188
859,5490.34716797
860,5930.73193359
861,5920.82666016
862,5560.28125
863,5052.52587891
864,5712.96679688
865,5595.82421875
866,5364.76513672
867,5564.45556641
868,5323.12353516
869,5317.49414062
870,5234.44433594
871,4705.70703125
872,5738.57861328
873,5328.80810547
874,5634.17236328
875,5242.84570312
876,5347.18261719
877,5200.54931641
878,5258.77050781
879,5154.69775391
880,4954.99902344
881,5281.89501953
882,5148.05712891
883,5230.68164062
884,5274.94091797
885,4582.68408203
886,4924.60986328
887,5560.92041016
888,6056.02783203
889,5100.65039062
890,5676.90820312
891,5420.26318359
892,5425.36035156
893,4922.28173828
894,5525.85107422
895,5089.31542969
896,5291.73193359
897,5367.85400391
898,4575.09814453
899,5548.03613281
900,5312.94873047
901,5750.37646484
902,5322.86767578
903,5589.51318359
904,5875.58837891
905,5667.12597656
906,5708.15722656
907,5557.49414062
908,5671.71923828
909,5148.77734375
910,4764.25097656
911,5586.33544922
912,5180.08447266
913,4515.80761719
914,5617.48681641
915,5074.44726562
916,4764.41992188
917,5203.91455078
918,4894.12109375
919,5512.40136719
920,4709.10839844
921,5048.33398438
922,5141.15283203
923,5471.7109375
924,5789.87646484
925,5096.53271484
926,5006.96875
927,5141.09570312
928,5055.21484375
929,5294.76074219
930,4728.38476562
931,4738.35693359
932,4992.20507812
933,5575.62695312
934,5308.23193359
935,5286.04296875
936,4920.69873047
937,4752.60107422
938,5041.98242188
939,4872.76513672
940,4915.61572266
941,4990.51660156
942,4730.21826172
943,5574.24609375
944,5364.8046875
945,4739.78564453
946,4752.13134766
947,5260.20898438
948,4884.19433594
949,4869.34033203
950,4931.77978516
951,5041.53857422
952,4785.80224609
953,4743.13427734
954,5591.18896484
955,4970.84228516
956,4812.29736328
957,4899.68310547
958,5417.69921875
959,5018.22216797
960,5133.75292969
961,4586.03369141
962,5391.7890625
963,5251.95654297
964,5018.1796875
965,4791.91943359
966,5445.37451172
967,4959.29589844
968,4896.93212891
969,4694.11181641
970,4967.43505859
971,5700.35058594
972,4696.04833984
973,5336.77783203
974,4628.24755859
975,5426.21142578
976,5250.90722656
977,5135.15234375
978,5013.84667969
979,4447.04199219
980,5036.06591797
981,5265.09863281
982,5059.37304688
983,4572.0859375
984,5136.56005859
985,4816.39306641
986,4840.79736328
987,4743.18212891
988,4682.58642578
989,4829.15966797
990,4930.94970703
991,5275.62939453
992,4984.69580078
993,4767.87841797
994,5213.54443359
995,4787.57617188
996,5131.38867188
997,5411.06640625
998,4735.85644531
999,4245.00341797
1000,5506.53759766
1001,5025.29736328
1002,5010.2734375
1003,5360.35449219
1004,5037.11669922
1005,5528.83105469
1006,5387.28027344
1007,4994.81542969
1008,5188.48583984
1009,5802.88916016
1010,5445.01269531
1011,4616.79199219
1012,4850.56494141
1013,4814.4453125
1014,4718.12744141
1015,4433.95214844
1016,4086.37939453
1017,4935.55517578
1018,5037.04248047
1019,4852.85302734
1020,5780.79736328
1021,4920.10107422
1022,4401.7890625
1023,5054.84814453
1024,4489.93310547
1025,4929.68066406
1026,4426.05126953
1027,5475.94677734
1028,4389.52246094
1029,5125.79199219
1030,4717.41162109
1031,4461.00097656
1032,4452.82177734
1033,5264.39257812
1034,4941.04736328
1035,5437.66455078
1036,4624.58935547
1037,5018.50927734
1038,4639.59521484
1039,5094.33886719
1040,5103.85595703
1041,4603.01318359
1042,4670.32617188
1043,4618.57958984
1044,5153.83544922
1045,4942.58251953
1046,4861.88330078
1047,5242.86376953
1048,5155.07373047
1049,5218.08789062
1050,5008.51220703
1051,4881.74169922
1052,4656.18457031
1053,5070.86523438
1054,5014.75927734
1055,5091.83300781
1056,4155.11865234
1057,4646.04882812
1058,5509.20361328
1059,4960.78466797
1060,4364.16308594
1061,5081.5
1062,5329.70019531
1063,5769.55859375
1064,4840.37255859
1065,4690.99560547
1066,5885.61865234
1067,5304.67138672
1068,4521.86328125
1069,4044.58081055
1070,4613.84521484
1071,4722.78027344
1072,4689.69726562
1073,5023.68066406
1074,4722.77880859
1075,4840.70996094
1076,4240.52880859
1077,5226.97509766
1078,4831.08496094
1079,5005.52734375
1080,4616.99609375
1081,4565.30273438
1082,4615.98730469
1083,5782.83789062
1084,5092.38232422
1085,5390.39697266
1086,4914.14746094
1087,5071.1484375
1088,4557.36865234
1089,4497.34765625
1090,4584.78076172
1091,5002.45019531
1092,4900.70507812
1093,4590.68115234
1094,4963.921875
1095,4977.89648438
1096,4559.671875
1097,5120.37841797
1098,4726.03173828
1099,5301.76757812
1100,5092.64208984
1101,5616.29931641
1102,4694.04443359
1103,4964.09863281
1104,4561.61035156
1105,4771.55224609
1106,4334.63134766
1107,5008.62695312
1108,4805.54345703
1109,4613.17285156
1110,5477.56005859
1111,4681.73291016
1112,5233.92578125
1113,5028.42285156
1114,4717.46630859
1115,4454.75390625
1116,4908.66894531
1117,4687.98144531
1118,4724.44433594
1119,4662.96875
1120,4703.08789062
1121,5117.44287109
1122,4261.21826172
1123,5003.81787109
1124,4984.34912109
1125,4609.92675781
1126,5580.88330078
1127,4789.31982422
1128,4732.80419922
1129,4445.22851562
1130,4656.31396484
1131,5139.52197266
1132,4688.68798828
1133,4146.79052734
1134,5122.86816406
1135,4966.92431641
1136,4823.87646484
1137,4596.12597656
1138,4781.07861328
1139,5240.86328125
1140,4742.68652344
1141,4110.1328125
1142,4801.69677734
1143,4639.11669922
1144,4300.62353516
1145,5070.60302734
1146,4189.02783203
1147,4522.41503906
1148,4729.02197266
1149,4953.60009766
1150,5029.06591797
1151,4511.34033203
1152,5000.64160156
1153,4862.62890625
1154,5031.6796875
1155,5195.66845703
1156,4442.32226562
1157,4818.83837891
1158,4574.07275391
1159,4801.14746094
1160,4421.48339844
1161,4388.91503906
1162,4413.45068359
1163,4453.86474609
1164,4683.30078125
1165,4622.18310547
1166,4922.70410156
1167,4803.90185547
1168,4836.96191406
1169,5164.66943359
1170,5031.47070312
1171,4697.62988281
1172,4864.57128906
1173,4758.41943359
1174,4774.96533203
1175,4311.92382812
1176,4326.91650391
1177,4827.06542969
1178,5353.14208984
1179,4893.84228516
1180,4721.13232422
1181,5169.87939453
1182,4798.22412109
1183,5132.02197266
1184,4894.21142578
1185,5370.08642578
1186,4452.36572266
1187,4616.59863281
1188,4994.26220703
1189,4135.39794922
1190,4787.89257812
1191,4589.32910156
1192,4702.99804688
1193,4075.14013672
1194,4588.52783203
1195,4632.75341797
1196,4937.46044922
1197,4198.36425781
1198,5348.56689453
1199,4663.41015625
1200,4871.1484375
1201,4354.03271484
1202,4746.49511719
1203,5338.07958984
1204,5326.86572266
1205,3934.51000977
1206,4326.41015625
1207,4583.63476562
1208,4705.13720703
1209,4764.86816406
1210,4451.68457031
1211,4807.81689453
1212,4679.83886719
1213,4572.28466797
1214,4296.08886719
1215,5033.77197266
1216,4993.99511719
1217,4760.52050781
1218,4076.7331543
1219,4513.49902344
1220,4528.21972656
1221,4611.97265625
1222,4074.15942383
1223,4579.47851562
1224,4784.90087891
1225,4554.35693359
1226,4141.14550781
1227,4806.33886719
1228,4834.94238281
1229,4780.41162109
1230,4743.13037109
1231,5063.71044922
1232,4452.20166016
1233,5285.98486328
1234,4411.27392578
1235,5098.54443359
1236,5065.3515625
1237,5167.00341797
1238,4323.95556641
1239,4318.95898438
1240,5218.28564453
1241,4222.62353516
1242,4610.578125
1243,4896.91503906
1244,4747.95361328
1245,5017.81005859
1246,5397.55664062
1247,4853.82910156
1248,4741.80224609
1249,4668.92822266
1250,5179.30712891
1251,5713.83886719
1252,4429.79248047
1253,4449.72021484
1254,4843.80029297
1255,5931.203125
1256,4694.07666016
1257,4347.28662109
1258,4840.66503906
1259,4719.57226562
1260,4959.94873047
1261,4599.97021484
1262,5082.42871094
1263,4714.59716797
1264,4638.43359375
1265,4463.78369141
1266,5188.51171875
1267,4559.57177734
1268,4546.16210938
1269,5180.87060547
1270,5094.16259766
1271,5665.32470703
1272,4893.1640625
1273,4564.28369141
1274,4670.30566406
1275,5198.35205078
1276,5233.0859375
1277,4549.26123047
1278,4853.89404297
1279,4159.78222656
1280,4352.54101562
1281,5283.47509766
1282,4806.45214844
1283,4889.67041016
1284,4468.94287109
1285,5065.32421875
1286,5121.74365234
1287,4327.04150391
1288,4058.61889648
1289,4319.09667969
1290,4502.72753906
1291,4037.98730469
1292,4498.55322266
1293,4315.80859375
1294,4313.43896484
1295,5488.49902344
1296,5052.47802734
1297,4399.28222656
1298,4652.02978516
1299,4339.49365234
1300,4745.83642578
1301,4372.43164062
1302,4046.86157227
1303,4864.97607422
1304,4498.58398438
1305,4571.41699219
1306,4047.23632812
1307,4233.08642578
1308,4531.25927734
1309,4292.37451172
1310,4848.19482422
1311,4424.39599609
1312,4490.31396484
1313,4645.49707031
1314,4319.87988281
1315,3835.92163086
1316,4883.75830078
1317,4273.44189453
1318,4398.48242188
1319,4232.93994141
1320,4515.69238281
1321,4687.08935547
1322,4632.58251953
1323,4408.47949219
1324,4733.13525391
1325,3977.44458008
1326,4822.74072266
1327,4857.99169922
1328,4177.79833984
1329,4947.5
1330,4935.78173828
1331,4298.77685547
1332,5043.34277344
1333,4926.96533203
1334,4297.94335938
1335,5059.85546875
1336,5171.57763672
1337,4079.90625
1338,4496.58496094
1339,4429.14013672
1340,4770.15185547
1341,4334.05566406
1342,4671.44970703
1343,4988.94580078
1344,4016.43334961
1345,3943.4519043
1346,4257.43603516
1347,4435.48535156
1348,4950.72363281
1349,4504.02978516
1350,4432.96679688
1351,4192.11035156
1352,4129.12451172
1353,4519.36035156
1354,4060.7956543
1355,4440.55029297
1356,4693.33740234
1357,4171.9609375
1358,4730.39257812
1359,4702.88134766
1360,4996.78955078
1361,4395.6171875
1362,4413.52246094
1363,4649.98828125
1364,4220.72998047
1365,4552.78466797
1366,4996.8359375
1367,4151.16357422
1368,4394.51708984
1369,4587.21044922
1370,4713.30371094
1371,4558.93017578
1372,4457.52294922
1373,4507.00732422
1374,4424.89208984
1375,4698.42382812
1376,4519.96679688
1377,4413.83154297
1378,4155.92480469
1379,4533.60400391
1380,4058.66748047
1381,3600.40991211
1382,4345.27246094
1383,4964.57861328
1384,4404.12890625
1385,4312.10253906
1386,4657.67822266
1387,4186.93261719
1388,4438.54931641
1389,4607.06738281
1390,4628.75976562
1391,4145.36669922
1392,4294.35351562
1393,4433.51513672
1394,4502.39208984
1395,4426.39892578
1396,4044.96020508
1397,3966.81518555
1398,3715.63500977
1399,4408.45751953
1400,4241.47314453
1401,4127.75976562
1402,4529.27441406
1403,4326.78955078
1404,4556.99755859
1405,4124.05419922
1406,3881.13598633
1407,4012.20336914
1408,4439.7265625
1409,4531.45458984
1410,4298.734375
1411,4509.68359375
1412,4358.69580078
1413,4247.55126953
1414,4814.79443359
1415,5041.45605469
1416,4497.12451172
1417,4608.83056641
1418,4985.00732422
1419,4645.25244141
1420,4865.85449219
1421,5161.52734375
1422,4427.88769531
1423,4242.21679688
1424,4105.03320312
1425,4836.44433594
1426,4518.65527344
1427,4615.70898438
1428,4497.52441406
1429,4510.08105469
1430,4927.30126953
1431,4075.05395508
1432,4047.69360352
1433,4402.30224609
1434,3939.06762695
1435,4617.57373047
1436,4121.37548828
1437,4035.59692383
1438,4333.69775391
1439,4684.17724609
1440,4057.40063477
1441,4447.88330078
1442,4077.74853516
1443,4215.24755859
1444,4091.67041016
1445,4435.30908203
1446,4410.97460938
1447,3556.73388672
1448,3844.95092773
1449,4185.85546875
1450,4652.76611328
1451,4821.95361328
1452,4592.15234375
1453,4803.76513672
1454,4574.58056641
1455,4426.12109375
1456,4501.84667969
1457,4553.31982422
1458,3807.01879883
1459,4634.82128906
1460,4520.1640625
1461,4538.09375
1462,4699.17236328
1463,3957.88696289
1464,4186.71972656
1465,4266.79931641
1466,4566.99609375
1467,4212.92919922
1468,4579.74267578
1469,4295.55908203
1470,4502.38671875
1471,4353.12646484
1472,4382.24511719
1473,5071.16259766
1474,4237.70214844
1475,4294.62451172
1476,4229.71484375
1477,4288.04101562
1478,4837.01953125
1479,4583.46972656
1480,3984.47192383
1481,4263.30175781
1482,4362.18603516
1483,4613.94091797
1484,3858.83569336
1485,4176.56201172
1486,4085.65112305
1487,4332.9296875
1488,4654.55908203
1489,4207.81591797
1490,4434.10009766
1491,4400.48632812
1492,4300.69140625
1493,4130.98144531
1494,4755.58300781
1495,4753.19335938
1496,3964.74707031
1497,4456.04931641
1498,4043.296875
1499,4476.6875
1500,4007.34716797
1501,4284.99072266
1502,4101.12695312
1503,4061.52075195
1504,4255.12988281
1505,4138.70654297
1506,4173.27978516
1507,4196.61132812
1508,4577.34521484
1509,4404.18164062
1510,4499.30664062
1511,4139.14892578
1512,4106.02148438
1513,4251.30273438
1514,4043.50708008
1515,4093.25756836
1516,4288.32128906
1517,4170.67773438
1518,4490.05517578
1519,4643.56103516
1520,4801.47265625
1521,4950.05175781
1522,4293.62890625
1523,4507.83886719
1524,4532.47607422
1525,4883.84033203
1526,4461.88378906
1527,4779.57226562
1528,4661.5703125
1529,4325.14746094
1530,4313.82324219
1531,4527.82275391
1532,4849.30859375
1533,4616.99365234
1534,4908.87109375
1535,4341.94287109
1536,4332.97412109
1537,4611.08398438
1538,4341.61230469
1539,4491.72314453
1540,4398.16796875
1541,4461.99414062
1542,4493.83300781
1543,4397.8984375
1544,4743.51025391
1545,4694.10400391
1546,4146.89501953
1547,4597.89208984
1548,4401.15380859
1549,4193.54980469
1550,4015.34521484
1551,4132.71289062
1552,4483.51611328
1553,4201.81152344
1554,4248.53662109
1555,4384.02148438
1556,4041.92553711
1557,5225.4765625
1558,4894.7578125
1559,4155.70703125
1560,4629.89208984
1561,4300.79150391
1562,4008.60327148
1563,4137.49560547
1564,3799.49023438
1565,4541.09716797
1566,4439.83007812
1567,4612.60253906
1568,4212.58886719
1569,4099.08007812
1570,4494.76367188
1571,4609.87158203
1572,3894.44238281
1573,4585.12353516
1574,4305.72753906
1575,4274.92285156
1576,4049.2355957
1577,3697.70141602
1578,4503.87695312
1579,3947.22265625
1580,4829.26611328
1581,4612.27246094
1582,4065.18823242
1583,4840.17578125
1584,4510.63867188
1585,4866.16357422
1586,4193.86425781
1587,4020.76782227
1588,4073.34082031
1589,4377.96142578
1590,4316.09277344
1591,4157.17431641
1592,4015.67333984
1593,3923.05224609
1594,4077.77026367
1595,4009.27978516
1596,4086.87304688
1597,4525.41552734
1598,4017.16333008
1599,4692.92285156
1600,3865.36938477
1601,3788.46337891
1602,4390.23583984
1603,4345.58251953
1604,3883.32714844
1605,4396.63183594
1606,4100.18701172
1607,4473.49072266
1608,3810.71240234
1609,4354.57861328
1610,4799.54638672
1611,4464.84716797
1612,4026.20996094
1613,4416.40332031
1614,4344.92236328
1615,4355.56347656
1616,4303.29492188
1617,4190.70214844
1618,4024.92822266
1619,3815.95874023
1620,4328.140625
1621,4262.09228516
1622,4287.13720703
1623,4185.97167969
1624,4027.39233398
1625,4041.84008789
1626,3865.65112305
1627,4508.12792969
1628,4313.49853516
1629,4130.19238281
1630,4245.61425781
1631,4764.13476562
1632,3840.57763672
1633,3840.04321289
1634,4769.00830078
1635,4500.73046875
1636,4496.04394531
1637,4108.34765625
1638,4585.91113281
1639,4778.90283203
1640,4276.21289062
1641,4330.67480469
1642,4066.87890625
1643,4327.81982422
1644,4344.96826172
1645,4505.88964844
1646,4326.98730469
1647,4401.90332031
1648,4402.05224609
1649,3923.55859375
1650,4374.95166016
1651,3958.49462891
1652,3995.71386719
1653,4556.625
1654,4141.47607422
1655,3770.90161133
1656,3860.76147461
1657,4685.73193359
1658,3686.72802734
1659,4290.53222656
1660,4493.82714844
1661,4247.2265625
1662,3910.64111328
1663,4328.02001953
1664,4458.77539062
1665,4630.36132812
1666,4131.1796875
1667,4390.9140625
1668,3919.73999023
1669,4152.27636719
1670,4092.31982422
1671,5034.34033203
1672,4207.06396484
1673,4395.328125
1674,4232.53857422
1675,3776.6315918
1676,3980.63085938
1677,3936.24707031
1678,4083.41137695
1679,3954.08789062
1680,4051.42333984
1681,3729.10913086
1682,4166.81542969
1683,4059.55712891
1684,4063.15893555
1685,4194.59667969
1686,4077.9440918
1687,4347.86132812
1688,3672.0769043
1689,4099.7890625
1690,4297.69482422
1691,4224.8671875
1692,4122.9453125
1693,4402.31591797
1694,3791.35229492
1695,4294.85742188
1696,3717.02954102
1697,4542.12255859
1698,4360.91113281
1699,3918.73339844
1700,4324.90576172
1701,4576.19970703
1702,3627.68164062
1703,4140.39501953
1704,4086.18774414
1705,3921.88964844
1706,3779.96899414
1707,4028.04052734
1708,4140.85351562
1709,3840.64257812
1710,3925.02661133
1711,3928.73071289
1712,3813.54492188
1713,4095.09008789
1714,3976.05200195
1715,4252.9140625
1716,4409.26855469
1717,4155.45068359
1718,4744.41064453
1719,4400.84472656
1720,4530.46484375
1721,4035.24682617
1722,4316.58007812
1723,3883.84301758
1724,4465.74267578
1725,4571.89404297
1726,4110.89697266
1727,4820.66748047
1728,4446.07958984
1729,4390.99853516
1730,4713.47412109
1731,4379.40966797
1732,4698.18066406
1733,4684.45166016
1734,4081.41772461
1735,4751.45361328
1736,4396.94384766
1737,4013.8828125
1738,4679.12597656
1739,4540.21777344
1740,4434.38525391
1741,4270.23730469
1742,4182.94628906
1743,4356.17529297
1744,4426.03564453
1745,3632.20336914
1746,4318.63671875
1747,4157.21533203
1748,4169.23583984
1749,4000.41479492
1750,4460.12207031
1751,3927.91967773
1752,4159.88867188
1753,3867.67797852
1754,4459.23193359
1755,4693.44921875
1756,4512.45019531
1757,4400.23730469
1758,4506.03759766
1759,4864.48828125
1760,4274.78710938
1761,3616.73803711
1762,4515.36523438
1763,3935.60961914
1764,4117.23779297
1765,3987.78491211
1766,4235.81835938
1767,3801.61694336
1768,4190.73925781
1769,4439.90185547
1770,3597.45068359
1771,4033.8215332
1772,3858.93481445
1773,3839.77416992
1774,3935.36279297
1775,4117.56298828
1776,3658.17236328
1777,3742.52050781
1778,3725.18041992
1779,4066.95336914
1780,3996.45947266
1781,4422.34228516
1782,3719.01586914
1783,3731.46289062
1784,3783.31542969
1785,4061.79638672
1786,3992.76367188
1787,3925.55419922
1788,4066.32250977
1789,3859.37670898
1790,4108.23681641
1791,3803.97558594
1792,4293.4453125
1793,4292.15234375
1794,3896.95385742
1795,3933.87597656
1796,3633.15161133
1797,4191.47460938
1798,4224.76660156
1799,4203.11376953
1800,3623.56396484
1801,4087.99975586
1802,4374.7734375
1803,4467.77685547
1804,4174.57275391
1805,3623.23803711
1806,4254.21630859
1807,3990.64648438
1808,4492.85009766
1809,3936.09643555
1810,4169.64355469
1811,4036.28613281
1812,4211.59619141
1813,3772.33862305
1814,3953.66918945
1815,4062.62963867
1816,3902.12426758
1817,3905.44604492
1818,4592.12695312
1819,3693.47436523
1820,4067.41040039
1821,4268.58203125
1822,4413.00390625
1823,3766.6328125
1824,4035.38647461
1825,4125.37304688
1826,4278.88671875
1827,3739.33374023
1828,3857.82177734
1829,3767.84594727
1830,4104.14160156
1831,4009.68676758
1832,4319.15283203
1833,4060.86474609
1834,3454.60302734
1835,4291.17041016
1836,4035.92651367
1837,3752.22924805
1838,4448.015625
1839,3645.50732422
1840,4073.01098633
1841,3475.41870117
1842,4576.35205078
1843,3575.54711914
1844,4478.82568359
1845,3846.41479492
1846,3484.49121094
1847,3540.75
1848,3956.05224609
1849,4252.63232422
1850,4099.00488281
1851,4003.17724609
1852,4275.02197266
1853,4198.29199219
1854,4072.20288086
1855,4361.53222656
1856,4300.44238281
1857,4080.4831543
1858,4394.53808594
1859,3792.87988281
1860,4598.68798828
1861,4353.91015625
1862,3637.18994141
1863,4439.13134766
1864,3950.51855469
1865,4039.60766602
1866,3642.25756836
1867,4158.00585938
1868,3913.16625977
1869,4050.48950195
1870,4237.74902344
1871,4419.39892578
1872,4065.16894531
1873,3878.96630859
1874,4545.01123047
1875,4340.328125
1876,4232.77294922
1877,3736.18041992
1878,4284.17089844
1879,4262.05566406
1880,4520.14648438
1881,3946.29858398
1882,4346.81103516
1883,3438.42089844
1884,4147.31396484
1885,4407.13964844
1886,4197.8671875
1887,4926.70751953
1888,3286.66259766
1889,4099.5546875
1890,4429.41650391
1891,4023.22924805
1892,4222.39306641
1893,4008.63037109
1894,4615.51171875
1895,3962.68383789
1896,4412.23925781
1897,3749.8996582
1898,3886.65649414
1899,4276.77636719
1900,3482.96801758
1901,4082.79272461
1902,4001.47607422
1903,3988.22631836
1904,3931.36157227
1905,3843.13598633
1906,4494.07275391
1907,4081.82104492
1908,4350.45800781
1909,3842.19702148
1910,4092.11669922
1911,3997.73022461
1912,3891.0625
1913,4015.82128906
1914,3653.31518555
1915,3912.71704102
1916,3712.24560547
1917,4528.91259766
1918,3800.49853516
1919,3715.62670898
1920,3669.04736328
1921,4034.50634766
1922,4034.05273438
1923,4144.57226562
1924,4152.09472656
1925,3754.06054688
1926,4320.82617188
1927,4503.11181641
1928,4579.07958984
1929,4297.55615234
1930,3655.70117188
1931,4057.96679688
1932,3787.92553711
1933,4231.67236328
1934,4107.99462891
1935,3885.96166992
1936,4598.83496094
1937,4425.12402344
1938,4135.96337891
1939,3462.01733398
1940,4414.49072266
1941,4159.53955078
1942,4276.17529297
1943,4068.11767578
1944,3908.69604492
1945,4533.41992188
1946,4404.52783203
1947,4108.31835938
1948,3803.94067383
1949,3982.3190918
1950,4041.60595703
1951,3341.78710938
1952,3992.10791016
1953,3850.24414062
1954,4381.29345703
1955,4204.65039062
1956,4485.22705078
1957,3715.45996094
1958,3744.42041016
1959,3878.87866211
1960,4573.71972656
1961,3911.05810547
1962,3792.89501953
1963,4227.34082031
1964,4060.78613281
1965,4077.43896484
1966,3918.99487305
1967,3867.31274414
1968,4157.66015625
1969,4167.68164062
1970,3939.52124023
1971,3781.4909668
1972,3818.09179688
1973,3314.31933594
1974,4361.76318359
1975,4420.08447266
1976,3675.49511719
1977,4094.09619141
1978,3691.82324219
1979,3496.42480469
1980,3626.6081543
1981,3639.6875
1982,3310.96899414
1983,3875.07739258
1984,3672.86206055
1985,4078.80444336
1986,3879.03417969
1987,3627.98022461
1988,3409.84863281
1989,3832.73095703
1990,3945.87719727
1991,3817.08032227
1992,3806.06542969
1993,3895.55322266
1994,3426.94824219
1995,4212.82666016
1996,3862.34716797
1997,3460.37915039
1998,3790.14550781
1999,3404.8425293
2000,3750.52099609
2001,3748.3828125
2002,4019.8581543
2003,4133.75097656
2004,3758.69458008
2005,3909.91943359
2006,3792.53173828
2007,4230.70166016
2008,3517.36303711
2009,3412.48681641
2010,3806.50024414
2011,3495.97094727
2012,3746.96020508
2013,3541.91772461
2014,3433.04589844
2015,3929.80664062
2016,3951.30932617
2017,3573.22729492
2018,4301.78759766
2019,4249.13085938
2020,3980.70727539
2021,3894.15917969
2022,3769.12353516
2023,4032.61669922
2024,4079.17602539
2025,3496.7902832
2026,4101.27148438
2027,3708.04125977
2028,3601.24389648
2029,4047.49536133
2030,3706.83837891
2031,3587.67211914
2032,4225.01464844
2033,3949.58032227
2034,3451.55957031
2035,3513.87597656
2036,4067.20239258
2037,3666.27539062
2038,3750.234375
2039,4123.27294922
2040,3472.53149414
2041,3319.46484375
2042,3592.15722656
2043,3854.85717773
2044,3915.18334961
2045,3531.06762695
2046,4117.01953125
2047,3916.8059082
2048,4035.41381836
2049,3915.08740234
2050,3477.99414062
2051,3345.06396484
2052,3864.26782227
2053,4182.2109375
2054,3583.64990234
2055,4025.92724609
2056,3744.81469727
2057,4066.92163086
2058,3918.24731445
2059,4068.19335938
2060,3533.49243164
2061,3505.16699219
2062,4186.06835938
2063,4040.60644531
2064,3736.15161133
2065,3604.24560547
2066,3810.79858398
2067,3917.42407227
2068,3859.265625
2069,4225.05712891
2070,4195.55126953
2071,3881.47485352
2072,3251.51416016
2073,3829.25292969
2074,4521.57324219
2075,3880.21533203
2076,4018.39208984
2077,3525.36132812
2078,3956.18823242
2079,4062.76708984
2080,3778.44506836
2081,3784.36230469
2082,3622.23413086
2083,3442.12182617
2084,3964.68139648
2085,4634.75683594
2086,3977.04345703
2087,3936.9855957
2088,3864.33789062
2089,4005.69189453
2090,3497.93676758
2091,4139.70556641
2092,3978.94458008
2093,4610.91992188
2094,4268.90869141
2095,3615.69824219
2096,4277.72949219
2097,4143.13916016
2098,3967.39526367
2099,4204.24560547
2100,3936.35229492
2101,3720.86962891
2102,3724.21362305
2103,3586.7590332
2104,3216.19140625
2105,4331.73046875
2106,3763.78173828
2107,4227.22851562
2108,4240.54589844
2109,3926.50024414
2110,4493.75146484
2111,3541.10864258
2112,3531.20727539
2113,3690.96118164
2114,3650.82177734
2115,3741.28051758
2116,3401.75366211
2117,4254.96191406
2118,3094.91479492
2119,3714.82055664
2120,3715.84008789
2121,4197.55908203
2122,3650.64428711
2123,3408.14916992
2124,3358.14086914
2125,3362.19311523
2126,4755.14648438
2127,4069.21557617
2128,3635.98193359
2129,4498.05908203
2130,3979.30102539
2131,3982.10473633
2132,4086.68676758
2133,4478.47460938
2134,4239.63330078
2135,3567.02441406
2136,4814.69677734
2137,3558.20141602
2138,3576.58666992
2139,3556.59326172
2140,4090.921875
2141,3796.29467773
2142,4042.97705078
2143,4082.61108398
2144,3389.6340332
2145,3986.84790039
2146,3959.35620117
2147,4253.95556641
2148,3746.29931641
2149,4204.06738281
2150,4020.71337891
2151,3809.45483398
2152,4239.07617188
2153,3345.33007812
2154,3360.33374023
2155,4001.56176758
2156,3686.36669922
2157,4343.68359375
2158,3736.82666016
2159,3677.81640625
2160,3881.59277344
2161,4375.97851562
2162,3875.7512207
2163,3725.27514648
2164,3572.97143555
2165,4115.84521484
2166,3585.78735352
2167,4174.85986328
2168,3412.84521484
2169,3484.88085938
2170,3641.72827148
2171,3543.75805664
2172,3941.52978516
2173,3570.37719727
2174,3680.89208984
2175,4201.21240234
2176,4199.49365234
2177,3755.35668945
2178,3722.38061523
2179,3982.8894043
2180,4289.25341797
2181,3783.36499023
2182,3624.68530273
2183,3622.66113281
2184,3507.37329102
2185,3948.73510742
2186,3703.82226562
2187,3704.80761719
2188,4496.54052734
2189,3486.41381836
2190,3864.62573242
2191,3671.15405273
2192,3743.11401367
2193,4013.42260742
2194,3612.59765625
2195,3633.98217773
2196,3973.4921875
2197,3434.73657227
2198,3617.01123047
2199,3603.70800781
2200,3918.19165039
2201,3442.06933594
2202,3801.86889648
2203,3567.30957031
2204,3761.43432617
2205,4111.82568359
2206,3732.24584961
2207,3647.64648438
2208,4042.21557617
2209,3742.23901367
2210,3398.82568359
2211,3554.2824707
2212,3834.36547852
2213,3598.86743164
2214,3317.01708984
2215,3786.73120117
2216,3841.48901367
2217,4197.44482422
2218,3865.94384766
2219,3900.09155273
2220,3756.17211914
2221,3836.39282227
2222,3651.11401367
2223,3530.08349609
2224,3805.72436523
2225,4236.45410156
2226,3405.46240234
2227,3681.8671875
2228,3855.02880859
2229,4027.78173828
2230,3693.79077148
2231,3838.38964844
2232,3090.35913086
2233,3708.84594727
2234,3108.34521484
2235,3436.7890625
2236,4212.05517578
2237,3767.62939453
2238,3795.10620117
2239,3895.05664062
2240,3817.62915039
2241,3803.52929688
