0,101260.304688
1,64943.1679688
2,54900.3945312
3,35480.8085938
4,30663.8671875
5,23404.9003906
6,20773.3144531
7,19546.9804688
8,18191.8085938
9,19067.8378906
10,16911.6914062
11,15140.0097656
12,12979.4511719
13,13586.8847656
14,11726.9453125
15,12653.2900391
16,11781.9423828
17,11117.2509766
18,5372904448.0
19,11534.7177734
20,11393.0693359
21,10508.6582031
22,9689.80371094
23,10178.7353516
24,10611.4257812
25,10269.7539062
26,8756.3671875
27,10448.1523438
28,9286.984375
29,9164.37890625
30,10197.4667969
31,9260.36425781
32,9494.90527344
33,9014.54101562
34,8775.83300781
35,8519.22167969
36,8755.06152344
37,8987.57226562
38,8269.52246094
39,8030.37304688
40,8236.93457031
41,8133.32177734
42,8685.09960938
43,7978.28076172
44,8045.78710938
45,8087.73339844
46,8571.50683594
47,7142.94628906
48,7916.58496094
49,8714.6328125
50,8379.61230469
51,7828.27832031
52,8010.62548828
53,7701.35107422
54,7432.65625
55,7509.93408203
56,6748.87353516
57,7690.66259766
58,7103.81982422
59,5372900864.0
60,7259.01953125
61,7187.99072266
62,7117.5546875
63,6564.63378906
64,7413.89306641
65,6548.52099609
66,7266.83642578
67,7175.65576172
68,7283.85888672
69,5838.57568359
70,6614.22558594
71,6646.20019531
72,7967.34667969
73,7023.42480469
74,6840.59375
75,6798.92041016
76,6161.33935547
77,6755.80810547
78,6687.70410156
79,6077.41894531
80,5870.73876953
81,6244.51416016
82,6845.92919922
83,7397.25634766
84,6761.68261719
85,5886.48535156
86,6898.87792969
87,6137.31054688
88,5447.2890625
89,6221.546875
90,6142.95996094
91,6385.54736328
92,6154.47167969
93,5845.76074219
94,5624.90039062
95,6762.74755859
96,5865.47705078
97,5614.13232422
98,5416.28710938
99,6579.5625
100,5361.890625
101,5845.47216797
102,5102.61572266
103,5207.40673828
104,5264.55224609
105,5792.01416016
106,5278.18505859
107,5293.16064453
108,4554.40820312
109,5294.16064453
110,4923.28173828
111,5313.11865234
112,4704.08154297
113,4294.92529297
114,4422.20751953
115,5534.38623047
116,5001.37255859
117,4474.31542969
118,4222.51416016
119,5178.09130859
120,4824.83837891
121,5211.43359375
122,5390.67333984
123,4757.44677734
124,5446.2890625
125,5647.57714844
126,4710.90966797
127,4183.20068359
128,4896.92041016
129,4162.42138672
130,3891.99511719
131,4287.77148438
132,4859.80029297
133,4886.57666016
134,4751.03222656
135,4978.47851562
136,4888.98242188
137,5368.43945312
138,4751.86230469
139,5372898304.0
140,4907.70117188
141,4916.99511719
142,5479.38134766
143,4192.70166016
144,5542.51123047
145,4879.87255859
146,3842.48950195
147,5191.14941406
148,5318.66455078
149,4428.2734375
150,3865.43310547
151,4064.85229492
152,4916.23095703
153,3770.66259766
154,4547.25683594
155,4323.99365234
156,4952.80517578
157,4060.69824219
158,4275.44677734
159,4335.52636719
160,4112.13916016
161,3940.78344727
162,3574.71337891
163,4307.83154297
164,4456.24707031
165,3895.32836914
166,4120.35009766
167,4362.35546875
168,4009.66186523
169,3842.9362793
170,4331.79492188
171,4596.18310547
172,4272.60107422
173,4124.40771484
174,3463.40185547
175,4369.03271484
176,4336.85058594
177,4248.75488281
178,4070.85668945
179,3900.53588867
180,4529.69580078
181,4324.62402344
182,3573.0324707
183,3920.85839844
184,3961.99633789
185,4185.99121094
186,4404.53613281
187,4852.13476562
188,3657.32666016
189,3777.08837891
190,3437.65771484
191,4709.38085938
192,3870.16333008
193,5372897280.0
194,3922.25585938
195,4418.44873047
196,3765.0090332
197,3937.92773438
198,4000.59179688
199,4376.53710938
200,4075.97705078
201,3767.18896484
202,3788.08374023
203,4351.75537109
204,3574.79125977
205,3631.52758789
206,3677.77001953
207,3972.0534668
208,3830.17260742
209,3664.14868164
210,3292.78198242
211,3865.4074707
212,3828.57421875
213,3412.27856445
214,3806.43481445
215,3519.43676758
216,3347.13085938
217,3434.32519531
218,3339.2175293
219,3907.43505859
220,3621.48339844
221,3601.9453125
222,3324.78955078
223,3858.3425293
224,3823.84326172
225,4072.88208008
226,3900.71801758
227,3318.23022461
228,3392.62353516
229,4019.90332031
230,3852.89599609
231,3256.55371094
232,3368.4753418
233,3615.17651367
234,3138.24169922
235,3737.6862793
236,3679.64868164
237,3379.8449707
238,3243.38842773
239,3443.63305664
240,3456.01293945
241,3490.02905273
242,5372897280.0
243,3247.2824707
244,3173.07055664
245,3631.60839844
246,3499.85571289
247,3206.26611328
248,3432.91894531
249,4550.45898438
250,3706.73095703
251,3463.61376953
252,3661.97485352
253,3215.32421875
254,3195.47363281
255,3494.5715332
256,3048.68017578
257,3092.10644531
258,3324.93481445
259,2877.22436523
260,3204.24047852
261,3348.23681641
262,3167.44360352
263,3632.83105469
264,3838.9284668
265,3522.95092773
266,3314.37231445
267,3208.99023438
268,3678.65869141
269,2808.3671875
270,3150.46337891
271,3139.26074219
272,2959.97949219
273,3532.91430664
274,3539.20458984
275,3185.10717773
276,3195.92895508
277,3165.15551758
278,3293.87646484
279,3220.00219727
280,3370.45532227
281,3410.20874023
282,3658.74145508
283,3544.91235352
284,3610.78979492
285,3186.56762695
286,3431.51757812
287,5372897280.0
288,3114.2097168
289,3211.56469727
290,2948.19360352
291,3482.92211914
292,3224.22973633
293,3283.20898438
294,3213.56640625
295,3071.10424805
296,3169.84448242
297,3119.67895508
298,3402.91894531
299,3240.99731445
300,3619.52075195
301,3101.96166992
302,3071.09985352
303,3196.74584961
304,3164.32226562
305,3049.17700195
306,3225.1550293
307,2941.69506836
308,2971.84057617
309,3083.8034668
310,2912.29443359
311,3081.26928711
312,2900.0378418
313,2901.42626953
314,3084.3840332
315,2772.35205078
316,3036.09838867
317,2992.10327148
318,3261.43188477
319,2997.85791016
320,3054.06591797
321,2895.19360352
322,3135.67504883
323,2616.07373047
324,3022.06860352
325,3184.99731445
326,2704.98046875
327,2995.4934082
328,3167.2355957
329,2908.60302734
330,3146.27807617
331,3221.49243164
332,2952.40478516
333,2749.38085938
334,2950.29541016
335,3261.84790039
336,2850.69116211
337,3253.51586914
338,3649.9543457
339,2766.95263672
340,2792.4597168
341,3272.08178711
342,3166.44360352
343,3452.06762695
344,3284.86499023
345,2755.66455078
346,3078.42553711
347,2734.92993164
348,3045.5168457
349,3163.07983398
350,2713.7746582
351,2913.63330078
352,2988.41162109
353,3053.69946289
354,2856.79882812
355,2938.52709961
356,5372896768.0
357,3044.02124023
358,2769.16674805
359,2891.23950195
360,2714.99682617
361,3051.09057617
362,2690.65014648
363,2956.14306641
364,2602.58349609
365,2786.5769043
366,2690.04858398
367,3187.14746094
368,2768.08740234
369,3032.50195312
370,3366.36791992
371,2637.65771484
372,2822.61572266
373,3254.92895508
374,2844.10131836
375,2613.52734375
376,2813.16943359
377,2743.2746582
378,2818.12426758
379,2686.91674805
380,2761.17114258
381,2786.39648438
382,2807.6027832
383,2857.19799805
384,2884.4597168
385,2885.18603516
386,2811.36621094
387,2629.34106445
388,3074.64746094
389,5372896256.0
390,2807.49755859
391,2698.24658203
392,2974.91113281
393,2556.7097168
394,2976.3996582
395,2725.84741211
396,3023.04931641
397,2824.71533203
398,2718.88037109
399,2907.609375
400,3104.93383789
401,2909.04272461
402,2736.66772461
403,2774.74731445
404,2983.88427734
405,3365.93432617
406,2764.28125
407,2874.86010742
408,2724.98364258
409,2979.73217773
410,2565.03881836
411,2785.93188477
412,2839.98706055
413,2552.96704102
414,2473.64770508
415,2705.18237305
416,2388.11767578
417,2937.69775391
418,2578.07324219
419,2934.37011719
420,2657.94311523
421,2657.95849609
422,2694.70703125
423,2705.9152832
424,5372896256.0
425,2953.81347656
426,2505.86499023
427,3075.87402344
428,2699.86083984
429,2684.95019531
430,2685.63671875
431,2923.82568359
432,2870.84228516
433,2634.72387695
434,2525.50195312
435,3013.60449219
436,2706.64208984
437,2415.34399414
438,2971.28857422
439,2870.09130859
440,2852.74023438
441,2549.69995117
442,2556.77685547
443,2860.32421875
444,2572.22558594
445,2475.91455078
446,2896.8515625
447,3126.39501953
448,2955.50415039
449,2811.02539062
450,2731.70825195
451,2992.82397461
452,3028.84423828
453,2706.32324219
454,2749.99926758
455,3142.97680664
456,2796.44604492
457,2485.08666992
458,2933.65258789
459,2948.77172852
460,2973.16699219
461,2640.95141602
462,2428.42724609
463,3050.60522461
464,2844.98388672
465,3082.1472168
466,2668.71533203
467,2683.75024414
468,2950.11108398
469,2697.62719727
470,2556.56176758
471,2555.69116211
472,2826.12695312
473,2634.70239258
474,2669.95849609
475,2812.65209961
476,2992.48217773
477,5372896256.0
478,2541.52978516
479,2682.36938477
480,2522.54711914
481,2449.61547852
482,2528.97192383
483,2700.29150391
484,2731.00512695
485,2396.8215332
486,2649.97558594
487,2674.171875
488,2703.19482422
489,2839.28320312
490,2482.13574219
491,2580.77880859
492,2589.26879883
493,2759.98754883
494,2648.96777344
495,2489.87524414
496,2797.62988281
497,2689.12475586
498,2661.88232422
499,2556.43017578
500,2669.34985352
501,2471.99560547
502,2612.06420898
503,2597.68310547
504,2667.18017578
505,2942.33984375
506,2498.71630859
507,2637.10913086
508,3076.23730469
509,2468.67431641
510,2589.33447266
511,5372895744.0
512,2413.91113281
513,2559.09716797
514,2531.44140625
515,2822.02294922
516,2397.81689453
517,2574.15991211
518,2690.03466797
519,2565.42578125
520,2472.23901367
521,3002.34716797
522,2435.84619141
523,2749.6015625
524,2798.14379883
525,2667.64672852
526,2538.43652344
527,2483.37768555
528,2610.75732422
529,2582.39013672
530,2375.22460938
531,2560.71386719
532,2370.13256836
533,2616.86572266
534,2538.32299805
535,2318.10644531
536,2702.45410156
537,2509.56567383
538,2369.29003906
539,2742.27954102
540,2391.5065918
541,2603.01586914
542,2563.58032227
543,2622.13427734
544,2476.43994141
545,2651.03393555
546,2369.59179688
547,2527.10742188
548,2491.64550781
549,2407.92138672
550,2497.48608398
551,2524.92138672
552,2336.94897461
553,2583.15991211
554,2424.9777832
555,2622.77563477
556,2415.54052734
557,2662.50488281
558,2379.72509766
559,2425.45068359
560,2613.22338867
561,2376.67138672
562,2415.48461914
563,2194.02441406
564,2350.74951172
565,2437.32421875
566,2366.01074219
567,2641.22143555
568,2468.88061523
569,2797.99584961
570,2593.86083984
571,2603.36816406
572,2486.03979492
573,2384.62573242
574,2506.72900391
575,2303.10229492
576,2533.28149414
577,2344.36816406
578,2278.09570312
579,2466.77856445
580,2392.05249023
581,2740.11694336
582,2519.71801758
583,2594.67456055
584,2375.86645508
585,2541.9699707
586,2358.20776367
587,2092.80566406
588,2236.23510742
589,2314.79907227
590,2340.57324219
591,2665.04296875
592,2365.97094727
593,2365.00732422
594,2418.58154297
595,2435.51489258
596,2371.98608398
597,2618.73999023
598,2456.54711914
599,2260.89892578
600,2199.81835938
601,2535.78759766
602,2289.95947266
603,2344.94042969
604,2458.67358398
605,2451.97827148
606,5372895744.0
607,2460.87890625
608,2435.62475586
609,2478.00366211
610,2530.55957031
611,2395.71801758
612,2337.57861328
613,2360.33935547
614,2382.95068359
615,2067.52880859
616,2351.95654297
617,2516.27490234
618,2470.40991211
619,2210.78149414
620,2155.31738281
621,2270.67138672
622,2241.1328125
623,2411.36206055
624,2271.00976562
625,5372895744.0
626,2261.52490234
627,2055.03051758
628,2221.39111328
629,2529.12426758
630,2693.65234375
631,2553.08056641
632,2307.81787109
633,2380.43798828
634,2606.80419922
635,2408.859375
636,2608.28588867
637,2203.79833984
638,2459.10327148
639,2388.61035156
640,2396.26147461
641,2306.04101562
642,2211.70605469
643,2488.63037109
644,2301.22705078
645,2240.07324219
646,2417.77636719
647,2187.12231445
648,2309.37548828
649,2200.29052734
650,2288.82177734
651,2330.14990234
652,2395.81542969
653,2480.59399414
654,2437.24658203
655,2264.07617188
656,2480.96044922
657,2190.48266602
658,2400.70117188
659,2526.40917969
660,2621.74902344
661,2375.32910156
662,2432.09570312
663,2366.91699219
664,2401.04443359
665,2313.79931641
666,2384.14331055
667,2423.67285156
668,2343.3125
669,2230.65551758
670,2472.12915039
671,2504.81835938
672,2209.09985352
673,2419.14672852
674,2513.38549805
675,2246.39428711
676,2315.12353516
677,2385.1003418
678,2140.74194336
679,2563.61743164
680,2370.65087891
681,2299.98706055
682,2468.66137695
683,2314.01708984
684,2468.7956543
685,2292.47143555
686,2597.66625977
687,2372.88525391
688,2255.51293945
689,2203.09838867
690,2184.07885742
691,2442.66430664
692,2314.89453125
693,2305.00048828
694,2517.55493164
695,2329.22070312
696,2451.20800781
697,2334.07519531
698,2379.15966797
699,2382.1796875
700,2530.76513672
701,2240.44677734
702,2330.69287109
703,2275.42724609
704,2604.8125
705,2235.29150391
706,5372895744.0
707,2190.02929688
708,2310.53125
709,2186.25341797
710,2234.64111328
711,2400.28759766
712,2315.66357422
713,2329.11352539
714,2425.11181641
715,2234.94458008
716,2146.3112793
717,2458.53369141
718,2337.75537109
719,2263.59960938
720,2073.75585938
721,2251.55761719
722,2084.05151367
723,2282.86450195
724,2377.75537109
725,2333.84936523
726,2400.20678711
727,2294.90917969
728,2348.97705078
729,2720.61743164
730,2356.50146484
731,2320.49414062
732,2308.25537109
733,2317.46899414
734,2085.31420898
735,2343.91088867
736,2262.95947266
737,2258.10229492
738,2158.50415039
739,2339.00683594
740,2321.02685547
741,2511.30395508
742,2406.17016602
743,1967.19042969
744,2200.51098633
745,2287.89599609
746,2299.25512695
747,2429.68017578
748,2231.08007812
749,2380.49902344
750,2296.18676758
751,2187.21142578
752,2159.66845703
753,2519.28320312
754,5372895744.0
755,2318.96240234
756,2221.71020508
757,2501.32861328
758,2167.98999023
759,2114.03833008
760,2245.29272461
761,2285.52490234
762,2117.77319336
763,1998.74975586
764,2109.27368164
765,2232.47241211
766,2074.65234375
767,2154.38061523
768,2332.39038086
769,2112.59594727
770,2113.50439453
771,2353.8659668
772,2183.02954102
773,5372895744.0
774,2161.85375977
775,2408.27563477
776,2214.63085938
777,2223.43774414
778,2371.15039062
779,2302.6875
780,2086.17285156
781,2258.84423828
782,2726.30566406
783,2100.35009766
784,2235.01220703
785,2059.16210938
786,2277.04052734
787,1952.04553223
788,2067.47583008
789,2174.82641602
790,2095.00024414
791,2252.25048828
792,2212.3605957
793,2089.52832031
794,2046.81604004
795,2385.20239258
796,2163.65039062
797,2071.79980469
798,2103.14697266
799,2541.23754883
800,2034.65185547
801,2084.70361328
802,2290.79223633
803,2100.25585938
804,2079.921875
805,2291.39868164
806,2185.31689453
807,2114.13549805
808,2188.80273438
809,2424.85986328
810,2379.39355469
811,2196.41357422
812,2265.76538086
813,2241.39599609
814,2178.70898438
815,2252.39160156
816,2093.86523438
817,2272.05981445
818,2202.18066406
819,2150.31054688
820,2209.98974609
821,2133.37524414
822,2308.4921875
823,2195.59057617
824,1965.91052246
825,2324.34741211
826,2186.35913086
827,2102.93481445
828,2103.38793945
829,2295.03369141
830,2357.85180664
831,2111.53686523
832,2221.52441406
833,2126.29467773
834,2338.38452148
835,2238.02612305
836,2065.27929688
837,2130.83862305
838,2164.42285156
839,2283.38354492
840,2159.4987793
841,2274.38305664
842,2254.91894531
843,2106.89428711
844,2130.33398438
845,2302.51928711
846,2281.76000977
847,2188.2878418
848,2083.47338867
849,2123.44384766
850,2139.87988281
851,2188.51391602
852,2260.96875
853,1821.36779785
854,2397.86181641
855,2118.24682617
856,2085.06958008
857,2129.97973633
858,2012.56237793
859,2210.41113281
860,2223.81811523
861,2096.36010742
862,2001.13879395
863,2050.86206055
864,2262.39526367
865,1961.76916504
866,2144.55981445
867,5372895744.0
868,2199.3972168
869,2279.28393555
870,1966.76525879
871,2146.50366211
872,2008.79882812
873,1964.53540039
874,2073.48901367
875,1978.20214844
876,2147.32641602
877,2079.35522461
878,2079.82324219
879,2218.68261719
880,2213.02319336
881,2064.43261719
882,2250.44189453
883,2230.80029297
884,2176.83276367
885,2154.09643555
886,2078.31542969
887,2118.54321289
888,2086.91577148
889,2140.59106445
890,2125.37890625
891,1928.41137695
892,2175.40600586
893,2289.5300293
894,2027.6463623
895,2022.4074707
896,5372895232.0
897,2084.37036133
898,2070.81176758
899,2121.20043945
900,2210.00024414
901,2009.82714844
902,2013.36877441
903,2265.93603516
904,2192.61206055
905,2091.14501953
906,1976.89111328
907,2170.23608398
908,2001.59973145
909,1975.27746582
910,2023.63244629
911,2136.83081055
912,1950.14404297
913,2080.96459961
914,2238.16870117
915,2008.54943848
916,2237.17456055
917,2069.50512695
918,1954.87817383
919,2175.5847168
920,2161.87036133
921,1985.5012207
922,1907.62561035
923,2196.78637695
924,2071.35766602
925,2223.56665039
926,2073.73291016
927,2093.61181641
928,2204.66186523
929,2092.2487793
930,2088.99438477
931,1958.0078125
932,2253.56469727
933,1954.4152832
934,2038.20507812
935,2207.83081055
936,1986.68640137
937,2127.31982422
938,2005.50048828
939,2004.10180664
940,2054.75561523
941,2053.82763672
942,2036.7734375
943,1871.53344727
944,2110.65551758
945,2282.01586914
946,2215.74316406
947,1963.81384277
948,2001.83837891
949,1946.45788574
950,2033.08776855
951,2087.18774414
952,2064.37646484
953,2100.34472656
954,2183.24804688
955,1847.17346191
956,2212.92553711
957,2057.64477539
958,2006.67150879
959,2181.40307617
960,2237.47607422
961,1861.640625
962,2011.12255859
963,1902.94287109
964,1920.65307617
965,5372895232.0
966,1858.43066406
967,2045.39013672
968,1946.36669922
969,2095.28198242
970,1970.90319824
971,2203.30615234
972,2036.40893555
973,2019.95092773
974,1918.9543457
975,2212.45336914
976,1869.39758301
977,2081.02124023
978,2143.63891602
979,2067.1706543
980,2015.32348633
981,2167.10913086
982,2074.7644043
983,2309.08227539
984,2184.60986328
985,1982.80529785
986,1812.01745605
987,2173.51782227
988,2195.51855469
989,2155.96606445
990,2030.46154785
991,2056.34057617
992,1945.26550293
993,2201.2199707
994,1927.20507812
995,2268.9074707
996,2150.46166992
997,5372895744.0
998,2289.86962891
999,2290.63793945
1000,1746.47766113
1001,2043.99597168
1002,2104.04370117
1003,2042.48010254
1004,2080.15405273
1005,2026.39770508
1006,1940.29663086
1007,1827.20654297
1008,1914.19519043
1009,1952.09460449
1010,2087.4753418
1011,2026.25976562
1012,1915.68701172
1013,1832.63146973
1014,1853.02258301
1015,1989.47546387
1016,2078.75537109
1017,2029.00634766
1018,2075.88476562
1019,2136.7668457
1020,1966.70275879
1021,2120.88671875
1022,2110.56933594
1023,1959.60253906
1024,2133.40527344
1025,2201.44287109
1026,2038.72924805
1027,1956.42822266
1028,1872.91943359
1029,2083.72509766
1030,1804.91906738
1031,1978.33337402
1032,2056.38720703
1033,2006.38549805
1034,1894.92443848
1035,2031.17773438
1036,2069.84008789
1037,2113.74926758
1038,2038.57580566
1039,1912.75219727
1040,1921.2364502
1041,1967.94677734
1042,2081.47192383
1043,2006.09289551
1044,2087.55419922
1045,2340.2175293
1046,2018.40270996
1047,2259.40112305
1048,1951.77282715
1049,1960.44677734
1050,1998.86108398
1051,1885.71728516
1052,1917.5111084
1053,1981.04138184
1054,2051.82543945
1055,2044.46459961
1056,5372895232.0
1057,1996.7388916
1058,1979.32971191
1059,2093.86694336
1060,2105.83178711
1061,2191.44702148
1062,1980.4699707
1063,1942.2578125
1064,1968.61291504
1065,1964.74731445
1066,1877.43664551
1067,1791.38757324
1068,1866.87768555
1069,2128.91210938
1070,2022.57543945
1071,2103.47607422
1072,2109.9855957
1073,1914.42626953
1074,1949.55200195
1075,1813.44543457
1076,1850.02746582
1077,2166.46289062
1078,1944.36132812
1079,2052.53979492
1080,1826.53466797
1081,1976.16271973
1082,1760.03442383
1083,2055.39135742
1084,1878.26037598
1085,1976.62976074
1086,2050.05053711
1087,1952.86328125
1088,1931.7388916
1089,1962.29077148
1090,1881.66894531
1091,2018.54150391
1092,1998.7310791
1093,2028.0567627
1094,1839.06164551
1095,1977.6072998
1096,2015.14489746
1097,1970.9621582
1098,1908.0501709
1099,2106.50854492
1100,1945.83496094
1101,1922.05883789
1102,2045.26538086
1103,1960.97070312
1104,2062.27636719
1105,5372894720.0
1106,1884.48376465
1107,1961.99487305
1108,1955.44030762
1109,1837.62268066
1110,1861.57067871
1111,2092.8046875
1112,1968.00463867
1113,1907.44348145
1114,2106.62451172
1115,2056.36474609
1116,2085.55273438
1117,2018.91894531
1118,1979.0300293
1119,2078.20166016
1120,1924.8848877
1121,1956.43579102
1122,2161.51123047
1123,1986.24072266
1124,1811.12658691
1125,1956.38146973
1126,1914.67260742
1127,2167.07641602
1128,1794.03735352
1129,1654.14831543
1130,1864.71740723
1131,1953.96069336
1132,1922.0604248
1133,1917.57556152
1134,2043.91821289
1135,1914.70874023
1136,1778.26037598
1137,1902.78710938
1138,1831.89038086
1139,2007.54125977
1140,2123.05639648
1141,1953.08569336
1142,1942.58203125
1143,1751.77770996
1144,1880.9473877
1145,1793.8223877
1146,1812.70288086
1147,2097.17504883
1148,1985.46154785
1149,2127.60180664
1150,2181.23828125
1151,2234.12524414
1152,1848.80249023
1153,2043.61877441
1154,2054.54101562
1155,1961.92285156
1156,2025.98352051
1157,1897.84375
1158,1886.47155762
1159,1975.71533203
1160,1938.81738281
1161,2056.31567383
1162,1915.7076416
1163,2002.0645752
1164,2074.76977539
1165,2127.17333984
1166,5372894720.0
1167,1880.38830566
1168,1985.6229248
1169,2240.96899414
1170,1809.54956055
1171,2039.74743652
1172,2060.14086914
1173,1955.16320801
1174,2058.46411133
1175,1865.6270752
1176,1783.39831543
1177,1879.76074219
1178,1970.62036133
1179,1968.09106445
1180,1874.53369141
1181,1939.28759766
1182,1922.45568848
1183,1882.89074707
1184,2039.13195801
1185,1950.21496582
1186,2049.73413086
1187,2000.12329102
1188,1975.33691406
1189,1875.21704102
1190,1838.29541016
1191,1912.64440918
1192,2012.16918945
1193,2030.21582031
1194,1890.37719727
1195,1944.33190918
1196,1945.62548828
1197,1909.18408203
1198,1900.63342285
1199,1918.91992188
1200,1931.89245605
1201,2009.21569824
1202,1927.89880371
1203,1829.94213867
1204,5372894720.0
1205,1855.21350098
1206,2143.77392578
1207,1904.27502441
1208,1851.34313965
1209,2139.49780273
1210,1872.3704834
1211,1978.5579834
1212,1876.59973145
1213,1862.58410645
1214,2130.95825195
1215,2066.03027344
1216,1988.92529297
1217,2012.34777832
1218,2114.01708984
1219,1639.74157715
1220,2023.05444336
1221,2064.67285156
1222,2073.03100586
1223,2069.91088867
1224,1974.1484375
1225,1729.79248047
1226,1954.99829102
1227,1931.25817871
1228,1935.19055176
1229,1883.88781738
1230,2110.73681641
1231,1858.57421875
1232,1964.10253906
1233,1794.52954102
1234,1842.38366699
1235,1902.70300293
1236,1880.72436523
1237,1898.16784668
1238,2069.17700195
1239,1839.63745117
1240,1879.05078125
1241,5372895232.0
1242,1872.56079102
1243,1913.7142334
1244,1796.22375488
1245,1697.88183594
1246,1818.09130859
1247,1911.11035156
1248,1676.39245605
1249,1953.52697754
1250,1884.67810059
1251,1798.80664062
1252,1928.73754883
1253,1935.72253418
1254,2006.71960449
1255,1797.75585938
1256,1945.95324707
1257,1915.87963867
1258,1864.33068848
1259,1962.71850586
1260,1808.00427246
1261,1891.76611328
1262,2015.76965332
1263,1995.50158691
1264,2068.21923828
1265,1799.37133789
1266,1877.57702637
1267,1803.21276855
1268,1958.97521973
1269,1829.42248535
1270,1985.4329834
1271,1951.0168457
1272,1741.38830566
1273,1913.60974121
1274,2016.88464355
1275,1863.43261719
1276,2015.73474121
1277,1978.40478516
1278,1832.53808594
1279,1821.44274902
1280,1888.7388916
1281,1700.09020996
1282,1908.5189209
1283,1828.87878418
1284,1791.96813965
1285,1914.7052002
1286,1681.07519531
1287,1970.00939941
1288,1956.61486816
1289,2051.55786133
1290,1795.49462891
1291,1788.45483398
1292,1974.87988281
1293,1856.2598877
1294,1818.55517578
1295,1816.91369629
1296,1936.81237793
1297,1846.16308594
1298,1865.54418945
1299,1916.3223877
1300,1832.16516113
1301,1854.37866211
1302,1914.5390625
1303,1754.95788574
1304,1914.13317871
1305,1954.83044434
1306,1968.72424316
1307,1865.78710938
1308,1941.08276367
1309,1755.2121582
1310,1816.5847168
1311,1888.05041504
1312,1950.12658691
1313,1910.35241699
1314,1917.09228516
1315,1829.8338623
1316,1818.65148926
1317,1878.0645752
1318,2114.75610352
1319,1917.74353027
1320,1928.98547363
1321,2005.75793457
1322,1788.06738281
1323,1930.20629883
1324,1961.29833984
1325,5372895232.0
1326,1977.46411133
1327,1854.4921875
1328,1798.41210938
1329,1831.49353027
1330,1898.39807129
1331,1897.82299805
1332,1924.79382324
1333,1867.94848633
1334,1889.49633789
1335,2141.37304688
1336,1840.65429688
1337,1638.38330078
1338,1885.33410645
1339,1888.13476562
1340,2029.85192871
1341,1797.47741699
1342,1801.97387695
1343,1898.0645752
1344,1869.28381348
1345,1734.67004395
1346,1921.85253906
1347,1742.51501465
1348,1792.26879883
1349,1861.43139648
1350,5372894720.0
1351,1967.69616699
1352,1837.03649902
1353,1786.10510254
1354,1918.12915039
1355,1912.45422363
1356,1875.79089355
1357,1708.79931641
1358,1856.95996094
1359,1868.06604004
1360,1837.00769043
1361,1895.47729492
1362,1818.4432373
1363,1813.20397949
1364,1646.00073242
1365,1886.95739746
1366,1708.70874023
1367,1761.00390625
1368,1932.8302002
1369,1814.98620605
1370,1885.12841797
1371,1643.53710938
1372,1699.86791992
1373,1882.8684082
1374,1893.97607422
1375,1825.32287598
1376,1857.9666748
1377,1821.52648926
1378,1892.14526367
1379,1795.36535645
1380,1755.82800293
1381,1859.23168945
1382,1800.33251953
1383,1885.22900391
1384,1616.875
1385,1860.94262695
1386,1829.1763916
1387,1814.87585449
1388,1748.83007812
1389,1742.0480957
1390,1857.62365723
1391,1746.79882812
1392,1833.30151367
1393,1831.08178711
1394,1883.25012207
1395,1948.21850586
1396,1988.01867676
1397,1877.80297852
1398,1812.47570801
1399,1947.74755859
1400,1855.0369873
1401,2058.38671875
1402,1882.6373291
1403,1753.97509766
1404,1926.18273926
1405,1854.55029297
1406,1925.3861084
1407,1812.07470703
1408,1831.15979004
1409,1787.94458008
1410,1801.25341797
1411,1883.03210449
1412,1880.66101074
1413,5372895232.0
1414,1890.46191406
1415,1896.88427734
1416,1978.32348633
1417,1874.53112793
1418,1711.44836426
1419,1767.94580078
1420,1785.43920898
1421,1753.92028809
1422,1899.49291992
1423,1795.28955078
1424,1784.81994629
1425,1798.9699707
1426,1798.94360352
1427,1695.04406738
1428,1758.79870605
1429,1934.9263916
1430,1804.23327637
1431,1858.24694824
1432,1758.85107422
1433,1756.7845459
1434,1831.88598633
1435,1804.37805176
1436,1640.26293945
1437,1968.38122559
1438,1698.18640137
1439,1716.42089844
1440,1866.54699707
1441,1883.9822998
1442,1903.03076172
1443,5372894720.0
1444,1843.33068848
1445,1784.34838867
1446,1828.8347168
1447,1810.80993652
1448,1813.12988281
1449,1678.83203125
1450,1832.27832031
1451,1816.42199707
1452,1869.66638184
1453,1964.81262207
1454,1924.72949219
1455,1905.02160645
1456,1759.56384277
1457,1779.3717041
1458,1808.3984375
1459,2097.64990234
1460,1961.48535156
1461,1823.67590332
1462,1861.01135254
1463,1734.77697754
1464,1870.26159668
1465,1680.68969727
1466,1844.8170166
1467,2004.58068848
1468,1802.5177002
1469,1865.28771973
1470,1909.36669922
1471,1941.4185791
1472,1750.7265625
1473,1895.16760254
1474,1746.89904785
1475,1838.83349609
1476,1908.27258301
1477,1744.32556152
1478,1833.46801758
1479,1758.71569824
1480,1799.60290527
1481,1734.47888184
1482,1796.17810059
1483,1916.51074219
1484,1830.31237793
1485,1782.55944824
1486,1862.8692627
1487,1885.75927734
1488,1845.76757812
1489,1689.56201172
1490,1818.17382812
1491,1882.05651855
1492,1839.39941406
1493,1650.13427734
1494,1777.52612305
1495,1842.12988281
1496,1883.1036377
1497,1830.95996094
1498,1876.61291504
1499,1837.48901367
1500,5372894720.0
1501,1802.3918457
1502,1804.71569824
1503,1731.27575684
1504,2049.85668945
1505,1642.64172363
1506,1661.13012695
1507,1802.16723633
1508,1835.97375488
1509,1852.79138184
1510,2038.50708008
1511,1764.35229492
1512,1749.24584961
1513,1733.17102051
1514,1984.98132324
1515,1787.70031738
1516,1657.11230469
1517,1863.05187988
1518,1754.35510254
1519,1773.68518066
1520,1717.59912109
1521,1712.36535645
1522,1630.35058594
1523,1792.21801758
1524,1742.61901855
1525,1769.73181152
1526,1752.45336914
1527,1798.8137207
1528,1821.21887207
1529,1821.28137207
1530,1650.3026123
1531,1802.78198242
1532,1689.04455566
1533,1647.41784668
1534,1785.62878418
1535,1791.42480469
1536,1721.06970215
1537,1833.5135498
1538,1736.30187988
1539,1815.06140137
1540,1680.49609375
1541,1707.70275879
1542,1785.66564941
1543,1768.49658203
1544,1776.09301758
1545,1664.65710449
1546,1780.71362305
1547,1779.86877441
1548,1777.41088867
1549,1660.29907227
1550,1788.60644531
1551,1780.02233887
1552,1889.52331543
1553,1665.12133789
1554,5372894720.0
1555,1736.10241699
1556,1698.51245117
1557,1890.72192383
1558,1993.95898438
1559,1810.578125
1560,1717.49316406
1561,1770.73828125
1562,1807.5357666
1563,1923.86816406
1564,1871.55358887
1565,1777.72253418
1566,1827.29321289
1567,1748.30786133
1568,1876.04248047
1569,1837.22045898
1570,1668.23522949
1571,1675.375
1572,1776.40612793
1573,1679.44384766
1574,1824.76611328
1575,1818.25085449
1576,1961.29418945
1577,1725.12268066
1578,1834.52368164
1579,1855.86083984
1580,1651.67102051
1581,1810.60290527
1582,1716.79602051
1583,1790.27514648
1584,1601.65869141
1585,1745.69592285
1586,1702.72839355
1587,1697.33813477
1588,1856.15661621
1589,1759.77001953
1590,1769.74047852
1591,1753.21594238
1592,1793.25891113
1593,1641.14953613
1594,1685.46496582
1595,1671.39123535
1596,1778.18640137
1597,1891.34631348
1598,1814.75402832
1599,1681.74121094
1600,1773.66589355
1601,1637.4831543
1602,1730.44384766
1603,1762.1048584
1604,1833.56884766
1605,2008.90332031
1606,1718.25842285
1607,5372894720.0
1608,1739.12817383
1609,1832.17456055
1610,1800.06933594
1611,1585.39904785
1612,1727.42114258
1613,1779.34228516
1614,1741.25634766
1615,1911.87023926
1616,1652.27124023
1617,1769.25463867
1618,1711.95727539
1619,1741.56591797
1620,1893.05493164
1621,1700.72412109
1622,1840.8503418
1623,1872.6072998
1624,1801.55578613
1625,1812.65600586
1626,1673.62915039
1627,1889.65649414
1628,1874.55297852
1629,1850.03027344
1630,1652.3046875
1631,1743.49279785
1632,1698.27392578
1633,1734.47424316
1634,1766.15063477
1635,1761.56616211
1636,1888.78344727
1637,1785.69543457
1638,1801.63500977
1639,1929.68408203
1640,1747.20385742
1641,1606.54846191
1642,1719.6126709
1643,1790.11523438
1644,1891.43237305
1645,1620.59875488
1646,1693.15222168
1647,1752.59155273
1648,1710.96923828
1649,1827.04797363
1650,1836.89819336
1651,1636.85229492
1652,1649.16918945
1653,1816.55029297
1654,1706.7479248
1655,1912.09143066
1656,1776.20336914
1657,1796.5345459
1658,1857.21740723
1659,1697.52062988
1660,1692.13562012
1661,1743.91748047
1662,5372894720.0
1663,1754.55432129
1664,1674.01623535
1665,1659.21057129
1666,1689.84387207
1667,1768.7487793
1668,1729.0579834
1669,1768.69909668
1670,1636.171875
1671,1660.4597168
1672,1687.48400879
1673,1897.03320312
1674,1626.29016113
1675,1805.6385498
1676,1708.33508301
1677,1751.01989746
1678,1701.8560791
1679,1875.88635254
1680,1917.61401367
1681,1770.42773438
1682,1795.81921387
1683,1807.60839844
1684,1828.50378418
1685,1683.05895996
1686,1768.95825195
1687,2046.70739746
1688,1611.14855957
1689,1792.41223145
1690,1817.71240234
1691,1719.85852051
1692,1754.86340332
1693,1657.55529785
1694,1859.20214844
1695,1595.83776855
1696,1548.49768066
1697,1742.64013672
1698,1640.49060059
1699,1562.54272461
1700,1667.62792969
1701,1735.56188965
1702,1852.9197998
1703,5372894720.0
1704,1677.80004883
1705,1646.92102051
1706,1929.40686035
1707,1864.82495117
1708,1854.24316406
1709,1601.21008301
1710,1643.77478027
1711,1610.73364258
1712,1816.6875
1713,1640.34802246
1714,1696.81518555
1715,1712.69128418
1716,1791.84997559
1717,1827.52380371
1718,1700.33972168
1719,1749.11975098
1720,1713.25415039
1721,2007.22961426
1722,1651.28417969
1723,1692.8503418
1724,1614.33056641
1725,1905.1829834
1726,1759.00280762
1727,1691.34130859
1728,1716.42443848
1729,1650.92492676
1730,1729.47180176
1731,1648.87207031
1732,1671.22473145
1733,1737.77514648
1734,1727.00671387
1735,1665.65991211
1736,1507.70947266
1737,1674.37976074
1738,1803.39550781
1739,1735.80932617
1740,1692.56103516
1741,1713.45556641
1742,1852.14660645
1743,1705.92919922
1744,1836.28857422
1745,1787.34741211
1746,1797.90124512
1747,1884.55981445
1748,1782.12536621
1749,1704.80639648
1750,1594.27258301
1751,1709.12841797
1752,1679.37658691
1753,1696.65673828
1754,1837.94421387
1755,1712.83520508
1756,1650.40771484
1757,1677.23901367
1758,1791.26989746
1759,1756.03100586
1760,1683.04833984
1761,1669.37341309
1762,1620.34277344
1763,1750.19335938
1764,1695.40283203
1765,1766.32897949
1766,1720.23449707
1767,5372894720.0
1768,1689.33728027
1769,1509.12341309
1770,1792.8248291
1771,1617.62658691
1772,1654.92297363
1773,1639.81921387
1774,1702.88183594
1775,1739.63513184
1776,1557.65185547
1777,1661.62036133
1778,1691.47619629
1779,1674.62365723
1780,1730.48327637
1781,1562.88427734
1782,1699.30322266
1783,1657.26342773
1784,1642.66345215
1785,1768.11279297
1786,1522.74475098
1787,1697.73364258
1788,1670.15209961
1789,1657.47729492
1790,1744.0859375
1791,1658.69067383
1792,1683.04980469
1793,1848.97460938
1794,1571.93994141
1795,1751.29272461
1796,1701.61547852
1797,1733.26672363
1798,1515.18603516
1799,1749.31420898
1800,1601.69995117
1801,1701.49584961
1802,1603.8560791
1803,1653.79870605
1804,1777.51281738
1805,1722.86987305
1806,1699.28540039
1807,1557.49609375
1808,1704.75036621
1809,1540.02355957
1810,1705.71630859
1811,1721.95861816
1812,1700.10351562
1813,1642.39416504
1814,1614.68945312
1815,1794.85522461
1816,1703.25915527
1817,1740.30712891
1818,1705.44104004
1819,1797.59558105
1820,1670.79089355
1821,1656.21008301
1822,1692.68566895
1823,1657.09265137
1824,1579.93896484
1825,1623.40979004
1826,1857.64416504
1827,1640.24157715
1828,1676.73779297
1829,1658.25793457
1830,1695.390625
1831,1588.42797852
1832,1808.32629395
1833,1781.89904785
1834,1701.96569824
1835,5372894720.0
1836,1622.3203125
1837,1695.85180664
1838,1837.06237793
1839,1700.77893066
1840,5372894720.0
1841,1744.08166504
1842,1719.20617676
1843,1789.33215332
1844,1742.75720215
1845,1677.14978027
1846,1720.95141602
1847,1764.48254395
1848,1619.81970215
1849,1612.9564209
1850,1905.71765137
1851,1869.55285645
1852,1721.65710449
1853,1783.18811035
1854,1727.11975098
1855,1861.92919922
1856,1744.8157959
1857,1661.23132324
1858,1775.66381836
1859,1844.04370117
1860,1593.81738281
1861,1602.34619141
1862,1580.5625
1863,1605.68103027
1864,1684.43859863
1865,1768.37792969
1866,1787.3380127
1867,1728.77148438
1868,1650.28942871
1869,1759.51660156
1870,1753.23815918
1871,1694.46899414
1872,1604.31848145
1873,1830.11914062
1874,1757.90014648
1875,1648.35766602
1876,1664.42468262
1877,1650.85693359
1878,1569.30444336
1879,1702.2824707
1880,1730.12072754
1881,1688.92248535
1882,1668.62731934
1883,1682.76147461
1884,1646.15063477
1885,1686.66503906
1886,1750.62963867
1887,1689.10180664
1888,1728.78759766
1889,1716.92663574
1890,1773.12426758
1891,1639.46655273
1892,1761.65368652
1893,1759.10083008
1894,1809.62719727
1895,1639.2635498
1896,1706.2689209
1897,1736.20019531
1898,1726.28649902
1899,1637.99621582
1900,1642.04626465
1901,1697.10583496
1902,1648.7364502
1903,1616.17163086
1904,1740.5748291
1905,1854.45153809
1906,1734.67468262
1907,5372894720.0
1908,1621.08068848
1909,1633.2869873
1910,1639.86157227
1911,1613.8638916
1912,1815.11181641
1913,1763.72790527
1914,1641.99230957
1915,1738.44506836
1916,1642.38366699
1917,1538.41479492
1918,1620.11877441
1919,1579.54663086
1920,1629.15600586
1921,1740.03833008
1922,1542.30432129
1923,1565.31054688
1924,1578.98974609
1925,1833.58410645
1926,1674.30566406
1927,1656.90014648
1928,1718.25476074
1929,1743.82641602
1930,1635.2421875
1931,1801.08032227
1932,1688.60498047
1933,1807.45056152
1934,1648.47167969
1935,1898.81591797
1936,1662.89489746
1937,1714.22180176
1938,1626.7713623
1939,1529.0847168
1940,1785.57666016
1941,5372894720.0
1942,1448.82641602
1943,1664.56591797
1944,1757.57836914
1945,1593.46862793
1946,1649.93530273
1947,1673.7331543
1948,1612.69238281
1949,1588.88378906
1950,1508.18994141
1951,1744.82312012
1952,1744.86816406
1953,1742.54968262
1954,1649.9901123
1955,1624.6373291
1956,1555.56237793
1957,1692.52697754
1958,1624.20983887
1959,1632.30725098
1960,1663.23083496
1961,1589.46325684
1962,1774.03100586
1963,1757.92797852
1964,1754.10253906
1965,1569.51904297
1966,1736.28503418
1967,1597.20422363
1968,1864.92199707
1969,1596.24694824
1970,1759.87744141
1971,1622.46618652
1972,1618.21630859
1973,1688.93334961
1974,1719.49450684
1975,1551.12219238
1976,1603.68676758
1977,1597.1907959
1978,1619.17102051
1979,1626.97912598
1980,1590.32067871
1981,1789.56958008
1982,1626.828125
1983,1576.95043945
1984,1716.62878418
1985,1653.28430176
1986,1683.1730957
1987,1595.0135498
1988,1725.27160645
1989,1747.01220703
1990,1651.11657715
1991,1499.48706055
1992,1578.67834473
1993,1534.92431641
1994,1704.69824219
1995,1596.89929199
1996,1731.32800293
1997,1652.1126709
1998,1730.93200684
1999,1705.76403809
2000,1602.55212402
2001,1581.99609375
2002,1618.50524902
2003,1810.56005859
2004,1792.64160156
2005,1603.9543457
2006,1786.9942627
2007,1605.01757812
2008,1615.21191406
2009,1658.73034668
2010,1537.27770996
2011,1724.77758789
2012,1635.1463623
2013,1503.40673828
2014,1636.90319824
2015,1605.7677002
2016,1630.12243652
2017,1695.20129395
2018,1657.21948242
2019,1725.79833984
2020,1754.82531738
2021,1783.46313477
2022,1736.66491699
2023,1521.25805664
2024,1841.10302734
2025,1637.40722656
2026,1685.77148438
2027,1671.32763672
2028,1597.1685791
2029,1629.03881836
2030,1609.15673828
2031,1695.64770508
2032,1675.19592285
2033,1522.66882324
2034,1565.09545898
2035,1559.07861328
2036,1759.25866699
2037,1651.18139648
2038,1510.41625977
2039,1638.52124023
2040,5372894720.0
2041,1699.78417969
2042,1633.58679199
2043,1681.60644531
2044,1351.77429199
2045,1666.12963867
2046,1680.86877441
2047,1560.67553711
2048,1539.22692871
2049,1617.45715332
2050,1717.7845459
2051,1680.96691895
2052,1559.80444336
2053,1723.70336914
2054,5372894720.0
2055,1714.04907227
2056,1570.47949219
2057,1630.55334473
2058,1796.59118652
2059,1627.20800781
2060,1484.37402344
2061,1564.21459961
2062,1632.35620117
2063,1657.99450684
2064,1641.77026367
2065,1720.08605957
2066,1635.85546875
2067,1651.39013672
2068,1640.41333008
2069,1482.45300293
2070,1495.56604004
2071,1653.14587402
2072,1495.98608398
2073,1534.82177734
2074,1597.36584473
2075,1563.0625
2076,1524.52441406
2077,1606.47802734
2078,1574.49682617
2079,1796.93591309
2080,1688.02050781
2081,1634.79541016
2082,1600.50964355
2083,1642.91955566
2084,1759.69165039
2085,1811.66174316
2086,1648.84033203
2087,1780.04748535
2088,1676.59936523
2089,1457.95690918
2090,1584.40820312
2091,1662.76550293
2092,1721.83337402
2093,1545.27038574
2094,1722.81616211
2095,1447.06445312
2096,1797.63354492
2097,1491.02209473
2098,1629.41662598
2099,1538.45117188
2100,1458.32373047
2101,1636.70349121
2102,1646.54980469
2103,1478.7878418
2104,5372894720.0
2105,1451.5838623
2106,1706.69775391
2107,1705.49511719
2108,1661.39831543
2109,1655.1361084
2110,1543.4564209
2111,1613.50561523
2112,1571.23095703
2113,1686.44995117
2114,1668.23852539
2115,1611.69824219
2116,1748.7220459
2117,1840.09179688
2118,1861.45422363
2119,1540.72351074
2120,1724.69763184
2121,1634.91271973
2122,1618.46936035
2123,1597.63574219
2124,1625.2824707
2125,1612.95812988
2126,1705.93933105
2127,1700.07922363
2128,1716.94665527
2129,1480.32885742
2130,1662.18127441
2131,1569.64868164
2132,1734.31079102
2133,1708.5760498
2134,1517.22692871
2135,1605.70983887
2136,1449.74353027
2137,1691.48950195
2138,1475.56494141
2139,1595.89697266
2140,1650.59558105
2141,1560.5447998
2142,1499.33581543
2143,1570.6394043
2144,1536.37658691
2145,1403.32800293
2146,1644.39990234
2147,1699.22692871
2148,1622.21435547
2149,1506.03210449
2150,1551.13671875
2151,1587.33032227
2152,1547.36962891
2153,1578.36608887
2154,1724.03613281
2155,1602.24255371
2156,1628.28393555
2157,1398.56054688
2158,1605.0012207
2159,1598.62927246
2160,1547.56347656
2161,1604.62744141
2162,1518.44506836
2163,1479.29663086
2164,1697.55419922
2165,1655.96191406
2166,1530.81152344
2167,1586.70141602
2168,1868.72167969
2169,1682.5045166
2170,1601.84619141
2171,1588.94750977
2172,1572.08557129
2173,1655.97802734
2174,1533.17871094
2175,1571.80102539
2176,1655.59985352
2177,1717.20263672
2178,1669.30102539
2179,5372895232.0
2180,1687.90209961
2181,1794.7097168
2182,1554.4317627
2183,1670.72900391
2184,1657.86706543
2185,1711.69250488
2186,1677.82580566
2187,1624.92565918
2188,1595.67529297
2189,1691.15979004
2190,1612.54174805
2191,1434.57629395
2192,1580.57800293
2193,1635.96655273
2194,1546.03344727
2195,1654.68664551
2196,1551.82287598
2197,1481.76379395
2198,1568.93737793
2199,1616.60571289
2200,1510.42590332
2201,1750.16943359
2202,1517.54284668
2203,1456.36584473
2204,1568.32055664
2205,1644.89465332
2206,1652.11437988
2207,1547.95275879
2208,1642.26525879
2209,1677.22924805
2210,1476.10742188
2211,1622.54296875
2212,1582.75390625
2213,1738.04150391
2214,1603.85400391
2215,5372894720.0
2216,1582.9901123
2217,1674.80664062
2218,1705.28759766
2219,1606.15612793
2220,1681.90698242
2221,1625.11279297
2222,1678.54650879
2223,1496.86767578
2224,1470.69396973
2225,1706.34741211
2226,1504.82592773
2227,1526.39379883
2228,1401.42492676
2229,1619.53308105
2230,1479.12670898
2231,1629.25927734
2232,1659.86047363
2233,1550.81689453
2234,1678.59338379
2235,1662.3067627
2236,1506.78198242
2237,1667.86413574
2238,1619.58825684
2239,1518.9642334
2240,1738.32165527
2241,1569.14428711
2242,1754.48425293
2243,1584.81408691
2244,1753.45239258
2245,1647.53210449
2246,1648.26806641
2247,1631.52380371
2248,1464.34936523
2249,1434.64746094
2250,1519.89501953
2251,1585.09057617
2252,1635.68005371
2253,1594.67578125
2254,1672.04309082
2255,1698.1060791
2256,1693.41748047
2257,1618.12194824
2258,1673.75097656
2259,1575.99157715
2260,1598.90393066
2261,1583.64465332
2262,1616.96911621
2263,1657.41638184
2264,1367.28552246
2265,5372894720.0
2266,1706.51940918
2267,1744.97216797
2268,1582.30651855
2269,1547.81091309
2270,1514.54040527
2271,1599.90222168
2272,1587.81164551
2273,1645.45007324
2274,1628.14831543
2275,1656.97973633
2276,1664.7376709
2277,1661.0592041
2278,1486.03186035
2279,1639.73120117
2280,1432.47619629
2281,1549.96508789
2282,1505.25830078
2283,1535.07519531
2284,1606.7956543
2285,1491.73864746
2286,1508.38598633
2287,1710.9387207
2288,1623.49755859
2289,1565.39587402
2290,1641.71948242
2291,1494.61376953
2292,1628.09765625
2293,1565.18310547
2294,1699.52807617
2295,1633.23803711
2296,1633.45800781
2297,1583.5769043
2298,1569.62573242
2299,1581.06762695
2300,1559.13500977
2301,1668.23925781
2302,1645.19018555
2303,1624.05041504
2304,1570.8807373
2305,1625.40258789
2306,1524.71313477
2307,5372895232.0
2308,1485.86645508
2309,1692.37915039
2310,1529.19873047
2311,1648.89453125
2312,1562.02783203
2313,1816.42211914
2314,1652.97399902
2315,1723.11071777
2316,1581.25500488
2317,1679.52490234
2318,1666.8894043
2319,1508.79797363
2320,1566.36242676
2321,1698.50427246
2322,1669.44592285
2323,1597.22851562
2324,1499.98681641
2325,1667.58850098
2326,1745.45593262
2327,1645.87548828
2328,1670.1685791
2329,1563.88781738
2330,1596.64953613
2331,1562.90576172
2332,1577.17138672
2333,1585.56787109
2334,1495.86572266
2335,1525.66870117
2336,1619.66650391
2337,1710.04956055
2338,1565.61706543
2339,1626.62890625
2340,1615.28430176
2341,1593.29272461
2342,1725.47192383
2343,1640.97277832
2344,1520.26672363
2345,1527.28845215
2346,1660.38110352
2347,1679.51269531
2348,1691.2532959
2349,1548.11425781
2350,1624.60986328
2351,1652.28808594
2352,1604.89990234
2353,1619.38464355
2354,1576.4128418
2355,1522.01586914
2356,1760.21459961
2357,1537.47021484
2358,1741.38696289
2359,1687.16809082
2360,1653.08740234
2361,1633.3425293
2362,1663.19665527
2363,1558.31994629
2364,1537.74597168
2365,1654.24572754
2366,1547.73730469
2367,1649.39099121
2368,1666.33154297
2369,1500.14587402
2370,1534.36755371
2371,1670.64355469
2372,1741.40185547
2373,1515.66040039
2374,1496.20336914
2375,1613.4543457
2376,1523.12280273
2377,1675.21813965
2378,1608.95031738
2379,1593.34973145
2380,1651.15197754
2381,1699.1282959
2382,1491.02441406
2383,1642.20544434
2384,1619.66955566
2385,1635.98583984
2386,1732.75744629
2387,1655.52954102
2388,1709.8404541
2389,1531.94177246
2390,1516.62426758
2391,1512.11218262
2392,1487.28259277
2393,1478.80529785
2394,5372895232.0
2395,1398.51708984
2396,1459.52490234
2397,1445.11889648
2398,1646.96899414
2399,1522.28979492
2400,1633.00439453
2401,1498.34155273
2402,1470.2265625
2403,1460.01733398
2404,1536.07592773
2405,1744.13562012
2406,1504.19555664
2407,1556.37365723
2408,1616.00524902
2409,1637.04199219
2410,1530.9498291
2411,1524.26293945
2412,1657.44238281
2413,1565.90551758
2414,1666.97094727
2415,1490.15454102
2416,1601.38110352
2417,1519.29858398
2418,1592.12329102
2419,1507.82556152
2420,1538.4395752
2421,1528.52807617
2422,1563.60510254
2423,5372894720.0
2424,1578.38977051
2425,1659.98498535
2426,1479.73156738
2427,1598.98205566
2428,1602.20129395
2429,1641.3494873
2430,1461.02990723
2431,1564.25695801
2432,1449.0435791
2433,1618.70422363
2434,1752.93933105
2435,1583.05822754
2436,1403.59973145
2437,1468.16125488
2438,1390.10778809
2439,1589.49279785
2440,1695.3770752
2441,1647.13830566
2442,1578.99267578
2443,1649.62023926
2444,1609.09204102
2445,1545.74658203
2446,1551.33203125
2447,1648.55273438
2448,1607.49438477
2449,1382.30578613
2450,1555.64111328
2451,1617.01806641
2452,1664.36462402
2453,1548.55493164
2454,1728.12145996
2455,1368.59594727
2456,1634.82116699
2457,1645.62878418
2458,1512.64733887
2459,1490.97460938
2460,1386.890625
2461,1678.19116211
2462,1469.47106934
2463,1639.01513672
2464,1678.12145996
2465,1494.11218262
2466,1514.69494629
2467,1510.21960449
2468,1611.63537598
2469,1648.03271484
2470,1554.40087891
2471,1536.29663086
2472,1594.68249512
2473,1585.98217773
2474,1531.51318359
2475,1721.13598633
2476,1535.10571289
2477,1691.77709961
2478,1383.79187012
2479,1577.47546387
2480,1559.9921875
2481,1513.57958984
2482,1545.89086914
2483,1419.88964844
2484,1579.89453125
2485,1538.38391113
2486,1506.37487793
2487,1653.38635254
2488,1517.34521484
2489,1490.35754395
2490,1476.07385254
2491,1580.23815918
2492,1592.83605957
2493,1715.48083496
2494,1415.74621582
2495,1368.74499512
2496,1573.69128418
2497,5372894720.0
2498,1565.62316895
2499,1567.36608887
2500,1556.20861816
2501,1620.58459473
2502,1455.9498291
2503,1441.69018555
2504,1554.01098633
2505,1552.96557617
2506,1544.84912109
2507,1624.08532715
2508,1379.61010742
2509,1578.07885742
2510,1517.80004883
2511,1574.47412109
2512,1437.21606445
2513,1625.97631836
2514,1602.65429688
2515,1465.18713379
2516,1565.05639648
2517,1484.79089355
2518,1512.38964844
2519,1450.32714844
2520,1476.07617188
2521,1514.58764648
2522,1571.50732422
2523,1452.76000977
2524,1538.57714844
2525,1474.49072266
2526,1290.49462891
2527,1659.68029785
2528,1568.28198242
2529,1517.04125977
2530,1501.14587402
2531,1390.35119629
2532,1554.65014648
2533,1508.14807129
2534,1538.67041016
2535,1522.54492188
2536,1657.93920898
2537,1555.01879883
2538,1409.91064453
2539,1437.80480957
2540,1494.60986328
2541,1534.16540527
2542,1564.68200684
2543,1550.40356445
2544,1624.2824707
2545,1737.17883301
2546,1515.58605957
2547,1494.48303223
2548,1498.4354248
2549,5372894720.0
2550,1502.94299316
2551,1599.81188965
2552,1580.03015137
2553,1400.08166504
2554,1542.55993652
2555,1485.68701172
2556,1583.48486328
2557,1613.72058105
2558,1519.97229004
2559,1522.5177002
2560,1601.97961426
2561,1641.72583008
2562,1603.07861328
2563,1515.24719238
2564,5372895232.0
2565,1510.06481934
2566,1713.51062012
2567,1636.92028809
2568,1509.29199219
2569,1715.87792969
2570,1639.62683105
2571,1549.3392334
2572,1571.25476074
2573,1402.48571777
2574,1498.11621094
2575,1677.29003906
2576,1517.87573242
2577,1607.96484375
2578,1373.87768555
2579,1666.86450195
2580,1436.1784668
2581,1405.78564453
2582,1624.53515625
2583,1502.80029297
2584,1457.23901367
2585,1520.58081055
2586,1450.75061035
2587,1477.77392578
2588,1526.08935547
2589,1648.69641113
2590,1491.85913086
2591,1566.83886719
2592,1558.94592285
2593,1559.04992676
2594,1573.91674805
2595,1461.56665039
2596,1455.27722168
2597,1496.1706543
2598,1467.24414062
2599,1467.77319336
2600,1443.38305664
2601,1505.12280273
2602,1669.6204834
2603,1601.1472168
2604,1372.59362793
2605,1726.17175293
2606,1468.55334473
2607,1581.94689941
2608,1536.70690918
2609,1479.68041992
2610,1449.7911377
2611,1435.83898926
2612,1604.09484863
2613,1635.23291016
2614,1521.16967773
2615,1573.25366211
2616,1380.07727051
2617,1388.71069336
2618,1569.69848633
2619,1511.97070312
2620,1544.42041016
2621,1402.19311523
2622,1467.09106445
2623,1507.20751953
2624,1587.32531738
2625,1435.703125
2626,1497.03308105
2627,1494.45935059
2628,1591.16516113
2629,1531.140625
2630,1464.69567871
2631,1421.9609375
2632,1656.92810059
2633,5372894720.0
2634,1578.9609375
2635,1445.5994873
2636,1659.17834473
2637,1559.72180176
2638,1490.50964355
2639,1490.10021973
2640,1345.50476074
2641,1362.83764648
2642,1599.78149414
2643,1478.66918945
2644,1612.11853027
2645,1432.23474121
2646,1531.07739258
2647,1524.64941406
2648,1711.06945801
2649,1612.27685547
2650,1412.68457031
2651,1582.41662598
2652,1388.28222656
2653,1493.9329834
2654,1520.30175781
2655,1576.86914062
2656,1422.81738281
2657,1593.62182617
2658,1422.25769043
2659,1638.73132324
2660,1580.46520996
2661,1474.23510742
2662,1482.8236084
2663,1459.46936035
2664,1606.52307129
2665,1551.89953613
2666,1510.14990234
2667,1492.14746094
2668,1609.59985352
2669,1300.30761719
2670,1583.89501953
2671,1586.88195801
2672,1596.03796387
2673,1372.08630371
2674,1512.26159668
2675,1492.8626709
2676,1487.42004395
2677,1495.99890137
2678,1654.55065918
2679,1512.78344727
2680,1510.72717285
2681,1451.70776367
2682,1543.82775879
2683,1472.78845215
2684,1470.12036133
2685,1501.26062012
2686,1316.80114746
2687,1610.5357666
2688,1528.08178711
2689,1483.38891602
2690,1534.72436523
2691,1490.02734375
2692,1485.24450684
2693,5372894720.0
2694,1457.35021973
2695,1418.50488281
2696,1366.80725098
2697,1336.3684082
2698,1494.38342285
2699,1622.8137207
2700,1543.29980469
2701,1460.66040039
2702,1520.99462891
2703,1355.16564941
2704,1448.60534668
2705,1567.39929199
2706,1584.53430176
2707,1521.53881836
2708,1578.41064453
2709,1557.11462402
2710,5372894720.0
2711,1615.45532227
2712,1643.50927734
2713,1416.51367188
2714,1409.41479492
2715,1407.28930664
2716,1582.76672363
2717,1602.99389648
2718,1408.37451172
2719,1587.1965332
2720,1559.21142578
2721,1583.16040039
2722,1476.42321777
2723,1586.39929199
2724,1586.93933105
2725,1681.70568848
2726,1394.6697998
2727,1476.79064941
2728,1554.27709961
2729,1453.16918945
2730,1524.67895508
2731,1552.2467041
2732,1459.17675781
2733,1468.5213623
2734,1497.05187988
2735,1487.61828613
2736,1502.05395508
2737,1533.50769043
2738,1325.13269043
2739,1491.53405762
2740,1406.2590332
2741,1537.30383301
2742,1506.34289551
2743,1431.07824707
2744,1313.8482666
2745,1533.58422852
2746,1602.98193359
2747,1588.38476562
2748,1582.70495605
2749,1475.99755859
2750,1585.91796875
2751,1483.2980957
2752,1450.26525879
2753,1533.81408691
2754,1384.32373047
2755,1352.10571289
2756,1359.33630371
2757,1437.46008301
2758,1701.55432129
2759,1493.81787109
2760,1433.00317383
2761,1530.5592041
2762,1515.19470215
2763,1575.92871094
2764,1575.1418457
2765,1393.0546875
2766,5372894720.0
2767,1477.21923828
2768,1494.00390625
2769,1551.93725586
2770,1478.40026855
2771,1529.05859375
2772,1383.55578613
2773,1395.65734863
2774,1407.00720215
2775,1446.1505127
2776,1495.93029785
2777,1508.14868164
2778,1418.65783691
2779,1460.71130371
2780,1344.12731934
2781,1530.23095703
2782,1407.08325195
2783,1527.30102539
2784,1454.03320312
2785,1515.63952637
2786,1632.96386719
2787,1529.1763916
2788,1569.46020508
2789,1404.8515625
2790,1537.49060059
2791,1528.23168945
2792,1587.37866211
2793,1504.48657227
2794,1410.65478516
2795,1439.78051758
2796,1539.69250488
2797,1530.12768555
2798,1501.09069824
2799,1582.65917969
2800,1475.94506836
2801,1515.42687988
2802,1448.48400879
2803,1507.4354248
2804,1407.31872559
2805,1430.73461914
2806,1364.89550781
2807,1533.69836426
2808,1664.10241699
2809,1457.85839844
2810,1555.9967041
2811,1443.54968262
2812,1488.57189941
2813,1421.45227051
2814,1452.34301758
2815,1435.50695801
2816,1382.78820801
2817,1431.43139648
2818,1586.00390625
2819,1378.41271973
2820,1487.19348145
2821,1485.11193848
2822,1473.18127441
2823,1558.74645996
2824,1430.37719727
2825,1398.05786133
2826,1400.58068848
2827,1556.21374512
2828,1511.94873047
2829,1523.9630127
2830,1485.27893066
2831,1467.65722656
2832,1457.68969727
2833,5372894720.0
2834,1412.10522461
2835,1535.06738281
2836,1457.49914551
2837,1483.68847656
2838,1479.71582031
2839,1549.31262207
2840,1489.18798828
2841,1560.55163574
2842,1488.03894043
2843,1414.06091309
2844,1613.84191895
2845,1383.4342041
2846,1429.80273438
2847,1585.28991699
2848,1560.5135498
2849,1535.52062988
2850,1374.56188965
2851,1702.03369141
2852,1406.3795166
2853,1516.15905762
2854,1340.39282227
2855,1430.19042969
2856,1424.9597168
2857,1711.99951172
2858,1561.90966797
2859,1408.4588623
2860,1559.03833008
2861,1461.86413574
2862,1374.6036377
2863,1458.16699219
2864,1595.63647461
2865,1510.50366211
2866,1403.55200195
2867,1521.5065918
2868,1645.93847656
2869,1450.16650391
2870,1441.10375977
2871,1415.33898926
2872,1455.83520508
2873,1633.02685547
2874,1533.8404541
2875,1443.60266113
2876,1386.99755859
2877,1600.93273926
2878,1525.37438965
2879,1555.64611816
2880,1480.88793945
2881,1525.20727539
2882,1419.75720215
2883,1461.88757324
2884,1461.78222656
2885,1513.15405273
2886,5372894720.0
2887,1416.11779785
2888,1289.87731934
2889,1488.87561035
2890,1566.65148926
2891,1448.67712402
2892,1536.5435791
2893,1443.11376953
2894,1416.7713623
2895,1484.13708496
2896,1449.74987793
2897,1486.8671875
2898,1372.46337891
2899,1488.37963867
2900,1542.51367188
2901,1358.12646484
2902,1468.64001465
2903,1483.17773438
2904,1483.18554688
2905,1354.1697998
2906,1628.81713867
2907,1569.05505371
2908,1595.36157227
2909,1476.46325684
2910,1330.9440918
2911,1295.66918945
2912,5372894720.0
2913,1419.85437012
2914,1477.72460938
2915,1381.8951416
2916,1508.95178223
2917,1419.02929688
2918,1412.66491699
2919,1505.10461426
2920,1360.90612793
2921,1543.16345215
2922,1511.35400391
2923,1500.70935059
2924,1484.57824707
2925,1494.21203613
2926,1457.93359375
2927,1415.57922363
2928,1413.18737793
2929,1296.97241211
2930,1359.85327148
2931,1384.34411621
2932,1409.86962891
2933,1354.42456055
2934,1498.31665039
2935,1332.00292969
2936,1539.75341797
2937,1322.37548828
2938,1524.87268066
2939,1629.76306152
2940,1382.72265625
2941,1480.2175293
2942,1482.77612305
2943,1442.2722168
2944,1471.01904297
2945,1475.33532715
2946,1459.46008301
2947,1492.06811523
2948,1600.76818848
2949,1401.26599121
2950,1373.21765137
2951,1461.87805176
2952,1449.60864258
2953,1424.05065918
2954,1358.67712402
2955,1493.44787598
2956,1514.61560059
2957,1669.99731445
2958,1514.61401367
2959,1527.35632324
2960,1393.83679199
2961,1473.16589355
2962,1469.42932129
2963,1441.07458496
2964,1407.80883789
2965,1458.39746094
2966,1530.48376465
2967,5372894720.0
2968,1476.31896973
2969,1512.29174805
2970,1462.19580078
2971,1516.95703125
2972,1436.19189453
2973,1422.79663086
2974,1439.55444336
2975,1427.53112793
2976,1350.12133789
2977,1490.30053711
2978,1495.04064941
2979,1425.25317383
2980,1493.75976562
2981,1415.18005371
2982,1334.671875
2983,1499.29150391
2984,1514.92382812
2985,1545.89575195
2986,1331.07116699
2987,1574.04003906
2988,1459.70776367
2989,1435.99084473
2990,1443.50549316
2991,1431.35095215
2992,1355.80444336
2993,1428.86560059
2994,1362.81420898
2995,1603.68530273
2996,1499.28869629
2997,1415.77319336
2998,1504.3795166
2999,1285.57958984
3000,1462.12963867
3001,1416.10009766
3002,1524.40661621
3003,1444.94067383
3004,1398.59716797
3005,1476.88183594
3006,1347.55859375
3007,1430.73828125
3008,1415.08105469
3009,1529.42553711
3010,1445.07348633
3011,1507.96435547
3012,1450.02978516
3013,1357.83618164
3014,1420.28210449
3015,1386.96020508
3016,1441.41809082
3017,1475.96594238
3018,1452.11364746
3019,1468.61950684
3020,1356.1776123
3021,1443.88989258
3022,1363.89489746
3023,1398.21618652
3024,1490.19152832
3025,1659.08483887
3026,1325.8503418
3027,1358.85424805
3028,1391.2010498
3029,1435.91259766
3030,1313.40136719
3031,1548.828125
3032,1375.97021484
3033,1368.1282959
3034,1440.3873291
3035,1459.15515137
3036,1560.41137695
3037,1587.8404541
3038,1497.74462891
3039,1294.84033203
3040,1432.6328125
3041,1386.90612793
3042,1603.73498535
3043,1440.18017578
3044,1416.20068359
3045,1426.7388916
3046,1473.8885498
3047,1446.9387207
3048,1622.27819824
3049,1430.15490723
3050,1440.56738281
3051,1579.08093262
3052,1509.3314209
3053,1634.17224121
3054,1426.56555176
3055,1536.27709961
3056,1469.01477051
3057,1491.34753418
3058,1445.68164062
3059,1447.53027344
3060,1465.85620117
3061,1213.33618164
3062,1361.02734375
3063,5372894720.0
3064,1312.1817627
3065,1358.8380127
3066,1503.62792969
3067,1369.35375977
3068,1513.22106934
3069,1441.89111328
3070,1291.91955566
3071,1327.45092773
3072,1441.61889648
3073,1472.75378418
3074,1308.67053223
3075,1539.1583252
3076,1544.48156738
3077,1415.78869629
3078,1512.84472656
3079,1423.12426758
3080,1310.44543457
3081,1379.94616699
3082,1511.06298828
3083,1276.58850098
3084,1430.28771973
3085,1408.71069336
3086,1398.81933594
3087,1473.21008301
3088,1334.4185791
3089,1458.71435547
3090,1558.60339355
3091,1371.23706055
3092,1430.34533691
3093,1361.47888184
3094,1424.23706055
3095,1407.4675293
3096,1389.27380371
3097,1328.85217285
3098,1509.56164551
3099,1370.77368164
3100,5372894720.0
3101,1446.19592285
3102,1455.8182373
3103,1441.04370117
3104,1418.90710449
3105,1327.0682373
3106,1446.11486816
3107,1429.01330566
3108,1249.81384277
3109,1475.5111084
3110,1490.6192627
3111,1437.53015137
3112,1496.80993652
3113,1411.94897461
3114,1499.60754395
3115,1536.52282715
3116,1417.74414062
3117,1409.79833984
3118,1382.60742188
3119,1471.75390625
3120,1379.84338379
3121,1398.64526367
3122,1320.16418457
3123,1401.50793457
3124,1343.33203125
3125,1373.76806641
3126,1328.55773926
3127,1561.4909668
3128,1439.48754883
3129,1553.6262207
3130,1412.53979492
3131,1335.6081543
3132,1446.88000488
3133,1398.60119629
3134,1435.02722168
3135,1461.05957031
3136,1409.56213379
3137,1437.14123535
3138,1292.79833984
3139,1461.62011719
3140,1435.9564209
3141,1354.87219238
3142,1358.8548584
3143,1580.91064453
3144,1489.78344727
3145,1278.21435547
3146,1424.43640137
3147,1348.09838867
3148,1301.08398438
3149,1487.21813965
3150,1379.18688965
3151,1301.06213379
3152,1530.42248535
3153,1483.42224121
3154,1445.74145508
3155,1336.35559082
3156,1447.62451172
3157,5372894720.0
3158,1355.0592041
3159,1425.93347168
3160,1469.47570801
3161,1268.76452637
3162,1503.3795166
3163,1304.02636719
3164,1447.62402344
3165,1488.07519531
3166,1409.61022949
3167,1448.9173584
3168,1371.92236328
3169,1396.6998291
3170,1352.21740723
3171,1191.5880127
3172,1433.65270996
3173,1481.53405762
3174,1498.26391602
3175,1448.22131348
3176,1315.65100098
3177,1410.88928223
3178,1559.04797363
3179,1347.13659668
3180,1418.92199707
3181,1461.84875488
3182,1398.67297363
3183,1452.44921875
3184,1459.4642334
3185,1505.91564941
3186,1276.0657959
3187,1407.84448242
3188,1505.00964355
3189,1391.38867188
3190,1381.79882812
3191,1398.23278809
3192,1422.77050781
3193,1474.08447266
3194,1395.32983398
3195,1426.85241699
3196,1529.87792969
3197,1378.24987793
3198,1441.64099121
3199,1505.38574219
3200,1467.81188965
3201,1440.95788574
3202,5372894720.0
3203,1418.22814941
3204,1475.08447266
3205,1443.06359863
3206,1338.76428223
3207,1435.07470703
3208,1424.86572266
3209,1411.77111816
3210,1438.43225098
3211,1370.7130127
3212,1419.95471191
3213,1320.87194824
3214,1309.4888916
3215,1370.43005371
3216,1504.2479248
3217,1374.56335449
3218,1346.84570312
3219,1468.63708496
3220,1378.43762207
3221,1502.25256348
3222,1351.6763916
3223,1397.41235352
3224,1333.58215332
3225,1395.09375
3226,1434.71496582
3227,1359.99401855
3228,1373.26989746
3229,1338.96203613
3230,1487.11425781
3231,1367.56628418
3232,1502.1348877
3233,1307.97033691
3234,1524.67297363
3235,1346.64916992
3236,1330.54797363
3237,1459.42004395
3238,1387.24963379
3239,1311.34436035
3240,1534.22961426
3241,1464.86047363
3242,1415.20251465
3243,1567.36328125
3244,5372894720.0
3245,1497.24230957
3246,1352.07019043
3247,1411.70922852
3248,1462.01806641
3249,1397.10571289
3250,1281.17932129
3251,1365.13671875
3252,1462.46142578
3253,1440.32641602
3254,1350.23583984
3255,1446.99743652
3256,1481.52587891
3257,1464.1529541
3258,1431.70007324
3259,1310.62219238
3260,1307.54736328
3261,1383.27416992
3262,1292.65686035
3263,1324.09191895
3264,1388.23388672
3265,1364.87268066
3266,1486.44250488
3267,1287.78308105
3268,1403.77124023
3269,1248.55761719
3270,1412.3984375
3271,1341.16650391
3272,1285.71240234
3273,1337.09606934
3274,1500.77624512
3275,1492.74584961
3276,1457.49707031
3277,1508.95593262
3278,1423.3236084
3279,1532.48864746
3280,1435.74963379
3281,1362.84484863
3282,1716.53723145
3283,1408.26025391
3284,1404.5411377
3285,1393.29772949
3286,1518.81079102
3287,1364.71337891
3288,1380.27758789
3289,1494.62097168
3290,1470.44799805
3291,1393.41455078
3292,1583.21826172
3293,1338.21569824
3294,1398.94018555
3295,1273.52624512
3296,1451.26879883
3297,1529.85217285
3298,1316.3223877
3299,1386.25915527
3300,1407.91955566
3301,1596.48205566
3302,1338.74035645
3303,1338.34020996
3304,1349.95922852
3305,1411.84448242
3306,1505.90722656
3307,1464.68200684
3308,1531.60388184
3309,5372894720.0
3310,1455.11877441
3311,1389.83398438
3312,1385.15075684
3313,1437.08862305
3314,1518.5592041
3315,1479.28186035
3316,1560.55444336
3317,1521.01782227
3318,1400.91259766
3319,1378.47180176
3320,1567.70898438
3321,1443.20324707
3322,1334.55944824
3323,1429.53796387
3324,1454.61010742
3325,1409.36206055
3326,1541.36303711
3327,1455.28588867
3328,1421.80249023
3329,1481.04956055
3330,1485.6895752
3331,1357.82080078
3332,1310.7409668
3333,1306.45507812
3334,1394.56469727
3335,1438.1661377
3336,1495.54431152
3337,1420.6451416
3338,1269.58459473
3339,1477.20812988
3340,1493.63366699
3341,1350.8269043
3342,1444.99194336
3343,1384.1003418
3344,1290.80651855
3345,1407.91296387
3346,1320.96166992
3347,1450.27893066
3348,1341.4822998
3349,1381.9552002
3350,1336.94641113
3351,1445.43054199
3352,1568.01098633
3353,1406.08398438
3354,1297.49206543
3355,1334.60974121
3356,1337.35620117
3357,1338.18371582
3358,1383.50854492
3359,1479.18688965
3360,1483.31103516
3361,1457.15771484
3362,1310.59509277
3363,1413.54650879
3364,5372894720.0
3365,1380.19274902
3366,1400.38952637
3367,1497.2064209
3368,1485.32385254
3369,1334.44909668
3370,1354.36047363
3371,1484.96020508
3372,1432.44946289
3373,1332.45935059
3374,1463.92504883
3375,1405.76086426
3376,1319.53173828
3377,1265.31359863
3378,1346.95666504
3379,1372.82910156
3380,1416.63330078
3381,1405.86413574
3382,1279.84570312
3383,1356.85205078
3384,1315.08129883
3385,1442.48535156
3386,1381.01281738
3387,1460.98327637
3388,1469.28759766
3389,1468.53271484
3390,1455.4387207
3391,1405.03149414
3392,1414.3939209
3393,1362.94445801
3394,1260.42883301
3395,1411.40441895
3396,1475.77929688
3397,1450.79064941
3398,1356.59777832
3399,1264.49487305
3400,1443.94116211
3401,1340.41796875
3402,1474.7388916
3403,1382.96923828
3404,1376.88122559
3405,1357.59387207
3406,1404.87219238
3407,1533.24816895
3408,1405.75158691
3409,5372894720.0
3410,1319.77502441
3411,1330.34631348
3412,1274.13928223
3413,1435.9552002
3414,1375.8145752
3415,1396.76647949
3416,1381.62817383
3417,1258.03100586
3418,1312.26611328
3419,1378.46557617
3420,1472.28918457
3421,1362.99353027
3422,1353.92370605
3423,1472.79187012
3424,1357.46142578
3425,1354.83410645
3426,1327.67993164
3427,1296.7166748
3428,1493.85119629
3429,1305.05810547
3430,1337.36047363
3431,1432.8807373
3432,1453.01647949
3433,1439.71704102
3434,1466.58911133
3435,1413.72753906
3436,1333.6953125
3437,1262.97351074
3438,1323.83654785
3439,1297.48999023
3440,1372.98327637
3441,1427.51171875
3442,1342.01257324
3443,1402.72583008
3444,1521.62426758
3445,1436.24633789
3446,1295.61181641
3447,1379.29333496
3448,1334.61730957
3449,1403.74475098
3450,1432.31896973
3451,1415.6673584
3452,1409.84387207
3453,1380.98925781
3454,1396.06237793
3455,5372894720.0
3456,1400.9362793
3457,1352.54101562
3458,1365.38928223
3459,1448.8996582
3460,1391.8190918
3461,1315.71972656
3462,1457.72888184
3463,1309.47290039
3464,1450.70300293
3465,1364.15563965
3466,1329.75170898
3467,1317.18493652
3468,1490.13439941
3469,1426.69091797
3470,1305.10681152
3471,1224.60827637
3472,1381.56896973
3473,1485.10900879
3474,1382.17614746
3475,1340.45153809
3476,1337.85961914
3477,1342.21765137
3478,1368.7668457
3479,1323.16015625
3480,1380.95617676
3481,1258.91455078
3482,1401.16784668
3483,1471.44909668
3484,1440.3338623
3485,1412.97741699
3486,1261.88464355
3487,1361.60144043
3488,1337.76513672
3489,1506.80932617
3490,1422.6895752
3491,1384.20654297
3492,1200.75366211
3493,1339.83288574
3494,1443.24389648
3495,1403.6550293
3496,1416.40185547
3497,1430.21655273
3498,1355.37939453
3499,1419.00500488
3500,1183.24243164
3501,1315.73217773
3502,1317.85083008
3503,1503.75415039
3504,1395.27026367
3505,1298.65600586
3506,1420.56982422
3507,1456.6784668
3508,1390.74084473
3509,1399.5057373
3510,1370.54943848
3511,1457.48034668
3512,1303.29431152
3513,1352.53552246
3514,1383.39855957
3515,1261.20056152
3516,1337.89733887
3517,1411.63256836
3518,1478.90930176
3519,1319.59008789
3520,1401.34448242
3521,1440.09399414
3522,1266.88867188
3523,5372894720.0
3524,1319.28027344
3525,1361.48449707
3526,1342.14831543
3527,1209.43762207
3528,1325.57397461
3529,1338.64904785
3530,1390.67736816
3531,1353.41918945
3532,1257.10693359
3533,1225.2746582
3534,1482.12316895
3535,1396.39196777
3536,1327.09631348
3537,1287.72009277
3538,1451.69543457
3539,1378.21142578
3540,1451.96325684
3541,1382.25036621
3542,1381.65979004
3543,5372894720.0
3544,1341.66186523
3545,1422.95275879
3546,1370.49902344
3547,1438.24621582
3548,1422.07727051
3549,1282.26745605
3550,1332.79846191
3551,1324.30322266
3552,1359.78479004
3553,1501.26379395
3554,1275.45385742
3555,1389.59997559
3556,1362.60583496
3557,1471.61462402
3558,1398.24572754
3559,1413.53063965
3560,1361.82067871
3561,1415.60888672
3562,1336.40539551
3563,1373.9342041
3564,1449.9185791
3565,1386.85205078
3566,1378.42651367
3567,1619.50830078
3568,1439.39123535
3569,1441.68212891
3570,1791.99719238
3571,1458.02319336
3572,1556.10070801
3573,1559.62268066
3574,1649.66394043
3575,1564.67834473
3576,1423.3338623
3577,1428.35693359
3578,1612.89978027
3579,1610.51977539
3580,1349.13964844
3581,1419.20019531
3582,1437.64074707
3583,1612.15307617
3584,1590.18920898
3585,1402.65429688
3586,1323.07836914
3587,1445.59423828
3588,1485.8203125
3589,1372.69238281
3590,1447.53808594
3591,1333.36132812
3592,1339.88830566
3593,1389.49377441
3594,5372894720.0
3595,1403.6932373
3596,1434.08007812
3597,1488.68640137
3598,1568.11108398
3599,1481.91357422
3600,1890.80236816
3601,1563.10803223
3602,1673.24194336
3603,1631.60058594
3604,1592.31787109
3605,1538.77490234
3606,1563.76147461
3607,1414.8927002
3608,2060.24707031
3609,1619.07519531
3610,1767.25024414
3611,1521.04467773
3612,1595.69702148
3613,1603.13671875
3614,1501.39074707
3615,1593.62683105
3616,1621.43383789
3617,1859.2668457
3618,1702.93530273
3619,1951.04931641
3620,1634.28869629
3621,2422.43188477
3622,1554.35656738
3623,1652.49951172
3624,1589.33837891
3625,2317.86791992
3626,2052.90649414
3627,1840.65197754
3628,1652.69055176
3629,1599.30358887
3630,1729.70629883
3631,1925.25415039
3632,5372895232.0
3633,1687.56774902
3634,1570.26953125
3635,1811.52111816
3636,2174.27392578
3637,1774.36560059
3638,1886.45336914
3639,2171.75830078
3640,1900.5859375
3641,1624.34448242
3642,2857.30322266
3643,1697.20910645
3644,2067.80078125
3645,1699.07312012
3646,1604.54260254
3647,1435.77355957
3648,1551.31140137
3649,1399.4942627
3650,1553.17919922
3651,1673.80603027
3652,1468.10168457
3653,1553.07458496
3654,1600.73059082
3655,1424.37866211
3656,1474.79638672
3657,1493.65197754
3658,1371.72839355
3659,1581.45263672
3660,1534.89929199
3661,1646.8873291
3662,1489.27307129
3663,1427.27856445
3664,1325.74536133
3665,1552.51501465
3666,1496.82373047
3667,1466.93640137
3668,1658.06506348
3669,1990.98913574
3670,1419.44433594
3671,1787.67956543
3672,1677.55419922
3673,1495.32446289
3674,1529.32702637
3675,1548.00817871
3676,1460.72875977
3677,1671.80456543
3678,1650.1394043
3679,1562.77392578
3680,1407.38256836
3681,1430.87231445
3682,1614.7277832
3683,1512.19995117
3684,1579.50561523
3685,5372894720.0
3686,1811.75854492
3687,1507.05151367
3688,1432.28320312
3689,1427.62988281
3690,1433.21264648
3691,1462.33630371
3692,1391.30773926
3693,1541.71789551
3694,1362.03063965
3695,1453.66210938
3696,1346.44262695
3697,1421.91296387
3698,1334.94726562
3699,1482.37634277
3700,1497.48986816
3701,1469.92114258
3702,1356.9564209
3703,1373.4510498
3704,1343.41638184
3705,1505.57556152
3706,1468.16320801
3707,1458.73498535
3708,1636.77954102
3709,1570.75683594
3710,1418.7590332
3711,1416.47961426
3712,1336.96875
3713,1762.18530273
3714,1572.02905273
3715,1523.87683105
3716,1402.1036377
3717,1457.81005859
3718,1551.85473633
3719,1511.62976074
3720,1533.50048828
3721,1509.37878418
3722,1488.41772461
3723,1506.48791504
3724,1465.87866211
3725,1211.47680664
3726,1471.14343262
3727,1500.08581543
3728,1410.69750977
3729,1341.2322998
3730,1460.82397461
3731,1547.34118652
3732,1505.01293945
3733,1390.53808594
3734,1611.39172363
3735,1355.05834961
3736,1398.18359375
3737,1353.03515625
3738,1337.68554688
3739,1437.51037598
3740,1285.59851074
3741,3058.33447266
3742,1583.06164551
3743,1421.23474121
3744,1388.39367676
3745,1340.99572754
3746,1411.06958008
3747,1590.00817871
3748,1341.97607422
3749,1352.21655273
3750,1444.17565918
3751,1339.28417969
3752,1255.24047852
3753,1409.56982422
3754,1412.51062012
3755,1234.45605469
3756,1453.37255859
3757,1379.29968262
3758,1414.97814941
3759,1475.49401855
3760,1347.09643555
3761,1338.24401855
3762,1298.20202637
3763,1363.63317871
3764,1367.77404785
3765,1396.34631348
3766,1382.12768555
3767,1422.01672363
3768,5372894720.0
3769,1364.23144531
3770,1369.64648438
3771,1316.5369873
3772,1351.22045898
3773,1265.70019531
3774,1404.93896484
3775,1354.91882324
3776,1462.90454102
3777,1289.00793457
3778,1313.9230957
3779,1349.03137207
3780,1378.46594238
3781,1405.02575684
3782,1388.63415527
3783,1385.02099609
3784,1306.71374512
3785,1328.08703613
3786,1367.39904785
3787,1397.26635742
3788,1292.96716309
3789,1270.44836426
3790,1357.97155762
3791,1349.45458984
3792,1371.21362305
3793,1365.94104004
3794,1290.49523926
3795,1302.49401855
3796,1347.00317383
3797,1434.65222168
3798,1195.96887207
3799,1404.37695312
3800,1291.62072754
3801,1349.38842773
3802,1747.12805176
3803,1255.76416016
3804,5372894720.0
3805,1555.26928711
3806,1511.90234375
3807,1441.81604004
3808,1299.11853027
3809,1195.32116699
3810,2181.87524414
3811,1434.77209473
3812,1397.34240723
3813,1452.39111328
3814,1516.4510498
3815,1627.63476562
3816,2029.58496094
3817,1673.43701172
3818,1755.08166504
3819,1759.84216309
3820,1676.98266602
3821,1643.87817383
3822,1695.73791504
3823,1601.41564941
3824,1668.45202637
3825,1532.20849609
3826,1416.4967041
3827,1544.74279785
3828,1488.21350098
3829,3056.38330078
3830,1516.15588379
3831,1427.61901855
3832,1529.1159668
3833,1518.26220703
3834,1752.8215332
3835,1782.81591797
3836,1349.10119629
3837,1409.21813965
3838,1476.34436035
3839,1917.39941406
3840,1412.38330078
3841,1304.18835449
3842,1566.08654785
3843,1480.53894043
3844,1414.32043457
3845,1450.51867676
3846,1677.20178223
3847,1499.6998291
3848,1430.78796387
3849,1344.58166504
3850,1474.11303711
3851,1488.87304688
3852,1434.5579834
3853,1444.2388916
3854,1892.66467285
3855,1488.68225098
3856,1360.64135742
3857,1320.28637695
3858,1363.72961426
3859,1616.58129883
3860,1461.04272461
3861,1456.0994873
3862,1539.57409668
3863,1379.57678223
3864,1494.36328125
3865,1392.45947266
3866,5372895232.0
3867,1328.55419922
3868,1502.77087402
3869,1641.74316406
3870,1334.53076172
3871,1316.80737305
3872,1315.74438477
3873,1628.87219238
3874,1475.10559082
3875,1516.16308594
3876,1288.20812988
3877,1391.93444824
3878,1401.1809082
3879,1255.29211426
3880,1389.8737793
3881,1484.31713867
3882,1302.24060059
3883,5372895232.0
3884,1441.01879883
3885,1258.59130859
3886,1373.15905762
3887,1319.63427734
3888,1578.94885254
3889,1481.84484863
3890,2181.45288086
3891,1545.06359863
3892,1478.66064453
3893,1571.6887207
3894,1427.14685059
3895,1596.09350586
3896,1446.33850098
3897,1495.48608398
3898,1517.40185547
3899,1511.3302002
3900,1685.82202148
3901,1476.73132324
3902,2057.98364258
3903,1399.45019531
3904,1371.19799805
3905,1538.52929688
3906,1510.71948242
3907,1388.63122559
3908,2554.97119141
3909,1513.63525391
3910,1376.90161133
3911,1521.77697754
3912,1467.93823242
3913,1528.34143066
3914,1444.09191895
3915,1478.91638184
3916,1524.03723145
3917,1724.56481934
3918,1450.83349609
3919,2264.34277344
3920,1540.3223877
3921,1564.80834961
3922,1622.13330078
3923,1486.43713379
3924,1415.18310547
3925,1409.10266113
3926,1556.29077148
3927,1557.90563965
3928,1529.16748047
3929,1639.95385742
3930,1566.04333496
3931,1448.74121094
3932,1483.89685059
3933,1216.26220703
3934,1400.85693359
3935,1394.88879395
3936,1472.11706543
3937,1455.40466309
3938,1419.42199707
3939,1451.00537109
3940,1437.20715332
3941,1555.38024902
3942,1344.15734863
3943,1387.0859375
3944,1347.7557373
3945,1413.03955078
3946,1351.6159668
3947,1300.47973633
3948,1367.5012207
3949,1373.83129883
3950,1361.70507812
3951,1377.84338379
3952,1350.15686035
3953,1410.70458984
3954,1349.59765625
3955,1417.30932617
3956,1344.18017578
3957,1418.41540527
3958,1252.65979004
3959,1382.46630859
3960,1374.00488281
3961,1345.71606445
3962,5372894720.0
3963,1272.49963379
3964,1390.03588867
3965,1179.15454102
3966,1381.4387207
3967,1352.17529297
3968,1359.1965332
3969,1372.09533691
3970,1202.88769531
3971,1295.71179199
3972,1386.01928711
3973,1408.83898926
3974,1321.07373047
3975,1249.44750977
3976,1362.9510498
3977,1296.3939209
3978,1296.17456055
3979,1324.31872559
3980,1351.77856445
3981,1327.84667969
3982,1466.69042969
3983,1374.34411621
3984,1279.24597168
3985,1327.68469238
3986,1381.48962402
3987,1214.14758301
3988,1339.99768066
3989,1275.62487793
3990,1267.15551758
3991,1408.07763672
3992,1272.76098633
3993,1311.70129395
3994,1200.25
3995,1293.6875
3996,1233.2833252
3997,1322.46435547
3998,1362.03527832
3999,1293.82385254
4000,1288.75061035
4001,1174.37243652
4002,1240.97167969
4003,1359.02392578
4004,1273.78881836
4005,1309.83557129
4006,1344.7467041
4007,1277.84094238
4008,5372894720.0
4009,1319.74438477
4010,1363.90686035
4011,1288.02246094
4012,1502.65734863
4013,1372.25048828
4014,1223.12536621
4015,1419.45593262
4016,1277.60339355
4017,1275.83996582
4018,1256.50439453
4019,1238.00073242
4020,1357.54699707
4021,1249.11181641
4022,1433.00585938
4023,1326.81945801
4024,1274.0369873
4025,1290.79699707
4026,1293.93688965
4027,1309.54980469
4028,1339.84020996
4029,1216.67822266
4030,1224.75256348
4031,1361.8449707
4032,1226.55151367
4033,1278.76135254
4034,1424.60375977
4035,1310.67834473
4036,1209.71960449
4037,1277.80004883
4038,1212.75
4039,1250.86230469
4040,1358.31274414
4041,1192.28356934
4042,1381.88146973
4043,1313.94824219
4044,1364.81994629
4045,1304.25952148
4046,1233.61291504
4047,1335.26281738
4048,1351.1751709
4049,1345.93920898
4050,1281.26843262
4051,1349.56787109
4052,1412.25708008
4053,1280.82873535
4054,1360.046875
4055,1224.50415039
4056,1292.05786133
4057,1302.3215332
4058,1268.07702637
4059,1276.14099121
4060,1304.64880371
4061,1186.31286621
4062,1354.61291504
4063,1374.02722168
4064,1287.85534668
4065,1324.22021484
4066,1160.41381836
4067,1324.3215332
4068,1286.42102051
4069,1213.11279297
4070,1338.55078125
4071,1300.68554688
4072,1254.43811035
4073,1324.54553223
4074,1161.9395752
4075,1310.39758301
4076,5372894720.0
4077,1321.00415039
4078,1392.19799805
4079,1302.74023438
4080,1443.25476074
4081,1339.35375977
4082,1289.49536133
4083,1333.28808594
4084,1249.08227539
4085,1349.8170166
4086,1340.38928223
4087,1397.58129883
4088,1302.38098145
4089,1259.69384766
4090,1309.71813965
4091,1321.63806152
4092,1318.2199707
4093,1270.85827637
4094,1209.5715332
4095,1322.67944336
4096,1295.49072266
4097,1254.22851562
4098,1348.54748535
4099,1305.16015625
4100,1252.98596191
4101,1232.61987305
4102,1304.28430176
4103,1260.81140137
4104,1218.0736084
4105,1194.71691895
4106,5372894720.0
4107,1246.63720703
4108,1125.12548828
4109,1332.88293457
4110,1320.99145508
4111,1245.89794922
4112,1382.48754883
4113,1218.27404785
4114,1312.22790527
4115,1221.69921875
4116,1290.0513916
4117,1167.88928223
4118,1281.63903809
4119,1297.21875
4120,1306.17163086
4121,1194.19262695
4122,1274.25463867
4123,1294.94885254
4124,1326.56335449
4125,1374.88305664
4126,1260.20825195
4127,1298.9552002
4128,1257.14599609
4129,1352.90100098
4130,1152.06799316
4131,1242.76574707
4132,1246.45471191
4133,1201.1496582
4134,1313.72888184
4135,1333.88452148
4136,1299.89147949
4137,1335.58349609
4138,1252.50134277
4139,1446.64245605
4140,1203.1829834
4141,1322.99401855
4142,1239.11535645
4143,1248.95251465
4144,1228.84924316
4145,1312.06030273
4146,1251.45568848
4147,1313.06945801
4148,1294.28381348
4149,5372894720.0
4150,1342.79040527
4151,1288.08703613
4152,1194.11254883
4153,1226.93896484
4154,1229.29003906
4155,1306.17980957
4156,1178.64416504
4157,1258.02478027
4158,1286.88537598
4159,1317.5916748
4160,1464.39477539
4161,1285.64782715
4162,1353.86047363
4163,1361.16601562
4164,1276.87548828
4165,1243.95800781
4166,1326.40332031
4167,1412.04626465
4168,1321.2487793
4169,1315.21594238
4170,1318.58068848
4171,1312.79528809
4172,1266.99816895
4173,1309.97290039
4174,1235.39611816
4175,1257.4029541
4176,1253.52746582
4177,1307.91931152
4178,1362.51281738
4179,1365.11682129
4180,1286.97387695
4181,1323.15161133
4182,1235.65075684
4183,1250.70019531
4184,1209.08154297
4185,1307.63891602
4186,1320.21984863
4187,1171.93444824
4188,1247.35217285
4189,1147.10632324
4190,5372895232.0
4191,1389.26293945
4192,1317.65563965
4193,1369.86987305
4194,1179.19042969
4195,1256.72753906
4196,1206.55029297
4197,1296.48254395
4198,1251.92675781
4199,1278.62976074
4200,1274.09985352
4201,1331.67346191
4202,1452.3145752
4203,1246.87573242
4204,1222.86621094
4205,1344.24438477
4206,1388.12634277
4207,1328.02770996
4208,1358.77404785
4209,1253.67138672
4210,1302.1060791
4211,1291.73144531
4212,1256.85131836
4213,1263.9185791
4214,1278.47399902
4215,1354.40344238
4216,1433.69299316
4217,1294.60473633
4218,1351.53344727
4219,1328.65917969
4220,1390.26245117
4221,1287.45373535
4222,1282.34606934
4223,1278.63757324
4224,1165.41687012
4225,1284.73034668
4226,1333.5826416
4227,1382.24694824
4228,1280.80505371
4229,1220.14221191
4230,1263.85327148
4231,1173.75378418
4232,1331.18078613
4233,1218.80639648
4234,1372.74841309
4235,1330.69848633
4236,1269.34887695
4237,1256.83300781
4238,1212.54016113
4239,1120.60168457
4240,1183.87011719
4241,1301.31225586
4242,1411.87536621
4243,1269.03088379
4244,1249.75927734
4245,1338.54125977
4246,1321.99475098
4247,1414.05322266
4248,1410.06213379
4249,1271.70568848
4250,1233.18457031
4251,1273.06335449
4252,1281.57446289
4253,1206.67822266
4254,1286.09863281
4255,1284.42114258
4256,1204.52905273
4257,1242.93127441
4258,5372894720.0
4259,1223.6036377
4260,1264.59069824
4261,1284.46643066
4262,1203.60974121
4263,1323.49963379
4264,1249.60681152
4265,1318.66430664
4266,1373.11877441
4267,1348.11767578
4268,1148.75830078
4269,1268.86010742
4270,1249.60913086
4271,1192.75939941
4272,1195.39221191
4273,1163.58288574
4274,1269.51159668
4275,1175.39099121
4276,1299.3515625
4277,1273.77941895
4278,1276.9050293
4279,1309.25952148
4280,1241.67712402
4281,1361.31054688
4282,1191.96984863
4283,1308.60302734
4284,1309.45214844
4285,1314.26416016
4286,1319.4519043
4287,1339.50292969
4288,1234.57739258
4289,1346.52844238
4290,1251.49707031
4291,1327.76867676
4292,1347.32629395
4293,1140.8347168
4294,1218.68811035
4295,1235.64001465
4296,1290.16650391
4297,1251.08276367
4298,1213.01696777
4299,1135.49194336
4300,1339.50561523
4301,1281.22277832
4302,1332.4239502
4303,1188.92431641
4304,1232.0592041
4305,1252.40466309
4306,1237.55541992
4307,1317.32116699
4308,1331.07775879
4309,1239.88366699
4310,1312.0090332
4311,1268.51391602
4312,1339.68725586
4313,1228.94763184
4314,1179.00402832
4315,1254.48034668
4316,1296.91674805
4317,1245.70678711
4318,1299.19165039
4319,1296.01672363
4320,1250.55993652
4321,1294.68078613
4322,1351.92468262
4323,1258.21899414
4324,1289.33898926
4325,1178.27233887
4326,1330.09777832
4327,1259.35766602
4328,1148.96899414
4329,1496.21923828
4330,1343.99890137
