1.57549986207
3.44945419713
2.29770653528
0.593547743865
0.548173149895
2.9846460839
1.37679124284
1.27973621524
4.10334269348
2.38849151852
2.99840726625
2.99047703157
3.80262750897
2.51725814549
3.6875366328
3.31146129578
3.83622795057
4.24820223513
4.30770881428
4.54210796507
3.43392530571
8.01342108391
10.6237985979
6.37029028314
10.8240452625
8.50399519318
5.46527431511
6.63681391345
5.46503381832
13.9179165569
21.7502410777
0.640703616948
1.2930472069
4.01838729298
9.08124118169
7.11133266162
5.2054824156
5.46540660603
6.08255483131
9.67785745311
6.28102113233
8.65995629029
9.1579265218
7.33934279765
5.12682826714
3.93445209539
5.1277971884
5.61489708388
3.51931433795
6.18025689607
5.02841500842
4.40343942987
1.14712842665
2.03909369711
3.18152573997
1.49536305983
1.69959441124
2.53798697206
5.94703501408
6.08865440576
5.05897903408
3.46162577718
4.11352499487
4.1344909569
3.64184848514
3.01233070661
5.50437312827
3.62708787934
4.23946531204
3.92837847361
3.45192871031
3.24007984503
3.31861025983
3.47135125236
3.71754014979
3.86735105224
4.05078806968
3.5778749321
3.26071485228
2.89849295506
3.24228462997
2.3461605698
2.95919160069
2.29255943038
3.02260353102
2.5015363473
3.54487281343
2.04273343434
2.39698722885
2.24673910704
3.38284033558
3.11008959643
3.45892661923
3.97692236038
4.69726770132
7.18281443758
7.17041348819
7.37232962225
5.55253097637
5.71024494869
5.1470502929
5.80608373238
4.10094981026
6.73783910797
3.518678128
4.24605606991
6.11778593771
6.53986677447
3.90858776922
3.75584538805
4.48429774845
4.93411009599
5.48343549623
4.94333959486
4.66285369258
4.89657621782
3.6668345589
4.06774752397
5.27813235311
3.35697893339
5.25470156544
4.50584659565
4.25865147001
10.9547480875
3.54290352823
4.73062939908
5.25134737236
5.30903055994
5.82330097398
4.13418711975
2.55729751195
3.54057497019
3.63945625987
4.16433498793
5.84865306193
5.72400735218
6.00049968284
5.00594724085
8.04429165608
7.11958174042
10.9913476111
10.0429098754
18.6082347622
15.3332062015
9.94571074006
6.46542966424
4.02440283619
4.60467350667
4.4130607028
4.91193748363
4.3701569944
2.78094028126
3.02405996748
4.113218311
4.56182695902
5.00896651261
5.63989522515
7.61028209318
6.41009957937
6.54923534818
8.46678252853
5.78535645937
6.90387994637
5.41245076139
5.18036849566
5.80212523679
6.84117891737
4.63890772175
7.63533711664
7.41717583383
8.65270650826
8.4556346174
7.39469217568
8.58625385292
5.80024961378
7.4211299741
9.6902360794
4.44422587328
7.13085141639
7.38856378618
5.58476325156
10.4534772347
11.0225539398
8.59895975438
13.6199458654
5.86710653647
10.885994135
7.66602664622
8.79944969022
9.44422390478
8.34855382602
18.5713393958
16.9333178393
11.9749976135
12.9806931487
18.4484563972
15.7584225827
11.5718914934
11.166680555
10.6875469934
13.6876950054
11.6381091277
12.928029488
11.3752174514
19.9074827563
14.1198980506
15.7545997641
17.5071657236
29.9936139554
51.4043506463
51.9357875436
42.3248218059
45.7686210225
50.5419862369
53.7113624312
42.1465008229
27.7833865539
13.5473385587
14.2469801069
20.2020035737
18.4228025882
31.2354917471
16.8786856645
17.1459366497
17.3441777693
22.2480346895
25.7687168724
22.2925327216
39.256123464
26.290794505
24.2926182583
21.0096552884
25.986192809
23.3254209175
22.3870721042
18.5900394416
47.2445730123
8.42201195492
7.59246466561
6.993942788
6.17544853332
7.76718885113
6.152586805
6.48213856226
7.5276847633
5.2185397851
6.11803399914
5.4471541804
5.43147948124
3.81581438927
3.20576968845
4.6525026152
4.13460015785
2.88112578198
3.1641507637
2.82531867822
1.46530713863
1.76223398125
3.5494346588
1.2722588162
1.01459752261
0.669417026381
3.68881602735
0.708860427687
0.847346644628
0.915649800724
2.11864762846
6.82283454323
2.1397992425
1.40592473744
1.71503066838
2.22303946547
2.39558091233
2.91461551089
3.65333524016
4.55472712639
5.74318566432
4.56268754255
4.10806948045
4.21688825467
4.56658302111
2.61036810294
1.85816704929
5.6347194132
3.84799923836
4.13430730981
5.6133687393
3.98584421168
5.24523596575
6.07153359457
2.9742189254
3.82056896284
4.57041888156
2.41239525978
2.59243844392
2.72783988489
4.19824789778
3.35486479876
4.31766824571
4.35615684349
3.03339453288
1.55804272202
2.23316707967
2.93296812736
3.05299259646
2.28876530026
3.81866643559
2.90042081914
4.16373337689
4.3094068515
4.10127248034
2.67672069363
4.32842303299
3.93783451771
3.22010572956
3.66510346238
5.6323761103
5.35243087106
5.91293732277
5.08820097247
6.50693223517
3.91778489771
5.06821894533
4.25682083802
4.05638085725
3.93608374052
2.12722332444
1.14698745912
4.14836742787
3.7472925331
3.80819302048
3.47846905377
4.03326230119
1.95049430601
1.30193841013
2.01353913187
0.631187580374
3.66786103244
0.587518476186
1.67188637664
