1.77565873231
1.13027784923
1.91162986307
0.651453983252
1.00270496238
0.97818816784
0.663249518088
0.23812749814
3.13041019625
2.23157489841
1.89391997469
2.02913477992
3.49378867841
1.18608281848
1.12488902589
1.40367777394
2.53035999801
1.81362343992
1.37692313222
2.89446549188
2.36116234656
2.13168518524
3.1970779517
12.0189406885
4.03911446717
3.3973387644
10.107502015
14.4857242255
9.14317404233
8.93751432094
63.6708598821
14.3245461661
12.1851598036
7.15685620625
5.53633233961
1.82650273859
2.17402327621
2.49009078755
0.811534547425
0.727096183679
3.01952545775
4.09870909511
11.5370702061
4.76459203571
3.64562342451
1.77620258486
3.94024612652
7.15794340886
4.19392140633
7.03073273357
8.89849936611
9.31040550415
6.11633220072
5.34959779659
5.77089078851
5.60209059257
3.83548942458
1.75639868863
1.27934223729
1.76105458911
1.91015522754
2.53649690663
2.18671300613
0.98528316348
1.29582219616
1.62924192757
2.11204956794
1.82759078521
2.36385334474
3.33137850122
1.04152243889
0.923438231056
0.893038047562
0.946947946003
0.674312674394
0.856698795298
1.4973851429
0.715636793092
1.02220349133
0.128201028847
0.951157610179
1.66334760701
0.743987705573
1.28004818613
0.65677964394
1.77883755748
0.717151956763
0.562295385108
1.82562376078
4.29144380513
2.13205080209
2.585652544
2.26897872217
4.02191224623
6.17977580468
8.60396112721
8.11351742561
6.97757578504
7.35062980368
8.39768100187
7.92695687238
9.26832172172
7.0973358823
9.99693070658
7.16436661693
9.31267319136
7.79935634129
6.57491457139
5.16296587935
7.07204071852
6.4166416465
11.4736568013
8.33039097277
6.46919462197
6.69857550836
9.12138701605
7.99527627815
6.70699900607
4.0040645186
5.73380553128
2.43016308131
3.5238524052
2.46047930106
11.152133148
2.02386163573
1.52298771595
1.87816381579
1.9486258559
7.35279538347
2.38557667569
1.71096963138
2.2865290083
1.89471519758
1.51516854855
2.44327532342
1.10321575415
1.9163741504
2.30820655364
4.07506228011
2.67268957818
5.77296156786
3.45386691814
6.10143845778
4.81632756743
2.13833243755
1.59081623741
1.09292248198
1.52584119145
1.75892637486
1.79624688853
1.35452571964
2.03070154695
2.76871430278
3.11457380198
3.15120716261
2.90527763442
2.08379990557
4.10193589937
2.2530328799
1.09848833202
2.51564333682
2.12391168605
2.20950479026
2.41803699601
4.1510588889
3.68380524275
3.32183129989
2.21655889039
2.81644489472
3.73094851175
5.55338230199
2.35186816181
2.25530976738
0.807559435579
1.05653110447
3.2540037182
1.7974969843
1.76557780279
1.02196457733
1.25945818172
1.28264713708
3.52608067779
3.93076720577
2.31650238883
2.59411776181
2.09515643456
2.15740669847
0.719902255786
1.04554910028
1.24192028841
2.0393181526
8.90229387253
10.0154845171
4.84708871971
3.84171032818
5.17039156529
3.96966264793
2.74021258754
1.92028795784
1.57763002806
1.45337445019
0.324417411996
0.987739634671
1.44466992911
0.712382248949
2.66236206103
3.17835437155
2.78830464631
5.13704787973
8.33367340348
14.8081738225
3.10127896495
9.62629270169
8.83367955587
20.5175289944
6.48049748725
7.29546323131
2.76019376609
1.30548883061
0.720926485068
1.78399554546
4.80195413482
2.87377069872
1.75468079738
1.11275103718
1.41547348498
3.03933114195
0.830401491922
6.6083991784
2.3284417913
3.88380329835
2.00948773151
3.43725136072
2.20830706757
1.08701092327
1.24785735277
8.98924998041
0.605978433874
1.1114545624
0.678599473697
1.12548848452
1.42373927245
1.48670884699
1.65589754407
2.42167970267
1.71373455861
1.14129576081
1.62253328667
2.45819730278
0.896409996437
0.706749581242
3.61744410773
1.45113217004
3.69695510154
2.36702684381
2.95750053646
0.895953436145
2.95102091765
2.97612819749
2.47854229499
2.15834447056
2.59800408809
1.48592213701
1.38380691685
1.68386849236
1.82132045689
2.33936007833
5.60503972853
3.13356300915
2.60462963352
2.61823956467
3.59311697045
4.27475957609
4.9049080565
5.72270105572
5.06600310001
5.18926821946
5.11397876358
5.08672686672
6.00698173781
5.37964297648
7.76351051972
6.09507979357
7.61754648041
9.22425438237
8.75861316552
8.23683757464
9.28797581511
8.90205658454
7.56766157924
9.1471594686
9.16642491698
7.01960401242
4.32139997515
2.89460447528
0.899705816707
4.16794184673
2.40971836547
1.791445348
1.83607745923
1.64590657976
1.28074874723
2.00447643305
1.24359838714
3.40610974862
1.98417172857
1.36183495285
2.25098503211
2.77255529539
1.41387804997
0.69683868075
1.37116888705
0.986202363171
0.960099878371
0.364368418426
1.21731180029
4.29785557688
4.1942407942
5.45340165506
3.82211298744
5.20698614262
1.20147667883
2.44723137654
3.73391364274
2.49177594398
1.58605217354
2.77621663235
3.99875430705
4.76064953539
1.50362692752
1.79851840597
1.46634934107
2.11938685587
2.57697361123
1.61497689688
2.34132656752
0.284255532413
3.11349993147
0.994857116429
2.97863696473
