3.73723405068
4.22839848926
2.62962075866
3.50085944729
2.03325905467
17.8153518413
10.2804266519
5.37668384651
2.88657881369
1.68410981021
2.66810768207
4.34700219451
3.32456098757
8.72358488533
7.27928666197
2.54068547196
2.12233081497
1.27775993209
1.92700475618
1.62413772832
7.121488082
1.74867229373
2.81258581572
2.77711872499
10.1772378962
4.30512671973
9.84129392741
5.59682857842
2.93009607118
7.81242609677
2.55774898686
2.65284060852
2.24370248625
1.70150242809
3.0678343904
8.47805597275
2.39000661302
9.6978170514
2.87599042756
0.382380369247
4.11751605501
1.23426896194
1.06399509333
9.51239129384
4.18419821614
5.72498779417
0.572433542091
3.53125301383
5.48901718989
3.68979237665
4.53310634153
2.1554029083
2.57720984524
11.5069239943
3.51528564677
4.90874494438
5.89697021545
4.55333127203
3.00299393702
9.03015254324
0.275865767108
8.29171277403
10.2356684934
8.83944275546
3.37515992662
3.21745119495
3.41555911735
1.94799737696
0.847177297101
1.13058075155
1.7023061822
3.50734132251
7.98988535372
12.4466030595
2.55844925177
19.1622779536
0.801870329316
1.90036104552
2.10491020927
4.24167761036
9.84131853099
2.75126105823
2.54877418675
3.11119576102
4.51055417705
1.7697257697
3.30150447718
0.667939803233
5.54969825174
2.9915725548
2.65759854902
1.69051737938
4.6953123126
6.56991958071
4.30095968788
2.32116279263
4.82298272174
2.71447631713
4.43740175351
3.15444052843
2.69457802492
6.55562394325
1.93021258554
2.53934869713
15.9265390919
2.9795023669
1.51980873465
3.13847360946
3.84430399612
0.752893145931
4.12434920261
0.557510797679
2.68760211221
1.86480354918
1.59169181243
4.2544896054
2.80378137014
1.69084715107
26.7329034859
4.26329476719
1.91258038413
3.22274095367
2.48013760973
1.73935964029
3.53396964389
4.27833986978
13.5854872534
9.27091578609
4.82963720443
6.82908155569
1.9317600626
1.85613518881
4.18249225736
8.23148119267
1.00208657795
2.23292068998
1.63423284276
16.1088497217
2.03788620463
4.24720812239
3.79872452695
2.41567361206
3.79943517334
0.174969331653
2.92468584072
4.1064095911
8.32143034415
19.8282467954
2.31200189754
1.27054778293
2.30062072028
3.19885612694
3.28981801167
4.45724700824
1.19771641187
3.3346542001
5.74613369668
3.98528662657
2.27184776328
11.5918100468
7.13385053401
22.0347134995
1.60114510892
8.0079529295
11.0273496659
3.12747118872
9.23559482063
2.36938245884
4.89488892487
4.04383215973
3.43599612869
3.22568098748
2.50675207841
2.39158226347
4.94702983111
1.37115219062
4.99451665298
2.56372985614
4.18561357299
3.31379821049
5.45951930943
2.8732425737
1.46744148503
5.64840618727
3.13268517902
1.45106769044
3.51846521348
1.68825917514
2.01506441308
20.2842762167
2.80274518225
11.3485369525
1.9520031551
1.61812352905
10.4654037546
15.7581196081
2.43898579884
5.39729537887
0.887097942613
5.37722877291
3.33096510596
5.13679466187
7.93253437726
5.6624020273
3.15714473396
9.74619525062
2.24538755784
4.99313055388
8.72500653951
2.921857995
7.67532746337
1.63619020467
6.22922732844
2.30338296876
13.0272180826
5.19100151604
3.0657098797
5.89927457554
0.698612567616
18.1500903362
2.16568520811
0.829198149643
2.57389540248
4.18564282704
5.84112947323
1.20242272234
4.88125148885
16.7435968786
0.917356904925
3.43501199777
58.0429553673
2.12260343174
7.01211086522
4.31074595413
3.48124712123
2.94365683565
0.10495713082
2.21192905128
2.62686284752
9.15006580603
6.2320156219
1.58000772664
8.0769317745
3.90493033411
3.77188952865
5.33153259462
2.84368758367
2.78165402278
1.36490458001
3.19022870604
3.17452728816
5.97323840377
1.86564102663
1.88290809389
6.36754401678
0.912905249863
1.37219707261
3.23173133051
21.0204050343
2.64551454416
1.36644308501
4.5435168679
1.95186989436
0.913203751493
3.11785678041
1.75547670489
15.9719824563
4.58997518549
3.56052634309
1.45641273251
2.38624582656
1.95131835344
3.22229518447
9.1939613704
4.52810205628
3.87250117429
2.04134738141
4.75133107461
1.85251032636
4.23309050597
4.24658550686
2.1693597327
3.38326783749
3.86426278245
14.9131400692
3.4293197719
1.82226185385
4.81031856063
4.09969155663
16.9734865056
3.00802271269
1.14064508441
5.63336369357
1.18687018979
17.1562276999
1.26355281757
2.82520154379
3.69660261553
2.08651275906
1.86877092224
3.49965680435
12.5380785774
4.27594474043
11.5406716831
1.62810105517
6.93167935485
2.39636918614
5.01539524636
6.74692344261
2.53258961562
0.417851344868
6.9378802281
3.93866367059
3.59145503186
8.36381222849
5.87288545502
9.94630008085
6.30853959366
2.04385374625
1.42165297991
5.16235986494
3.83252584381
1.48430857198
4.8709058368
5.71735518778
4.13690721517
26.800470198
5.87992745965
1.65520416335
14.10466643
4.1717435031
8.09679469718
2.96060524626
6.34156842525
2.15951784647
2.58026156205
1.15200214907
19.3599247519
3.78654575467
3.84535469376
