4.42241893187
19.5889991507
0.685455977486
2.76928380053
3.80990241269
6.61934103444
9.08753065702
3.35651107357
11.0409796983
8.78820832438
2.54022142339
130.21215923
5.18676869822
20.8797597379
5.91834229261
8.14970857561
6.61764701367
12.5616625568
16.226622767
10.3939301651
35.6801190695
91.0089618432
1.6571196794
4.75837533264
18.6628883813
3.52820584966
8.92318831803
16.6826717519
4.75678267129
15.955436436
6.42865265128
4.44158182374
1.22239498529
10.0107247456
7.54278768306
39.9853500495
6.79161985114
24.5063681865
38.659142168
3.74440328191
4.19183251303
8.16416224973
6.50321915505
4.97912215393
44.7557856726
14.1238250668
30.6830212062
28.1813429364
9.27128402829
5.63433176849
30.0882145005
7.45401557751
8.04898415723
6.82809958651
57.130377792
4.61254029485
6.87808379281
9.00674091737
14.9919688889
10.6742748694
6.85824646599
13.8872489743
2.20561319839
8.28339584694
7.60664015535
7.42521343116
14.5308423108
12.7062088613
3.47847300551
7.73419916894
3.40329565242
14.2475187932
13.696739805
6.78162737507
37.6968462935
6.41715148172
55.1984116888
11.7722751356
4.37754298908
6.94418034161
8.23569094042
10.7206685751
2.47790253649
7.73924364266
5.51154622592
5.22928731193
6.30071448075
23.2123502875
10.6730733083
12.2996596605
14.9876476157
9.15175248979
7.87870996253
4.32938729031
16.3795153862
2.39269158343
2.65459164868
2.6196721127
13.5033150941
7.47657247971
9.75088427281
6.58107450822
0.841771579873
4.59299754382
3.21258011884
8.19135105136
7.04482490456
70.4402161641
8.98677127464
6.43658985013
7.42275138048
11.6082981904
11.5911316763
16.9172141668
60.0042332908
28.0001921635
9.40126778892
7.26820824014
6.69438495291
55.2556175628
21.2317547467
9.68581410522
11.8647263558
4.33853962506
7.63062304755
19.0510221607
7.10391768628
57.2700555927
6.91969033704
7.41563270548
10.6588854493
4.45060073458
35.0965611023
13.0807507515
12.9114597465
17.169425603
162.602846988
5.87886741964
7.558984449
4.33963602395
4.11572669381
6.34872475369
3.85503526322
2.33336050503
7.25700214524
1.29065745377
2.82322916393
14.3107666466
7.34362968334
166.302630063
10.0773793262
18.3657451623
14.4688548551
4.65488572783
5.18569509002
6.00870555579
7.44393897574
12.4369737683
111.582007383
5.80850654991
9.22065438006
3.21622276447
23.6469091652
33.6553071464
11.9076051075
17.2281284794
1.22949550358
10.1505084488
8.78548217053
36.910755901
8.825265815
7.39370175245
18.6223593347
4.22687741819
7.2141229983
9.31322953104
7.26777922356
4.83877309184
43.1728495597
8.88642412769
6.01767867816
8.50280948913
10.8236031144
7.58390477581
2.3624411999
15.0340832259
141.106311953
10.4951683074
5.67720434382
4.23482591556
45.1084861345
7.01085455972
11.1071361243
21.561998016
15.7586530708
27.5724737872
7.73196599511
10.6424624548
8.23161947796
14.3006815443
11.2060743626
5.67000657093
2.3042160006
4.69044128368
5.07896667369
13.318803192
6.07753032152
12.6923577296
18.3458125962
4.4574394676
3.78105065518
33.2381539585
45.3068169892
6.76307996404
4.3260984025
53.5286326745
6.72074060901
7.61867309136
32.9579013799
5.0553655606
9.71194658353
3.1452857512
2.22140962541
70.1130089601
21.4268718256
32.6441411342
8.48117164329
13.2991771785
4.81117632049
11.0890562764
8.84451065663
6.48553965691
9.22824618901
7.01270297699
9.72522195406
40.9521075306
4.34594640247
9.26662215102
9.36574622176
146.960681814
3.97251403766
24.4106132353
6.2831431137
31.2536391511
16.250674293
6.57208667022
6.21488252598
6.09069679229
17.0268604593
16.8868793821
7.71106858958
46.9562125112
3.45818043896
4.69739500144
12.421818983
4.94371248454
0.280309650756
42.7335795682
8.1686614222
18.8655957692
8.50701852365
7.24421197576
7.80163112069
3.64261121163
6.34124573924
63.6088672236
20.240673582
4.41662874908
38.6384057516
4.68084124863
3.35741032468
11.7752765965
20.8983270723
92.7908617602
13.3978220773
5.59008556201
3.05640695824
6.73892180328
5.80389116484
12.6896656432
9.5275239878
5.60603439038
8.43549314462
8.72290456268
12.244327965
42.5223981923
3.87740030541
9.74317417353
8.57232358981
13.6216261225
12.1742179072
3.55431434899
32.8973019702
8.85318649374
9.84831012274
20.2131829766
4.09851112856
11.2706637387
6.14994744622
8.37383035672
4.78188650166
5.48335430513
9.8367868208
10.0177758236
9.62794880303
18.205937065
11.0528925217
16.1814523664
5.20463552702
1.21261466281
4.82750947786
15.8858701893
5.53391618699
11.8100832947
5.65926448457
38.3812726642
2.56923595477
10.8064722118
8.99618513448
14.5760815806
16.0297998346
5.05445880563
4.16954491001
15.43450864
5.39161073193
11.2896314561
6.19861829482
13.3406843394
8.02334005844
4.04863864629
4.64867912884
7.39809901061
13.7079156731
4.26474165624
3.16851235586
2.22183331219
23.7477222574
2.98994618207
6.5988296452
3.02048434088
89.743360403
10.2351206906
11.8623595572
19.6635916556
5.15707900964
14.3555308693
42.5572478162
7.10722468208
50.90894946
25.4801666869
7.91268394624
7.7765881476
24.0412498318
18.4304422422
15.8353231758
5.71644448918
12.972704862
42.478680019
12.0333212245
3.69826578954
7.36729085405
30.9093201539
11.4256900324
8.74215563454
4.93226293853
16.3325287332
3.92557223007
14.0995501064
2.71915732582
3.95047047572
24.6276592377
88.2936880994
8.41826945146
13.8890316467
20.9407687706
2.45526584724
4.44655133099
4.30646210077
47.3364346975
9.67505556935
4.27885066957
4.60252810274
5.67384018251
12.4338248986
5.59984401952
3.42540174794
7.05138381338
7.72707450498
4.90305252656
5.77283662567
7.97060159118
4.36151374921
19.2073506351
3.20074829315
74.8380472991
8.55061977853
12.2655335646
8.53817774419
13.5708428741
20.6755450508
7.65622667846
4.55239663885
5.91706189832
30.1890965664
12.4027754641
7.25771999389
3.62715730746
4.53951749088
10.1653350523
21.7471285142
11.0856011329
46.6310280368
9.38147832519
5.65885945143
10.7548937392
3.68098030154
9.77862866371
6.44092824495
1.69850783821
11.6234255192
4.79022148303
171.975926005
10.2373830547
1.61173644755
7.25569401583
37.2873487602
9.01807199402
24.9427165964
14.9429247283
7.35974281921
10.1538469023
27.4147841161
9.40034469389
10.3392641896
5.49071079516
7.72739676312
161.135860947
4.41009817294
6.05544610569
4.76365019458
12.3732097121
35.4457688651
23.2454805786
7.07825700556
19.1377909982
2.11518819904
6.63594593265
9.31207188665
8.02272506492
70.6815851408
14.2263829011
17.1458965618
4.96185770972
5.29192034876
9.33295044727
22.3517136379
7.42696859071
14.0859306151
3.68283623179
19.1944093325
3.72265057235
12.5398438855
1.83448442406
6.16338529675
11.6418272309
4.01049194937
2.35508171193
16.1067384477
93.4581108669
9.51293275218
14.761148802
9.29841427145
6.45318149191
97.692719497
3.42674893666
12.1307723104
12.5953779734
5.15954488413
15.2453848202
6.2180354728
7.59851790908
15.324112722
14.1104038125
6.2415818028
6.30472686001
7.01595211817
11.4647043071
141.884687808
12.9753563583
18.0936028061
69.1256058263
4.19719968994
32.7266279695
45.3355893024
11.3183091198
7.00967470406
5.66218496876
62.7988508718
3.24575977666
18.1298652121
4.69755322906
78.4047921685
6.96417566207
40.3267820005
11.617587687
5.99419419602
6.96806619842
24.055573405
60.2861975725
7.14118370582
8.92903407006
7.75697699816
2.82872589097
7.31244006281
12.0606065668
4.51894296458
17.6822894788
7.548889613
31.1476415939
12.9093018826
3.10183877706
41.8364117034
11.7368853956
18.6151643906
7.22955687465
3.87730808511
14.2143990397
