1.31298964273
2.18898896985
2.40782009995
1.31947387628
1.43309065847
5.56753095999
5.08390241851
3.58213242689
2.64004757987
0.289426690314
2.55789926537
3.55853598869
1.44938913733
4.82772117756
8.78902204081
0.529736692628
0.634169405266
0.232901769054
1.09423884076
2.0605824062
4.29908476068
1.04296100857
4.00955163061
0.907768651508
4.57887861847
1.85514611398
3.21460660892
2.7907874248
1.55151581017
2.89868428894
2.45947542827
2.67607374996
1.14346544528
0.393425344464
0.483061326372
3.38258879475
4.21414554998
3.1150680642
3.07446100434
0.945129540785
4.86528648183
1.7434989342
0.572284310327
6.8166927221
4.96201515622
0.51400975707
1.14826055145
1.01861992346
2.28992302488
1.61188332807
1.65742393346
1.61777247782
1.71458697718
3.06980295761
4.17352430345
3.77832915508
3.44303831912
3.31527462495
1.57502714329
4.35157505197
1.27857530648
3.34750797208
4.21073649952
5.74653234202
1.88992565235
2.5260446553
1.36099224587
1.97897540555
1.79944804639
1.45559802563
0.954082662529
1.86990653597
3.89587522888
22.7719661861
4.87342144184
5.76898497872
3.46891148841
2.9130317929
1.75056758457
1.73324376789
6.17310633707
4.06902878432
1.40107605851
1.36557377994
4.83870271739
0.460695560556
2.94401573211
0.72047620326
4.68566114656
1.80142096412
1.97742761621
2.51024434451
4.2110073537
5.53642525908
2.99291083449
2.21680283051
3.80429603111
5.04518012908
3.70120518488
4.2110375847
1.88507516505
6.53234665216
0.733603123825
3.05899511632
9.13573002553
1.27852470341
0.91988087894
1.68199049229
5.87650324669
3.70818753183
4.58777594
2.30234206207
2.42985141244
3.38379221952
0.811583135893
2.68792650322
2.41440834458
3.96288844255
7.58203389554
3.83922872171
1.38656632723
5.53767347728
2.33368643684
0.766990688367
0.986121567373
6.66929645045
10.9141975382
7.70496056411
1.94864901012
3.82317272818
1.19292982394
0.639842296268
4.20889760966
5.00895215036
0.561842205152
0.964808821725
0.544246839075
6.73368865255
11.0345933903
6.59007481572
6.61336785913
2.27419622919
2.08954608446
1.36327604891
1.66725635651
2.84859444048
3.91840969536
4.81134651295
3.55804318431
1.25892565314
2.23449458498
3.24644669749
2.24429702815
2.62597305317
0.199368430154
0.522809880772
3.6262493275
3.25872367157
0.2963472451
6.52697608684
3.99857328359
8.48373904406
2.73947005085
3.37428486855
5.1023400171
0.968125734704
5.02065447834
2.52593492492
1.39430361381
5.7798929915
0.639242314837
1.51967674119
0.358936525422
2.24621010812
5.49156682325
1.6102515997
3.39739270778
3.06358091315
2.49649135277
3.75920949449
2.70676091143
4.4025736793
2.81980910436
6.8738877557
0.751760262945
1.58049189988
11.4288475897
2.05154670828
1.47146812605
13.9804335827
1.40131799651
11.6991364838
0.786061096255
1.02547221769
4.47311624317
5.78611691766
2.62457524516
4.2727713545
2.11200964305
4.30376019868
2.10876855274
6.00776226856
3.49221424922
3.50310299943
0.729396703845
5.51623897992
1.48259869537
2.88432140414
5.15775701516
3.38219425547
3.20568840358
0.948766389709
2.96762941617
3.52570635667
9.65708489447
2.6884099574
2.21355658941
2.45958451131
0.967715728557
11.8634871016
1.60896175116
0.769884499914
0.961112403044
2.26098297566
4.17596348524
3.36682853518
4.60142945731
12.0442847556
0.171506327777
7.90040576037
86.6972383204
1.6993888868
1.58369822334
1.53243057177
2.79359994455
1.63176029813
0.51166595012
1.66903153786
2.59227262536
6.12289181733
2.44193564707
0.870403251248
6.28730565317
6.06493223964
2.3143027615
3.47480214946
2.03716597296
1.79803783636
0.716766274469
2.48726939101
0.541987652572
1.99303220343
1.37718162016
5.45796564243
3.08989013326
0.708720755372
3.24516362885
0.643798907571
19.7153482514
1.6788351268
8.12418459543
3.54745225864
1.33093810285
0.27450560853
2.93969294426
0.331362481269
16.4029161223
2.8534362024
2.41016847943
1.52488077242
2.40624397154
0.9449668111
2.44775127445
3.1989877233
1.45049110127
2.44910888653
4.08856650587
3.07678406754
0.584403324786
3.3190198449
2.57532603763
2.38685241209
1.40348884405
1.32315754025
16.5740717046
1.34125005132
0.92614709964
1.38952491481
1.17126239452
7.14869289552
0.655125081287
0.551871028273
5.77403099191
2.13848691844
16.7013315283
1.98743087708
2.12611145648
3.08245555083
3.23278727306
2.70143786371
2.89980779391
5.69536729857
6.60919382212
3.92856775218
1.64508878055
5.26193581202
3.29553791433
1.42352234552
6.79012409911
1.44276343085
2.22343698553
4.22334370667
7.55884473152
3.26851188378
6.33794231335
3.5817275358
4.49584613377
4.63037417741
1.10344664179
0.063682244943
4.21191399671
7.69284437022
11.4058749396
3.05389365044
3.33102904355
1.8421848145
10.6184783737
5.10108307299
0.979057922379
5.39800117121
2.32504094772
4.45954646968
2.96090044118
5.26828205297
1.88352090609
1.94073258768
2.55769734243
11.3244221934
4.04479501659
4.44188661752
