9.83663708331
3.79347966017
7.41889404223
10.0749573888
15.3292896089
5.57321516073
6.33917360975
15.1509437596
11.5685050556
7.69419255209
17.4056942127
2.63929964836
6.21956561963
2.63849152945
7.8705883059
2.74579805935
14.370138541
14.4411733116
9.18497472551
5.07075171274
6.99079060357
11.4650970618
12.6854038785
7.55645016597
9.76466999563
7.25248504812
6.77926309278
13.2634591803
5.15728597386
10.7260464623
3.94000696959
10.9979211545
8.21374397947
13.4373350493
4.99027478616
21.5969040859
7.91284584495
3.31828110128
2.52978891139
18.0365962305
7.58167916123
8.7208282532
14.0695392198
6.19909802314
5.14314296594
11.9264120037
17.7757181955
7.04199683802
19.7120521442
7.33711114059
2.94150596936
4.55784959586
0.411327801296
5.02483157311
9.64789952972
7.30313686108
8.54499463125
5.2631351236
17.9691187721
5.32577161117
12.1500520746
2.25487098512
14.4778617951
3.32076524447
10.026349282
5.81465869266
6.94682882296
4.27109070893
5.4889585864
4.79718879934
12.9777027587
5.30354385913
5.78827065263
6.90939267385
13.9128104863
3.01779361416
19.050140112
5.15020767992
8.38042010145
6.56345103417
4.7958148545
5.51923191026
18.3948406647
17.4506099568
5.00479359049
12.2566808914
4.18575981108
4.18535764983
10.4959143821
2.40793996066
5.20662689299
12.3873076124
10.0138233294
9.13791566286
15.0440671818
8.93365661037
5.9944631218
10.3231096401
20.2925764508
17.950190822
5.54281640492
9.53743481875
5.83390683418
14.7505486274
15.5694110849
3.5161604496
4.84249737446
16.6209055276
4.71503654713
9.57794725036
2.67172994547
2.20107120409
15.003904905
3.31496154635
3.17653122475
6.61487469285
4.48475866366
7.31838312454
3.00889989831
15.7046653119
8.44209512124
6.31068178348
8.41193890196
8.150555555
4.54976093995
6.49691911623
9.12190830018
5.68911476593
11.1463257207
4.24551907018
11.2481190235
4.16799732688
18.1305426357
3.72969747187
4.2315107536
2.12576334918
4.49912074209
8.72887038728
18.9388955993
10.419873486
2.87102138706
6.39892156899
5.51552127976
5.38463839148
14.7930222799
7.04743079945
5.96927807228
9.3041360317
10.2554741238
8.17503748588
5.74374648645
13.1785337786
6.01616864586
3.51970661097
4.62965508869
13.0116421813
10.4225158841
18.5010411413
9.38927401889
21.0571016135
5.24550832336
12.2297693387
12.7857818713
10.7065456211
6.22138647217
2.43646986963
9.71757850062
5.28778866845
9.23235708657
7.06646545996
4.02447343872
18.8827540098
8.65178139723
9.8697836736
6.05579393553
20.2243885707
3.09426113202
4.66500457698
7.48806038845
6.60957620947
40.3295720223
3.37234310704
5.6335705269
4.73666849652
9.7015039696
1.84061049765
20.8578725867
8.7036452259
8.94753393016
1.4845745312
7.07653156818
8.24071801627
11.771386004
2.86806338992
4.75944656917
2.25963175853
16.3853037227
3.4485342054
2.87428446752
26.6504746859
1.72189308811
10.7726651876
10.347625938
2.42298519165
6.06558791617
6.47175058392
4.61785335054
8.84822987395
3.76964821008
2.68299730536
14.7464955033
6.93193603316
14.9425370325
4.21876596724
6.97113458881
4.56469691695
18.7537789933
8.55238377015
12.3012377907
3.79672360769
8.32476617485
10.7130811243
6.36189047917
4.78984954072
5.08026437462
6.05098613049
1.21775241951
3.46184742416
9.63291564899
3.84634906184
8.06925348896
2.31071449808
7.57631844077
3.61413161204
9.77064105198
6.11754016047
8.8037585785
4.63391120258
2.9345569629
5.7895059213
6.30386413577
10.723324392
12.1739036355
5.01777428659
19.9371546474
5.34400735587
5.18030074685
11.4717247557
3.60121250258
6.1285624222
12.1939068023
10.1820288708
12.9885929676
7.25748113466
12.6545606467
6.21328906361
4.57449564159
13.9840890947
8.28387812089
12.5247728162
4.32246924854
5.62162344408
5.0382119918
7.06296159781
6.2499202868
8.60346560092
4.08795275781
6.88001873442
10.8134862968
18.239569727
6.65980227084
6.37016635102
1.18373980666
19.3627782396
9.91053892379
8.22092761669
8.97692578302
6.79522561316
5.58433878065
3.17777515218
12.3090909944
4.4635298301
8.228821376
29.2511101686
9.21028350487
12.8097868091
3.69254533439
6.25194599943
3.68898443359
3.40834422763
9.67450420042
3.5140741559
1.46392867999
16.683114183
5.41443178007
4.81349682964
10.0030117219
18.6280343528
5.30515966413
2.38587198821
5.43147509
4.16885926061
8.60386398872
6.35304855062
7.55305212226
10.4490428027
2.03189730684
28.8839135556
5.64376956282
4.37316033916
2.73834535883
6.22111976073
4.52140050819
7.90118591063
6.31294344911
7.93729721804
5.58026972244
3.05779858555
9.40954271438
6.07821740914
25.0142520679
6.46310972022
9.90603836747
12.0885319795
9.66526493897
25.1615711748
4.22461753148
3.83983916453
3.25862987818
6.32243962368
6.10034207024
10.8829108427
9.81314280502
12.4586770571
8.33835718824
16.6549716458
11.4911244265
9.09735235613
2.05036158848
10.3144309331
7.19803280562
5.22760915225
6.84696531339
9.32865083407
3.3840014337
2.21132521342
4.65447796196
15.8470234894
2.88271780267
16.5965496657
16.8063968331
7.3613894577
10.4072943084
2.51607182214
14.2939100148
6.66776269186
4.69439940657
9.42137353098
4.80067907075
11.5625005529
3.60242569616
7.39832859417
1.7823993404
6.61622089699
4.82508125934
3.44432784883
4.57710069949
3.36763177559
3.08509378259
4.12727583089
6.88361389688
4.18884093058
16.9631188381
1.37391920158
5.2686212329
11.8659877621
9.19441059847
4.09117066195
4.41256803928
6.57366636889
6.84908328039
9.72272255013
4.64328389426
8.36667970224
13.8089205441
5.39397143729
7.36345095417
2.17910111461
5.06875393672
6.06867417498
9.62226536486
8.74345311954
3.43246720976
4.91813465521
2.97311336213
2.9013393925
3.8344301363
2.50890065842
6.25686512238
5.46278561333
4.32560271911
26.4015516831
6.17382475152
3.20967695144
4.24677471316
2.23186527227
10.439213695
5.59570367158
7.889382406
7.05521700291
4.11639186309
0.497881556636
10.8357487047
14.1937840494
8.92519700399
4.61528714724
9.05308579941
14.986090565
12.2990427244
8.06037909655
7.40689196842
13.1086410774
10.7610893826
10.4949310234
3.21050504789
8.94744466268
10.1686308253
2.82488912466
18.7043180702
18.6999945629
9.65692662356
6.02278215642
7.86596957988
8.31030030508
6.74424896325
3.8408539866
6.65638253397
12.6892267617
7.81190198449
5.49723356658
12.4034842822
5.87962475326
12.9819829712
4.66723477168
3.8815969035
3.8282617844
4.52818401304
3.95610742766
11.8688317766
3.57317380716
4.06963455688
15.8282203666
10.662162886
4.08362521283
3.55853359771
9.23502985479
13.9597547266
6.5628863733
5.39422916216
12.5109022613
3.14575029328
10.015094079
12.6708840833
3.71431484933
5.16832683704
4.79279305969
10.4981819737
6.19785231719
3.84267231772
6.44594616857
5.80078493266
5.15234917244
19.057983555
11.7918959755
17.3030968448
1.97724287772
2.31310947727
9.79239977748
10.5396113339
13.4599145264
4.95731244965
3.94785067962
9.73060963573
4.54882725249
12.3790509494
6.60312089771
7.37122325299
10.723732519
4.65610761211
3.00977524308
7.84474987368
11.5939680439
5.4603718888
5.60768128638
8.86171490572
1.57589341287
6.63417229663
2.13901926943
5.85353759238
5.80018064257
4.23619640097
2.9077939234
3.65746010955
5.55744918679
9.70537341742
6.7538167026
13.0666146227
2.76707735561
3.78150765983
6.5659672356
19.2195545088
15.4065391663
8.26492345927
9.13120899151
9.05876782735
13.0497904079
6.06272013038
18.4731210884
14.6891868041
8.07990326052
4.72489617918
5.25118218382
5.96020931357
6.53544138713
6.03734983937
5.15316624717
6.38081320962
10.0088557794
9.28303390229
5.34685170996
19.0582356454
18.5205536751
8.21257363757
6.54486275324
18.7369512832
16.5226854694
22.980127633
2.75858685286
3.28173337076
11.2083482705
4.57923626598
5.13603224917
14.2796939263
7.28039006334
6.63878806251
10.8129531749
18.6370240098
7.03693704599
8.43166821605
2.18658636451
2.76309875201
8.68054916189
14.5074647984
11.4171271098
4.64872214268
5.01339368696
4.33265126035
8.18807356615
14.9826691347
14.4962829095
4.53118705716
3.64804570056
5.63516759571
4.45868108662
16.0306612848
6.82377295783
7.77985409699
3.4556006262
4.06331253191
16.2649949357
10.9220961002
4.08044915231
5.61211535139
11.3979441148
4.74543049596
10.4118462603
7.93181085172
2.85720365566
3.06515680217
12.52995114
2.60521675282
9.65709310373
6.80487944911
7.95802255866
3.53192218261
1.53339657096
4.35984493147
3.89122225109
3.13689314204
10.6711429411
9.05050028835
5.74335309619
3.447095848
4.27795317412
7.78925459597
15.7000301131
6.47212599835
3.27304184981
25.1644499474
18.6041525459
7.72059265329
3.31065358026
11.1865188278
16.3562665568
20.882839761
5.46523470947
17.5237187566
2.68869679828
14.035885084
29.7710138232
0.869731194013
10.507906489
3.42322972896
7.98495973983
3.71324855298
3.2356892952
3.77298766613
4.04233859116
4.55705507955
5.61546956785
6.25351085885
8.95460864186
14.6599283242
4.10498042086
4.21949735541
4.2758944139
14.1945286001
5.5620021359
9.13457242032
6.43486270857
21.6909283179
12.7057665357
7.70461816372
7.33532223621
3.91048385793
3.27742151235
5.77666398534
11.1814847776
4.82588227876
18.2353297248
10.3083167585
8.36189327724
9.0109626129
9.39868943114
5.69883584072
3.20055834254
2.04301075108
5.33702495922
9.68380820888
13.9857504897
6.09435860407
5.76797549752
6.28828577558
2.80108794455
8.6131191998
4.13881031838
3.65383487358
4.29263874716
6.16169216728
12.8675258724
6.23607511842
16.0052382339
2.85754766651
14.8455081352
2.02817836306
10.1210280442
15.5933059865
18.680239606
6.37134002521
11.3517714128
11.8597285528
8.66394979845
4.57627615435
10.9408538042
2.79745974921
3.45153586717
2.43625614427
17.3575944957
1.20336407887
7.36941909838
4.12688027137
9.17340688374
8.63748553294
10.3512763443
2.4449182117
2.50683214686
13.4222188118
8.93117821252
6.92102853217
6.9135274381
7.71740574877
3.12956491073
8.57307954604
9.98821893485
5.09367094925
8.95422730061
14.8324489096
13.6456020147
10.4020831912
20.9574110823
5.32314152317
9.25387916266
9.35291434259
17.7722372338
11.5326171196
12.2980932222
5.66343949883
14.3901214871
5.46275702803
11.668702099
6.9999659657
3.0207514032
16.0396684361
9.08835539294
4.75409572659
8.92502700955
3.38735246653
4.93730355695
10.5688271288
11.7599871006
4.53424352688
5.35631223433
6.51665298417
6.7989864607
18.7268039688
4.21581858133
9.19435351127
21.2253782435
5.49866842587
4.96131727704
10.1211962013
8.70254497991
4.00109457196
3.88596000176
10.1161236377
15.0914491478
6.18428912911
9.18851216856
16.4166771254
18.0807771422
1.88076658965
4.20654695411
14.9932803364
0.790274309135
6.56306881231
3.51452773266
3.13147627803
3.6361537063
6.66811640973
12.3902323734
5.19350491656
3.29236397943
3.18862362218
1.89204935255
0.891130040279
3.16967256936
5.67235319416
4.82089028423
18.7965406781
14.4441563125
9.34885425044
13.6579139032
10.4968965123
5.84242078478
2.73602633609
7.21460131469
7.42691332198
6.21037662192
6.34289555774
9.44972096905
2.61708874474
1.48653207691
7.84140595128
2.79177092324
18.8479277574
9.6599803707
3.6281382731
9.93900733916
4.43265960067
4.01039417561
12.8443312713
7.41426507745
4.78617993495
10.5409389101
7.41353428654
8.1628716493
20.9537090552
6.15746827793
9.54053294725
18.8747712865
4.56642519528
9.08811082619
6.36567577273
5.50291626166
6.05484027784
12.073356815
4.94863283808
6.18341304513
3.09633876728
12.8705714834
18.9570802799
2.74735464906
4.55423216584
6.62910608856
15.4642790026
5.81731410496
11.0805129794
14.2354268215
10.6329013655
4.89407249708
5.53320804071
6.75538049268
1.94228811432
10.9843596512
9.89317747651
12.1018782804
6.40803235898
6.05366237899
3.59337430491
17.3254311391
5.3242466749
5.31139875284
6.81619758603
8.00962061543
11.6664777808
4.13040521064
4.9485035365
5.50494987492
2.92620494758
9.90582160374
5.70479426031
3.79911278778
1.71926040418
3.19405357973
5.56149457704
9.15305907872
6.12416984835
18.9842000559
4.62694521481
2.1340011603
21.2414644652
15.2053619428
18.1801905726
15.7951096795
4.80391576476
6.74465931905
5.60618123214
3.26351656852
3.52075241702
6.47875630035
5.30614689076
8.15737960898
10.3031632215
6.61864193552
12.5965158214
3.18225852238
3.86989759365
3.32584480003
5.34732581603
6.89476576512
5.33642823782
4.08703527535
7.5470197554
15.2956947419
9.78776784046
7.25079480703
8.00287738075
14.7225367741
9.75409333262
6.10387154231
6.36604713977
9.05587677208
13.9728208073
19.0529247726
16.6800868205
10.6150830565
6.18858995701
5.63447057842
4.66248141852
11.9488723046
18.5520920758
11.922080758
2.37903697203
4.61988995524
10.8434671763
7.06056365093
2.737449198
2.37455267245
11.1021538405
21.1121694954
5.25993747664
12.050914603
9.01423658658
9.22137707663
4.33930512355
13.6858585186
12.6725163584
3.80867966274
4.68060064516
14.1637625589
1.27671277445
7.7944303738
13.5091954174
12.0507903963
4.47791996606
8.98315312881
2.5275747139
15.520074607
12.8048740124
8.15292511905
17.3272243837
12.6544796257
2.48550580799
10.7363563585
5.80359443267
2.86717296245
10.7754333375
9.2020166397
13.7037383981
11.4409250235
4.0088908991
6.37265453041
3.67022955398
2.81242478709
19.2667620907
12.0604576276
5.38047373403
13.306395642
13.0320496698
13.5520738013
14.5901162344
14.0746848594
4.07320328613
2.59952961972
6.68480969206
2.46410350823
4.22181866399
3.31381078114
6.17248013171
3.39435512679
4.21107661953
6.3239268162
13.7999137544
2.88600340794
6.45015845148
18.2051054714
2.23409984654
4.15560941462
5.28762963961
4.92101329418
6.21502747473
2.91442890627
1.00714995722
12.0229173625
4.6566536752
9.28214670983
3.98476912265
10.4992803474
10.2846597882
2.16007280611
3.1567706614
13.8996864633
4.19999467308
15.3576055254
12.7908359795
2.84522207548
11.0801675032
2.98415345573
2.01160186312
4.12452600663
10.2335420636
4.21689996223
10.6305819526
9.82763937251
8.24874389904
6.6959709557
6.73702508813
8.28066363113
8.94187213436
15.2846679986
3.30221241991
2.15937204481
19.1979272585
8.08970595389
11.1863973136
7.20650377597
9.32747346886
9.90692198334
7.03432905818
4.77865886705
6.02305020794
6.53790546769
14.8262461866
4.54556884484
5.4891755806
14.1949718234
4.48094657406
20.420596166
17.9433791166
12.5260984215
10.5361226377
16.0690140685
9.25911591568
3.36690071341
7.02203175808
18.4064040146
13.0388532701
5.30707473238
18.4274265864
2.41133683515
14.8762368531
4.47564953085
19.7962305027
17.4803046759
3.39595834449
9.37742935792
15.2004722258
6.22701403232
3.08360139243
7.40580267148
11.0558195438
17.2398058135
10.4461144114
19.3271866876
3.90173817363
8.14882907715
5.05205890699
2.82826120505
21.5967222921
21.0507878609
4.62023403949
5.16903348808
11.3922908982
4.07239042215
3.61352388602
20.5387180346
12.4953416481
11.2838691873
10.761021395
11.6337481345
0.970276577727
9.11050852312
4.61157348696
5.84376143369
8.41526332691
10.3557744231
4.02149528339
15.9587893572
6.1487960944
11.2049534992
2.94552372438
12.5921677609
10.8418916627
4.07265707638
3.27729347682
3.4773546776
6.77184847681
17.4081709923
4.7116413203
6.30065973336
14.6602282665
6.5254746778
4.27775419135
8.44530316477
17.458382933
5.28422731986
5.47673414486
20.4804346388
4.87019021995
5.48142242
12.0751013199
8.02897040036
5.39873268902
9.40894012414
8.2476461194
5.50921639041
4.66608585453
7.40593213439
12.6093292831
2.33197623665
13.2306634617
16.6696266344
9.57418097213
3.48683335785
3.99003304992
3.54226826334
9.26858453457
6.18616658968
18.3614113954
5.71959657711
5.55478062626
8.9303049175
7.84680196483
12.6376915451
5.19773091006
7.0879144775
9.73316665211
3.78491620286
3.84047893198
6.96028546061
6.3601395237
14.4832112632
14.2786506905
3.83392640913
8.41855290255
1.8558077603
3.16685914778
4.86207121302
2.35467201924
7.99397647855
5.83561913279
10.0977316476
3.07545329237
6.96553880574
14.6403583122
4.90402789267
3.92496344134
4.83096741405
8.28057173726
1.61015789894
10.0614751289
3.22495852368
11.3607591768
6.60580444645
4.15585567089
12.479710744
10.1419293202
4.46815002435
10.3053388626
8.13708786754
7.10940735949
9.57145516898
5.12510298677
5.02455148704
5.46437331989
5.62206988491
5.00405223521
5.78485824829
17.9836586122
3.38264044172
2.43449815326
2.48967707873
11.4153898209
8.3442612907
15.6000705814
2.47668066475
8.62282905855
18.6991352922
4.79851879887
6.63111737136
3.03017581083
6.43053480327
2.78741675044
7.28299875891
10.4765543369
18.2627478318
3.03146702893
2.79599741813
8.0694227419
10.0383888536
10.3216377989
6.63099220507
9.37265307091
15.1617925864
20.7332080697
4.36233866258
4.77793512381
28.3210120348
3.21142005793
3.81116053244
5.63668514139
30.4242478649
14.0120265926
4.75694427509
6.67519564511
11.1807195172
12.8069090581
6.10302319883
5.41992006946
8.40169217408
6.44321143035
11.2594526228
5.53107897921
4.17094318241
4.95296109061
2.761896061
7.0659301458
5.22988682137
14.9965183893
5.58494611848
6.09664030964
3.60669706695
8.57759547257
6.07546109251
5.42756004375
2.25390269694
3.48097185795
19.5513902192
4.92982195431
2.86972102656
7.515423208
11.7901200823
10.9863770559
6.83075278979
9.28739554577
9.22003298812
4.06958018236
1.11635593127
12.9004784666
4.47042214336
15.9188309888
6.7284530233
13.7198245183
5.64807524145
5.72875287465
5.32930195891
1.81127389802
8.82985711961
3.66595662719
4.48049813258
14.2675309685
1.62877475029
18.9220918813
18.6857960238
3.16124144292
7.32945778147
3.31532836107
2.66498364246
14.8910797656
5.02669872388
3.96633065123
6.91505596593
12.1808509931
8.84530056656
11.158880039
2.78100454121
4.90714429641
2.57560507036
2.73335986996
13.8987589529
5.8015676843
4.73866694393
10.0504856554
7.99819237703
6.16891364546
19.673202445
4.1974053789
3.56689740588
2.48047748377
6.11932584678
6.31381272796
6.7469259098
7.27975785397
21.7103175123
19.4197299518
3.59285326278
6.92522525308
6.28965374273
8.87120375863
10.584697061
9.98119662579
3.459912859
3.88217385796
5.69858031748
4.88754590586
2.92467029006
3.54254877817
4.64057577216
26.741664988
9.30880638882
6.45198619085
3.1108302317
15.6260339283
4.13354472163
16.2321306089
6.04798940666
3.10187301058
6.48043911873
5.78134264341
3.67334856291
18.1332356954
12.894805448
4.12892927664
3.25526507142
18.3009364657
6.97911556286
15.282010542
4.71840293578
12.9954703066
21.9461888313
6.13543418084
6.39754841752
21.6228528846
6.34699181442
4.73671943897
12.1263847179
5.74588284281
3.7459960692
5.60996315828
4.66065822759
14.0144303646
10.2492371095
14.2601977788
7.01282794885
4.16853778164
8.17380155931
5.40084614679
21.6280419137
4.09692875869
3.12250471709
5.33019586282
10.2929074516
3.30912553277
5.50084736206
4.9065636596
15.4911504087
4.67150193879
4.72922427881
11.704206268
4.98439591699
8.66145326341
9.78562498817
6.97853871701
4.80910280183
19.3872505917
14.9207813715
6.26972302589
7.53465873099
6.66180360375
7.26924428972
5.71412928106
5.23943833707
6.10689752237
8.06172703251
5.63348646648
2.25672545356
15.1437532039
10.9292213728
7.26318006999
5.65255763264
6.46808979146
16.6191057899
10.5902029838
11.4649282892
5.77407174265
14.2365550309
5.45377981711
1.11878176759
16.5593501716
9.32345672593
13.0558466183
30.2960554992
6.56511492749
7.62414712812
16.2921701683
3.12456961982
17.8727196786
3.62972911461
12.9322086705
4.24760609132
4.12433715429
14.1332499745
2.58485877159
10.312488505
20.2745754113
4.32734038725
6.84314374514
4.78919043856
14.9059532396
9.18663298785
8.76468570364
1.55482504019
16.8309719781
3.89994451385
4.20576526697
5.08573352079
4.16906111181
3.84870249926
8.73969005693
18.7329256157
9.71145556983
5.07521001604
15.0561775038
18.8671026278
9.31712428575
11.9346513368
2.63850219138
5.43746818453
4.56559760949
4.11580410026
13.1356017191
9.98443649617
13.9882054539
10.6519609764
5.74054255042
15.515754166
17.1254631542
3.40570741717
6.60800760573
5.58313101958
8.06840795111
8.31146485055
1.2456158795
3.22609447831
4.50109450537
10.8581605755
3.18820042701
18.6240167006
7.58755273434
6.36191995993
4.21729595317
4.19309250601
7.92941352563
6.88980227647
6.77647896739
3.32119810138
3.46020599641
13.5574757374
9.7445727994
3.12736077685
1.51347101433
4.44418113782
2.47122590012
7.2324559517
5.18982426831
5.59971909067
6.75265846903
3.27297494253
7.39876543166
6.25368197733
10.874290657
3.26408999433
4.96585973577
4.32017856455
9.13325515887
14.3558155021
16.1068310293
18.76752743
6.78557778379
3.80597223968
20.6435697172
8.97136018631
5.4403312376
7.74672194066
5.9480510364
7.82721811432
5.76111487896
2.15922277963
6.75096527899
2.06016809545
11.1486880853
15.4959099627
4.17344008127
6.4432139093
1.28420338758
5.34840413918
28.8869404561
2.94396604899
5.33871457322
24.0209692282
2.47812425035
4.38297655889
3.34179812086
3.04642633405
9.06310280592
8.74896091833
5.26293322017
13.9669910767
4.43344372127
5.62516049721
3.81800901165
13.7737031606
3.9230059364
4.28732585666
9.30550402234
2.59965734556
2.32986174239
3.72746036456
3.01261464525
5.56565133762
9.22871143654
11.415905527
5.85683883046
4.96954182929
5.70175925657
1.83941238238
19.1551252629
6.33854739446
6.72162356536
5.34703282056
10.8056314788
6.75650879733
8.27264510756
2.7167366695
3.84299565001
21.4669990521
4.11178691228
5.10245049804
5.0829676241
6.74696485597
6.0848853947
7.58376593984
12.9996690169
4.57082340024
8.39608609381
4.63983550368
10.7748735106
1.45978817542
9.21748305001
3.98018408295
13.8065939234
3.78326494963
11.7831115437
19.3401349176
3.46287729003
7.21218164178
9.70965597782
6.15783406933
9.05218735491
10.4591541831
7.45709337637
13.1055443326
2.83552224566
8.90357308591
6.29194617384
7.14699023717
15.8566029805
13.7732212494
3.0486000757
14.2420484522
18.0972151143
4.06639069366
12.1348304514
6.26283325766
1.76000733361
13.8548368078
16.997701433
4.50877580668
10.023399748
4.85385278939
1.6039090895
3.97954791111
9.41605942574
11.0380883635
6.42480008197
10.1313300909
3.83406426556
14.4204848924
4.53511799463
3.59012580527
6.33281445309
8.35197538818
18.6904763686
10.6161966654
8.54534187647
3.76262651543
6.59396625182
3.47325252455
3.82962374664
18.6310013491
3.31114363456
15.6801481264
20.9252114349
12.9308061439
9.69176223995
10.2328918807
19.6272490175
8.23672944813
12.2230430548
7.65394767516
3.40008966037
13.0233856631
4.72219633928
6.65993163498
2.48148399692
18.670091163
19.2041683901
2.87656103667
4.12541100254
8.23482794413
6.93548118746
21.1115324778
6.66458655862
18.8168153602
5.87321969005
10.1433958594
6.02208846173
2.9277508872
10.8174102335
5.40985747693
7.99287557719
4.0852878465
5.56686145271
3.27127461181
14.5304078214
9.97077095937
3.36031615179
6.8832563449
10.8334717649
4.77521733707
11.658199884
14.8494578554
7.6429910543
8.38584195444
8.89258795917
20.1102373933
6.03908794961
6.73307790246
4.86924334341
4.88368325113
8.12588689585
5.19899835964
7.4418165274
4.19150354966
1.61892907797
9.89040183215
2.95207712231
8.33561716092
15.6060452877
19.6137522503
6.43003871
9.08939627108
3.20926647363
6.76333948435
8.41431375841
4.89692824437
9.33070562334
6.47937876204
16.1278044544
5.42080052013
4.13421861593
3.73129457584
3.95842027537
3.46022444056
2.91587730591
4.22495148745
11.320185784
4.27602120767
17.740693945
5.76842631228
6.0859964717
12.4533743897
7.48334954075
3.35918440706
9.14368499714
4.74239584557
8.80667524913
13.9280750472
17.4503939399
9.27743835957
6.20046180713
3.97554895894
3.642031188
10.3201669652
18.9104130454
20.5500597749
11.3861135411
3.29452244913
9.28486656041
7.13682059131
3.60785541177
18.4420673572
3.48496501088
5.59190731666
2.98023438319
7.79314020236
10.1083057517
4.42470154805
6.47464190709
3.94257484439
3.57085444567
3.73417576617
6.70697080634
9.50457700637
15.0552522089
15.1416036468
7.81468392488
4.88927087764
14.2572047341
5.30410612958
6.20292044394
10.5419568611
9.25270749332
9.07852342425
6.26958938755
10.4861178783
11.5982491954
4.95629289742
13.2538907495
6.51863096879
8.19278033534
10.9370542362
6.32510342675
11.0578612161
8.89952299184
9.81831323638
2.90953743229
5.11581937139
2.3989631768
4.94015049018
20.5256769995
3.88197474343
11.6736802169
11.4031101058
3.16839152805
6.15947839107
7.1051411873
7.25152828419
1.99947280093
8.63210694862
2.42856110889
10.9009635799
4.60512996524
10.6886630086
12.9914609977
10.4103651676
10.8312331333
2.42979076348
18.2834455229
10.3507632597
18.8399754355
14.1715449509
15.7378430637
8.52250138701
4.7495745773
4.16695227945
13.7228462299
5.66288095126
2.94507218783
2.60776665258
9.64681960579
1.98350780122
4.00145980835
0.235471115098
7.41856118571
6.2160819817
12.7045666454
15.8129415316
3.57072565555
5.73536901247
7.48270662304
3.96310148874
14.9478447664
3.95561265355
21.3520668884
7.27339145782
6.13934783755
4.24054252109
14.9466254677
9.30961076323
15.6837802288
18.6398151277
7.36715747366
11.3239776461
0.745448785689
9.70758168075
10.2702808286
6.37085672488
4.68155547021
4.75818026831
5.89768042801
6.58060358374
17.3675766056
3.15921681108
7.94890619396
11.3715684665
21.0970867896
2.09411399985
10.5241276686
13.9474770854
5.12584093487
9.68376271793
4.76257730966
6.90802794444
3.92092854232
2.46645039521
5.05131348647
5.62877728527
3.28426606194
16.8538165576
12.0886577367
3.00115255799
10.7742868356
11.6560548064
18.4746589173
5.58480948144
9.10288989438
9.83765095704
8.92530207629
12.9765781725
6.81242645941
10.3546867429
11.3746302185
9.44494831638
3.53865425378
5.5110621023
21.2459282838
4.89254565422
8.36331777239
5.98175467579
15.4684146171
8.30499095663
3.85069864395
20.6584971171
3.89470821062
19.174229243
3.02569295312
11.4199745916
3.62604805451
4.58583906424
5.00507081661
12.7390168029
3.87300849093
9.60283069177
19.8971196735
6.47218386476
2.93622254358
5.39517534721
14.284986321
5.84701541825
13.9215858903
8.96136872892
10.3720616921
2.55104708833
2.71483434918
4.57797606277
9.45002729954
8.07222233167
6.17099975494
3.81637746986
5.38727793473
4.71882392469
15.8800865177
8.26774412236
3.0624141697
3.4453582027
12.2988469122
11.7479921179
4.30715917378
5.59030046984
12.0552436418
3.76257294007
3.84625582123
5.51643664322
6.32849111256
3.56441828097
18.5354584885
8.11212245205
10.1630415266
8.29886427175
5.37688283602
6.69842944327
9.49443444216
9.84234994708
10.3474630143
20.492680774
6.40771421669
3.21712409744
10.6198430811
19.2931366461
5.29449672137
6.13827844071
1.9910692862
15.1937752578
3.1059717435
8.00391869792
10.102354235
13.4163735572
7.730621845
6.22363832164
2.98050429561
3.88561647451
8.68839848104
3.45043690203
4.27768869421
2.67341396497
18.7448899322
17.874601999
3.7550971858
11.2995560227
16.5253878648
13.1108016081
7.37352636716
11.2478367538
4.99735818263
9.20624485888
6.63899772509
9.01477395305
4.58630654822
3.96771959197
10.180684864
5.65624214442
6.46253636484
6.87534026771
2.30049102622
5.80958252744
18.5186862527
13.2911793538
17.6384942627
3.93794887426
2.10949642017
3.75139982573
0.933699818376
8.24782778066
10.5398147852
8.7101411552
5.48529365964
20.0212642731
3.98640478145
3.53742118544
2.20336239457
3.53953198663
12.9270071784
6.63015791646
5.10014135821
8.25723576699
10.0911327416
8.22645623302
12.8744939941
4.91786739519
14.9257019142
17.4943723287
15.2410898822
10.036835727
9.23629352485
5.41820178633
5.63832843372
19.826104878
4.82134494565
9.48807422291
3.3546790489
6.83737857467
14.196867171
26.6269813999
11.9298102435
1.99603143641
9.31703709339
10.7114721374
3.03254005987
3.1189491319
4.99272285881
8.76105576808
3.10917760332
2.17201827386
11.661145638
6.32653588867
16.1194774371
12.7158107891
3.62220809914
4.42578141926
14.0466366016
4.7570119986
14.4052459945
3.66670974702
3.30922251719
4.52694053227
3.92817735349
3.29559717766
10.6807854363
3.34526028554
10.3957807522
2.01504631956
5.26384738553
4.13048885437
7.0653907487
2.25008537617
9.8632757304
6.14705766481
1.80820501608
2.39253894715
3.18393193787
10.7768430541
6.41665261382
12.1959092478
7.02982638912
3.54336808052
14.1340818708
4.5540440231
9.32122498454
3.18930132568
5.94996048497
9.67793671885
17.2728937705
4.5293717978
6.9102525875
10.5320670447
4.43044706161
4.43144047916
8.94255009647
8.15049034738
6.91243700761
9.85955123412
5.11055202332
2.28998947261
18.5793094982
5.49664898676
1.11351757239
7.19332803141
