0.442570617202
0.187768068332
0.257521187545
0.629988407725
0.737700771336
0.419587332291
0.438456259948
0.515368136103
0.301116781234
0.146212888304
0.806261669436
0.193104243546
0.277382544095
0.44149837887
0.519156894066
0.411634737674
0.395622004217
0.654171749721
0.364305212141
0.337545692703
0.226858153853
0.56453175315
0.344753081591
0.241651155838
0.388210188492
0.336907929705
0.159487113794
0.302425905838
0.4474863386
0.150125185519
0.198399547091
0.447390976221
0.360503619214
0.392096889972
0.281680231506
0.52441062697
0.460434085365
0.200973514581
0.205761731417
0.518141766344
0.306438004892
0.379397848595
0.662986807192
0.282833699228
0.196756965446
0.320182367147
0.743558140116
0.220096762934
0.976605583608
0.303926420002
0.226950317588
0.168614285222
0.206597140354
0.422422794638
0.140329792213
0.206258097247
0.500283890187
0.151595751881
0.764560904201
0.224392033479
0.310764994611
0.235416438771
0.425596583007
0.193892207979
0.734209834032
0.217863020838
0.568077486194
0.316889391608
0.145375370111
0.197956020823
0.585901730066
0.218677066305
0.374528169018
0.155094194955
0.53920214405
0.343255784827
1.02990599804
0.154523846078
0.372628842878
0.181150275681
0.290662239448
0.49003593614
0.555194293144
0.76653153202
0.317875206573
0.287080127516
0.164205134908
0.130648928628
0.232441896257
0.223820272344
0.249598444289
0.580445543027
0.232197338457
0.227659000317
0.693464983687
0.351388439011
0.468265382742
0.257530391144
0.600214794222
0.686301622057
0.188948366594
0.593408904368
0.269290511112
0.312238096913
0.537385169653
0.446260170341
0.379436837423
0.421892450876
0.388189692999
0.765838727082
0.238595366979
0.264377367066
0.503615358086
0.309759043738
0.27458456473
0.177222477628
0.329872782664
0.338815906319
0.340460825409
0.654388376754
0.644675383081
0.185724389039
0.425091744564
0.10079938313
0.271232485117
0.151543541935
0.362752533386
0.295085844821
0.345000336497
0.201580878226
0.332758990914
0.204648079413
0.614098261128
0.346711627399
0.288930630141
0.23941632314
0.291338793544
0.254178183686
0.603623399356
0.606864292321
0.221915063072
0.37706642336
0.19491521208
0.260086994217
0.53393496148
0.664708700799
0.282479565047
0.382409551125
0.478353543581
0.258290149666
0.152160559367
0.585452164488
0.270448556557
0.184940683654
0.18163333912
0.363894639522
0.426805873659
0.505433936675
0.456727075864
0.843147368292
0.134770728822
0.321126444168
0.580618294868
0.381438195119
0.16370972818
0.236839366669
0.508436312081
0.186114667423
0.36124098733
0.328643148487
0.276639745853
0.983799170385
0.292152555639
0.475634764425
0.314516409088
0.977546878274
0.292629960505
0.376138286527
0.42029841877
0.171294370211
1.00023311628
0.22749415145
0.186116456002
0.247358074522
0.243032646501
0.190009490381
0.448305157733
0.295748705294
0.584291552482
0.143580929844
0.10797104299
0.265145434103
0.625959653653
0.272318541069
0.29101079041
0.172410469195
0.713137497333
0.530868731812
0.229449614662
1.15060539721
0.202882138336
0.275174987542
0.399509141059
0.171505304368
0.275521688856
0.291339527075
0.238691046047
0.262535876778
0.188431912331
0.291145098218
0.578997278316
0.211065256648
0.686860524448
0.278601082608
0.211419041121
0.24575538509
0.467905938417
0.313860358803
0.55892638645
0.157257545045
0.323764175118
0.415035226179
0.32394394335
0.21625045464
0.398211846223
0.282099300238
0.258453890219
0.375803298883
0.233688942618
0.345079368909
0.133274930538
0.329962471402
0.105975536828
0.18357680829
0.381459651414
0.451039947057
0.657553425892
0.283567224913
0.277204311895
0.419873580276
0.297092086417
0.378508224092
0.477386295621
0.358392318887
0.995705195497
0.267801539126
0.184373118173
0.30876905368
0.13118075321
0.308441057664
0.663625192867
0.283167500392
0.397154518185
0.338338559449
0.524360833092
0.242194161014
0.203958963301
0.486482916048
0.245984303857
0.576201056162
0.165723269686
0.276705487427
0.269236922665
0.219115644868
0.340281680922
0.292742568871
0.177164945754
0.234474048683
0.23840128194
0.492134720108
0.243012709013
0.180025903372
0.269034751481
0.877444098074
0.38374360115
0.386711028074
0.530091276069
0.245658789416
0.273042880112
0.265432753156
0.293507670846
0.288706381806
0.135323510991
1.20677309828
0.323741845583
0.355992108694
0.289889844585
0.187198401204
0.281066265018
0.341346584202
0.144665224506
0.333411627217
0.154116610036
0.651871770197
0.693102257865
0.295278867453
0.312943166428
0.38614791704
0.634713320753
0.281577223358
0.361834902959
0.308175873819
0.446326848731
0.455701494146
0.472227584617
0.316694789612
0.183583538146
1.18899013216
0.602986377026
0.219350028851
0.245915256033
0.303771974294
0.267985945363
0.266745434956
0.442078434052
0.20576852303
0.176826741315
0.20048874547
0.223736625377
0.13741142471
0.997736121923
0.442618577753
0.146365034994
0.361060987086
0.389559721528
1.04009603731
0.136831879311
0.26639917746
0.215147783497
0.802531591374
0.862554891759
0.318378694181
0.230000467594
0.650016379948
0.359550662778
0.529107839012
0.658229050676
0.299648081975
0.281607730176
0.460900889159
0.258160845549
0.304779299849
0.226561172025
0.491772915654
0.349620730864
0.237765371503
0.283312237606
0.666709629118
0.205050038817
0.386236106387
0.63396010218
0.198076039824
0.170188037554
0.0919469727404
0.352519562611
0.362954789499
0.314562903209
0.137911479922
0.155664990292
0.560403248809
0.193860079168
0.551497480266
0.513881406481
0.481193959975
0.245243307013
0.326546347385
0.170372684958
0.229066506726
0.241094566399
0.187332945076
0.318863102836
0.282989591324
0.697720359461
0.195041035174
0.203319096436
0.558595676532
0.36974870761
0.1867405005
0.2735514059
0.361289023659
0.253981274756
0.265534063004
0.26798213773
0.381066826559
0.503602680014
0.182320525391
0.630996485805
0.501649544766
0.210269498541
0.432216431023
0.24683828801
0.327876792979
0.206537356025
0.464255484056
0.177578595967
0.174830608995
0.241290609933
0.161584233517
0.325221369247
0.404314518236
0.378432163647
1.1195170189
0.13342175168
0.174025389274
0.358007460545
0.17029398593
0.636959120502
0.221218583588
0.437238629178
0.452737241916
0.435830735028
0.233621184331
0.320866109114
0.392281490739
0.458163797518
0.167420962878
0.387750528022
0.666281248705
0.390603089164
0.594523761338
0.330151283182
0.401014742026
0.380751926788
0.704847151863
0.194879430835
0.330161487933
0.289584049068
0.214725678418
0.534712350128
0.916394183992
0.241869756867
0.225311496243
0.35719265979
0.259828958906
0.386598016213
0.340890870368
0.187603844529
0.569825776035
0.102727951223
0.391609200189
0.592310030727
0.333909971469
0.332164113943
0.271438390175
0.120567482886
0.228028931687
0.476508499205
0.201408741231
0.626993095102
0.190259632947
0.509712496786
0.42062376985
0.624961987662
0.170751542264
0.176118252366
0.336721719187
0.363439879622
0.490779855462
0.184691631169
0.12558209191
0.188948295867
0.584341309012
0.584364402796
0.262882753335
0.314918787447
0.163076097351
0.345213487585
0.666699743157
0.26395703065
0.142072194787
0.154270498445
0.329391020051
0.64760197203
0.533984319032
0.733099808997
0.220768617911
0.176094742642
0.770300749144
0.401922510852
0.127399188103
0.293261949979
0.334904766885
0.422577165635
0.255651839721
0.321840757496
0.124105746567
0.150491460001
0.447551142254
0.16190063766
0.277409655219
0.368564787568
0.489438861903
0.298863141845
0.364853373228
0.323216708114
0.240512403451
0.281313155638
0.281688797769
0.258589285661
0.136645661788
0.289202478567
0.330166399421
0.197773978265
0.347008782225
0.474866928416
0.264202451341
0.279341929688
0.25295041866
0.334508907631
0.420363379129
0.387234491987
0.62952111381
0.364456828189
0.139146882818
0.241577928337
0.1561868606
0.1476573421
0.391046095065
0.430284633363
0.372884167629
0.237953073957
0.458901673732
0.120301037308
0.214622827523
0.217897141993
0.236013508563
0.225158541961
0.615165727691
0.329487911435
0.17614891618
0.691610911869
0.583520689218
0.409792538902
0.281281944776
0.551857892605
0.377771862309
0.936049248456
0.21228133329
0.242329908936
0.451954149968
0.382564254427
0.219166782891
0.568262830875
0.200303433584
0.327646395122
0.341698090686
0.525503328625
0.16420262199
0.434507148197
0.282196484178
0.212218836725
0.288703412639
0.262666429753
0.629949150649
0.369389499391
0.23231605285
0.293682698638
0.284225743171
0.392988295307
0.560658009736
0.436476441667
0.243426718363
0.426103355663
0.241242974539
0.541485532031
0.580487062445
0.345562867925
0.361843032458
0.17130001209
0.713968260158
0.532391529282
0.430573157215
0.319098060932
0.314750319064
0.290502694867
0.285649580978
0.101279450942
0.208774803834
0.356122993965
0.315532877534
0.303864025248
0.389972368064
0.306286595342
0.346166573485
0.42363539493
0.18638009201
0.159712074391
0.242585109454
0.478071615902
0.538566056448
0.621943179117
0.192347488139
0.37661808334
0.2909055856
0.150255501105
0.472768851026
0.168329854553
0.287742446112
0.991692503667
0.393680050541
0.408486018523
0.425749872797
0.44991692581
0.45109442782
0.553858528206
0.343152706822
0.640456008421
0.190333694212
0.556931686918
1.23861570106
0.165460406563
0.593733143578
0.29353262925
0.14906458591
0.280262206833
0.286544687607
0.433909351538
0.169104018368
0.293288793663
0.367340242788
0.194469965549
0.249770485718
0.627753845497
0.276997101182
0.181509484146
0.294379599847
0.552572599804
0.312804518225
0.270195329101
0.324726506338
0.493917600286
0.672206404201
0.282341066873
0.314832889311
0.18917524303
0.393034281373
0.138847107266
0.327862165993
0.222565847714
0.521668108367
0.525564333491
0.626361707719
0.340233427907
0.314755437388
0.154115592389
0.422407714236
0.208757514858
0.408475017914
0.380830374916
0.456880481288
0.176982795859
0.312240451443
0.351508456387
0.176562996912
0.312383470497
0.269810890487
0.195312596348
0.21882578486
0.272956480075
0.311949342659
0.444531605117
0.65981615199
0.179457820424
0.301833018979
0.198569881857
0.230779830954
0.536816458601
0.922142387002
0.296432805951
0.155218841446
0.204173412999
0.291654737668
0.338227128596
0.145925730073
0.176810396165
0.265015321052
0.259494954492
0.868397628592
0.276166809459
0.274080000256
0.249044901056
0.215819764134
0.371880666312
0.393920732963
0.109867503833
0.209263619573
0.128065024603
0.438302918274
0.18939924992
0.259026491368
0.304415067253
0.416834697179
0.289311655678
0.380323368659
0.248556560584
0.328539335413
0.625222507603
0.586404528566
0.400164174017
0.537421954153
0.343128041446
0.595691862868
0.129641725582
0.41325027374
0.24092682976
0.370199682512
0.151625584498
0.678289525862
0.216462514127
0.26032934714
0.270463655525
0.226219832361
0.662546842139
0.458057668359
0.432527199269
0.324377117486
0.268691212931
0.177916455462
0.5470342876
0.231253185452
0.229829838948
0.158362738579
0.289994930378
0.4450960176
0.46053213946
0.43663407573
0.360810357368
0.496305727793
0.722363903332
0.135782380462
0.164852851086
0.361611314058
0.208166153429
0.286365918494
0.255741773486
0.607945978783
0.843954880327
0.134723447329
0.632755627487
0.998160584919
0.226245833426
0.637549658067
0.513997659277
0.0877530553108
0.294610035755
0.360639912927
0.191493271045
0.420060254496
0.376294537798
0.624369607604
0.133210166721
0.346439761261
0.104313611276
0.0877654669058
0.206714910552
0.193045518386
0.324891217393
0.1323179695
0.599169455682
0.53553357311
0.618795541828
0.400312653054
0.232586874913
0.167643161632
0.165106881097
0.269899589428
0.273726663868
0.457705509512
0.181981121835
0.375420112162
0.22528042575
0.223111552567
0.101115002446
0.263209847011
0.574955375735
0.33790800563
0.193667086547
0.451693586871
0.414671031453
0.258377962471
0.358006788138
0.281290310059
0.163468361657
0.175091357128
0.347723328043
0.290904319612
0.431111231186
0.166438849184
0.39095406976
0.867446084196
0.450145038632
0.540477981656
0.173886907695
0.183345996123
0.348621998538
0.337267253694
0.120565810901
0.273349657933
0.326536158212
0.350863552129
0.636015378954
0.205474692436
0.272662656518
0.376871934247
0.596333002286
0.139869851431
0.309823308604
0.528169169634
0.382522053168
0.234644777855
0.170119248338
0.248475460606
0.196208967453
0.383329800854
0.615927783384
0.171453774087
0.27131744002
0.348380693542
0.448330361631
0.627242960182
0.148563682994
0.260567479908
0.180483485321
0.610452009633
0.410348654786
0.336276091771
0.313677858552
0.345425847864
0.1607373049
0.142806614537
0.468668122942
0.22130498276
0.282546481256
0.358989196295
0.185767698791
0.319129596805
0.698510560117
0.868070125658
0.29260873073
0.237253398436
0.533960639142
0.710638272946
0.440453565467
0.621333178339
0.222027706406
0.157519213227
0.354123805683
0.292261042256
0.300540741302
0.136426581478
0.428961680053
0.103791228925
0.381480260316
0.858980052699
0.57519539401
0.226359176048
0.412273489736
0.217438869051
0.204917207958
0.233641865479
0.452317316345
0.20652553212
0.153893104147
0.692998364768
0.237025370634
0.26427048623
0.403383056517
0.144928724595
0.52351603389
0.336356242993
0.201125551681
0.365616080137
0.572171034549
0.684146931197
0.443519404571
0.303266289292
0.821335402046
0.142184954704
0.260100976226
0.395375993314
0.515099001342
0.560510322037
0.191202759164
0.161964677591
0.336495691728
0.230114733345
0.204301637384
0.183094143406
0.382809896127
0.438649375141
0.125137075551
0.601884773838
0.349929051635
0.344084324473
0.258863032966
0.633850713057
0.306498784597
0.147623766981
0.174825525915
0.663634285886
0.247588901849
0.494225486094
0.506808049552
0.207842310334
0.173363590117
0.143620729614
0.235927434299
0.531730820878
0.284798050068
0.437284558258
0.384366656312
0.406306800399
0.19083053301
0.294802205565
0.704089589065
0.2899045556
0.393784481862
0.248395722354
0.587203933652
0.313522488338
0.298491255177
0.358131322375
0.333260252276
0.340010594777
0.961044265482
0.391071204087
0.595459940909
0.583439800845
0.600774295863
0.352997229463
0.140297668143
0.580479656776
0.211622105976
0.439316345805
0.583179667582
0.373664232075
0.199869843798
0.19914039392
0.19920093207
0.190210682954
0.244373552352
0.321697573347
0.595240868925
0.274436170839
0.365530430617
0.877563152348
0.225777248605
0.359947242677
0.135418167523
0.154166644294
0.230443435117
0.333781500207
0.198986324435
0.590543800665
0.188840776427
0.281600891431
0.26959889488
0.620309693041
0.414832107743
0.284539387391
0.382517014713
0.468574638109
0.249870590781
0.618811846606
0.586347149484
0.255486239948
0.600213417717
0.338255786272
0.241777873564
0.344950484545
0.363143833549
0.279803061756
0.371687518219
0.34981000489
0.378337252148
0.436083895777
0.359706637735
0.274866953914
0.431425320974
0.566610893566
0.194681281424
0.238147620135
0.563976269056
0.505451380093
0.297313233457
0.166899669962
0.326017405577
0.390611063982
0.470600360474
0.24087501112
0.176650945973
0.834397022587
0.645647117764
0.216139354704
0.432940093886
0.487390649024
0.347977965595
0.663534768116
0.980670194975
0.602807404085
0.236523002852
0.609277374403
0.402284840713
0.364461080964
0.239597954987
0.447542441084
0.35992663
0.150746290591
0.487574419116
0.243585974657
0.657582232889
0.168967531571
0.97650930402
0.619261516503
0.374197030019
0.240072077022
0.724481481671
0.137528797012
0.410073265789
0.212909285805
0.360058540179
0.706804644347
0.45713865642
0.618774903775
0.457300622702
0.416987207644
0.32552143913
0.264229158233
0.492310972671
0.470146582831
0.459978096644
0.143862422656
0.392325280054
0.254825155712
0.318217623214
0.418042431737
0.370259324542
0.271278194063
0.307389623039
0.239034344849
0.241445931791
0.250291862799
0.166445207201
0.273100629818
0.370835725991
0.245254857451
0.198289407329
0.628325488052
0.653319714787
0.302882510674
0.257089410217
0.565259009457
0.577729986728
0.199261550235
0.196359115233
0.336607740868
0.351022755524
0.756996398714
0.131287582895
0.143923999027
0.510837515993
0.248795064102
0.225941244662
0.476091930322
0.728911966779
0.408999131137
0.368141147414
0.664153091612
0.288379071557
0.141909160801
0.40304983729
0.443199300288
0.684225457571
0.235182741128
0.632441960306
0.195154527861
0.301895265747
0.602190234942
0.52893888534
0.184833942667
0.338099110576
0.383965902096
0.478022876457
0.406043054684
0.24948023447
0.217208054043
0.435145759362
0.32880410175
0.49950922792
0.333485328116
0.30477502239
0.471855491302
0.13917590488
0.59576598645
0.664283413324
0.64684743651
0.601256908246
0.176720484996
0.331708703398
0.331565932893
0.80787863279
0.291013862409
0.521149137554
0.259134492889
0.134092315137
0.273839583872
0.205533694368
0.213298680894
0.212930617339
0.433677434061
0.459457403738
0.228291727619
0.285854760783
0.326466800013
0.667359533634
0.388255448428
0.210513402008
0.187300339942
0.274762004744
0.236398920393
0.455424925491
0.255582375113
0.129288407602
0.250173768437
0.402211731813
0.385477817975
0.234527802612
0.229178408727
0.37007001293
0.355586565593
0.161344250876
0.345712077636
0.411853052935
0.291134753171
0.445094538134
0.18688559334
0.287197873439
0.194511201866
0.853236653106
0.342713559243
0.190855452663
0.212861971028
0.674183628953
0.359347086888
0.530673359113
0.191834247162
0.366194687397
1.00955673335
0.333418987721
0.37755569196
0.214117536268
0.440583073379
0.303229620642
0.139127455914
0.392254454015
0.99654979512
0.339142080416
0.291078311392
0.489607448792
0.740357873124
0.191705735392
0.279073514622
0.317052007442
0.520638061369
0.411542430941
0.463118695671
0.130089394721
1.22286349278
0.428092547274
0.383736476777
0.175165646683
1.25175326167
0.571261312553
0.215617638302
0.861905553333
0.309573860266
0.250550382668
0.136599037966
0.448922183553
0.238190916339
0.229491448169
0.593068440316
0.149723687925
0.25636679474
0.159681333859
0.47543461876
0.203512282878
0.254553009987
0.644751673033
0.197699922995
0.542294955536
0.254182396742
0.52135863503
0.167340853816
0.157405839981
0.229718639092
0.298177953935
0.949021036676
0.379509989926
0.294094896514
0.233404883408
0.573935996423
0.183743712506
0.172380543379
0.432738057252
0.443246949645
0.270226730313
0.143253661435
0.369803636179
0.521336749522
0.720587451965
0.259536794921
0.4444509193
0.711171876316
0.676333307637
0.303083320492
0.366155707878
0.254570057859
0.191121278205
0.168736592964
0.522847117773
0.260816495382
1.02482931715
0.61009259147
0.347277578185
0.22038830109
0.287442003176
0.262187114496
0.130527805135
0.228313832933
0.391314951322
0.368044833249
0.259237661794
0.458999101829
0.376412562547
0.232967439869
0.351838735821
0.183094884323
0.361430764164
0.529527525759
0.423474207274
0.219283989227
0.398013654905
0.334934008585
0.612964215394
0.909891766065
0.294275411089
0.275909332035
0.360592718319
0.309714175204
0.26898754225
0.516308364483
0.0992999868719
0.51842589986
0.603273304523
0.305289041434
0.318890384
0.262002183245
0.269702434326
0.448342172438
0.30049861283
0.166770690805
0.26308774281
0.337211653074
0.217741236015
0.279628111805
0.433078145772
0.309607787548
1.09080631698
0.375094981259
0.313032010648
0.497606564618
0.450574631464
0.293963656558
0.422918771871
0.201253956794
0.273632269565
0.262292381604
0.259889850129
0.288438078268
0.493604097592
0.409773959836
0.214364616581
0.281543373796
0.524581931456
0.452368435808
0.551823468566
0.256474743149
0.402556742249
0.854341848358
0.345571561565
0.354852967723
0.489411767838
0.268902073289
0.285977955751
0.371948347424
0.213123618547
0.263664374589
0.236685525087
0.29790666193
0.56631539423
0.264020135208
0.584514120745
0.232387010069
0.382870231582
0.449597499939
0.168403789875
0.519132495909
0.277296138728
0.216125673466
0.147092496926
0.17936714559
0.19766090583
0.387681796488
0.338016373333
0.727802935924
0.423770444156
0.261973019446
0.301522393211
0.252916354194
0.132017771585
0.369621442991
0.113934800589
0.227396835481
0.566794109471
0.493085892918
0.368776105115
0.587024007512
0.574952051475
0.373549200059
0.171257401366
0.424540539203
0.282673368186
0.25489339927
0.73892118187
0.22599736014
0.164957990477
0.316368533039
0.321014805918
0.164122912332
0.190146424664
0.619620301702
0.355200140098
0.495760519946
0.701686336342
0.564645157837
0.138859039024
0.23872306682
0.432722014479
0.405084321329
0.360693053132
1.28350698957
0.173827708075
0.106091807723
0.6570172773
0.198977868452
0.427590903454
0.240605092701
0.510761360372
0.265918727423
0.260421936826
0.16821979179
0.332235155542
0.291482412088
0.681088152834
0.241189332304
0.500577169061
0.219009103455
0.350685781533
0.452755875706
0.220424735906
0.0869555470423
0.646782444806
0.339185056903
0.366750320518
0.171880309296
0.445642786914
0.266244006231
0.2949613425
0.980276771741
0.311502891881
0.154334562211
0.14278256074
0.540363381434
0.448850082296
0.320165449175
0.192449210833
0.35439779186
0.640847817667
0.393269020491
0.404458415375
0.395408129097
0.39404073644
0.231443992176
0.328114580855
0.616713638628
0.766152579659
0.294167900457
0.192837839682
0.423695327555
0.101285077197
0.310758984531
0.205622731261
0.251691215806
0.23618132867
0.432601466877
0.177354518817
1.02541167516
0.350772909343
0.351402437304
0.25455329899
0.332775966883
0.335519356798
0.119992948662
0.137564891448
0.166886807766
0.1941882106
0.399928167732
0.38922993285
0.275033181939
0.150607221544
0.171330390663
0.334454171953
0.355861265624
0.139078408462
0.170827691272
0.286768633726
0.211072903582
0.100540556805
0.435632952344
0.417733892384
0.313810107441
0.156465908644
0.287081769175
0.377563235872
0.39646903506
0.736797958862
0.544543262739
0.449729046234
0.25535314399
0.418840219813
0.254215202053
0.18787236825
0.139704390798
0.469240349458
0.262292994265
0.288145459058
0.174579220482
0.205657032818
0.285013192938
0.316933728374
0.602412786303
0.367089662027
0.170856692267
0.200246640103
0.181052258234
1.20226917182
0.208463957508
0.328305480321
0.948099104701
0.314454531409
0.410767135631
0.338226226679
0.199432568565
0.620081645286
0.355525904218
0.407376957098
0.335112243287
0.160297833168
0.178938028234
0.334112987685
0.650465789494
0.380267770228
0.230963115058
0.373270956557
0.190055914846
0.313804433407
0.196606495996
0.309126049049
0.165691630298
0.55698360489
0.418302957916
0.141676126321
0.269851735934
0.169423225944
0.192952887297
0.6726816204
0.149794065189
0.24009227894
0.390058532063
0.301595243133
0.169743262939
0.633071109748
0.183671011273
0.276953255853
0.48159003553
0.260831501931
0.302252108825
0.374218542026
0.500541415099
0.692492178079
0.353736085415
0.23629492637
0.440172242228
0.298175180628
0.15701329543
0.234774870802
0.409828012982
0.450629503851
0.418773195514
0.254066249954
0.444555766758
0.147119422194
0.692909484858
0.167757514032
0.159836922467
0.771906375015
0.250473120948
0.578742336146
0.386264823689
0.418726632405
0.366356259222
0.18653076926
0.367036430647
0.318387389306
0.33467513552
0.599801493066
0.430058402638
0.357449664076
0.61100596171
0.420789391438
0.168708886091
0.570649970428
0.23240595298
0.178088681006
0.601571812652
0.633204963391
0.33633504441
0.153297599783
0.188531669806
0.094294998454
0.344941994419
0.238276843422
0.426575421916
0.176106590075
0.24374149189
0.194170986885
0.587367749579
0.177934458326
0.199824581681
0.274623479029
0.45675289534
0.455658581932
0.544478995886
0.448429894305
0.253403467184
0.489201884293
0.22707793125
0.285665438033
0.939238916515
0.162541138893
0.700219175194
0.42117693914
0.404561018918
0.377723250187
0.437742653384
0.979952577335
0.440786286935
0.647281245743
0.287372994192
0.161005259878
0.376311552819
0.291845181735
0.246669221856
0.192193714134
0.590876178482
0.570368509204
0.356097287771
0.525657328051
0.146520856092
0.169287016108
0.422104486847
0.241241833622
0.593613394071
0.836487090974
0.373549348734
0.239125768625
0.1792343531
0.243468461171
0.132164234438
0.244555908497
0.462310571073
0.371151025071
0.466967963876
0.130467573954
0.381641068896
0.411262408032
0.198895157415
0.497165029417
0.380174617454
0.308182595182
0.583836397035
0.132119378368
0.327264282089
0.367599682712
0.813949905773
0.393873059637
0.183187827125
0.147359964994
0.250589819048
0.107374246375
0.287263971221
0.154840394551
0.198030106728
0.220147080668
0.157323170695
0.280300825904
0.41279277533
0.470152386809
0.98124723794
0.355452989679
0.262708341101
0.272528874177
0.360519690273
0.631204206459
0.245991481373
0.382132072199
0.449975331647
0.574208091905
0.332002438937
0.260883809606
0.283260445874
0.388536075204
0.174597911979
0.201293392581
0.201075375532
0.446093524452
0.276080969816
0.523296899356
0.340273369284
0.303974674191
0.31982522531
0.355258433531
0.189339439312
0.42792015732
0.162653787418
0.316444609586
0.584850735897
0.621684479246
0.12506029461
0.195032773373
0.214609136195
0.161688451263
0.417313133817
1.00473471098
0.412661953156
0.31539407695
0.221973082063
0.401407882494
0.164382454081
0.322485000121
0.519947193992
0.329816502351
0.215496737883
0.178009268938
0.369911710454
0.389203912998
0.405603604269
0.154429956706
0.20175601453
0.339190361682
0.16595381515
0.372585015317
0.35272224691
0.143449087802
0.675596963195
0.375577349175
0.272870595502
0.38839204474
0.218279277589
0.180490888392
0.152595053778
0.387230925618
0.484614913665
0.444618135515
0.649237927182
0.120273970477
0.184082749747
0.121562658846
0.356272716335
0.151968209599
0.626239222262
0.167764274249
0.313919834253
0.391322062397
0.633648940975
0.277478505891
0.269790322641
0.318431675679
0.301708941212
1.00338494169
0.212512739317
0.313241915557
0.29965178846
0.206946228957
0.281206584575
0.263724736815
0.305823180812
0.26215124336
0.304483371732
0.235118040072
0.334256983897
0.152577518391
0.442623486513
0.26601926541
0.420593698339
0.150840564782
0.163409935672
0.733455026055
0.430026846909
0.557586214096
0.539910486998
0.790008827126
0.137262432225
0.326011590023
0.389808826223
0.486367421698
0.17481278227
0.318985724767
0.198382243854
0.399023246349
0.237936826021
0.213509770956
0.211595226635
0.453282800561
0.353542846909
0.66013506551
0.647205182868
0.31435656681
0.23402178991
0.237884700281
0.232571355226
0.724017605505
0.203675516324
0.494131028263
0.289116768167
0.165031832898
0.485898165857
0.524822058238
0.134151091772
0.650703695231
0.452987607885
0.362801088752
0.510853529365
0.207878111873
0.594429972366
0.410793668715
0.263832348239
0.260757259775
0.216395304967
0.308490836879
0.257943574453
0.752704088653
0.323157689268
0.367092959091
0.369026583567
0.578452348312
0.228552032704
0.423613697298
0.408629674302
0.655107509813
0.771690299456
0.612037676404
0.218885550961
0.338327270254
0.219934703965
0.399805068156
0.475160600183
0.203623233133
0.408768329135
0.222509530976
0.422605439556
0.496113150699
0.362035996875
0.521269585134
0.275152747298
0.374455789277
0.765646608852
0.29694727214
0.339322256494
0.669554806745
0.211011513988
0.391951156287
0.418947148709
0.314422635715
0.300704710151
0.507374466648
0.165041560219
0.130787344378
0.371646713898
0.622104354853
0.244787173614
0.173508063232
0.407779180681
0.445313378808
1.0212342776
0.186584655957
0.237162795256
0.436698103874
0.303971171049
0.429576637435
0.385689878632
0.255241243084
0.452857871184
0.696951347463
0.425360770997
0.265726458437
0.394863195874
0.728193116469
0.202687725753
0.535028358945
0.372792908501
0.30305832812
0.291259825913
0.379629342302
0.343321277621
0.467682833331
0.139544551538
0.183222845714
0.381077753981
0.311357276686
0.272892167025
0.388144704896
0.210111066103
0.242484578052
0.454976271161
0.33656390153
0.288307195504
0.141089776267
0.33844069627
0.404197970263
0.41028474726
0.195211798146
0.158885900877
0.271887268577
0.349024989777
0.58737957666
0.364615861313
0.435388373028
0.443632483996
0.132932663616
0.234962965306
0.380648752606
0.236586412701
0.452159139413
0.642259000215
0.309577707301
0.210975794995
0.238951967703
0.692872638723
0.130042829681
0.314621482872
0.374641042931
0.615404060915
0.248305766589
0.256154270681
0.721493141126
0.258578489057
0.27541154098
0.231065568776
0.390232190843
0.267649668615
0.267830658467
0.267528528782
0.325046735035
0.527778200874
0.477723237264
0.432028823646
0.344126145453
0.379125200446
0.383643155623
0.560836074614
0.299063667586
0.380462221404
0.164422174033
0.143297396549
0.205458961033
0.302577583603
0.270518363186
0.260861810229
0.639703898635
0.351144447398
0.142599190395
0.292260409912
0.162346871783
0.592302895217
0.979256323777
0.353220212629
0.877335642812
0.388747325888
0.229047155968
0.376576579733
0.203090138887
0.273938470202
0.345516109996
0.382945546665
0.364807546401
0.945279398053
0.483865661972
0.175205388662
0.239630142593
0.328112954429
0.365799484338
0.611583488937
0.408811393112
0.636811799969
0.230294192524
0.0995520423303
0.339146475331
0.185712283974
0.327202033593
0.890130672966
0.439057467434
0.408766418657
0.459084144868
0.244564595114
0.331308402225
0.961794872289
0.172754158083
0.401857097977
0.201799634809
0.356336947926
0.383478653969
1.14531133773
0.334718841223
0.208212579177
0.14198682392
0.653107593807
0.329915544925
0.191852497051
0.206385718541
0.323866940813
0.192259286304
0.234121464726
0.386272134386
0.214841490729
0.632382609297
0.657210971295
0.169070552147
0.313174168133
0.12523154521
0.449172820036
0.280631236364
0.258714436373
0.186734963736
0.159715760665
0.323104500622
0.426192525696
0.680270377748
0.193036177038
0.228850940548
0.180456442069
0.367445958741
0.370096627192
0.219875829708
0.286018278548
0.749283581879
0.494742843243
0.294451490071
0.283856025558
0.359493707035
0.305258645064
0.288971287227
0.331367344299
0.165694284512
0.172909844447
0.248538551307
0.327274998553
0.338407777142
0.256653610109
0.283143252571
0.465402938651
0.885853724206
0.252252998251
0.46810093057
0.351979044554
0.221890397963
0.269766454209
0.393510026828
0.622098224282
0.49133631244
0.7607276406
0.153015303111
0.22489552415
0.587095565334
0.728683207847
0.201468876133
0.366350155878
