0,4821.65
1,4191.19
2,3592.02
3,3815.06
4,3880.84
5,3577.18
6,2756.59
7,2995.81
8,2907.22
9,3343.39
10,2538.93
11,3158.78
12,3063.12
13,5.3729e+09
14,2665.57
15,2491.89
16,2331.98
17,2329.14
18,2181.66
19,3170.57
20,2411.68
21,1625.81
22,2548.56
23,2235.87
24,2279.3
25,2149.42
26,2065.16
27,2251.4
28,1904.0
29,1727.68
30,1956.92
31,2142.87
32,1961.3
33,1489.88
34,1441.02
35,2016.27
36,1983.76
37,1989.51
38,2006.83
39,1665.65
40,2425.72
41,1768.6
42,2154.19
43,2193.97
44,1434.99
45,1332.37
46,1688.96
47,2045.56
48,1951.76
49,1662.64
50,1925.74
51,1747.02
52,1156.92
53,1950.36
54,1230.03
55,1633.7
56,1054.79
57,1514.36
58,1713.33
59,1320.03
60,1666.24
61,1045.64
62,5.37289e+09
63,1545.31
64,1392.35
65,1075.73
66,992.384
67,1308.37
68,1848.32
69,1247.28
70,1174.43
71,1338.0
72,1276.33
73,1376.91
74,1503.37
75,1081.55
76,1207.32
77,1607.9
78,1480.2
79,944.592
80,1051.17
81,1274.7
82,1355.48
83,892.119
84,1203.24
85,1207.96
86,949.674
87,1370.54
88,1313.82
89,1423.37
90,1945.7
91,968.798
92,1384.72
93,1028.84
94,1021.18
95,1327.36
96,1079.02
97,1323.27
98,1133.59
99,1333.55
100,914.605
101,1521.0
102,1060.1
103,1179.9
104,1222.91
105,1128.21
106,1053.97
107,1037.32
108,944.207
109,924.546
110,944.646
111,986.162
112,837.9
113,856.156
114,843.686
115,868.717
116,784.815
117,5.37289e+09
118,1111.42
119,1041.65
120,999.501
121,1183.25
122,866.139
123,730.1
124,951.396
125,1114.78
126,869.506
127,1071.56
128,794.944
129,945.026
130,930.602
131,965.512
132,843.291
133,925.59
134,883.435
135,935.62
136,827.448
137,862.787
138,741.389
139,1056.93
140,700.988
141,960.838
142,838.425
143,799.095
144,845.711
145,839.756
146,800.462
147,775.68
148,720.013
149,781.055
150,744.307
151,738.903
152,775.998
153,791.913
154,683.42
155,774.454
156,650.498
157,635.83
158,724.473
159,570.016
160,675.177
161,581.354
162,705.057
163,730.925
164,685.67
165,5.37289e+09
166,694.269
167,772.435
168,875.134
169,809.783
170,632.59
171,713.64
172,679.656
173,696.46
174,751.773
175,703.689
176,588.782
177,656.231
178,604.233
179,680.39
180,634.318
181,747.574
182,718.959
183,714.642
184,992.048
185,797.547
186,745.426
187,689.791
188,759.33
189,657.964
190,984.085
191,765.214
192,690.812
193,601.385
194,728.266
195,820.382
196,601.617
197,600.069
198,636.727
199,892.512
200,592.379
201,601.093
202,715.669
203,614.159
204,516.499
205,623.749
206,634.455
207,681.45
208,616.132
209,616.598
210,626.289
211,589.433
212,517.415
213,517.318
214,580.016
215,542.806
216,564.345
217,651.333
218,651.74
219,604.743
220,647.909
221,565.196
222,584.065
223,598.065
224,569.475
225,622.889
226,611.777
227,544.547
228,583.726
229,641.154
230,518.729
231,593.699
232,594.64
233,593.575
234,510.168
235,552.128
236,584.982
237,677.144
238,597.581
239,532.659
240,551.307
241,586.125
242,5.37289e+09
243,574.891
244,528.637
245,510.004
246,658.895
247,686.495
248,594.984
249,579.293
250,618.304
251,649.964
252,665.124
253,608.615
254,566.578
255,560.56
256,511.792
257,486.021
258,660.623
259,622.568
260,1164.35
261,573.7
262,472.64
263,544.09
264,577.217
265,538.048
266,465.113
267,508.639
268,529.893
269,546.198
270,483.436
271,515.697
272,490.473
273,475.957
274,510.839
275,528.447
276,463.794
277,519.04
278,527.675
279,530.4
280,554.182
281,485.286
282,503.818
283,424.349
284,506.932
285,504.315
286,464.493
287,444.35
288,511.136
289,419.833
290,501.953
291,460.534
292,455.369
293,464.586
294,558.497
295,452.478
296,423.782
297,519.927
298,405.45
299,538.9
300,464.189
301,481.843
302,456.061
303,5.37289e+09
304,565.953
305,489.226
306,439.821
307,550.321
308,475.902
309,419.654
310,480.579
311,505.173
312,402.007
313,582.028
314,609.035
315,512.108
316,432.446
317,504.23
318,479.432
319,493.78
320,453.519
321,543.86
322,419.475
323,437.169
324,453.606
325,505.888
326,477.773
327,415.901
328,475.539
329,434.891
330,438.444
331,641.31
332,519.186
333,417.158
334,457.909
335,497.689
336,501.905
337,471.823
338,436.139
339,472.115
340,534.068
341,5.37289e+09
342,462.391
343,451.47
344,490.004
345,570.236
346,467.176
347,393.595
348,437.205
349,448.508
350,482.827
351,432.6
352,442.321
353,432.755
354,443.563
355,454.369
356,482.12
357,407.709
358,453.893
359,435.547
360,385.662
361,461.624
362,439.913
363,437.978
364,463.636
365,447.075
366,444.465
367,432.572
368,421.817
369,425.946
370,381.678
371,503.899
372,384.413
373,456.193
374,401.893
375,391.611
376,421.768
377,416.34
378,408.285
379,416.957
380,410.256
381,435.839
382,372.238
383,425.076
384,431.373
385,389.646
386,394.546
387,426.648
388,378.703
389,389.401
390,377.699
391,354.968
392,417.22
393,355.852
394,374.076
395,391.14
396,5.37289e+09
397,398.401
398,372.649
399,423.097
400,392.629
401,341.248
402,396.359
403,390.891
404,500.79
405,439.411
406,387.571
407,371.559
408,411.386
409,317.481
410,365.157
411,356.771
412,324.514
413,408.979
414,368.899
415,350.689
416,385.768
417,342.797
418,326.749
419,373.438
420,381.347
421,376.204
422,331.263
423,380.588
424,384.998
425,390.902
426,423.697
427,376.692
428,358.66
429,399.262
430,380.757
431,389.411
432,355.599
433,405.256
434,420.084
435,341.267
436,419.722
437,358.894
438,358.431
439,374.099
440,324.872
441,341.233
442,381.991
443,5.37289e+09
