0,4891.58
1,3339.52
2,2415.53
3,2341.0
4,2339.77
5,2226.77
6,2139.6
7,1748.32
8,1999.9
9,1554.84
10,1799.91
11,1554.63
12,1387.6
13,1301.51
14,1259.89
15,1446.91
16,1287.23
17,1218.98
18,1100.68
19,1068.64
20,1000.63
21,923.374
22,974.542
23,846.078
24,964.912
25,837.03
26,732.652
27,790.648
28,835.499
29,852.444
30,786.8
31,787.335
32,727.054
33,765.938
34,658.098
35,718.769
36,684.819
37,619.068
38,736.111
39,627.895
40,647.596
41,624.853
42,563.802
43,554.566
44,508.421
45,474.669
46,469.656
47,470.835
48,447.985
49,447.39
50,456.463
51,435.113
52,422.928
53,508.046
54,526.298
55,462.157
56,503.631
57,480.435
58,413.86
59,483.679
60,423.699
61,471.469
62,482.877
63,429.19
64,504.066
65,468.478
66,405.296
67,510.359
68,428.363
69,455.681
70,508.225
71,400.507
72,471.258
73,427.883
74,407.172
75,404.673
76,369.555
77,465.067
78,526.838
79,381.8
80,384.202
81,372.849
82,322.504
83,428.626
84,331.291
85,355.196
86,343.029
87,385.1
88,302.371
89,332.518
90,318.523
91,351.291
92,294.704
93,349.151
94,326.124
95,312.17
96,299.545
97,326.235
98,318.776
99,343.083
100,327.182
101,388.812
102,324.823
103,383.742
104,322.871
105,356.379
106,399.578
107,293.059
108,361.511
109,357.497
110,333.011
111,407.917
112,311.84
113,355.485
114,375.958
115,314.32
116,366.963
117,330.137
118,351.853
119,330.57
120,312.365
121,383.403
122,307.962
123,254.099
124,305.248
125,324.692
126,232.199
127,316.912
128,317.333
129,264.332
130,297.831
131,275.378
132,322.437
133,313.766
134,265.887
135,346.561
136,336.162
137,303.906
138,348.814
139,272.193
140,307.982
141,295.555
142,264.693
143,252.526
144,252.023
145,248.815
146,278.697
147,251.307
148,271.58
149,275.69
150,272.064
151,258.028
152,279.916
153,270.665
154,260.851
155,251.581
156,245.794
157,287.008
158,270.673
159,247.831
160,263.743
161,248.339
162,236.51
163,218.493
164,266.275
165,227.747
166,257.904
167,241.297
168,275.217
169,257.248
170,240.108
171,250.322
172,240.624
173,228.4
174,260.083
175,255.593
176,230.124
177,252.43
178,233.27
179,221.711
180,239.277
181,218.342
182,250.369
183,210.287
184,274.704
185,219.32
186,276.905
187,274.768
188,250.706
189,239.347
190,239.995
191,225.137
192,233.13
193,227.488
194,221.394
195,224.293
196,223.689
197,234.116
198,239.519
199,216.095
200,224.513
201,219.859
202,221.974
203,208.509
204,228.556
205,188.557
206,211.108
207,199.319
208,222.364
209,216.206
210,193.792
211,224.689
212,213.241
213,233.631
214,205.602
215,243.517
216,193.694
217,214.5
218,194.702
219,210.862
220,210.859
221,170.957
222,231.939
223,197.519
224,242.843
225,201.877
226,256.42
227,227.074
228,254.211
229,235.761
230,234.267
231,215.139
232,223.38
233,238.356
234,196.918
235,246.7
236,213.387
237,240.65
238,217.6
239,238.21
240,238.088
241,211.999
242,225.211
243,222.177
244,186.43
245,218.844
246,205.365
247,222.675
248,206.274
249,203.42
250,232.474
251,186.576
252,255.545
253,213.362
254,234.499
255,231.435
256,184.037
257,240.646
258,179.423
259,202.055
260,206.908
261,188.889
262,209.676
263,182.122
264,207.485
265,159.449
266,185.332
267,179.084
268,216.105
269,166.6
270,206.967
271,208.131
272,195.235
273,181.011
274,195.292
275,213.34
276,194.122
277,192.261
278,217.808
279,211.502
280,200.686
281,195.854
282,240.971
283,207.416
284,197.04
285,203.277
286,173.615
287,166.842
288,183.608
289,182.091
290,175.657
291,177.935
292,183.937
293,173.673
294,177.184
295,169.005
296,172.84
297,190.862
298,172.041
299,213.413
300,210.09
301,196.996
302,264.377
303,206.055
304,195.026
305,233.927
306,184.047
307,192.163
308,186.987
309,192.432
310,191.361
311,174.236
312,193.688
313,190.801
314,175.859
315,188.48
316,183.708
317,183.5
318,191.059
319,199.894
320,205.574
321,190.112
322,218.837
323,184.582
324,185.084
325,166.685
326,177.542
327,161.021
328,187.013
329,178.041
330,164.522
331,155.254
332,173.107
333,183.665
334,160.624
335,198.415
336,213.137
337,181.307
338,185.378
339,208.592
340,183.866
341,196.968
342,198.991
343,190.663
344,147.423
345,202.911
346,183.137
347,195.375
348,167.012
349,197.715
350,169.049
351,193.712
352,166.501
353,196.006
354,174.778
355,188.256
356,168.319
357,182.253
358,170.699
359,200.05
360,171.067
361,220.809
362,200.737
363,204.683
364,181.242
365,189.23
366,149.662
367,195.84
368,143.96
369,199.393
370,165.234
371,193.951
372,146.574
373,192.721
374,151.099
375,171.149
376,168.295
377,161.817
378,164.76
379,136.702
380,161.945
381,178.444
382,151.281
383,161.204
384,145.458
385,158.886
386,151.497
387,162.93
388,171.865
389,159.401
390,207.679
391,204.579
392,210.25
393,196.251
394,183.565
395,156.221
396,191.525
397,183.688
398,165.712
399,193.259
400,155.002
401,165.396
402,165.191
403,175.327
404,159.262
405,135.124
406,130.876
407,159.383
408,152.119
409,137.39
410,145.242
411,142.544
412,158.928
413,146.8
414,148.8
415,145.876
416,174.746
417,148.458
418,184.943
419,158.905
420,163.42
421,143.368
422,179.15
423,148.383
424,145.349
425,162.289
426,143.538
427,149.064
428,157.244
429,133.912
430,198.897
431,151.306
432,176.012
433,160.208
434,176.083
435,144.74
436,194.486
437,160.699
438,175.938
439,170.972
440,196.839
441,164.843
442,203.028
443,199.882
444,165.899
445,199.344
446,176.708
447,169.497
448,180.069
449,167.776
450,151.775
451,164.787
452,156.2
453,139.943
454,155.477
455,159.761
456,148.535
457,142.784
458,164.298
459,151.752
460,136.074
461,173.829
462,142.282
463,159.044
464,155.263
465,175.013
466,167.65
467,172.419
468,142.464
469,167.449
470,143.327
471,172.356
472,154.902
473,152.199
474,150.877
475,150.068
476,130.658
477,156.961
478,135.634
479,171.825
480,125.398
481,160.475
482,148.113
483,160.738
484,139.829
485,163.538
486,157.971
487,147.696
488,139.154
489,141.708
490,140.749
491,140.984
492,163.051
493,152.712
494,156.076
495,161.278
496,133.283
497,195.431
498,157.516
499,185.374
500,187.879
501,146.896
502,169.787
503,137.77
504,166.081
505,117.046
506,164.683
507,111.987
508,150.468
509,142.973
510,134.363
511,136.548
512,128.722
513,154.691
514,145.001
515,156.696
516,160.864
517,183.006
518,178.192
519,141.576
520,179.341
521,145.283
522,190.684
523,157.267
524,174.399
525,149.247
526,157.559
527,140.928
528,141.582
529,137.502
530,136.842
531,125.981
532,150.941
533,134.634
534,139.499
535,135.023
536,150.121
537,123.907
538,153.401
539,140.756
540,149.452
541,164.25
542,153.452
543,153.307
544,129.867
545,138.599
546,150.411
547,124.394
548,119.494
549,123.336
550,137.092
551,128.831
552,134.805
553,122.863
554,126.119
555,112.399
556,142.585
557,123.488
558,134.511
559,121.092
560,147.727
561,135.403
562,136.835
563,129.499
564,133.753
565,128.591
566,126.969
567,154.667
568,115.913
569,120.947
570,117.542
571,141.198
572,111.381
573,158.664
574,132.884
575,167.998
576,157.311
577,158.145
578,152.929
579,137.122
580,136.343
581,131.737
582,135.513
583,126.12
584,132.872
585,122.278
586,131.219
587,149.085
588,137.864
589,121.351
590,143.696
591,132.54
592,147.758
593,145.501
594,144.745
595,148.872
596,132.713
597,139.119
598,131.757
599,131.58
600,122.781
601,143.687
602,123.368
603,127.96
604,114.539
605,143.704
606,136.999
607,115.635
608,142.11
609,118.24
610,144.991
611,119.92
612,131.036
613,116.721
614,115.874
615,122.317
616,129.861
617,124.268
618,115.355
619,130.62
620,121.782
621,128.296
622,140.128
623,132.614
624,125.585
625,138.682
626,129.393
627,115.739
628,143.189
629,126.911
630,121.927
631,120.354
632,114.229
633,107.314
634,127.916
635,120.642
636,135.957
637,121.387
638,118.807
639,135.446
640,120.42
641,109.203
642,135.993
643,110.909
644,138.834
645,107.848
646,119.876
647,107.579
648,110.782
649,115.819
650,119.431
651,113.122
652,107.085
653,119.682
654,116.252
655,114.169
656,145.449
657,106.654
658,127.468
659,115.076
660,118.475
661,111.933
662,122.013
663,122.948
664,119.65
665,154.54
666,137.48
667,156.406
668,119.636
669,176.584
670,160.39
671,136.899
672,162.21
673,131.806
674,155.059
675,121.944
676,171.214
677,123.371
678,128.271
679,131.206
680,126.933
681,122.336
682,153.861
683,147.846
684,151.83
685,133.989
686,122.986
687,145.566
688,126.003
689,127.503
690,117.958
691,106.19
692,116.29
693,123.021
694,116.367
695,112.423
696,99.732
697,116.679
698,104.275
699,114.707
700,111.114
701,122.496
702,116.239
703,120.507
704,117.323
705,126.014
706,112.521
707,125.528
708,106.538
709,128.105
710,132.478
711,128.654
712,121.489
713,124.266
714,122.018
715,126.799
716,128.697
717,132.542
718,129.563
719,120.716
720,140.396
721,130.8
722,129.114
723,129.828
724,138.819
725,107.317
726,131.492
727,129.992
728,119.011
729,121.901
730,126.897
731,109.473
732,129.896
733,107.752
734,140.553
735,134.327
736,125.234
737,133.054
738,134.552
739,135.512
740,132.442
741,126.668
742,134.042
743,124.982
744,141.036
745,106.289
746,126.445
747,112.581
748,125.867
749,119.277
750,107.462
751,117.908
752,116.506
753,100.443
754,124.937
755,136.934
756,115.724
757,135.597
758,133.445
759,118.633
760,132.471
761,135.432
762,120.673
763,135.48
764,125.965
765,138.909
766,125.714
767,137.666
768,114.332
769,133.685
770,136.448
771,138.824
772,105.37
773,147.255
774,149.702
775,128.438
776,119.559
777,144.871
778,130.224
779,119.217
780,135.072
781,133.839
782,125.682
783,116.849
784,126.867
785,99.5927
786,106.924
787,102.968
788,91.6163
789,110.598
790,96.7729
791,96.373
792,92.8936
793,102.685
794,101.538
795,118.764
796,98.1267
797,137.594
798,125.356
799,116.914
800,101.038
801,141.432
802,132.611
803,126.629
804,136.711
805,117.002
806,200.544
807,167.286
808,167.868
809,187.659
810,143.027
811,164.063
812,190.466
813,129.344
814,148.959
815,167.386
816,127.449
817,143.222
818,139.749
819,147.371
820,127.639
821,129.815
822,141.202
823,99.8523
824,137.103
825,101.544
826,127.987
827,112.712
828,139.602
829,129.884
830,146.931
831,118.18
832,135.576
833,140.931
834,107.993
835,111.814
836,120.665
837,95.16
838,102.76
839,110.428
840,112.063
841,112.665
842,107.846
843,107.975
844,107.154
845,109.067
846,104.973
847,115.559
848,102.769
849,115.457
850,116.468
851,117.708
852,111.177
853,135.072
854,104.713
855,133.27
856,148.831
857,103.049
858,136.036
859,101.778
860,152.158
861,116.87
862,147.325
863,124.197
864,114.216
865,117.037
866,107.162
867,123.988
868,116.991
869,164.749
870,142.803
871,137.848
872,136.684
873,110.099
874,158.732
875,136.719
876,125.49
877,142.73
878,101.267
879,125.759
880,110.226
881,119.851
882,122.085
883,114.226
884,135.086
885,122.74
886,125.742
887,104.689
888,138.561
889,114.73
890,147.055
891,132.516
892,111.96
893,122.989
894,99.3112
895,123.209
896,120.331
897,117.325
898,106.201
899,133.234
900,99.9457
901,107.349
902,108.036
903,98.9431
904,106.085
905,119.981
906,112.469
907,111.049
908,102.837
909,105.554
910,106.838
911,113.655
912,105.876
913,109.004
914,121.8
915,113.377
916,92.4679
917,112.023
918,113.964
919,95.271
920,114.596
921,95.0283
922,101.829
923,113.996
924,116.602
925,99.5041
926,105.427
927,94.5667
928,105.188
929,96.2189
930,106.54
931,98.3765
932,98.4409
933,92.5409
934,104.839
935,91.6931
936,93.3249
937,90.6053
938,91.2712
939,99.0672
940,94.0473
941,95.8164
942,111.447
943,128.698
944,114.003
945,105.416
946,112.432
947,107.609
948,113.822
949,109.707
950,103.413
951,118.851
952,96.5256
953,143.758
954,136.983
955,120.205
956,130.663
957,117.65
958,126.812
959,108.486
960,154.214
961,133.488
962,135.412
963,143.782
964,138.78
965,145.237
966,138.428
967,123.495
968,134.032
969,108.264
970,130.44
971,116.055
972,124.566
973,135.77
974,122.507
975,119.03
976,123.314
977,113.153
978,115.63
979,120.922
980,96.2849
981,124.759
982,120.179
983,93.3444
984,105.77
985,109.086
986,90.0476
987,105.372
988,89.4177
989,107.013
990,95.467
991,127.951
992,99.9212
993,111.901
994,115.828
995,107.114
996,114.405
997,106.065
998,131.042
999,116.886
1000,127.145
1001,113.419
1002,111.443
1003,102.288
1004,116.227
1005,114.803
1006,110.583
1007,123.886
1008,114.422
1009,114.701
1010,106.544
1011,110.589
1012,96.4605
1013,109.128
1014,96.5876
1015,95.4862
1016,97.1228
1017,95.9639
1018,111.102
1019,102.176
1020,91.8056
1021,98.0496
1022,93.1455
1023,122.844
1024,109.675
1025,126.215
1026,119.206
1027,124.535
1028,145.037
1029,132.546
1030,128.693
1031,158.816
1032,117.517
1033,161.246
1034,169.546
1035,102.187
1036,162.785
1037,130.474
1038,123.55
1039,134.839
1040,99.0705
1041,119.731
1042,108.81
1043,118.001
1044,108.376
1045,114.935
1046,101.806
1047,112.325
1048,116.403
1049,93.6354
1050,127.276
1051,96.7239
1052,99.3799
1053,103.69
1054,111.187
1055,106.182
1056,94.0847
1057,112.367
1058,112.46
1059,112.44
1060,111.97
1061,103.973
1062,97.8177
1063,114.227
1064,109.742
1065,114.425
1066,92.0254
1067,97.1759
1068,96.564
1069,98.9438
1070,91.9694
1071,84.4358
1072,89.2481
1073,94.5171
1074,90.3926
1075,95.7317
1076,87.9241
1077,80.905
1078,97.083
1079,83.374
1080,92.2002
1081,102.811
1082,97.696
1083,110.449
1084,98.9196
1085,105.243
1086,95.5508
1087,100.536
1088,100.159
1089,90.7722
1090,98.228
1091,93.5551
1092,93.9311
1093,87.0683
1094,101.419
1095,95.5142
1096,91.7524
1097,82.7386
1098,77.9336
1099,92.7014
1100,86.9097
1101,89.4516
1102,77.739
1103,90.3628
1104,89.8486
1105,79.3679
1106,84.901
1107,87.2229
1108,86.8444
1109,78.6433
1110,92.1971
1111,77.8003
1112,84.7746
1113,88.3128
1114,79.7916
1115,96.3095
1116,93.1595
1117,90.3563
1118,107.285
1119,89.1431
1120,117.958
