0,2941.08
1,2747.83
2,1558.7
3,1679.58
4,1673.91
5,1486.69
6,1094.47
7,866.265
8,928.412
9,860.378
10,903.54
11,780.378
12,809.897
13,709.432
14,600.841
15,586.927
16,599.058
17,494.349
18,639.353
19,403.029
20,431.924
21,463.15
22,436.558
23,374.799
24,329.727
25,382.723
26,382.934
27,326.692
28,284.989
29,300.165
30,288.647
31,355.593
32,315.473
33,309.651
34,271.927
35,293.02
36,287.508
37,199.136
38,329.145
39,292.393
40,216.172
41,251.697
42,226.31
43,190.167
44,248.018
45,228.602
46,217.915
47,213.503
48,198.88
49,154.236
50,216.04
51,185.657
52,193.536
53,204.843
54,148.944
55,210.515
56,201.912
57,182.344
58,187.987
59,197.258
60,205.363
61,177.923
62,205.192
63,199.429
64,199.32
65,224.069
66,210.251
67,187.104
68,191.031
69,200.249
70,184.968
71,168.233
72,167.133
73,175.482
74,186.038
75,198.417
76,182.833
77,170.168
78,160.431
79,139.647
80,152.492
81,162.592
82,164.749
83,143.167
84,132.638
85,125.836
86,152.755
87,158.84
88,159.394
89,137.646
90,115.169
91,147.333
92,164.174
93,150.626
94,147.887
95,176.003
96,153.951
97,173.32
98,173.685
99,155.086
100,190.034
101,168.184
102,183.385
103,168.308
104,146.751
105,148.334
106,128.754
107,136.916
108,134.801
109,135.646
110,121.293
111,103.869
112,135.209
113,105.143
114,130.681
115,111.425
116,111.631
117,92.0919
118,115.252
119,101.419
120,120.612
121,118.916
122,100.308
123,111.553
124,112.415
125,104.9
126,108.121
127,99.3801
128,92.1576
129,93.7683
130,106.489
131,128.379
132,129.428
133,89.1629
134,112.335
135,118.364
136,133.558
137,107.923
138,93.1457
139,112.62
140,115.016
141,118.706
142,120.236
143,138.016
144,147.151
145,146.307
146,130.157
147,144.19
148,122.817
149,136.918
150,129.844
151,117.587
152,122.469
153,122.778
154,121.872
155,117.151
156,102.217
157,107.879
158,100.008
159,109.603
160,97.189
161,106.206
162,110.833
163,119.481
164,132.369
165,99.4669
166,117.031
167,114.256
168,117.064
169,113.48
170,106.188
171,106.211
172,95.7532
173,90.2261
174,113.919
175,96.0212
176,124.053
177,122.62
178,131.002
179,100.687
180,140.149
181,121.396
182,145.882
183,131.094
184,119.577
185,115.878
186,106.399
187,116.746
188,101.744
189,87.5028
190,108.196
191,89.5711
192,118.147
193,109.515
194,114.076
195,104.817
196,90.3772
197,108.742
198,105.806
199,112.48
200,109.631
201,102.397
202,92.7797
203,114.311
204,93.6662
205,109.827
206,110.23
207,96.7726
208,119.487
209,109.205
210,136.339
211,158.874
212,97.7392
213,146.535
214,137.191
215,125.701
216,141.62
217,100.731
218,143.374
219,112.491
220,103.963
221,111.143
222,119.006
223,140.216
224,117.592
225,103.854
226,144.561
227,119.098
228,116.023
229,140.065
230,106.585
231,131.938
232,128.679
233,121.688
234,121.89
235,102.752
236,102.735
237,118.453
238,103.094
239,91.3449
240,101.701
241,98.4479
242,113.207
243,99.6334
244,112.958
245,96.1326
246,132.877
247,115.065
248,144.06
249,122.681
250,115.32
251,101.056
252,92.013
253,111.309
254,100.195
255,95.1558
256,82.1179
257,111.693
258,104.014
259,111.02
260,97.6226
261,116.171
262,131.82
263,92.7404
264,139.32
265,94.1631
266,114.07
267,99.4163
268,95.3036
269,113.355
270,146.37
271,109.417
272,116.026
273,91.128
274,109.35
275,117.305
276,111.925
277,119.747
278,115.034
279,128.149
280,110.276
281,116.077
282,142.377
283,129.849
284,127.55
285,114.03
286,124.643
287,106.929
288,97.386
289,113.1
290,110.575
291,132.582
292,109.037
293,115.748
294,127.348
295,102.786
296,117.394
297,96.7932
298,100.161
299,110.647
300,94.2473
301,112.068
302,88.6543
303,103.228
304,101.081
305,93.0217
306,81.3477
307,91.5112
308,99.9538
309,94.4762
310,101.079
311,91.3634
312,105.445
313,117.137
314,87.987
315,97.3357
316,83.4152
317,94.7639
318,82.1904
319,97.7696
320,98.2222
321,97.4606
322,79.9559
323,107.031
324,96.1411
325,117.404
326,103.902
327,114.909
328,99.2396
329,86.6713
330,101.533
331,80.7269
332,108.276
333,110.386
334,109.933
335,103.553
336,89.1638
337,132.752
338,103.121
339,105.831
340,104.365
341,113.371
342,104.227
343,99.4839
344,89.5387
345,89.7949
346,84.584
347,107.4
348,97.9733
349,105.439
350,89.2696
351,102.778
352,97.1451
353,100.424
354,123.483
355,119.966
356,116.269
357,105.503
358,108.0
359,120.435
360,108.835
361,84.8361
362,106.157
363,94.872
364,96.1657
365,100.852
366,114.807
367,91.8876
368,102.236
369,106.102
370,102.216
371,89.8773
372,94.6071
373,99.6856
374,88.8985
375,79.44
376,84.6463
377,75.6967
378,79.0172
379,92.0708
380,84.7358
381,98.9556
382,78.7355
383,109.623
384,94.5344
385,113.472
386,89.1323
387,112.383
388,94.787
389,117.168
390,112.515
391,100.28
392,118.126
393,95.1886
394,129.298
395,110.012
396,129.423
397,140.755
398,95.4186
399,130.749
400,92.1436
401,129.867
402,127.914
403,94.1405
404,103.784
405,74.5669
406,133.668
407,137.331
408,83.1069
409,99.035
410,88.8464
411,80.0709
412,94.1508
413,92.5243
414,74.7573
415,80.604
416,84.0558
417,73.9406
418,71.6057
419,72.8736
420,77.0084
421,80.191
422,72.8112
423,91.2608
424,83.0667
425,90.4008
426,77.8755
427,101.247
428,79.7259
429,112.154
430,111.141
431,86.4119
432,104.479
433,78.5631
434,128.585
435,105.054
436,119.736
437,112.739
438,85.3355
439,92.6421
440,83.0026
441,80.6932
442,75.4207
443,83.7222
444,81.7207
445,84.8273
446,78.91
447,113.204
448,80.2068
449,97.8127
450,85.8712
451,102.098
452,81.9699
453,86.4413
454,70.9828
455,84.9468
456,78.564
457,99.5615
458,90.1864
459,100.732
460,82.5294
461,97.8926
462,81.2068
463,97.8337
464,93.1922
465,103.797
466,82.2634
467,88.959
468,82.3092
469,89.3394
470,75.4564
471,106.367
472,75.7254
473,126.307
474,135.568
475,81.0283
476,116.341
477,102.745
478,110.35
479,110.328
480,92.5054
481,90.1619
482,100.956
483,95.2539
484,92.2111
485,79.3317
486,80.6094
487,74.3417
488,85.5717
489,61.1237
490,89.8267
491,74.9701
492,85.7761
493,74.7647
494,90.2998
495,82.5201
496,112.197
497,101.389
498,90.0089
499,104.201
500,80.3587
501,113.746
502,104.951
503,102.877
504,96.5748
505,89.2812
506,83.3562
507,79.2464
508,79.0208
509,76.9039
510,67.9182
511,71.6966
512,89.7525
513,67.8079
514,83.6737
515,69.2062
516,86.5141
517,72.3257
518,80.4584
519,98.5558
520,85.3751
521,71.7875
522,83.5965
523,84.4855
524,82.563
525,86.699
526,99.6382
527,74.8896
528,101.509
529,75.8378
530,93.1496
531,70.3603
532,95.0078
533,84.4563
534,100.662
535,81.871
536,90.1692
537,76.9557
538,90.5472
539,73.7027
540,82.0351
541,60.4964
542,73.4881
543,59.9759
544,70.0663
545,78.1904
546,70.5484
547,88.9676
548,67.3298
549,103.872
550,97.2688
551,88.1249
552,78.2476
553,90.8906
554,78.2568
555,104.91
556,88.5112
557,96.079
558,93.7859
559,108.027
560,103.273
561,101.247
562,99.2286
563,83.6904
564,95.138
565,77.7053
566,81.5365
567,76.6184
568,75.0072
569,78.9273
570,86.0601
571,72.0621
572,92.1427
573,75.0206
574,84.2592
575,85.119
576,85.5439
577,90.7184
578,90.6586
579,87.8706
580,85.9954
581,83.6714
582,96.3775
583,108.815
584,89.9869
585,95.2296
586,87.3607
587,92.8401
588,92.4582
589,90.6538
590,74.8863
591,81.802
592,98.2472
593,80.6411
594,111.004
595,134.939
596,86.7643
597,133.321
598,108.907
599,100.725
600,110.481
601,120.531
602,85.2163
603,105.143
604,104.099
605,81.1251
606,99.7826
607,94.4373
608,106.846
609,107.376
610,71.1338
611,100.039
612,69.1196
613,83.623
614,76.5756
615,90.7555
616,90.3427
617,81.178
618,82.7377
619,79.3714
620,81.2638
621,68.6938
622,72.8177
623,62.7934
624,65.7966
625,68.7867
626,67.8069
627,66.9587
628,78.5659
629,71.1145
630,81.6846
631,68.778
632,96.1631
633,72.5363
634,97.8916
635,97.5985
636,76.5657
637,69.4893
638,73.0627
639,58.5423
640,89.4695
641,70.4439
642,88.5055
643,85.4142
644,73.997
645,75.4323
646,67.0451
647,83.0206
648,69.6987
649,75.5726
650,72.6264
651,63.1195
652,69.7984
653,59.9987
654,77.4955
655,77.3781
656,69.5804
657,85.3971
658,54.2468
659,93.9629
660,81.9954
661,87.4134
662,86.1747
663,72.5319
664,91.1275
665,65.5123
666,71.7634
667,69.6257
668,55.9626
669,63.505
670,70.1622
671,64.4367
672,61.6941
673,57.9483
674,50.7654
675,59.5188
676,61.112
677,64.8448
678,58.2475
679,53.6176
680,68.3576
681,77.0506
682,81.5684
683,71.7725
684,83.4247
685,76.1113
686,71.3268
687,67.5836
688,76.1464
689,79.2292
690,69.0306
691,68.2956
692,78.6896
693,65.144
694,85.0366
695,84.3297
696,76.2317
697,91.4467
698,63.7332
699,86.8168
700,83.0362
701,76.4096
702,85.457
703,89.6059
704,67.0677
705,69.9963
706,80.6587
707,62.747
708,78.4117
709,73.8101
710,64.3952
711,78.4786
712,84.2681
713,81.893
714,63.9327
715,70.1786
716,69.7579
717,72.8552
718,82.0941
719,77.4489
720,77.2596
721,80.9402
722,61.8098
723,84.7328
724,79.0707
725,76.2145
726,70.4813
727,71.5349
728,65.611
729,73.6648
730,62.48
731,60.221
732,73.9582
733,56.3923
734,71.1408
735,71.872
736,73.4847
737,72.7735
738,92.5101
739,75.906
740,95.6537
741,72.9964
742,97.451
743,95.1724
744,79.7412
745,91.986
746,85.9872
747,91.8631
748,75.6277
749,87.1819
750,71.0884
751,95.7857
752,80.9414
753,81.6202
754,81.7282
755,89.5674
756,97.4412
757,77.2254
758,84.2444
759,83.3622
760,94.9866
761,96.1543
762,90.5
763,90.4652
764,72.5622
765,69.7757
766,92.8237
767,73.5631
768,78.9455
769,73.6816
770,88.9985
771,79.2322
772,73.6516
773,69.8606
774,69.7186
775,52.7869
776,77.4322
777,61.4451
778,72.5795
779,66.4975
780,74.0276
781,75.2924
782,70.7488
783,74.0206
784,59.8832
785,71.1498
786,70.0231
787,88.3757
788,76.1109
789,86.0775
790,76.7843
791,82.0828
792,82.9012
793,84.6817
794,73.4009
795,73.0425
796,89.7438
797,103.18
798,77.4278
799,87.3499
800,74.5631
801,68.2531
802,67.7793
803,69.3484
804,67.3421
805,62.2992
806,70.5934
807,65.8872
808,61.1
809,57.2191
810,73.987
811,72.2202
812,79.172
813,56.1148
814,84.2771
815,63.6222
816,90.2021
817,80.6807
818,66.8631
819,72.3702
820,68.0754
821,70.1948
822,64.7066
823,55.1683
824,63.2043
825,62.06
826,79.1306
827,71.6333
828,55.728
829,75.5807
830,61.0225
831,66.6289
832,60.048
833,67.1524
834,63.0058
835,78.676
836,68.2703
837,67.8626
838,67.8265
839,70.4964
840,64.3207
841,75.4419
842,66.6787
843,69.5674
844,61.0434
845,86.4825
846,66.8682
847,69.2698
848,77.8986
849,85.5703
850,81.6702
851,76.158
852,78.0466
853,69.0448
854,70.2276
855,66.985
856,73.63
857,66.3692
858,65.2816
859,83.5636
860,68.4056
861,78.4018
862,76.7175
863,75.0278
864,70.2103
865,67.1665
866,72.8563
867,62.5201
868,63.3523
869,60.9215
870,64.1499
871,55.9089
872,70.7169
873,67.2929
874,60.0946
875,60.5333
876,68.0853
877,68.8306
878,55.7863
879,69.0306
880,77.222
881,77.2742
882,59.5994
883,101.965
