0,4455.67
1,4006.38
2,3573.27
3,3573.5
4,3129.3
5,3315.87
6,3150.59
7,3090.93
8,3250.72
9,3336.05
10,3022.74
11,2955.11
12,3097.69
13,2971.82
14,2518.4
15,2904.22
16,2469.04
17,2526.11
18,2043.34
19,2319.47
20,2193.35
21,1959.78
22,2834.6
23,2414.18
24,2263.59
25,2274.59
26,3027.91
27,1982.04
28,1752.18
29,2471.35
30,2605.48
31,1938.42
32,2087.36
33,2507.64
34,2092.12
35,2168.36
36,1757.03
37,1512.78
38,2287.48
39,1934.81
40,2110.53
41,1375.57
42,2012.56
43,1619.75
44,1696.35
45,1847.53
46,1995.14
47,1439.06
48,1505.13
49,1507.76
50,1760.47
51,1701.81
52,1458.19
53,1381.95
54,1539.42
55,1864.09
56,1509.96
57,1527.69
58,1382.04
59,1895.77
60,1554.69
61,1313.03
62,1601.89
63,1257.31
64,1503.01
65,1576.35
66,1313.99
67,978.735
68,1207.93
69,1336.52
70,1448.3
71,963.492
72,1442.66
73,917.355
74,824.316
75,935.06
76,1067.95
77,1110.84
78,1377.37
79,1912.21
80,1507.6
81,1617.86
82,1306.92
83,1456.76
84,1649.24
85,870.412
86,985.063
87,985.982
88,984.121
89,972.809
90,1261.45
91,791.915
92,830.898
93,901.221
94,1067.63
95,929.509
96,928.572
97,835.204
98,1338.33
99,663.321
100,888.779
101,856.765
102,1214.78
103,1183.33
104,812.141
105,1094.16
106,845.186
107,819.104
108,725.411
109,814.173
110,700.038
111,685.97
112,718.576
113,1457.4
114,638.993
115,754.282
116,772.94
117,697.864
118,645.875
119,658.534
120,1232.92
121,1211.02
122,752.762
123,719.574
124,845.061
125,754.039
126,826.404
127,677.732
128,1058.61
129,996.358
130,907.953
131,925.744
132,1518.77
133,1444.03
134,908.159
135,852.329
136,1009.12
137,1155.75
138,1021.62
139,906.039
140,810.931
141,823.636
142,1244.3
143,956.355
144,815.971
145,640.78
146,1067.22
147,865.33
148,655.475
149,588.726
150,689.789
151,693.024
152,722.957
153,688.2
154,587.996
155,931.634
156,750.638
157,755.139
158,797.55
159,609.094
160,710.895
161,939.321
162,766.472
163,561.763
164,705.623
165,682.868
166,659.818
167,510.033
168,727.548
169,605.554
170,542.935
171,577.867
172,591.597
173,563.967
174,566.802
175,658.986
176,1047.14
177,713.885
178,741.155
179,586.085
180,598.692
181,541.703
182,553.608
183,651.06
184,701.233
185,806.023
186,587.886
187,547.682
188,593.348
189,587.173
190,513.08
191,534.924
192,648.827
193,582.33
194,527.201
195,695.901
196,619.266
197,630.031
198,452.241
199,531.877
200,524.634
201,464.716
202,475.119
203,551.219
204,600.738
205,533.603
206,462.194
207,494.835
208,495.676
209,483.663
210,645.092
211,529.748
212,603.156
213,514.379
214,459.637
215,486.591
216,506.561
217,464.187
218,439.233
219,473.339
220,491.92
221,419.594
222,487.847
223,462.262
224,440.11
225,427.766
226,428.674
227,416.144
228,582.982
229,467.001
230,410.235
231,421.434
232,425.071
233,721.985
234,501.903
235,483.93
236,490.581
237,435.728
238,444.164
239,582.663
240,415.098
241,626.808
242,390.851
243,624.651
244,478.053
245,431.503
246,431.094
247,613.405
248,516.788
249,426.743
250,442.931
251,504.239
252,508.558
253,394.9
254,425.852
255,371.821
256,417.685
257,419.154
258,396.25
259,369.085
260,381.54
261,415.241
262,422.865
263,467.518
264,405.763
265,443.975
266,528.489
267,416.491
268,460.351
269,463.881
270,412.11
271,393.585
272,430.296
273,378.275
274,387.539
275,360.347
276,403.295
277,343.932
278,381.386
279,386.046
280,411.553
281,427.018
282,423.952
283,492.541
284,492.086
285,404.107
286,495.368
287,603.363
288,648.564
289,612.178
290,418.721
291,520.685
292,477.742
293,466.244
294,426.725
295,393.569
296,597.151
297,739.816
298,554.239
299,452.07
300,517.307
301,567.992
302,499.127
303,463.441
304,449.147
305,454.841
306,442.738
307,420.482
308,455.092
309,399.015
310,380.839
311,400.463
312,399.021
313,417.46
314,373.078
315,389.213
316,372.226
317,379.563
318,352.263
319,385.157
320,339.687
321,358.826
322,364.199
323,369.067
324,359.16
325,404.613
326,384.929
327,378.007
328,406.521
329,362.768
330,417.847
331,446.358
332,469.435
333,426.442
334,398.551
335,418.916
336,408.468
337,618.628
338,391.481
339,373.593
340,390.159
341,480.726
342,453.349
343,427.885
344,419.596
345,473.097
346,412.59
347,386.263
348,387.808
349,385.739
350,426.551
351,380.659
352,403.84
353,388.289
354,359.855
355,316.416
356,360.957
357,392.193
358,336.824
359,346.158
360,369.155
361,299.424
362,354.301
363,341.505
364,343.661
365,361.269
366,347.596
367,302.631
368,315.118
369,324.493
370,303.19
371,327.027
372,337.685
373,383.069
374,316.465
375,332.673
376,386.889
377,351.007
378,389.342
379,337.4
380,345.639
381,323.026
382,309.31
383,273.452
384,319.948
385,298.822
386,306.499
387,303.831
388,328.977
389,344.003
390,346.053
391,295.034
392,298.801
393,365.794
394,305.81
395,341.654
396,287.956
397,300.294
398,325.372
399,243.188
400,334.442
401,327.331
402,274.108
403,304.768
404,289.469
405,259.43
406,279.534
407,262.688
408,269.655
409,285.353
410,252.733
411,278.164
412,293.37
413,242.009
414,307.516
415,274.995
416,262.035
417,256.556
418,339.922
419,293.076
420,289.019
421,279.328
422,259.843
423,278.465
424,251.476
425,297.183
426,312.755
427,260.788
428,276.909
429,301.47
430,244.823
431,268.456
432,246.373
433,247.154
434,279.844
435,282.182
436,269.339
437,291.831
438,259.705
439,265.033
440,273.701
441,249.318
442,262.129
443,277.903
444,291.508
445,260.163
446,268.135
447,220.41
448,231.93
449,260.72
450,244.497
451,269.167
452,270.701
453,256.316
454,255.117
455,290.68
456,293.059
457,259.856
458,271.321
459,254.813
460,240.896
461,261.431
462,243.256
463,235.692
464,247.412
465,270.796
466,270.02
467,259.717
468,256.131
469,267.83
470,263.221
471,317.03
472,312.512
473,297.498
474,295.914
475,274.826
476,307.914
477,293.513
478,265.926
479,276.616
480,281.636
481,277.83
482,279.112
483,320.746
484,278.18
485,286.323
486,289.1
487,263.122
488,267.967
489,250.993
490,311.337
491,268.386
492,222.135
493,279.165
494,308.629
495,258.014
496,251.435
497,283.556
498,221.668
499,255.308
500,233.087
501,221.932
502,284.811
503,223.76
504,252.803
505,245.82
506,224.764
507,248.044
508,211.384
509,234.544
510,220.887
511,209.922
512,220.764
513,240.376
514,250.854
515,220.867
516,212.737
517,221.042
518,213.079
519,242.158
520,222.325
521,233.897
522,217.551
523,217.773
524,251.793
525,249.886
526,248.036
527,208.976
528,229.606
529,206.202
530,216.327
531,257.521
532,206.567
533,200.651
534,217.679
535,229.203
536,189.088
537,229.036
538,212.344
539,253.396
540,258.742
541,239.006
542,276.671
543,268.103
544,257.156
545,199.583
546,189.333
547,237.485
548,216.828
549,216.561
550,217.787
551,214.339
552,216.69
553,210.895
554,225.43
555,206.672
556,231.36
557,245.39
558,261.749
559,222.543
560,262.895
561,254.853
562,292.366
563,261.627
564,247.523
565,265.533
566,232.013
567,228.377
568,233.927
569,240.239
570,202.23
571,236.339
572,233.096
573,218.258
574,202.98
575,237.747
576,235.448
577,219.656
578,223.52
579,217.949
580,195.195
581,229.268
582,231.185
583,223.382
584,223.387
585,217.993
586,226.842
587,239.131
588,210.289
589,214.573
590,219.846
591,202.068
592,220.942
593,236.366
594,226.262
595,193.274
596,196.878
597,179.772
598,232.365
599,230.125
600,228.954
601,210.412
602,215.865
603,213.546
604,221.864
605,189.278
606,202.813
607,220.033
608,239.612
609,210.382
610,234.943
611,209.397
612,200.325
613,182.613
614,217.966
615,206.999
616,208.764
617,237.089
618,249.705
619,219.32
620,227.472
621,240.862
622,229.55
623,205.754
624,195.644
625,233.227
626,205.143
627,194.772
628,217.266
629,226.422
630,197.41
631,205.841
632,237.404
633,222.077
634,197.353
635,224.089
636,226.385
637,208.348
638,196.967
639,212.656
640,209.251
641,192.674
642,242.904
643,217.76
644,200.273
645,187.805
646,202.151
647,191.072
648,232.587
649,224.773
650,195.707
651,217.674
652,179.384
653,232.72
654,203.057
655,216.992
656,247.555
657,217.428
658,216.308
659,213.692
660,221.917
661,231.083
662,228.657
663,213.695
664,230.518
665,210.623
666,203.56
667,249.186
668,211.594
669,180.239
670,188.864
671,199.858
672,197.702
673,203.875
674,209.46
675,232.783
676,217.929
677,222.355
678,233.135
679,201.158
680,220.602
681,230.294
682,195.419
683,233.089
684,227.627
685,188.839
686,207.084
687,252.216
688,219.663
689,240.475
690,253.652
691,218.022
692,182.687
693,258.145
694,222.146
695,210.182
696,224.194
697,196.043
698,198.899
699,198.777
700,197.664
701,201.587
702,241.518
703,260.753
704,226.6
705,182.031
706,220.035
707,225.239
708,211.496
709,191.668
710,212.143
711,203.706
712,180.164
713,197.937
714,196.622
715,203.925
716,196.909
717,194.092
718,210.745
719,186.746
720,226.956
721,214.094
722,194.519
723,208.52
724,213.865
725,207.553
726,197.103
727,189.961
728,189.565
729,195.255
730,210.832
731,180.072
732,210.548
733,197.413
734,197.888
735,189.94
736,224.778
737,215.279
738,217.983
739,210.556
740,233.416
741,196.634
742,192.793
743,233.17
744,192.772
745,208.076
746,174.628
747,198.02
748,204.68
749,192.894
750,234.453
751,223.31
752,179.695
753,204.972
754,181.448
755,178.785
756,185.456
757,186.765
758,178.683
759,194.26
760,150.526
761,174.78
762,197.523
763,174.964
764,165.665
765,175.353
766,178.496
767,191.592
768,169.602
769,190.763
770,209.385
771,181.002
772,198.482
773,188.072
774,201.743
775,178.304
776,171.91
777,211.331
778,189.822
779,210.554
780,197.734
781,174.469
782,185.343
783,197.755
784,205.758
785,202.464
786,170.968
787,186.792
788,208.407
789,195.763
790,229.94
791,187.071
792,198.305
793,193.409
794,205.692
795,168.908
796,189.179
797,189.036
798,179.718
799,210.158
800,194.94
801,170.257
802,216.842
803,220.766
804,181.33
805,217.439
806,233.782
807,191.023
808,217.124
809,220.884
810,209.039
811,214.533
812,253.82
813,202.6
814,207.883
815,211.17
816,207.56
817,203.467
818,253.385
819,203.486
820,220.696
821,215.601
822,232.753
823,208.212
824,207.35
825,235.341
826,190.438
827,204.967
828,190.04
829,197.608
830,203.606
831,190.304
832,198.973
833,222.757
834,198.377
835,197.345
836,192.938
837,180.218
838,198.0
839,198.902
840,202.253
841,211.803
842,190.272
843,218.164
844,199.837
845,171.602
846,207.247
847,190.96
848,187.644
849,203.812
850,161.283
851,213.364
852,191.999
853,176.578
854,193.672
855,200.94
856,186.951
857,192.821
858,217.28
859,182.408
860,181.289
861,181.406
862,196.146
863,176.764
864,181.911
865,213.285
866,194.074
867,209.806
868,215.757
869,192.999
870,213.459
871,212.193
872,186.676
873,190.079
874,192.24
875,189.762
876,198.324
877,164.581
878,187.978
879,176.797
880,184.036
881,190.115
882,168.914
883,190.503
884,184.609
885,202.526
886,158.535
887,162.607
888,177.007
889,168.086
890,195.113
891,169.954
892,192.603
893,144.602
894,189.157
895,158.813
896,168.293
897,170.008
898,209.284
899,151.052
900,177.489
901,169.681
902,203.648
903,205.349
904,164.166
905,172.251
906,185.166
907,181.786
908,182.411
909,189.825
910,199.178
911,170.327
912,167.072
913,209.098
914,185.792
915,188.113
916,162.851
917,181.488
918,222.971
919,209.208
920,176.255
921,176.702
922,191.681
923,211.797
924,169.909
925,172.0
926,173.207
927,210.078
928,189.328
929,169.112
930,168.552
931,212.716
932,221.355
933,190.466
934,199.136
935,188.401
936,161.068
937,187.23
938,191.144
939,205.994
940,192.18
941,181.45
942,151.44
943,147.318
944,165.138
945,162.811
946,164.859
947,172.764
948,187.595
949,158.709
950,171.046
951,168.919
952,182.909
953,186.679
954,173.222
955,162.779
956,163.2
957,173.754
958,158.074
959,206.444
960,184.429
961,175.17
962,178.599
963,154.897
964,185.27
965,150.203
966,157.025
967,154.185
968,175.669
969,170.375
970,178.8
971,175.061
972,176.622
973,171.008
974,195.685
975,182.214
976,186.078
977,177.945
978,196.846
979,227.007
980,204.596
981,190.733
982,219.666
983,196.691
984,191.479
985,172.603
986,187.456
987,175.501
988,178.444
989,158.832
990,171.558
991,168.715
992,179.555
993,172.847
994,174.839
995,182.173
996,181.023
997,188.396
998,170.929
999,202.951
1000,151.768
1001,151.762
1002,187.39
1003,189.789
1004,167.141
1005,186.893
1006,212.518
1007,199.519
1008,173.022
1009,161.052
1010,161.828
1011,182.395
1012,193.164
1013,212.188
1014,193.084
1015,217.289
1016,185.942
1017,208.164
1018,207.792
1019,198.407
1020,208.272
1021,201.69
1022,195.452
1023,205.119
1024,186.403
1025,166.26
1026,188.594
1027,183.507
1028,212.758
1029,166.007
1030,157.017
1031,168.045
1032,162.658
1033,177.324
1034,173.072
1035,175.143
1036,180.735
1037,191.18
1038,191.334
1039,181.143
1040,205.848
1041,228.179
1042,188.475
1043,196.084
1044,208.684
1045,210.847
1046,203.14
1047,209.08
1048,187.883
1049,211.677
1050,168.354
1051,181.988
1052,181.194
1053,184.767
1054,176.272
1055,165.801
1056,158.198
1057,178.369
1058,188.486
1059,142.577
1060,174.546
1061,174.247
1062,160.763
1063,186.506
1064,179.878
1065,154.546
1066,206.19
1067,177.998
1068,170.828
1069,192.689
1070,168.851
1071,170.223
1072,208.492
1073,160.02
1074,165.065
1075,164.176
1076,173.315
1077,145.542
1078,160.065
1079,153.396
1080,171.328
1081,147.17
1082,152.6
1083,182.49
1084,186.026
1085,188.685
1086,171.298
1087,207.684
1088,170.042
1089,150.624
1090,190.073
1091,180.714
1092,164.2
1093,192.332
1094,184.145
1095,193.077
1096,174.999
1097,173.115
1098,188.535
1099,174.364
1100,208.568
1101,165.197
1102,158.365
1103,170.805
1104,165.431
1105,167.033
1106,195.039
1107,182.082
1108,196.551
1109,185.109
1110,177.275
1111,183.778
1112,163.965
1113,193.632
1114,195.281
1115,165.201
1116,180.026
1117,162.514
1118,167.431
1119,163.263
1120,179.379
1121,142.704
1122,153.744
1123,170.45
1124,151.206
1125,167.243
1126,181.471
1127,152.222
1128,156.654
1129,151.103
1130,166.085
1131,180.261
1132,178.676
1133,172.046
1134,189.625
1135,169.589
1136,166.797
1137,184.911
1138,178.316
1139,171.193
1140,131.902
1141,175.021
1142,166.594
1143,165.299
1144,159.547
1145,151.257
1146,159.354
1147,150.847
1148,153.005
1149,174.789
1150,166.107
1151,182.04
1152,201.786
1153,176.93
1154,169.306
1155,158.551
1156,145.862
1157,175.064
1158,150.654
1159,185.583
1160,162.712
1161,154.155
1162,187.893
1163,162.946
1164,184.063
1165,161.746
1166,155.808
1167,136.876
1168,181.741
1169,165.181
1170,156.907
1171,178.34
1172,161.135
1173,160.295
1174,163.174
1175,170.652
1176,155.877
1177,155.3
1178,152.592
1179,177.038
1180,177.803
1181,156.75
1182,164.928
1183,219.644
1184,230.66
1185,188.634
1186,198.433
1187,225.32
1188,169.521
1189,194.228
1190,187.702
1191,147.934
1192,237.196
1193,196.45
1194,205.079
1195,222.884
1196,197.284
1197,195.759
1198,180.602
1199,172.893
1200,170.579
1201,179.201
1202,159.518
1203,174.407
1204,177.749
1205,166.604
1206,159.352
1207,156.827
1208,156.121
1209,167.511
1210,178.15
1211,146.188
1212,156.376
1213,162.46
1214,165.507
1215,168.94
1216,175.45
1217,161.493
1218,164.835
1219,159.394
1220,139.307
1221,159.338
1222,162.155
1223,137.251
1224,157.471
1225,155.681
1226,148.594
1227,154.753
1228,165.869
1229,180.01
1230,162.52
1231,158.151
1232,155.819
1233,154.476
1234,158.165
1235,150.93
1236,177.109
1237,156.205
1238,168.912
1239,151.512
1240,164.124
1241,178.644
1242,187.581
1243,172.933
1244,148.917
1245,168.102
1246,142.022
1247,148.975
1248,172.785
1249,165.379
1250,163.961
1251,162.327
1252,168.188
1253,161.522
1254,167.56
1255,153.2
1256,160.95
1257,174.656
1258,148.06
1259,142.466
1260,138.902
1261,150.51
1262,145.813
1263,147.451
1264,159.18
1265,165.316
1266,145.407
1267,172.562
1268,154.195
1269,156.788
1270,168.536
1271,158.613
1272,155.508
1273,153.072
1274,153.02
1275,168.439
1276,160.178
1277,156.254
1278,162.842
1279,142.798
1280,148.711
1281,178.578
1282,163.241
1283,182.305
1284,178.794
1285,160.408
1286,161.357
1287,162.502
1288,166.393
1289,179.717
1290,162.159
1291,156.034
1292,162.512
1293,188.73
1294,158.727
1295,155.52
1296,168.533
1297,165.909
1298,163.518
1299,167.075
1300,174.463
1301,189.629
1302,142.988
1303,179.13
1304,197.711
1305,159.616
1306,187.685
1307,215.607
1308,164.763
1309,224.195
1310,204.459
1311,179.398
1312,181.385
1313,188.919
1314,222.046
1315,191.114
1316,179.993
1317,181.274
1318,166.302
1319,172.071
1320,196.385
1321,150.3
1322,170.433
1323,185.291
1324,163.153
1325,172.811
1326,167.082
1327,183.007
1328,158.236
1329,154.434
1330,152.536
1331,162.795
1332,171.003
1333,173.651
1334,180.257
1335,151.637
1336,174.358
1337,167.444
1338,149.831
1339,155.709
1340,160.527
1341,156.763
1342,161.018
1343,136.306
1344,167.139
1345,157.244
1346,157.415
1347,158.968
1348,161.128
1349,165.559
1350,153.976
1351,181.523
1352,145.214
1353,154.403
1354,180.317
1355,158.932
1356,157.589
1357,166.715
1358,142.706
1359,182.395
1360,148.046
1361,156.443
1362,152.133
1363,151.744
1364,179.534
1365,179.967
1366,168.122
1367,148.54
1368,158.543
1369,173.918
1370,192.777
1371,158.562
1372,176.281
1373,162.625
1374,158.665
1375,180.875
1376,166.292
1377,167.275
1378,162.508
1379,164.338
1380,168.206
1381,152.799
1382,146.592
1383,151.074
1384,183.307
1385,181.719
1386,145.907
1387,132.754
1388,165.511
1389,168.475
1390,152.647
1391,155.933
1392,157.831
1393,165.397
1394,145.578
1395,155.43
1396,138.158
1397,132.108
1398,153.734
1399,132.054
1400,137.911
1401,144.8
1402,149.734
1403,144.369
1404,144.305
1405,136.408
1406,125.098
1407,139.831
1408,133.869
1409,130.247
1410,152.236
1411,148.504
1412,144.577
1413,147.797
1414,154.91
1415,146.742
1416,147.461
1417,141.11
1418,165.473
1419,140.473
1420,150.554
1421,168.074
1422,138.901
1423,133.884
1424,148.843
1425,154.441
1426,139.323
1427,137.991
1428,140.6
1429,156.099
1430,155.595
1431,154.917
1432,160.088
1433,138.011
1434,149.83
1435,145.768
1436,157.099
1437,130.04
1438,148.606
1439,159.075
1440,171.552
1441,144.62
1442,163.916
1443,152.777
1444,146.381
1445,146.751
1446,142.54
1447,148.039
1448,139.775
1449,140.305
1450,140.958
1451,130.217
1452,128.326
1453,135.392
1454,140.495
1455,180.934
1456,145.492
1457,149.638
1458,133.039
1459,141.27
1460,123.135
1461,126.612
1462,158.235
1463,165.191
1464,150.481
1465,131.246
1466,148.335
1467,167.97
1468,159.398
1469,169.835
1470,156.906
1471,159.616
1472,150.702
1473,142.441
1474,188.291
1475,164.963
1476,167.481
1477,164.876
1478,176.952
1479,177.389
1480,164.964
1481,154.576
1482,144.803
1483,148.511
1484,158.581
1485,140.077
1486,158.5
1487,138.214
1488,134.279
1489,168.773
1490,158.284
1491,164.927
1492,179.596
1493,217.619
1494,186.523
1495,174.455
1496,176.051
1497,173.456
1498,177.231
1499,194.168
1500,203.617
1501,168.596
1502,169.964
1503,190.239
1504,165.479
1505,157.859
1506,150.431
1507,181.548
1508,164.318
1509,183.101
1510,185.105
1511,147.162
1512,171.801
1513,187.298
1514,148.653
1515,155.117
1516,173.606
1517,199.573
1518,166.913
1519,184.132
1520,190.071
1521,130.651
1522,136.462
1523,154.972
1524,169.015
1525,160.008
1526,143.781
1527,150.843
1528,161.816
1529,153.881
1530,164.722
1531,162.638
1532,162.149
1533,140.314
1534,145.88
1535,158.504
1536,135.798
1537,143.611
1538,168.338
1539,130.661
1540,164.398
1541,152.864
1542,131.051
1543,158.396
1544,146.602
1545,150.605
1546,158.193
1547,148.321
1548,180.299
1549,157.518
1550,144.314
1551,158.662
1552,169.182
1553,160.09
1554,177.673
1555,153.58
1556,164.98
1557,156.159
1558,157.332
1559,113.066
1560,170.319
1561,170.369
1562,168.131
1563,179.391
1564,159.763
1565,162.834
1566,172.008
1567,182.812
1568,160.309
1569,172.935
1570,181.843
1571,184.706
1572,168.655
1573,169.215
1574,152.167
1575,171.068
1576,171.213
1577,154.439
1578,164.352
1579,167.744
1580,161.044
1581,152.646
1582,168.275
1583,170.633
1584,159.415
1585,160.484
1586,153.39
1587,156.225
1588,170.723
1589,148.676
1590,141.113
1591,129.406
1592,171.485
1593,147.224
1594,150.857
1595,164.062
1596,156.929
1597,160.552
1598,189.319
1599,139.954
1600,138.779
1601,140.459
1602,145.354
1603,153.349
1604,160.585
1605,143.224
1606,141.716
1607,157.587
1608,141.002
1609,149.055
1610,179.933
1611,175.311
1612,155.248
1613,134.267
1614,129.054
1615,145.198
1616,141.769
1617,134.201
1618,129.956
1619,136.848
1620,143.814
1621,140.328
1622,154.951
1623,177.423
1624,153.759
1625,167.007
1626,136.769
1627,160.587
1628,143.044
1629,146.557
1630,161.243
1631,173.078
1632,138.717
1633,139.25
1634,127.027
1635,129.456
1636,149.938
1637,132.347
1638,134.342
1639,108.048
1640,121.367
1641,110.08
1642,136.76
1643,143.631
1644,127.009
1645,134.093
1646,136.811
1647,139.6
1648,142.471
1649,133.703
1650,120.865
1651,143.243
1652,129.957
1653,169.221
1654,161.004
1655,138.21
1656,147.214
1657,145.071
1658,145.122
1659,131.061
1660,154.274
1661,138.007
1662,139.089
1663,127.948
1664,167.695
1665,149.673
1666,129.501
1667,137.296
1668,176.689
1669,144.09
1670,161.294
1671,145.613
1672,148.516
1673,143.007
1674,126.34
1675,143.262
1676,140.285
1677,137.644
1678,121.187
1679,139.31
1680,149.391
1681,144.171
1682,145.647
1683,134.22
1684,130.039
1685,140.611
1686,140.287
1687,136.605
1688,159.729
1689,153.6
1690,137.312
1691,144.123
1692,136.722
1693,137.538
1694,135.804
1695,152.732
1696,140.747
1697,147.401
1698,137.292
1699,162.061
1700,161.115
1701,179.12
1702,156.165
1703,168.777
1704,167.918
1705,137.721
1706,176.074
1707,156.919
1708,146.337
1709,168.998
1710,173.303
1711,144.478
1712,137.213
1713,176.879
1714,144.984
1715,147.703
1716,158.283
1717,145.8
1718,137.064
1719,136.347
1720,125.257
1721,134.207
1722,154.696
1723,150.53
1724,132.01
1725,141.796
1726,159.589
1727,170.686
1728,162.408
1729,144.245
1730,137.735
1731,144.655
1732,158.678
1733,144.169
1734,148.962
1735,162.72
1736,147.097
1737,159.074
1738,146.432
1739,152.98
1740,172.018
1741,153.088
1742,168.63
1743,171.441
1744,141.999
1745,157.261
1746,143.489
1747,156.94
1748,165.255
1749,187.087
1750,144.064
1751,120.301
1752,143.421
1753,156.489
1754,135.121
1755,163.025
1756,145.283
1757,133.178
1758,135.391
1759,135.775
1760,145.136
1761,139.513
1762,122.36
1763,127.378
1764,134.644
1765,148.886
1766,144.442
1767,147.622
1768,148.045
1769,143.234
1770,150.003
1771,174.625
1772,160.326
1773,163.633
1774,137.427
1775,127.289
1776,145.206
1777,150.613
1778,109.786
1779,144.85
1780,144.397
1781,130.626
1782,142.154
1783,160.16
1784,148.879
1785,140.25
1786,123.973
1787,136.608
1788,130.466
1789,131.54
1790,134.198
1791,142.83
1792,144.715
1793,143.132
1794,129.281
1795,117.942
1796,133.618
1797,136.501
1798,141.22
1799,154.507
1800,173.574
1801,142.741
1802,161.163
1803,139.108
1804,140.341
1805,143.427
1806,128.942
1807,145.259
1808,134.651
1809,152.025
1810,146.645
1811,150.213
1812,125.852
1813,127.447
1814,133.677
1815,141.892
1816,136.225
1817,116.04
1818,127.534
1819,134.957
1820,145.871
1821,138.152
1822,129.146
1823,139.512
1824,144.025
1825,132.424
1826,168.328
1827,151.545
1828,163.159
1829,143.993
1830,134.619
1831,125.796
1832,127.453
1833,130.506
1834,122.487
1835,135.076
1836,143.503
1837,118.36
1838,148.324
1839,126.583
1840,145.09
1841,139.938
1842,145.413
1843,134.057
1844,163.843
1845,163.742
1846,124.799
1847,142.948
1848,167.152
1849,118.87
1850,142.395
1851,157.394
1852,180.353
1853,148.669
1854,133.595
1855,144.021
1856,135.587
1857,154.65
1858,148.745
1859,141.115
1860,144.49
1861,142.225
1862,147.615
1863,148.278
1864,150.019
1865,131.195
1866,119.376
1867,136.18
1868,121.542
1869,132.209
1870,125.042
1871,127.659
1872,140.31
1873,128.815
1874,123.951
1875,130.559
1876,119.98
1877,106.5
1878,135.656
1879,119.04
1880,135.666
1881,127.557
1882,146.701
1883,115.907
1884,120.194
1885,140.213
1886,142.848
1887,159.603
1888,129.336
1889,161.057
1890,153.087
1891,126.697
1892,144.948
1893,152.759
1894,148.67
1895,149.181
1896,139.337
1897,136.766
1898,146.561
1899,141.769
1900,139.757
1901,133.864
1902,156.342
1903,152.005
1904,136.626
1905,164.447
1906,134.601
1907,130.886
1908,140.777
1909,150.019
1910,139.133
1911,153.847
1912,155.439
1913,169.75
1914,164.387
1915,164.297
1916,145.142
1917,158.054
1918,133.062
1919,153.816
1920,157.149
1921,160.336
1922,130.08
1923,169.758
1924,169.377
1925,145.922
1926,141.674
1927,145.812
1928,139.066
1929,161.86
1930,148.197
1931,144.704
1932,149.181
1933,179.117
1934,133.335
1935,171.344
1936,163.572
1937,141.553
1938,146.947
1939,158.118
1940,147.458
1941,143.542
1942,145.976
1943,128.026
1944,143.466
1945,128.646
1946,127.574
1947,130.848
1948,144.766
1949,150.189
1950,140.174
1951,134.312
1952,147.376
1953,128.977
1954,165.266
1955,148.078
1956,146.984
1957,148.566
1958,143.941
1959,161.654
1960,143.851
1961,136.566
1962,147.349
1963,128.743
1964,126.932
1965,132.278
1966,141.12
1967,132.498
1968,134.777
1969,121.346
1970,113.383
1971,131.6
1972,130.216
1973,118.214
1974,131.218
1975,116.036
1976,126.893
1977,120.643
1978,127.932
1979,138.405
1980,113.251
1981,130.306
1982,135.599
1983,133.712
1984,114.779
1985,119.656
1986,132.876
1987,114.008
1988,128.226
1989,115.223
1990,104.071
1991,113.016
1992,120.944
1993,105.21
1994,136.711
1995,134.985
1996,136.115
1997,120.545
1998,132.448
1999,130.797
2000,144.881
2001,144.515
2002,122.972
2003,136.973
2004,134.116
2005,121.591
2006,161.776
2007,136.207
2008,147.828
2009,128.5
2010,147.254
2011,138.204
2012,133.661
2013,145.954
2014,128.503
2015,148.21
2016,126.168
2017,128.369
2018,134.908
2019,138.848
2020,130.877
2021,150.594
2022,132.705
2023,123.765
2024,129.058
2025,128.605
2026,132.095
2027,137.96
2028,124.061
2029,145.801
2030,143.323
2031,139.562
2032,120.219
2033,135.745
2034,143.248
2035,131.542
2036,113.916
2037,124.111
2038,144.676
2039,129.262
2040,120.075
2041,139.07
2042,126.338
2043,140.574
2044,133.901
2045,136.81
2046,149.792
2047,131.229
2048,157.173
2049,148.945
2050,118.886
2051,120.274
2052,131.887
2053,121.942
2054,120.715
2055,121.359
2056,126.304
2057,120.508
2058,118.057
2059,120.083
2060,139.538
2061,105.307
2062,126.601
2063,123.077
2064,126.301
2065,116.907
2066,126.752
2067,122.108
2068,121.022
2069,130.819
2070,132.156
2071,130.547
2072,125.772
2073,129.769
2074,150.458
2075,118.215
2076,115.867
2077,130.487
2078,119.253
2079,118.739
2080,108.701
2081,120.305
2082,113.082
2083,107.298
2084,103.748
2085,131.057
2086,118.21
2087,121.989
2088,121.601
2089,117.912
2090,116.211
2091,129.217
2092,138.308
2093,115.624
2094,146.551
2095,121.48
2096,139.835
2097,128.861
2098,118.01
2099,123.462
2100,92.7597
2101,139.655
2102,135.244
2103,120.134
2104,136.396
2105,134.933
2106,120.416
2107,165.044
2108,141.269
2109,124.733
2110,146.321
2111,140.323
2112,132.874
2113,134.348
2114,120.223
2115,141.007
2116,146.94
2117,131.61
2118,128.837
2119,134.84
2120,116.911
2121,129.361
2122,139.751
2123,133.701
2124,148.495
2125,143.288
2126,130.692
2127,124.835
2128,128.582
2129,144.355
2130,141.516
2131,123.002
2132,143.18
2133,116.01
2134,122.657
2135,124.548
2136,125.132
2137,143.59
2138,132.091
2139,134.074
2140,140.933
2141,133.21
2142,128.515
2143,123.429
2144,124.588
2145,125.604
2146,122.702
2147,132.947
2148,129.655
2149,128.987
2150,132.987
2151,148.563
2152,130.858
2153,151.876
2154,128.794
2155,143.133
2156,143.976
2157,129.3
2158,132.426
2159,120.291
2160,139.765
2161,156.565
2162,125.323
2163,132.545
2164,130.226
2165,124.705
2166,119.179
2167,123.559
2168,114.289
2169,128.373
2170,124.834
2171,120.225
2172,115.502
2173,101.546
2174,133.295
2175,134.014
2176,118.285
2177,119.988
2178,123.599
2179,129.015
2180,119.045
2181,140.385
2182,133.76
2183,138.604
2184,124.198
2185,120.435
2186,116.602
2187,108.541
2188,158.372
2189,128.246
2190,166.884
2191,147.742
2192,166.23
2193,170.818
2194,144.251
2195,122.364
2196,145.16
2197,142.657
2198,156.978
2199,141.779
2200,143.727
2201,135.165
2202,135.028
2203,126.21
2204,126.98
2205,109.206
2206,133.563
2207,129.585
2208,128.839
2209,121.746
2210,136.011
2211,134.712
2212,117.598
2213,127.633
2214,118.865
2215,109.016
2216,110.447
2217,115.111
2218,111.22
2219,112.213
2220,112.739
2221,117.652
2222,106.015
2223,114.046
2224,116.404
2225,108.876
2226,115.7
2227,126.525
2228,106.714
2229,107.031
2230,102.225
2231,117.461
2232,125.392
2233,110.763
2234,120.516
2235,139.25
2236,131.271
2237,112.943
2238,128.991
2239,116.581
2240,104.749
2241,111.205
2242,107.934
2243,133.501
2244,139.936
2245,120.966
2246,124.82
2247,112.234
2248,120.032
2249,141.314
2250,112.385
2251,117.321
2252,110.196
2253,110.79
2254,119.195
2255,101.79
2256,105.38
2257,118.2
2258,118.025
2259,115.363
2260,107.615
2261,115.135
2262,120.649
2263,127.743
2264,106.563
2265,101.486
2266,113.561
2267,120.432
2268,110.359
2269,129.978
2270,110.253
2271,129.437
2272,129.863
2273,116.742
2274,114.632
2275,144.205
2276,123.099
2277,122.03
2278,104.692
2279,122.322
2280,118.125
2281,124.0
2282,123.425
2283,125.231
2284,129.021
2285,114.53
2286,131.637
2287,125.839
2288,145.38
2289,130.028
2290,132.011
2291,139.337
2292,116.506
2293,112.674
2294,136.046
2295,133.423
2296,134.219
2297,115.883
2298,113.349
2299,117.03
2300,127.277
2301,109.843
2302,119.393
2303,133.088
2304,113.585
2305,117.643
2306,123.888
2307,122.649
2308,124.255
2309,116.809
2310,117.549
2311,124.561
2312,116.075
2313,110.084
2314,119.901
2315,118.194
2316,113.869
2317,114.208
2318,102.745
2319,112.108
2320,107.021
2321,107.817
2322,109.636
2323,123.724
2324,105.699
2325,112.142
2326,119.243
2327,136.089
2328,130.282
2329,111.31
2330,105.169
2331,124.765
2332,120.332
2333,114.028
2334,131.502
2335,119.193
2336,116.527
2337,114.669
2338,128.679
2339,116.503
2340,132.493
2341,116.738
2342,158.792
2343,148.457
2344,120.408
2345,143.688
2346,146.952
2347,128.829
2348,142.945
2349,156.714
2350,131.08
2351,152.73
2352,155.86
2353,131.519
2354,139.408
2355,142.364
2356,136.87
2357,146.794
2358,145.109
2359,129.782
2360,138.18
2361,162.679
2362,118.891
2363,134.368
2364,180.795
2365,149.367
2366,129.33
2367,134.66
2368,122.263
2369,133.245
2370,136.822
2371,116.484
2372,153.382
2373,130.457
2374,142.864
2375,149.743
2376,137.494
2377,149.298
2378,158.839
2379,128.635
2380,150.339
2381,136.116
2382,140.403
2383,172.309
2384,190.224
2385,148.766
2386,167.556
2387,150.957
2388,134.106
2389,135.263
2390,138.839
2391,143.78
2392,140.123
2393,109.344
2394,149.4
2395,144.628
2396,118.528
2397,117.074
2398,133.381
2399,155.569
2400,128.948
2401,137.099
2402,109.57
2403,120.95
2404,133.63
2405,112.934
2406,119.285
2407,127.956
2408,121.472
2409,128.286
2410,129.261
2411,153.024
2412,115.991
2413,135.511
2414,139.473
2415,119.302
2416,144.938
2417,133.327
2418,137.481
2419,115.238
2420,142.656
2421,140.582
2422,113.475
2423,126.382
2424,103.719
2425,131.234
2426,111.492
2427,123.217
2428,119.75
2429,109.934
2430,131.48
2431,124.797
2432,124.829
2433,115.647
2434,146.601
2435,136.584
2436,136.951
2437,135.923
2438,134.327
2439,129.637
2440,150.089
2441,126.721
2442,127.469
2443,128.758
2444,117.154
2445,151.689
2446,132.554
2447,125.83
2448,147.279
2449,122.258
2450,129.107
2451,107.802
2452,153.936
2453,134.573
2454,113.196
2455,153.142
2456,134.586
2457,125.565
2458,136.623
2459,148.495
2460,128.795
2461,126.061
2462,101.85
2463,124.793
2464,138.453
2465,144.477
2466,118.288
2467,149.903
2468,123.907
2469,109.29
2470,128.788
2471,130.564
2472,114.709
2473,132.495
2474,133.741
2475,118.07
2476,138.861
2477,146.563
2478,146.397
2479,128.178
2480,171.617
2481,136.262
2482,129.074
2483,144.122
2484,131.311
2485,130.512
2486,148.509
2487,144.601
2488,123.367
2489,125.777
2490,142.226
2491,112.356
2492,127.461
2493,129.231
2494,126.439
2495,131.775
2496,136.357
2497,116.415
2498,111.418
2499,129.794
2500,135.53
2501,119.813
2502,111.187
2503,117.041
2504,104.252
2505,107.141
2506,110.631
2507,115.007
2508,106.097
2509,114.941
2510,117.423
2511,114.618
2512,127.711
2513,111.435
2514,128.788
2515,128.332
2516,123.188
2517,118.33
2518,112.011
2519,115.98
2520,100.506
2521,112.684
2522,114.832
2523,100.845
2524,98.8757
2525,93.7807
2526,108.284
2527,114.395
2528,92.6507
2529,100.854
2530,106.38
2531,106.761
2532,120.0
2533,109.78
2534,145.231
2535,140.21
2536,119.27
2537,120.109
2538,136.004
2539,127.527
2540,142.187
2541,125.515
2542,137.886
2543,113.763
2544,146.994
2545,136.616
2546,120.471
2547,140.976
2548,147.59
2549,117.977
2550,154.523
2551,142.804
2552,124.47
2553,141.597
2554,141.136
2555,141.424
2556,176.433
2557,143.736
2558,148.527
2559,118.181
2560,156.144
2561,147.82
2562,139.138
2563,127.911
2564,134.631
2565,127.341
2566,116.693
2567,118.667
2568,110.235
2569,106.765
2570,117.899
2571,112.092
2572,121.082
2573,113.184
2574,111.005
2575,100.271
2576,115.852
2577,108.482
2578,105.33
2579,96.3047
2580,107.721
2581,107.182
2582,105.614
2583,113.295
2584,131.43
2585,127.547
2586,101.602
2587,123.341
2588,104.949
2589,113.101
2590,98.9894
2591,116.276
2592,119.433
2593,101.828
2594,123.961
2595,110.097
2596,120.683
2597,115.424
2598,119.264
2599,119.248
2600,112.328
2601,130.163
2602,118.617
2603,133.079
2604,134.151
2605,134.697
2606,129.476
2607,141.439
2608,133.692
2609,140.06
2610,154.856
2611,137.792
2612,154.497
2613,137.945
2614,122.661
2615,167.359
2616,155.808
2617,130.113
2618,161.183
2619,128.916
2620,134.439
2621,172.248
2622,149.417
2623,130.362
2624,149.556
2625,124.234
2626,127.959
2627,143.34
2628,105.159
2629,145.948
2630,140.901
2631,132.123
2632,121.572
2633,118.733
2634,120.803
2635,122.26
2636,126.753
2637,101.001
2638,131.3
2639,142.432
2640,111.917
2641,135.876
2642,127.685
2643,115.055
2644,131.478
2645,133.298
2646,106.482
2647,124.601
2648,116.402
2649,121.038
2650,122.789
2651,100.11
2652,120.585
2653,130.362
2654,118.582
2655,123.675
2656,115.395
2657,124.553
2658,111.802
2659,112.102
2660,125.3
2661,131.865
2662,117.601
2663,114.196
2664,131.789
2665,134.273
2666,124.988
2667,129.171
2668,108.59
2669,111.577
2670,111.703
2671,114.515
2672,124.034
2673,109.878
2674,122.64
2675,120.678
2676,113.549
2677,111.927
2678,116.05
2679,150.217
2680,121.326
2681,108.323
2682,116.116
2683,104.361
2684,125.53
2685,101.504
2686,113.703
2687,114.256
2688,110.154
2689,106.109
2690,114.059
2691,113.658
2692,126.996
2693,123.457
2694,117.45
2695,110.894
2696,133.867
2697,116.267
2698,112.056
2699,89.2802
2700,99.4977
2701,117.918
2702,111.373
2703,104.292
2704,114.448
2705,116.249
2706,121.113
2707,112.879
2708,112.871
2709,113.887
2710,114.719
2711,105.672
2712,105.71
2713,117.418
2714,115.52
2715,96.7868
2716,82.7704
2717,92.5717
2718,110.738
2719,110.333
2720,100.336
2721,100.016
2722,81.052
2723,115.704
2724,109.657
2725,120.161
2726,111.345
2727,111.437
2728,106.917
2729,130.023
2730,129.1
2731,114.358
2732,127.397
2733,113.031
2734,125.128
2735,127.3
2736,124.642
2737,122.762
2738,118.02
2739,135.908
2740,142.375
2741,105.241
2742,125.716
2743,126.609
2744,112.065
2745,128.596
2746,143.479
2747,114.595
2748,131.561
2749,141.896
2750,105.864
2751,126.385
2752,107.615
2753,95.094
2754,121.827
2755,115.851
2756,104.185
2757,105.17
2758,109.561
2759,129.044
2760,128.8
2761,103.495
2762,105.082
2763,122.431
2764,128.094
2765,105.56
2766,117.306
2767,112.969
2768,119.844
2769,130.57
2770,125.743
2771,116.71
2772,115.602
2773,110.485
2774,118.859
2775,109.37
2776,111.717
2777,114.492
2778,108.992
2779,103.09
2780,109.868
2781,95.0759
2782,98.7001
2783,101.281
2784,104.146
2785,102.465
2786,113.163
2787,104.585
2788,97.4203
2789,119.68
2790,107.495
2791,122.658
2792,138.313
2793,134.107
2794,147.64
2795,117.598
2796,120.885
2797,120.735
2798,118.693
2799,125.383
2800,130.401
2801,121.76
2802,129.774
2803,122.445
2804,121.834
2805,122.928
2806,175.236
2807,138.053
2808,111.356
2809,137.524
2810,112.968
2811,134.091
2812,142.784
2813,121.624
2814,112.864
2815,120.357
2816,119.214
2817,126.935
2818,113.679
2819,100.455
2820,103.931
2821,117.825
2822,115.831
2823,124.112
2824,113.911
2825,119.471
2826,128.599
2827,106.716
2828,118.626
2829,117.159
2830,121.993
2831,128.827
2832,124.599
2833,112.086
2834,127.789
2835,110.639
2836,112.162
2837,116.294
2838,122.09
2839,131.846
2840,127.11
2841,131.538
2842,133.474
2843,152.645
2844,121.504
2845,141.687
2846,138.437
2847,125.335
2848,112.614
2849,118.238
2850,123.693
2851,107.778
2852,111.273
2853,116.379
2854,120.802
2855,117.518
2856,104.041
2857,97.4128
2858,105.423
2859,102.07
2860,113.436
2861,117.223
2862,100.823
2863,84.9341
2864,98.7294
2865,113.949
2866,95.6741
2867,119.674
2868,116.802
2869,95.7785
2870,137.987
2871,119.77
2872,116.811
2873,105.987
2874,107.237
2875,104.791
2876,104.231
2877,112.917
2878,116.405
2879,114.322
2880,119.218
2881,118.124
2882,132.14
2883,106.622
2884,107.634
2885,104.544
2886,109.002
2887,107.97
2888,108.508
2889,122.6
2890,112.963
2891,103.899
2892,101.232
2893,115.683
2894,104.447
2895,104.182
2896,125.534
2897,120.098
2898,118.616
2899,103.044
2900,119.819
2901,119.538
2902,113.894
2903,117.375
2904,130.063
2905,119.967
2906,122.312
2907,111.283
2908,110.692
2909,118.873
2910,138.472
2911,128.834
2912,129.148
2913,146.853
2914,125.345
2915,129.65
2916,133.781
2917,137.775
2918,108.396
2919,129.913
2920,130.934
2921,130.159
2922,125.48
2923,131.026
2924,132.609
2925,135.278
2926,136.062
2927,122.576
2928,108.086
2929,103.342
2930,96.7187
2931,111.47
2932,121.81
2933,127.838
2934,114.446
2935,144.804
2936,113.863
2937,116.87
2938,126.917
2939,94.8629
2940,113.905
2941,116.474
2942,97.7236
2943,119.4
2944,124.585
2945,110.1
2946,131.356
2947,97.2687
2948,113.578
2949,121.51
2950,119.301
2951,107.774
2952,117.501
2953,102.877
2954,95.3926
2955,131.775
2956,112.682
2957,138.557
2958,118.048
2959,120.871
2960,134.765
2961,120.94
2962,107.114
2963,119.159
2964,109.211
2965,123.916
2966,112.227
2967,113.444
2968,121.901
2969,109.315
2970,134.461
2971,109.775
2972,104.732
2973,102.862
2974,108.072
2975,92.3315
2976,115.985
2977,106.457
2978,140.036
2979,109.847
2980,100.864
2981,107.645
2982,117.938
2983,114.333
2984,101.232
2985,102.129
2986,119.677
2987,123.779
2988,99.1025
2989,107.651
2990,98.6271
2991,100.557
2992,102.215
2993,108.005
2994,115.489
2995,98.2391
2996,105.151
2997,90.6575
2998,109.554
2999,109.993
3000,95.3443
3001,103.828
3002,110.527
3003,106.948
3004,115.714
3005,104.026
3006,104.653
3007,120.917
3008,125.114
3009,107.627
3010,107.079
3011,111.56
3012,132.728
3013,103.383
3014,118.068
3015,110.254
3016,120.274
3017,121.062
3018,104.812
3019,111.904
3020,113.973
3021,107.405
3022,100.616
3023,110.076
3024,108.273
3025,115.997
3026,129.822
3027,113.165
3028,115.594
3029,138.907
3030,117.838
3031,113.81
3032,118.246
3033,121.788
3034,117.389
3035,122.458
3036,121.924
3037,123.043
3038,119.382
3039,118.401
3040,121.382
3041,125.412
3042,118.77
3043,106.28
3044,115.48
3045,107.95
3046,110.518
3047,131.609
3048,99.1894
3049,121.919
3050,115.591
3051,126.68
3052,120.487
3053,122.535
3054,116.262
3055,101.698
3056,119.744
3057,127.274
3058,129.998
3059,127.809
3060,110.325
3061,108.3
3062,103.754
3063,96.9773
3064,108.326
3065,109.109
3066,130.609
3067,103.71
3068,97.5013
3069,82.9601
3070,100.434
3071,95.1542
3072,103.505
3073,104.492
3074,103.597
3075,104.494
3076,104.507
3077,141.392
3078,107.913
3079,124.208
3080,114.174
3081,101.169
3082,108.91
3083,111.921
3084,112.394
3085,94.285
3086,119.142
3087,122.836
3088,98.6644
3089,102.8
3090,94.3292
3091,107.324
3092,115.454
3093,124.281
3094,106.98
3095,123.595
3096,103.967
3097,97.1663
3098,111.039
3099,105.105
3100,107.933
3101,104.698
3102,107.517
3103,112.068
3104,112.018
3105,116.31
3106,103.637
3107,109.339
3108,109.335
3109,88.1752
3110,103.069
3111,95.0721
3112,109.627
3113,107.511
3114,116.808
3115,121.882
3116,127.164
3117,126.387
3118,109.653
3119,104.898
3120,108.885
3121,99.2567
3122,93.5865
3123,117.746
3124,100.984
3125,111.269
3126,103.191
3127,108.177
3128,120.344
3129,118.047
3130,122.642
3131,100.647
3132,109.763
3133,100.008
3134,101.647
3135,121.642
3136,112.323
3137,107.911
3138,103.507
3139,137.611
3140,107.623
3141,110.451
3142,112.812
3143,132.087
3144,119.157
3145,119.234
3146,114.105
3147,115.748
3148,106.352
3149,90.9464
3150,106.588
3151,117.756
3152,101.011
3153,95.9551
3154,107.012
3155,116.423
3156,108.536
3157,93.0586
3158,97.2523
3159,100.866
3160,94.9495
3161,114.382
3162,108.636
3163,95.6098
3164,116.859
3165,101.65
3166,111.288
3167,103.643
3168,104.185
3169,119.084
3170,96.4781
3171,105.125
3172,99.672
3173,102.022
3174,89.1327
3175,109.6
3176,103.352
3177,108.374
3178,104.206
3179,106.739
3180,117.711
3181,103.692
3182,105.79
3183,126.361
3184,120.033
3185,96.1104
3186,103.695
3187,107.853
3188,102.886
3189,111.471
3190,111.393
3191,113.266
3192,98.3195
3193,107.882
3194,125.102
3195,116.638
3196,95.9179
3197,108.373
3198,111.596
3199,118.731
3200,107.906
3201,109.928
3202,100.697
3203,129.128
3204,118.477
3205,109.369
3206,102.308
3207,103.384
3208,126.367
3209,106.043
3210,106.285
3211,127.035
3212,125.767
3213,112.189
3214,113.062
3215,113.229
3216,106.299
3217,103.848
3218,112.92
3219,103.303
3220,102.944
3221,119.939
3222,114.519
3223,103.72
3224,98.4732
3225,102.367
3226,105.508
3227,90.2992
3228,102.954
3229,100.966
3230,101.638
3231,100.442
3232,102.087
3233,95.6021
3234,99.878
3235,99.6444
3236,98.1267
3237,103.222
3238,110.697
3239,115.018
3240,107.481
3241,107.156
3242,91.3238
3243,99.6176
3244,117.015
3245,99.127
3246,107.126
3247,101.359
3248,100.694
3249,107.853
3250,102.562
3251,130.35
3252,105.277
3253,109.87
3254,116.855
3255,115.233
3256,108.195
3257,100.171
3258,113.518
3259,99.0672
3260,101.171
3261,112.099
3262,92.7988
3263,106.048
3264,95.2889
3265,96.2713
3266,91.0216
3267,97.4712
3268,102.817
3269,109.91
3270,107.764
3271,103.253
3272,96.75
3273,84.6501
3274,84.6485
3275,94.3189
3276,108.831
3277,97.8053
3278,103.033
3279,104.201
3280,107.41
3281,98.8969
3282,107.322
3283,101.803
3284,111.078
3285,104.055
3286,98.0355
3287,116.136
3288,97.2299
3289,107.671
3290,110.324
3291,92.1965
3292,102.524
3293,94.1743
3294,103.021
3295,96.8104
3296,92.4764
3297,108.602
3298,109.439
3299,98.3464
3300,99.9338
3301,106.627
3302,105.865
3303,102.581
3304,88.7936
3305,113.07
3306,129.481
3307,95.4922
3308,114.05
3309,121.234
3310,115.849
3311,125.707
3312,112.899
3313,122.284
3314,115.439
3315,114.145
3316,108.452
3317,140.992
3318,111.313
3319,121.905
3320,140.1
3321,117.807
3322,134.593
3323,129.798
3324,137.738
3325,131.017
3326,124.673
3327,118.247
3328,139.747
3329,113.726
3330,120.312
3331,119.723
3332,126.294
3333,100.344
3334,123.458
3335,121.476
3336,138.119
3337,119.488
3338,103.354
3339,114.042
3340,108.229
3341,140.0
3342,124.888
3343,103.432
3344,101.249
3345,96.8853
3346,115.754
3347,125.481
3348,112.094
3349,113.855
3350,128.454
3351,100.923
3352,99.9339
3353,114.182
3354,106.326
3355,97.8455
3356,106.603
3357,105.108
3358,104.356
3359,101.118
3360,120.198
3361,111.009
3362,123.55
3363,111.154
3364,117.553
3365,102.045
3366,127.756
3367,113.387
3368,126.727
3369,112.129
3370,100.168
3371,123.463
3372,110.075
3373,110.076
3374,113.015
3375,107.571
3376,116.132
3377,104.991
3378,97.9742
3379,102.207
3380,106.151
3381,101.936
3382,103.348
3383,101.354
3384,113.333
3385,101.693
3386,123.348
3387,122.938
3388,111.904
3389,118.671
3390,118.144
3391,115.985
3392,112.214
3393,118.888
3394,103.494
3395,117.089
3396,116.795
3397,108.444
3398,108.715
3399,122.144
3400,115.914
3401,109.46
3402,106.022
3403,101.622
3404,116.781
3405,122.12
3406,92.5182
3407,103.692
3408,119.566
3409,111.88
3410,97.2848
3411,128.875
3412,121.679
3413,130.869
3414,110.334
3415,107.447
3416,111.069
3417,116.239
3418,101.651
3419,110.781
3420,121.029
3421,116.896
3422,99.8288
3423,115.286
3424,114.523
3425,102.52
3426,117.13
3427,116.37
3428,97.4521
3429,127.988
3430,141.498
3431,107.535
3432,155.518
3433,138.355
3434,117.596
3435,121.501
3436,130.923
3437,132.853
3438,127.829
3439,152.417
3440,121.674
3441,101.777
3442,127.813
3443,133.332
3444,108.309
3445,109.505
3446,135.072
3447,128.098
3448,119.522
3449,135.086
3450,114.069
3451,136.233
3452,117.928
3453,123.699
3454,117.447
3455,112.728
3456,117.964
3457,124.283
3458,114.093
3459,120.553
3460,116.535
3461,107.359
3462,92.4829
3463,99.6064
3464,101.43
3465,110.061
3466,104.202
3467,114.395
3468,109.851
3469,124.394
3470,93.0017
3471,101.08
3472,114.041
3473,117.209
3474,107.683
3475,102.973
3476,93.9149
3477,116.511
3478,93.2625
3479,100.275
3480,100.36
3481,102.805
3482,113.15
3483,104.154
3484,94.2735
3485,101.836
3486,90.2249
3487,93.8515
3488,101.26
3489,84.0147
3490,96.1153
3491,93.3648
3492,87.7568
3493,99.5355
3494,115.215
3495,96.5736
3496,96.9104
3497,90.3703
3498,103.059
3499,97.5661
3500,140.435
3501,117.191
3502,117.104
3503,133.923
3504,117.035
3505,116.341
3506,108.574
3507,108.486
3508,118.735
3509,126.662
3510,115.858
3511,118.363
3512,110.565
3513,113.366
3514,131.383
3515,118.559
3516,132.334
3517,115.505
3518,108.194
3519,118.472
3520,113.182
3521,99.6144
3522,127.986
3523,117.769
3524,94.3687
3525,117.493
3526,109.353
3527,101.117
3528,114.212
3529,113.564
3530,97.5536
3531,115.461
3532,97.308
3533,98.1521
3534,119.902
3535,109.044
3536,112.142
3537,99.9236
3538,113.679
3539,103.818
3540,107.258
3541,103.359
3542,103.045
3543,104.117
3544,91.4324
3545,120.902
3546,97.0446
3547,96.3688
3548,113.766
3549,120.118
3550,93.8343
3551,104.024
3552,109.471
3553,107.048
3554,116.659
3555,104.578
3556,104.0
3557,128.818
3558,103.726
3559,117.316
3560,107.551
3561,98.6484
3562,113.51
3563,105.629
3564,106.05
3565,100.196
3566,117.232
3567,105.838
3568,112.013
3569,100.146
3570,105.818
3571,99.3351
3572,104.796
3573,108.311
3574,120.379
3575,103.387
3576,117.948
3577,112.928
3578,98.6481
3579,102.017
3580,104.289
3581,115.117
3582,103.265
3583,105.309
3584,123.53
3585,114.38
3586,113.665
3587,96.8948
3588,122.455
3589,113.734
3590,121.719
3591,101.725
3592,106.853
3593,102.23
3594,115.424
3595,114.701
3596,121.521
3597,110.044
3598,111.989
3599,112.834
3600,117.74
3601,127.839
3602,110.394
3603,109.623
3604,110.101
3605,104.156
3606,104.119
3607,114.654
3608,104.871
3609,123.138
3610,110.638
3611,114.35
3612,116.45
3613,109.078
3614,124.375
3615,98.7324
3616,128.008
3617,126.182
3618,105.839
3619,124.178
3620,100.725
3621,136.858
3622,113.314
3623,126.662
3624,109.631
3625,106.622
3626,109.449
3627,98.6458
3628,92.3304
3629,129.906
3630,133.211
3631,120.241
3632,115.919
3633,96.8519
3634,106.276
3635,95.4325
3636,108.081
3637,124.656
3638,114.715
3639,118.055
3640,75.2924
3641,103.943
3642,108.064
3643,85.0177
3644,113.111
3645,95.1758
3646,98.5952
3647,108.721
3648,103.755
3649,110.288
3650,132.366
3651,99.7774
3652,126.156
3653,94.9212
3654,119.325
3655,107.41
3656,112.299
3657,103.606
3658,111.052
3659,115.638
3660,102.358
3661,115.39
3662,98.6741
3663,108.494
3664,94.6423
3665,107.203
3666,109.625
3667,105.065
3668,115.39
3669,107.373
3670,116.245
3671,113.691
3672,126.08
3673,109.659
3674,112.42
3675,113.57
3676,106.401
3677,102.204
3678,113.093
3679,78.6693
3680,105.009
3681,101.798
3682,100.149
3683,124.418
3684,138.641
3685,114.613
3686,112.123
3687,120.765
3688,110.592
3689,124.368
3690,118.453
3691,102.96
3692,112.835
3693,102.775
3694,107.781
3695,94.4481
3696,106.666
3697,97.5618
3698,106.242
3699,100.514
3700,98.3211
3701,91.237
3702,100.436
3703,114.172
3704,105.005
3705,105.095
3706,91.5004
3707,95.1132
3708,102.822
3709,116.07
3710,105.369
3711,107.973
3712,88.5684
3713,119.373
3714,107.94
3715,97.4551
3716,111.187
3717,103.463
3718,105.605
3719,95.5727
3720,116.817
3721,102.155
3722,101.519
3723,109.268
3724,109.175
3725,132.617
3726,103.536
3727,120.505
3728,109.002
3729,114.359
3730,97.8549
3731,108.57
3732,88.8439
3733,104.366
3734,105.154
3735,108.535
3736,110.008
3737,100.692
3738,115.512
3739,101.461
3740,101.665
3741,105.695
3742,118.891
3743,107.787
3744,110.381
3745,99.625
3746,101.486
3747,104.129
3748,96.0618
3749,103.169
3750,98.8598
3751,97.9005
3752,101.012
3753,101.946
3754,91.9908
3755,99.7122
3756,92.1445
3757,86.1736
3758,97.1402
3759,105.765
3760,101.492
3761,98.2747
3762,102.139
3763,97.7175
3764,103.976
3765,83.1034
3766,103.722
3767,92.078
3768,94.2128
3769,97.0742
3770,88.7714
3771,85.1522
3772,88.0131
3773,89.91
3774,93.6136
3775,92.3426
3776,86.0701
3777,98.702
3778,99.6884
3779,111.533
3780,102.721
3781,101.852
3782,93.7295
3783,113.436
3784,96.5094
3785,90.6562
3786,101.019
3787,103.781
3788,98.8926
3789,125.548
3790,129.33
3791,103.238
3792,108.113
3793,99.5166
3794,103.747
3795,93.2574
3796,102.38
3797,94.2109
3798,97.6814
3799,98.7343
3800,98.1965
3801,120.822
3802,98.089
3803,92.6646
3804,108.258
3805,108.461
3806,110.871
3807,109.248
3808,110.787
3809,104.563
3810,117.29
3811,131.457
3812,115.105
3813,100.899
3814,123.48
3815,120.67
3816,100.827
3817,94.8284
3818,113.6
3819,97.3292
3820,94.6986
3821,113.675
3822,104.386
3823,105.599
3824,94.3014
3825,100.422
3826,100.706
3827,124.148
3828,96.1655
3829,103.062
3830,122.519
3831,102.406
3832,93.6027
3833,96.2994
3834,95.8748
3835,104.908
3836,98.2653
3837,106.822
3838,96.3687
3839,100.519
3840,124.455
3841,106.367
3842,92.9239
3843,93.1078
3844,112.444
3845,112.05
3846,96.4487
3847,123.608
3848,121.327
3849,109.851
3850,106.001
3851,102.665
3852,105.132
3853,114.789
3854,121.583
3855,102.389
3856,99.6324
3857,107.245
3858,88.2909
3859,91.2329
3860,117.794
3861,104.039
3862,103.005
3863,107.375
3864,101.671
3865,80.3304
3866,95.6628
3867,88.4077
3868,97.4064
3869,110.182
3870,97.8211
3871,107.64
3872,103.862
3873,97.0479
3874,110.441
3875,98.6618
3876,101.951
3877,104.194
3878,86.8401
3879,86.2524
3880,98.2095
3881,87.6147
3882,105.468
3883,106.621
3884,98.5142
3885,90.3944
3886,104.01
3887,107.184
3888,102.565
3889,77.4443
3890,94.5633
3891,97.9115
3892,77.936
3893,88.7712
3894,83.8346
3895,89.7798
3896,104.777
3897,85.3253
3898,78.8402
3899,87.0658
3900,80.1434
3901,91.4506
3902,95.707
3903,97.9257
3904,103.58
3905,92.2927
3906,88.7692
3907,95.7638
3908,92.7448
3909,91.7057
3910,96.751
3911,94.9904
3912,106.167
3913,99.9006
3914,90.5156
3915,100.382
3916,98.4524
3917,99.3718
3918,89.22
3919,107.785
3920,88.1734
3921,79.4957
3922,83.8467
3923,86.2188
3924,92.3411
3925,87.5508
3926,96.2565
3927,91.7716
3928,93.0405
3929,86.9954
3930,86.8483
3931,99.8049
3932,82.325
3933,104.862
3934,98.4857
3935,106.186
3936,92.9507
3937,107.032
3938,102.965
3939,104.468
3940,103.003
3941,88.1486
3942,83.8149
3943,87.1629
3944,88.3175
3945,92.2306
3946,93.8875
3947,89.072
3948,93.2571
3949,78.4944
3950,88.3167
3951,95.95
3952,82.1098
3953,90.2185
3954,91.141
3955,100.104
3956,90.4774
3957,107.457
3958,103.104
3959,109.411
3960,102.702
3961,110.449
3962,101.449
3963,97.1294
3964,116.258
3965,124.515
3966,99.3642
3967,107.571
3968,99.5805
3969,99.0994
3970,103.207
3971,91.9721
3972,98.3601
3973,87.1105
3974,89.062
3975,93.4062
3976,98.2089
3977,97.7264
3978,85.9262
3979,94.9806
3980,103.375
3981,88.2617
3982,94.6303
3983,83.7674
3984,94.0158
3985,105.52
3986,99.24
3987,102.415
3988,91.8135
3989,104.083
3990,96.4113
3991,99.4248
3992,86.9018
3993,92.7072
3994,117.615
3995,107.522
3996,102.475
3997,93.8739
3998,104.942
3999,99.5399
4000,101.499
4001,91.348
4002,102.863
4003,93.9478
4004,101.196
4005,99.4997
4006,98.9883
4007,98.0038
4008,107.46
4009,87.7265
4010,98.3923
4011,93.0128
4012,78.5836
4013,102.15
4014,110.384
4015,89.2551
4016,101.212
4017,116.151
4018,99.8706
4019,116.365
4020,112.537
4021,113.515
4022,106.472
4023,123.409
4024,98.2891
4025,107.902
4026,104.139
4027,112.752
4028,105.219
4029,99.9622
4030,109.224
4031,103.188
4032,107.432
4033,90.8752
4034,101.817
4035,110.31
4036,94.0595
4037,122.617
4038,112.537
4039,83.1901
4040,115.064
4041,104.018
4042,104.005
4043,111.35
4044,91.631
4045,118.811
4046,107.372
4047,115.933
4048,112.782
4049,103.856
4050,124.107
4051,98.3937
4052,112.162
4053,107.537
4054,101.272
4055,92.7629
4056,96.3878
4057,98.5712
4058,83.8412
4059,103.007
4060,97.7984
4061,86.6149
4062,99.3693
4063,93.9723
4064,103.476
4065,93.8986
4066,108.422
4067,94.3354
4068,94.5105
4069,112.136
4070,83.7948
4071,110.861
4072,103.823
4073,99.7184
4074,102.904
4075,115.775
4076,99.3946
4077,113.745
4078,98.3166
4079,101.938
4080,119.116
4081,126.254
4082,114.891
4083,117.46
4084,125.775
4085,110.873
4086,123.906
4087,123.093
4088,94.8581
4089,106.423
4090,109.767
4091,109.148
4092,101.969
4093,85.9718
4094,90.0553
4095,106.565
4096,92.7463
4097,94.1894
4098,98.7956
4099,95.2709
4100,98.8302
4101,95.0217
4102,104.655
4103,96.5413
4104,105.678
4105,98.6938
4106,101.784
4107,118.293
4108,109.506
4109,122.662
4110,98.7804
4111,107.674
4112,112.782
4113,103.882
4114,101.279
4115,99.5091
4116,99.2077
4117,104.944
4118,98.4516
4119,97.2407
4120,97.1877
4121,104.492
4122,86.9941
4123,99.9105
4124,96.15
4125,101.125
4126,102.34
4127,105.946
4128,98.8428
4129,95.7466
4130,93.0874
4131,99.1375
4132,104.726
4133,104.222
4134,91.4302
4135,94.0035
4136,97.6528
4137,94.8814
4138,94.9949
4139,96.7851
4140,96.4035
4141,105.469
4142,104.109
4143,95.8375
4144,97.6035
4145,116.635
4146,113.111
4147,122.693
4148,121.666
4149,118.878
4150,96.1318
4151,117.341
4152,111.337
4153,92.6437
4154,104.992
4155,82.8517
4156,94.442
4157,114.489
4158,98.3806
4159,105.954
4160,105.279
4161,113.201
4162,86.4237
4163,101.762
4164,110.307
4165,94.9221
4166,94.3071
4167,103.686
4168,103.278
4169,94.2286
4170,103.495
4171,119.373
4172,101.58
4173,104.047
4174,109.114
4175,101.326
4176,105.16
4177,106.53
4178,115.462
4179,104.698
4180,98.7546
4181,107.411
4182,96.8882
4183,107.216
4184,116.144
4185,108.177
4186,120.59
4187,118.198
4188,116.402
4189,120.2
4190,106.463
4191,99.3201
4192,91.9515
4193,102.659
4194,103.642
4195,97.9375
4196,103.623
4197,106.336
4198,104.821
4199,104.591
4200,103.34
4201,87.8012
4202,102.072
4203,100.456
4204,103.151
4205,99.8232
4206,93.719
4207,104.03
4208,90.7598
4209,116.081
4210,103.6
4211,100.7
4212,109.236
4213,91.5937
4214,104.331
4215,112.903
4216,92.3865
4217,111.408
4218,98.4048
4219,89.9264
4220,89.6227
4221,101.004
4222,107.103
4223,97.2488
4224,101.534
4225,95.2794
4226,105.065
4227,100.026
4228,83.5054
4229,94.3486
4230,97.7154
4231,97.8024
4232,105.893
4233,100.691
4234,101.297
4235,94.2791
4236,91.0404
4237,103.7
4238,89.3419
4239,95.4189
4240,109.111
4241,93.2144
4242,97.4291
4243,97.1752
4244,103.916
4245,93.5507
4246,105.537
4247,107.791
4248,88.913
4249,91.1269
4250,96.4687
4251,108.094
4252,96.5183
4253,87.8607
4254,97.2448
4255,111.054
4256,105.92
4257,95.152
4258,101.16
4259,98.5952
4260,81.6973
4261,80.5303
4262,101.008
4263,100.187
4264,96.6528
4265,92.355
4266,112.277
4267,98.7211
4268,100.758
4269,100.739
4270,112.719
4271,122.139
4272,119.426
4273,95.6318
4274,126.522
4275,126.083
4276,98.5899
4277,107.835
4278,97.5
4279,82.0711
4280,102.162
4281,90.8402
4282,94.7296
4283,92.8354
4284,84.3358
4285,96.8227
4286,83.9672
4287,91.4464
4288,97.7973
4289,93.2215
4290,85.2189
4291,87.9461
4292,107.167
4293,92.0061
4294,105.377
4295,96.0301
4296,100.27
4297,118.223
4298,99.0079
4299,107.143
4300,99.9952
4301,92.316
4302,113.545
4303,108.396
4304,96.2793
4305,109.07
4306,95.9342
4307,89.1844
4308,97.9116
4309,93.2553
4310,102.662
4311,93.3832
4312,103.789
4313,83.8048
4314,94.0602
4315,91.1171
4316,101.137
4317,94.2114
4318,82.9531
4319,107.819
4320,95.14
4321,90.2167
4322,106.729
4323,91.6387
4324,99.2554
4325,95.7166
4326,110.122
4327,100.472
4328,104.0
4329,107.044
4330,86.8241
4331,97.7537
4332,102.425
4333,101.166
4334,111.728
4335,99.4303
4336,101.861
4337,91.4736
4338,99.2311
4339,98.3296
4340,105.307
4341,104.785
4342,95.366
4343,108.147
4344,92.1706
4345,100.822
4346,116.709
4347,89.994
4348,109.75
4349,117.123
4350,98.5187
4351,94.9366
4352,86.6619
4353,112.328
4354,94.8507
4355,98.072
4356,94.5876
4357,93.9794
4358,95.2495
4359,83.6968
4360,77.1588
4361,98.8592
4362,91.5037
4363,82.1596
4364,100.136
4365,110.341
4366,90.7374
4367,93.8034
4368,97.204
4369,87.9211
4370,86.819
4371,88.0367
4372,94.4381
4373,90.653
4374,93.9285
4375,93.4588
4376,94.041
4377,88.4714
4378,104.011
4379,97.4436
4380,91.4283
4381,118.515
4382,108.104
4383,95.6483
4384,101.567
4385,100.103
4386,112.287
4387,94.4732
4388,126.924
4389,108.738
4390,99.427
4391,106.44
4392,100.439
4393,95.8251
4394,96.2615
4395,91.26
4396,81.97
4397,91.2829
4398,116.068
4399,97.2886
4400,101.569
4401,103.008
4402,104.955
4403,105.419
4404,92.8361
4405,107.887
4406,98.7763
4407,87.4017
4408,104.656
4409,111.73
4410,101.458
4411,106.015
4412,107.355
4413,106.192
4414,113.446
4415,122.803
4416,105.312
4417,109.953
4418,118.824
4419,106.093
4420,117.553
4421,113.701
4422,96.5784
4423,108.551
4424,118.561
4425,102.606
4426,97.8788
4427,117.667
4428,94.223
4429,98.4899
4430,88.6956
4431,108.315
4432,99.2412
4433,90.8812
4434,103.985
4435,92.8356
4436,98.2628
4437,102.002
4438,95.4227
4439,94.9301
4440,88.9879
4441,90.5721
4442,85.9122
4443,99.18
4444,103.85
4445,94.9229
4446,92.1795
4447,97.5755
4448,86.1804
4449,107.375
4450,108.599
