seq-05/frame-000000.color.png -1.175370 -0.730652 0.657307 0.816750 0.020002 0.569816 0.088329

seq-05/frame-000001.color.png -1.171677 -0.731617 0.656033 0.814051 0.019396 0.573335 0.090587

seq-05/frame-000002.color.png -1.171341 -0.728510 0.657008 0.813623 0.018802 0.573888 0.091050

seq-05/frame-000003.color.png -1.170163 -0.729726 0.657390 0.811892 0.015415 0.575960 0.094003

seq-05/frame-000004.color.png -1.167336 -0.732432 0.658643 0.810701 0.014461 0.577322 0.096055

seq-05/frame-000005.color.png -1.163102 -0.726723 0.664077 0.808141 0.012803 0.580852 0.096587

seq-05/frame-000006.color.png -1.161595 -0.731777 0.664894 0.806742 0.009405 0.582564 0.098342

seq-05/frame-000007.color.png -1.154906 -0.733088 0.674689 0.803740 0.005302 0.586372 0.100564

seq-05/frame-000008.color.png -1.149494 -0.736347 0.677309 0.802648 0.001788 0.587564 0.102442

seq-05/frame-000009.color.png -1.138963 -0.743936 0.687364 0.798648 -0.002863 0.592437 0.105564

seq-05/frame-000010.color.png -1.129328 -0.740196 0.695757 0.794066 -0.004875 0.598371 0.106585

seq-05/frame-000011.color.png -1.122585 -0.742778 0.702121 0.790846 -0.006770 0.602072 0.109535

seq-05/frame-000012.color.png -1.109958 -0.747214 0.709220 0.784574 -0.010338 0.609460 0.113429

seq-05/frame-000013.color.png -1.102379 -0.748925 0.714478 0.781042 -0.012389 0.613520 0.115689

seq-05/frame-000014.color.png -1.085487 -0.756763 0.724797 0.774687 -0.014189 0.620926 0.118662

seq-05/frame-000015.color.png -1.076067 -0.758347 0.739026 0.770171 -0.015942 0.626091 0.120679

seq-05/frame-000016.color.png -1.058004 -0.762952 0.751316 0.763181 -0.018792 0.633206 0.127367

seq-05/frame-000017.color.png -1.046755 -0.768213 0.758530 0.760414 -0.018671 0.635673 0.131576

seq-05/frame-000018.color.png -1.024991 -0.774386 0.766746 0.755337 -0.019092 0.641537 0.132288

seq-05/frame-000019.color.png -1.013839 -0.770355 0.771975 0.753815 -0.019810 0.643293 0.132339

seq-05/frame-000020.color.png -1.003134 -0.767843 0.780104 0.752114 -0.024911 0.644520 0.135155

seq-05/frame-000021.color.png -0.978384 -0.790938 0.783600 0.748569 -0.033048 0.647268 0.139877

seq-05/frame-000022.color.png -0.967397 -0.785078 0.789358 0.748144 -0.033808 0.648033 0.138419

seq-05/frame-000023.color.png -0.956541 -0.789648 0.793124 0.746577 -0.039938 0.649221 0.139669

seq-05/frame-000024.color.png -0.931827 -0.805037 0.798168 0.738136 -0.041390 0.658872 0.138920

seq-05/frame-000025.color.png -0.919642 -0.803814 0.801020 0.738266 -0.041893 0.659434 0.135363

seq-05/frame-000026.color.png -0.891085 -0.804283 0.802353 0.737222 -0.047225 0.660596 0.133619

seq-05/frame-000027.color.png -0.876092 -0.811899 0.799125 0.736771 -0.049490 0.660788 0.134337

seq-05/frame-000028.color.png -0.860163 -0.815140 0.798568 0.736946 -0.049026 0.660907 0.132958

seq-05/frame-000029.color.png -0.846236 -0.807581 0.796297 0.737108 -0.047381 0.661479 0.129770

seq-05/frame-000030.color.png -0.814949 -0.807238 0.795196 0.732925 -0.049403 0.665434 0.132459

seq-05/frame-000031.color.png -0.799183 -0.811828 0.792917 0.730683 -0.048296 0.667689 0.133897

seq-05/frame-000032.color.png -0.782191 -0.811327 0.788051 0.730277 -0.044179 0.668422 0.133876

seq-05/frame-000033.color.png -0.765984 -0.806960 0.783092 0.729389 -0.038731 0.669811 0.133461

seq-05/frame-000034.color.png -0.735600 -0.797047 0.779426 0.724746 -0.034804 0.674801 0.134690

seq-05/frame-000035.color.png -0.717284 -0.800153 0.776318 0.723506 -0.038415 0.675091 0.138862

seq-05/frame-000036.color.png -0.699280 -0.804304 0.772363 0.721987 -0.038252 0.675943 0.142618

seq-05/frame-000037.color.png -0.684367 -0.803932 0.768301 0.720925 -0.034066 0.677029 0.143893

seq-05/frame-000038.color.png -0.650591 -0.796129 0.773726 0.720370 -0.031342 0.677721 0.144031

seq-05/frame-000039.color.png -0.634153 -0.799877 0.772438 0.718884 -0.034175 0.678556 0.146853

seq-05/frame-000040.color.png -0.618041 -0.801326 0.769396 0.718537 -0.033820 0.678992 0.146617

seq-05/frame-000041.color.png -0.601072 -0.798587 0.764736 0.719270 -0.034424 0.678168 0.146699

seq-05/frame-000042.color.png -0.584725 -0.800759 0.761486 0.718824 -0.035314 0.678100 0.148967

seq-05/frame-000043.color.png -0.553506 -0.796595 0.761328 0.715359 -0.030438 0.681749 0.150064

seq-05/frame-000044.color.png -0.537046 -0.796880 0.761897 0.713654 -0.031962 0.683105 0.151687

seq-05/frame-000045.color.png -0.519162 -0.799639 0.761839 0.714006 -0.034371 0.682905 0.150397

seq-05/frame-000046.color.png -0.504398 -0.796379 0.758413 0.715283 -0.034090 0.682817 0.144688

seq-05/frame-000047.color.png -0.487479 -0.793660 0.758886 0.712450 -0.032573 0.686228 0.142862

seq-05/frame-000048.color.png -0.456672 -0.794090 0.761588 0.705463 -0.032549 0.692201 0.148610

seq-05/frame-000049.color.png -0.440478 -0.791036 0.765552 0.702272 -0.032048 0.695583 0.148039

seq-05/frame-000050.color.png -0.423774 -0.789165 0.763700 0.699990 -0.033371 0.698204 0.146208

seq-05/frame-000051.color.png -0.406661 -0.789642 0.761476 0.697007 -0.036273 0.701282 0.145025

seq-05/frame-000052.color.png -0.388305 -0.792670 0.759464 0.693468 -0.037179 0.704574 0.145806

seq-05/frame-000053.color.png -0.369486 -0.792946 0.759040 0.690661 -0.037883 0.706907 0.147645

seq-05/frame-000054.color.png -0.350767 -0.793624 0.757899 0.687247 -0.039697 0.709757 0.149413

seq-05/frame-000055.color.png -0.331825 -0.792204 0.757194 0.682052 -0.038451 0.714668 0.150134

seq-05/frame-000056.color.png -0.313296 -0.790412 0.763292 0.676671 -0.037328 0.719473 0.151810

seq-05/frame-000057.color.png -0.292677 -0.794256 0.761194 0.673507 -0.038927 0.721348 0.156506

seq-05/frame-000058.color.png -0.272802 -0.796236 0.762623 0.668122 -0.042888 0.725814 0.157901

seq-05/frame-000059.color.png -0.230811 -0.802151 0.770422 0.660360 -0.049684 0.732191 0.159113

seq-05/frame-000060.color.png -0.212221 -0.801937 0.770828 0.657057 -0.049754 0.734985 0.159883

seq-05/frame-000061.color.png -0.191148 -0.805785 0.775467 0.653955 -0.050200 0.737480 0.160972

seq-05/frame-000062.color.png -0.177225 -0.805476 0.768979 0.651475 -0.051039 0.739301 0.162402

seq-05/frame-000063.color.png -0.154936 -0.811361 0.780131 0.649300 -0.053207 0.741109 0.162174

seq-05/frame-000064.color.png -0.137902 -0.817428 0.774000 0.646310 -0.055216 0.743449 0.162738

seq-05/frame-000065.color.png -0.117111 -0.821433 0.783276 0.643871 -0.058293 0.744544 0.166285

seq-05/frame-000066.color.png -0.099505 -0.827680 0.785184 0.641445 -0.064286 0.744921 0.171675

seq-05/frame-000067.color.png -0.082125 -0.830937 0.785355 0.639887 -0.067951 0.745226 0.174727

seq-05/frame-000068.color.png -0.065042 -0.834715 0.786927 0.637725 -0.071370 0.746744 0.174787

seq-05/frame-000069.color.png -0.049421 -0.839499 0.787087 0.635889 -0.075256 0.747895 0.174926

seq-05/frame-000070.color.png -0.032569 -0.844522 0.790275 0.635773 -0.079123 0.747391 0.175796

seq-05/frame-000071.color.png -0.017210 -0.849438 0.790745 0.634793 -0.082430 0.747566 0.177069

seq-05/frame-000072.color.png -0.003490 -0.852293 0.786509 0.633945 -0.085077 0.747650 0.178493

seq-05/frame-000073.color.png 0.011996 -0.854670 0.790066 0.634233 -0.089081 0.747214 0.177339

seq-05/frame-000074.color.png 0.028908 -0.859038 0.790706 0.635705 -0.092589 0.745454 0.177677

seq-05/frame-000075.color.png 0.045689 -0.863649 0.789376 0.635557 -0.098086 0.744448 0.179466

seq-05/frame-000076.color.png 0.062751 -0.867377 0.790944 0.635395 -0.101983 0.743609 0.181334

seq-05/frame-000077.color.png 0.078206 -0.867177 0.791470 0.637262 -0.102380 0.741847 0.181773

seq-05/frame-000078.color.png 0.095212 -0.869905 0.786216 0.639081 -0.104172 0.739229 0.185006

seq-05/frame-000079.color.png 0.111894 -0.870890 0.785182 0.638587 -0.106516 0.737789 0.191027

seq-05/frame-000080.color.png 0.128817 -0.872906 0.784359 0.638163 -0.109483 0.736440 0.195908

seq-05/frame-000081.color.png 0.145416 -0.874916 0.782228 0.638564 -0.111156 0.735065 0.198802

seq-05/frame-000082.color.png 0.160677 -0.877044 0.781529 0.639241 -0.111629 0.733870 0.200767

seq-05/frame-000083.color.png 0.175439 -0.878709 0.778835 0.640384 -0.111677 0.732383 0.202517

seq-05/frame-000084.color.png 0.190610 -0.881063 0.774447 0.640524 -0.112185 0.731451 0.205147

seq-05/frame-000085.color.png 0.205391 -0.884201 0.774077 0.639723 -0.112479 0.731441 0.207508

seq-05/frame-000086.color.png 0.219260 -0.888176 0.773887 0.639512 -0.113547 0.731019 0.209057

seq-05/frame-000087.color.png 0.232817 -0.891396 0.772759 0.639012 -0.114571 0.731016 0.210038

seq-05/frame-000088.color.png 0.245792 -0.895110 0.772451 0.638269 -0.115209 0.731419 0.210542

seq-05/frame-000089.color.png 0.257170 -0.898207 0.772278 0.637686 -0.114701 0.731656 0.211758

seq-05/frame-000090.color.png 0.268727 -0.900780 0.772486 0.638046 -0.116106 0.731448 0.210623

seq-05/frame-000091.color.png 0.280135 -0.903492 0.774359 0.637785 -0.119126 0.731485 0.209595

seq-05/frame-000092.color.png 0.291748 -0.906592 0.777787 0.638449 -0.120416 0.730564 0.210050

seq-05/frame-000093.color.png 0.301960 -0.907405 0.779914 0.639799 -0.120710 0.729645 0.208965

seq-05/frame-000094.color.png 0.312577 -0.909257 0.782978 0.639665 -0.122928 0.730067 0.206594

seq-05/frame-000095.color.png 0.322214 -0.911478 0.788372 0.639224 -0.123436 0.731224 0.203540

seq-05/frame-000096.color.png 0.331488 -0.913428 0.793863 0.639844 -0.123164 0.731330 0.201366

seq-05/frame-000097.color.png 0.339999 -0.915751 0.798307 0.639963 -0.122904 0.731692 0.199824

seq-05/frame-000098.color.png 0.347395 -0.916451 0.804267 0.639786 -0.121675 0.732749 0.197253

seq-05/frame-000099.color.png 0.355454 -0.917931 0.811859 0.639398 -0.121891 0.733820 0.194379

seq-05/frame-000100.color.png 0.363226 -0.919581 0.820136 0.638535 -0.121592 0.735194 0.192199

seq-05/frame-000101.color.png 0.371049 -0.922230 0.829848 0.637335 -0.120777 0.736649 0.191119

seq-05/frame-000102.color.png 0.377096 -0.923162 0.838503 0.637290 -0.118703 0.737742 0.188335

seq-05/frame-000103.color.png 0.376778 -0.922827 0.838179 0.637310 -0.118688 0.737767 0.188176

seq-05/frame-000104.color.png 0.383492 -0.924811 0.848219 0.637501 -0.116039 0.739018 0.184231

seq-05/frame-000105.color.png 0.390151 -0.925372 0.857181 0.636461 -0.114321 0.740636 0.182394

seq-05/frame-000106.color.png 0.396776 -0.927138 0.866670 0.633116 -0.113853 0.743100 0.184294

seq-05/frame-000107.color.png 0.403133 -0.928654 0.879560 0.630423 -0.112456 0.745670 0.184005

seq-05/frame-000108.color.png 0.409205 -0.929465 0.891540 0.629171 -0.109304 0.747779 0.181615

seq-05/frame-000109.color.png 0.415086 -0.929077 0.902351 0.627979 -0.105969 0.749313 0.181396

seq-05/frame-000110.color.png 0.415286 -0.929852 0.902229 0.628022 -0.106121 0.749178 0.181715

seq-05/frame-000111.color.png 0.421632 -0.930146 0.917168 0.625070 -0.105330 0.751094 0.184424

seq-05/frame-000112.color.png 0.427109 -0.930912 0.929380 0.621948 -0.105266 0.753266 0.186149

seq-05/frame-000113.color.png 0.432543 -0.932144 0.942995 0.619728 -0.104522 0.754865 0.187492

seq-05/frame-000114.color.png 0.437155 -0.931040 0.959234 0.618526 -0.103240 0.755459 0.189764

seq-05/frame-000115.color.png 0.437045 -0.930661 0.959519 0.618523 -0.103014 0.755511 0.189690

seq-05/frame-000116.color.png 0.441566 -0.931698 0.971368 0.617282 -0.103902 0.755455 0.193434

seq-05/frame-000117.color.png 0.446095 -0.934421 0.983562 0.614735 -0.105753 0.756358 0.196984

seq-05/frame-000118.color.png 0.450044 -0.935745 0.999185 0.612991 -0.105480 0.757079 0.199770

seq-05/frame-000119.color.png 0.452972 -0.936468 1.013195 0.614063 -0.105940 0.755534 0.202072

seq-05/frame-000120.color.png 0.455968 -0.939419 1.025621 0.614134 -0.108124 0.754702 0.203802

seq-05/frame-000121.color.png 0.455681 -0.939025 1.025580 0.614254 -0.107917 0.754656 0.203720

seq-05/frame-000122.color.png 0.458332 -0.941773 1.039694 0.614360 -0.110384 0.754186 0.203818

seq-05/frame-000123.color.png 0.460206 -0.943477 1.052424 0.614362 -0.112276 0.753439 0.205535

seq-05/frame-000124.color.png 0.461983 -0.946878 1.064145 0.614691 -0.113432 0.752794 0.206278

seq-05/frame-000125.color.png 0.462777 -0.948229 1.077096 0.615715 -0.114311 0.751950 0.205816

seq-05/frame-000126.color.png 0.464519 -0.951129 1.089368 0.616674 -0.116039 0.750771 0.206281

seq-05/frame-000127.color.png 0.465179 -0.953327 1.101038 0.619563 -0.117354 0.748613 0.204715

seq-05/frame-000128.color.png 0.465101 -0.954194 1.112994 0.622129 -0.118718 0.746447 0.204054

seq-05/frame-000129.color.png 0.465743 -0.957330 1.124211 0.624647 -0.120691 0.743863 0.204639

seq-05/frame-000130.color.png 0.465768 -0.957247 1.124684 0.624695 -0.120545 0.743834 0.204686

seq-05/frame-000131.color.png 0.465222 -0.960241 1.134368 0.628978 -0.122524 0.740492 0.202500

seq-05/frame-000132.color.png 0.464158 -0.961247 1.144764 0.633184 -0.124892 0.737451 0.199013

seq-05/frame-000133.color.png 0.462790 -0.963691 1.153371 0.637865 -0.127198 0.733530 0.197085

seq-05/frame-000134.color.png 0.460354 -0.964888 1.161172 0.641880 -0.129278 0.730388 0.194346

seq-05/frame-000135.color.png 0.457949 -0.967168 1.171363 0.644497 -0.131148 0.728430 0.191761

seq-05/frame-000136.color.png 0.454798 -0.968355 1.180618 0.648603 -0.131145 0.724847 0.191495

seq-05/frame-000137.color.png 0.451229 -0.968586 1.187028 0.652687 -0.132117 0.720949 0.191664

seq-05/frame-000138.color.png 0.447508 -0.969851 1.192902 0.656797 -0.134056 0.717225 0.190244

seq-05/frame-000139.color.png 0.443695 -0.972731 1.200282 0.660311 -0.134815 0.714220 0.188844

seq-05/frame-000140.color.png 0.439342 -0.974076 1.209681 0.665632 -0.134198 0.710287 0.185404

seq-05/frame-000141.color.png 0.439356 -0.973776 1.210379 0.665507 -0.134196 0.710447 0.185242

seq-05/frame-000142.color.png 0.434202 -0.973658 1.216811 0.671023 -0.133115 0.706460 0.181327

seq-05/frame-000143.color.png 0.429185 -0.972568 1.224756 0.675221 -0.131997 0.703421 0.178348

seq-05/frame-000144.color.png 0.424118 -0.972249 1.229613 0.680540 -0.131324 0.698938 0.176243

seq-05/frame-000145.color.png 0.418155 -0.971688 1.234977 0.685617 -0.131430 0.694636 0.173472

seq-05/frame-000146.color.png 0.413307 -0.972886 1.239672 0.689778 -0.131908 0.690372 0.173633

seq-05/frame-000147.color.png 0.408845 -0.973881 1.244587 0.694783 -0.132580 0.684924 0.174741

seq-05/frame-000148.color.png 0.403514 -0.972994 1.247626 0.700832 -0.133571 0.678891 0.173367

seq-05/frame-000149.color.png 0.399701 -0.974017 1.251501 0.705648 -0.134156 0.674071 0.172185

seq-05/frame-000150.color.png 0.396473 -0.974982 1.255058 0.710408 -0.133878 0.669067 0.172343

seq-05/frame-000151.color.png 0.393623 -0.975697 1.257900 0.716304 -0.134752 0.662533 0.172503

seq-05/frame-000152.color.png 0.392032 -0.976842 1.262700 0.721398 -0.136774 0.656450 0.172941

seq-05/frame-000153.color.png 0.390582 -0.977374 1.265781 0.726237 -0.139303 0.650485 0.173206

seq-05/frame-000154.color.png 0.390022 -0.977153 1.270038 0.730579 -0.141685 0.644993 0.173556

seq-05/frame-000155.color.png 0.390932 -0.978685 1.272120 0.736365 -0.142900 0.637884 0.174377

seq-05/frame-000156.color.png 0.391460 -0.978894 1.275882 0.741060 -0.142807 0.632587 0.173862

seq-05/frame-000157.color.png 0.392929 -0.979521 1.279650 0.744241 -0.143727 0.628886 0.172942

seq-05/frame-000158.color.png 0.395827 -0.982727 1.281867 0.748447 -0.143713 0.624113 0.172088

seq-05/frame-000159.color.png 0.398431 -0.984401 1.284200 0.752940 -0.141903 0.619646 0.170122

seq-05/frame-000160.color.png 0.400586 -0.984055 1.286601 0.756756 -0.141059 0.616182 0.166437

seq-05/frame-000161.color.png 0.403018 -0.984374 1.289532 0.759469 -0.141000 0.613269 0.164881

seq-05/frame-000162.color.png 0.406825 -0.986209 1.291977 0.762069 -0.141721 0.610104 0.164003

seq-05/frame-000163.color.png 0.410147 -0.987625 1.295052 0.765302 -0.141762 0.606740 0.161372

seq-05/frame-000164.color.png 0.414179 -0.987773 1.296962 0.768536 -0.141096 0.603451 0.158904

seq-05/frame-000165.color.png 0.417903 -0.986387 1.301548 0.770468 -0.141102 0.601538 0.156779

seq-05/frame-000166.color.png 0.423124 -0.986588 1.303251 0.772998 -0.141878 0.598276 0.156107

seq-05/frame-000167.color.png 0.428098 -0.988125 1.306524 0.776015 -0.141875 0.594752 0.154602

seq-05/frame-000168.color.png 0.433443 -0.985312 1.309953 0.778963 -0.141630 0.591673 0.151785

seq-05/frame-000169.color.png 0.440485 -0.984514 1.312795 0.781012 -0.142794 0.589132 0.150040

seq-05/frame-000170.color.png 0.447627 -0.984140 1.317014 0.783438 -0.143942 0.586068 0.148285

seq-05/frame-000171.color.png 0.456197 -0.983516 1.321080 0.786234 -0.144492 0.582612 0.146562

seq-05/frame-000172.color.png 0.465120 -0.983206 1.325292 0.789075 -0.143822 0.579218 0.145401

seq-05/frame-000173.color.png 0.474752 -0.982891 1.330566 0.791206 -0.142201 0.577114 0.143771

seq-05/frame-000174.color.png 0.484392 -0.981218 1.334342 0.793667 -0.140882 0.574679 0.141238

seq-05/frame-000175.color.png 0.495322 -0.980529 1.338683 0.796661 -0.140520 0.570724 0.140779

seq-05/frame-000176.color.png 0.505595 -0.979839 1.342814 0.799120 -0.139600 0.567614 0.140329

seq-05/frame-000177.color.png 0.515984 -0.980943 1.347859 0.800296 -0.138791 0.566612 0.138470

seq-05/frame-000178.color.png 0.527161 -0.980410 1.351898 0.801970 -0.138791 0.564896 0.135767

seq-05/frame-000179.color.png 0.539249 -0.980111 1.356523 0.803557 -0.139340 0.562734 0.134795

seq-05/frame-000180.color.png 0.552666 -0.984191 1.362152 0.804734 -0.139614 0.560810 0.135510

seq-05/frame-000181.color.png 0.565523 -0.987806 1.368092 0.806972 -0.139107 0.557917 0.134660

seq-05/frame-000182.color.png 0.579228 -0.990362 1.373845 0.809690 -0.138982 0.554656 0.131918

seq-05/frame-000183.color.png 0.592843 -0.992705 1.380737 0.812168 -0.138533 0.551784 0.129172

seq-05/frame-000184.color.png 0.605915 -0.993350 1.386222 0.814844 -0.138129 0.548504 0.126696

seq-05/frame-000185.color.png 0.619514 -0.996436 1.393520 0.817010 -0.137744 0.545446 0.126373

seq-05/frame-000186.color.png 0.633218 -1.000368 1.401922 0.819942 -0.136517 0.541355 0.126303

seq-05/frame-000187.color.png 0.645674 -0.999971 1.409478 0.823234 -0.135145 0.537153 0.124289

seq-05/frame-000188.color.png 0.659480 -1.001310 1.416786 0.826508 -0.133928 0.532381 0.124411

seq-05/frame-000189.color.png 0.673423 -1.000798 1.422650 0.830464 -0.133191 0.526520 0.123799

seq-05/frame-000190.color.png 0.687277 -1.001303 1.428622 0.833525 -0.132657 0.521594 0.124646

seq-05/frame-000191.color.png 0.699580 -1.003300 1.436913 0.836107 -0.132171 0.517318 0.125690

seq-05/frame-000192.color.png 0.712016 -1.005657 1.444314 0.838681 -0.131237 0.513048 0.127011

seq-05/frame-000193.color.png 0.723693 -1.007784 1.453424 0.841374 -0.129567 0.508873 0.127707

seq-05/frame-000194.color.png 0.735046 -1.007977 1.461482 0.844401 -0.128602 0.504098 0.127648

seq-05/frame-000195.color.png 0.746193 -1.010030 1.468978 0.847345 -0.128652 0.498773 0.128998

seq-05/frame-000196.color.png 0.756429 -1.014124 1.477385 0.850459 -0.128323 0.493346 0.129703

seq-05/frame-000197.color.png 0.766861 -1.017051 1.485476 0.853458 -0.127289 0.488672 0.128709

seq-05/frame-000198.color.png 0.776913 -1.021630 1.493181 0.855477 -0.124859 0.485564 0.129449

seq-05/frame-000199.color.png 0.786762 -1.026080 1.500259 0.858035 -0.120461 0.482057 0.129788

seq-05/frame-000200.color.png 0.796618 -1.028905 1.505284 0.861233 -0.116826 0.477494 0.128797

seq-05/frame-000201.color.png 0.805835 -1.032658 1.509724 0.863737 -0.114856 0.473496 0.128560

seq-05/frame-000202.color.png 0.814366 -1.035914 1.514407 0.866218 -0.113958 0.469572 0.127050

seq-05/frame-000203.color.png 0.822402 -1.040625 1.519198 0.868600 -0.113085 0.465950 0.124886

seq-05/frame-000204.color.png 0.830426 -1.045788 1.523837 0.870800 -0.112052 0.463049 0.121236

seq-05/frame-000205.color.png 0.839271 -1.051402 1.526112 0.873136 -0.109876 0.459805 0.118744

seq-05/frame-000206.color.png 0.846935 -1.056961 1.528361 0.875954 -0.105808 0.456062 0.116088

seq-05/frame-000207.color.png 0.852817 -1.061720 1.530944 0.878486 -0.101047 0.453296 0.111958

seq-05/frame-000208.color.png 0.858801 -1.067059 1.532678 0.880698 -0.095596 0.451450 0.106704

seq-05/frame-000209.color.png 0.865081 -1.071920 1.532605 0.883528 -0.088613 0.448530 0.101522

seq-05/frame-000210.color.png 0.871354 -1.076780 1.532579 0.886389 -0.081360 0.445373 0.096427

seq-05/frame-000211.color.png 0.877372 -1.082720 1.533116 0.888960 -0.074783 0.442048 0.093338

seq-05/frame-000212.color.png 0.883928 -1.089158 1.532279 0.891887 -0.068430 0.438081 0.088880

seq-05/frame-000213.color.png 0.888944 -1.094860 1.532787 0.893715 -0.063469 0.436109 0.083755

seq-05/frame-000214.color.png 0.894661 -1.101110 1.532445 0.894793 -0.058971 0.435059 0.080939

seq-05/frame-000215.color.png 0.901085 -1.107759 1.531503 0.895896 -0.054061 0.433856 0.078598

seq-05/frame-000216.color.png 0.907823 -1.114367 1.529730 0.897597 -0.048081 0.431516 0.075906

seq-05/frame-000217.color.png 0.913832 -1.121211 1.528840 0.899203 -0.042362 0.429177 0.073533

seq-05/frame-000218.color.png 0.919767 -1.127764 1.527395 0.900735 -0.038370 0.426852 0.070437

seq-05/frame-000219.color.png 0.925945 -1.133676 1.525737 0.902036 -0.035300 0.425063 0.066083

seq-05/frame-000220.color.png 0.932401 -1.139678 1.523901 0.903796 -0.029937 0.422414 0.061502

seq-05/frame-000221.color.png 0.938030 -1.146919 1.522455 0.905903 -0.024551 0.418772 0.057679

seq-05/frame-000222.color.png 0.942580 -1.153771 1.521449 0.907438 -0.019527 0.416228 0.053757

seq-05/frame-000223.color.png 0.947853 -1.159406 1.519192 0.908976 -0.013856 0.413510 0.050403

seq-05/frame-000224.color.png 0.952880 -1.166760 1.516716 0.910630 -0.007663 0.410429 0.046924

seq-05/frame-000225.color.png 0.957362 -1.174028 1.514229 0.912012 -0.000978 0.407819 0.043317

seq-05/frame-000226.color.png 0.962702 -1.182220 1.510693 0.913572 0.005524 0.404445 0.041711

seq-05/frame-000227.color.png 0.967132 -1.189600 1.507464 0.915110 0.011428 0.401009 0.039947

seq-05/frame-000228.color.png 0.971997 -1.197840 1.503747 0.916590 0.016676 0.397729 0.036832

seq-05/frame-000229.color.png 0.975790 -1.204795 1.500679 0.917435 0.020835 0.395878 0.033458

seq-05/frame-000230.color.png 0.980169 -1.210535 1.497373 0.918525 0.025430 0.393223 0.031647

seq-05/frame-000231.color.png 0.984976 -1.217828 1.493755 0.920741 0.031400 0.387479 0.032721

seq-05/frame-000232.color.png 0.988357 -1.223989 1.491080 0.923165 0.036240 0.381358 0.031308

seq-05/frame-000233.color.png 0.991531 -1.230357 1.488764 0.924809 0.041158 0.377054 0.028725

seq-05/frame-000234.color.png 0.994616 -1.237012 1.486311 0.926411 0.046092 0.372706 0.026251

seq-05/frame-000235.color.png 0.998033 -1.241603 1.484261 0.928086 0.049713 0.368283 0.022645

seq-05/frame-000236.color.png 1.001003 -1.247301 1.482858 0.929613 0.052464 0.364121 0.021051

seq-05/frame-000237.color.png 1.005027 -1.251535 1.481728 0.931303 0.055663 0.359270 0.021496

seq-05/frame-000238.color.png 1.009782 -1.255703 1.480541 0.933934 0.058794 0.351806 0.022450

seq-05/frame-000239.color.png 1.014009 -1.257606 1.480763 0.936575 0.058914 0.344805 0.020656

seq-05/frame-000240.color.png 1.019049 -1.260048 1.481036 0.938647 0.057831 0.339429 0.018589

seq-05/frame-000241.color.png 1.024220 -1.267158 1.480517 0.940821 0.057288 0.333396 0.019521

seq-05/frame-000242.color.png 1.029824 -1.270868 1.480379 0.943395 0.055943 0.326341 0.018376

seq-05/frame-000243.color.png 1.034049 -1.273026 1.481079 0.945394 0.054020 0.320902 0.017132

seq-05/frame-000244.color.png 1.037742 -1.274399 1.482393 0.947072 0.052272 0.316297 0.015481

seq-05/frame-000245.color.png 1.040532 -1.276089 1.482932 0.948397 0.049550 0.312734 0.015712

seq-05/frame-000246.color.png 1.043130 -1.277812 1.483489 0.949518 0.045262 0.310006 0.014938

seq-05/frame-000247.color.png 1.044367 -1.279624 1.484622 0.950021 0.041421 0.309110 0.012515

seq-05/frame-000248.color.png 1.045064 -1.281199 1.485270 0.950082 0.039090 0.309224 0.012490

seq-05/frame-000249.color.png 1.044930 -1.282243 1.485422 0.950330 0.036270 0.308794 0.012778

seq-05/frame-000250.color.png 1.044167 -1.279181 1.486408 0.951061 0.030387 0.307162 0.013135

seq-05/frame-000251.color.png 1.041484 -1.278134 1.488458 0.951164 0.021878 0.307585 0.012651

seq-05/frame-000252.color.png 1.040584 -1.278412 1.489321 0.950848 0.015233 0.308880 0.014464

seq-05/frame-000253.color.png 1.039850 -1.278172 1.489300 0.951071 0.011747 0.308248 0.016440

seq-05/frame-000254.color.png 1.037418 -1.274777 1.489899 0.951769 0.008242 0.306248 0.015527

seq-05/frame-000255.color.png 1.034096 -1.271294 1.491420 0.952280 0.003927 0.304869 0.012713

seq-05/frame-000256.color.png 1.030666 -1.269466 1.492711 0.952449 0.000551 0.304364 0.012800

seq-05/frame-000257.color.png 1.027654 -1.265706 1.493427 0.952804 -0.002529 0.303203 0.013656

seq-05/frame-000258.color.png 1.023183 -1.259387 1.495424 0.953220 -0.006875 0.301810 0.013950

seq-05/frame-000259.color.png 1.019008 -1.254214 1.497440 0.953581 -0.012952 0.300382 0.015702

seq-05/frame-000260.color.png 1.016760 -1.248173 1.498796 0.954092 -0.018708 0.298296 0.018381

seq-05/frame-000261.color.png 1.014294 -1.241120 1.499430 0.955319 -0.022943 0.293927 0.020122

seq-05/frame-000262.color.png 1.010186 -1.235253 1.501831 0.956055 -0.028519 0.291035 0.020102

seq-05/frame-000263.color.png 1.010420 -1.235636 1.501460 0.956085 -0.028429 0.290925 0.020388

seq-05/frame-000264.color.png 1.007424 -1.229557 1.502358 0.956715 -0.033513 0.288236 0.021265

seq-05/frame-000265.color.png 1.005708 -1.222797 1.501714 0.958351 -0.036597 0.282156 0.023896

seq-05/frame-000266.color.png 1.002530 -1.214850 1.503240 0.959990 -0.042017 0.275670 0.024904

seq-05/frame-000267.color.png 1.002071 -1.210487 1.503419 0.961605 -0.047604 0.268845 0.027063

seq-05/frame-000268.color.png 1.001516 -1.205258 1.504202 0.963350 -0.053645 0.261367 0.026934

seq-05/frame-000269.color.png 1.001019 -1.199976 1.505716 0.964924 -0.059640 0.254173 0.026819

seq-05/frame-000270.color.png 0.999848 -1.197099 1.505857 0.964911 -0.059096 0.254493 0.025413

seq-05/frame-000271.color.png 1.003036 -1.195675 1.506124 0.966673 -0.065178 0.245681 0.029923

seq-05/frame-000272.color.png 1.007500 -1.194219 1.505848 0.968859 -0.070849 0.234905 0.032713

seq-05/frame-000273.color.png 1.011053 -1.187980 1.506284 0.971427 -0.073361 0.223347 0.031976

seq-05/frame-000274.color.png 1.015278 -1.184683 1.507807 0.973698 -0.076840 0.211896 0.032667

seq-05/frame-000275.color.png 1.018886 -1.182243 1.510734 0.975254 -0.083988 0.201802 0.032549

seq-05/frame-000276.color.png 1.018936 -1.181455 1.510717 0.975268 -0.083912 0.201793 0.032386

seq-05/frame-000277.color.png 1.021392 -1.174939 1.514212 0.976403 -0.091635 0.192986 0.030892

seq-05/frame-000278.color.png 1.022013 -1.164053 1.516997 0.977502 -0.097001 0.185044 0.028246

seq-05/frame-000279.color.png 1.024974 -1.154780 1.519141 0.978877 -0.100767 0.175860 0.026047

seq-05/frame-000280.color.png 1.029239 -1.147345 1.521627 0.980407 -0.104813 0.164695 0.025487

seq-05/frame-000281.color.png 1.029313 -1.147254 1.521464 0.980396 -0.104565 0.164889 0.025673

seq-05/frame-000282.color.png 1.032241 -1.140231 1.524140 0.981811 -0.108804 0.153738 0.023068

seq-05/frame-000283.color.png 1.035431 -1.135401 1.525338 0.983017 -0.111154 0.144673 0.018727

seq-05/frame-000284.color.png 1.039006 -1.132162 1.525973 0.984072 -0.112851 0.136313 0.015656

seq-05/frame-000285.color.png 1.039205 -1.132275 1.525889 0.984075 -0.112784 0.136317 0.015915

seq-05/frame-000286.color.png 1.042159 -1.129382 1.526257 0.984724 -0.116678 0.128405 0.013237

seq-05/frame-000287.color.png 1.045771 -1.126435 1.525287 0.985181 -0.120267 0.121806 0.008663

seq-05/frame-000288.color.png 1.046315 -1.126524 1.525296 0.985183 -0.120274 0.121776 0.008798

seq-05/frame-000289.color.png 1.049673 -1.122723 1.522893 0.985940 -0.120902 0.115040 0.005483

seq-05/frame-000290.color.png 1.054842 -1.120001 1.520564 0.986718 -0.121024 0.108084 0.004072

seq-05/frame-000291.color.png 1.058569 -1.117163 1.518683 0.987260 -0.123528 0.100048 0.002647

seq-05/frame-000292.color.png 1.058018 -1.117007 1.518618 0.987266 -0.123453 0.100081 0.002597

seq-05/frame-000293.color.png 1.062960 -1.113010 1.516417 0.987586 -0.127528 0.091477 -0.000286

seq-05/frame-000294.color.png 1.066790 -1.106636 1.513505 0.988087 -0.129329 0.083142 -0.002076

seq-05/frame-000295.color.png 1.070066 -1.100912 1.511247 0.988650 -0.130790 0.073622 -0.001867

seq-05/frame-000296.color.png 1.069409 -1.100916 1.511231 0.988657 -0.130737 0.073623 -0.001814

seq-05/frame-000297.color.png 1.073429 -1.094477 1.509831 0.989099 -0.133017 0.062822 -0.000913

seq-05/frame-000298.color.png 1.077894 -1.087442 1.508681 0.989314 -0.136240 0.051512 0.000571

seq-05/frame-000299.color.png 1.077659 -1.087106 1.508659 0.989324 -0.136161 0.051542 0.000765

seq-05/frame-000300.color.png 1.080489 -1.080960 1.507589 0.989388 -0.139536 0.039946 0.001997

seq-05/frame-000301.color.png 1.084530 -1.074943 1.507134 0.989223 -0.143544 0.028032 0.002210

seq-05/frame-000302.color.png 1.084497 -1.074737 1.506926 0.989241 -0.143398 0.028172 0.002129

seq-05/frame-000303.color.png 1.087160 -1.069487 1.506463 0.988890 -0.147398 0.018092 0.001041

seq-05/frame-000304.color.png 1.088143 -1.061739 1.505874 0.988828 -0.148663 0.008660 -0.000817

seq-05/frame-000305.color.png 1.088133 -1.061687 1.505781 0.988837 -0.148602 0.008668 -0.000867

seq-05/frame-000306.color.png 1.092382 -1.055937 1.506837 0.988520 -0.150909 -0.001449 -0.003297

seq-05/frame-000307.color.png 1.091956 -1.056241 1.506930 0.988512 -0.150966 -0.001422 -0.003169

seq-05/frame-000308.color.png 1.093994 -1.051203 1.508905 0.987615 -0.156331 -0.010608 -0.004759

seq-05/frame-000309.color.png 1.094558 -1.047411 1.510289 0.986553 -0.162061 -0.019019 -0.006680

seq-05/frame-000310.color.png 1.093732 -1.047379 1.510242 0.986577 -0.161955 -0.018805 -0.006430

seq-05/frame-000311.color.png 1.093712 -1.042960 1.510930 0.985756 -0.165640 -0.026970 -0.008929

seq-05/frame-000312.color.png 1.091621 -1.039546 1.511389 0.985098 -0.167734 -0.035482 -0.012097

seq-05/frame-000313.color.png 1.091979 -1.039387 1.511363 0.985102 -0.167708 -0.035486 -0.012123

seq-05/frame-000314.color.png 1.088419 -1.035829 1.512198 0.984540 -0.168299 -0.045698 -0.015008

seq-05/frame-000315.color.png 1.088298 -1.035694 1.512135 0.984550 -0.168260 -0.045625 -0.015053

seq-05/frame-000316.color.png 1.087456 -1.032717 1.512838 0.983951 -0.168196 -0.056900 -0.016439

seq-05/frame-000317.color.png 1.088786 -1.030962 1.514077 0.983088 -0.168932 -0.067979 -0.018364

seq-05/frame-000318.color.png 1.088538 -1.030927 1.514072 0.983101 -0.168907 -0.067851 -0.018329

seq-05/frame-000319.color.png 1.089842 -1.029457 1.516511 0.981642 -0.173202 -0.076839 -0.020800

seq-05/frame-000320.color.png 1.089028 -1.027345 1.518363 0.980214 -0.177346 -0.084589 -0.023058

seq-05/frame-000321.color.png 1.088508 -1.027200 1.518217 0.980227 -0.177253 -0.084630 -0.023072

seq-05/frame-000322.color.png 1.084287 -1.024129 1.519990 0.978761 -0.180861 -0.093036 -0.024850

seq-05/frame-000323.color.png 1.082021 -1.021289 1.522058 0.977126 -0.184348 -0.102378 -0.026785

seq-05/frame-000324.color.png 1.077955 -1.018878 1.524666 0.975200 -0.188636 -0.111286 -0.031216

seq-05/frame-000325.color.png 1.079234 -1.018827 1.524785 0.975196 -0.188686 -0.111288 -0.031023

seq-05/frame-000326.color.png 1.075072 -1.017247 1.527330 0.972812 -0.194627 -0.119720 -0.037181

seq-05/frame-000327.color.png 1.068804 -1.012120 1.526131 0.970859 -0.194775 -0.132058 -0.044861

seq-05/frame-000328.color.png 1.069552 -1.012236 1.526181 0.970837 -0.194891 -0.132035 -0.044901

seq-05/frame-000329.color.png 1.067394 -1.009586 1.527885 0.969172 -0.193077 -0.145041 -0.048448

seq-05/frame-000330.color.png 1.069827 -1.007626 1.530192 0.967778 -0.192928 -0.154507 -0.047628

seq-05/frame-000331.color.png 1.067870 -1.005067 1.531964 0.966715 -0.193276 -0.160530 -0.047893

seq-05/frame-000332.color.png 1.068721 -1.005214 1.532173 0.966672 -0.193343 -0.160713 -0.047866

seq-05/frame-000333.color.png 1.059827 -1.002156 1.532703 0.965615 -0.192756 -0.167223 -0.049259

seq-05/frame-000334.color.png 1.059301 -1.000015 1.534334 0.964169 -0.191288 -0.176306 -0.051573

seq-05/frame-000335.color.png 1.059694 -0.999890 1.534403 0.964159 -0.191284 -0.176395 -0.051467

seq-05/frame-000336.color.png 1.059100 -0.997487 1.536757 0.962630 -0.191363 -0.183838 -0.053709

seq-05/frame-000337.color.png 1.049506 -0.992929 1.536979 0.961075 -0.193608 -0.188993 -0.055572

seq-05/frame-000338.color.png 1.050712 -0.992422 1.536943 0.961104 -0.193449 -0.189054 -0.055415

seq-05/frame-000339.color.png 1.043454 -0.990553 1.537393 0.959626 -0.195873 -0.193676 -0.056550

seq-05/frame-000340.color.png 1.042628 -0.988327 1.539403 0.958349 -0.197858 -0.198125 -0.055880

seq-05/frame-000341.color.png 1.034038 -0.985643 1.539407 0.957109 -0.199162 -0.202389 -0.057203

seq-05/frame-000342.color.png 1.034609 -0.985601 1.539522 0.957092 -0.199135 -0.202471 -0.057290

seq-05/frame-000343.color.png 1.031372 -0.983598 1.540215 0.956083 -0.197816 -0.207885 -0.059281

seq-05/frame-000344.color.png 1.032000 -0.981473 1.542046 0.954876 -0.198317 -0.212216 -0.061663

seq-05/frame-000345.color.png 1.025823 -0.979606 1.542973 0.953645 -0.200099 -0.215555 -0.063352

seq-05/frame-000346.color.png 1.025829 -0.979829 1.543194 0.953585 -0.200195 -0.215710 -0.063424

seq-05/frame-000347.color.png 1.019613 -0.978242 1.543598 0.952221 -0.201891 -0.219691 -0.064853

seq-05/frame-000348.color.png 1.016051 -0.976635 1.544606 0.950845 -0.201147 -0.225026 -0.068941

seq-05/frame-000349.color.png 1.015966 -0.976717 1.544626 0.950851 -0.201147 -0.224986 -0.068992

seq-05/frame-000350.color.png 1.009799 -0.974074 1.545287 0.949680 -0.200418 -0.229065 -0.073659

seq-05/frame-000351.color.png 1.006948 -0.973390 1.548110 0.948087 -0.201655 -0.233759 -0.076008

seq-05/frame-000352.color.png 1.005400 -0.969611 1.550013 0.945898 -0.203164 -0.240532 -0.078104

seq-05/frame-000353.color.png 1.000646 -0.964342 1.551316 0.943063 -0.207897 -0.245936 -0.082955

seq-05/frame-000354.color.png 1.001254 -0.965123 1.552063 0.942873 -0.208186 -0.246341 -0.083190

seq-05/frame-000355.color.png 0.991301 -0.962914 1.553015 0.940953 -0.212688 -0.247715 -0.089237

seq-05/frame-000356.color.png 0.984580 -0.963592 1.556349 0.938841 -0.214713 -0.252575 -0.092931

seq-05/frame-000357.color.png 0.979063 -0.961721 1.558710 0.936488 -0.214377 -0.260350 -0.095939

seq-05/frame-000358.color.png 0.974681 -0.959697 1.561114 0.934453 -0.214619 -0.266228 -0.099057

seq-05/frame-000359.color.png 0.974664 -0.960238 1.561758 0.934318 -0.214735 -0.266547 -0.099226

seq-05/frame-000360.color.png 0.970780 -0.959901 1.565872 0.931632 -0.215947 -0.273398 -0.103130

seq-05/frame-000361.color.png 0.965308 -0.963601 1.570767 0.928679 -0.217834 -0.280482 -0.106706

seq-05/frame-000362.color.png 0.953314 -0.960447 1.571148 0.927345 -0.214566 -0.285983 -0.110267

seq-05/frame-000363.color.png 0.952878 -0.960226 1.570815 0.927374 -0.214504 -0.285944 -0.110244

seq-05/frame-000364.color.png 0.946660 -0.957085 1.572342 0.926033 -0.213380 -0.290905 -0.110725

seq-05/frame-000365.color.png 0.939432 -0.954900 1.573414 0.923686 -0.214772 -0.297409 -0.110352

seq-05/frame-000366.color.png 0.934047 -0.952986 1.575238 0.920969 -0.216051 -0.304994 -0.109857

seq-05/frame-000367.color.png 0.927663 -0.947945 1.575382 0.918949 -0.216763 -0.310245 -0.110667

seq-05/frame-000368.color.png 0.918701 -0.946141 1.575050 0.916830 -0.218166 -0.314918 -0.112268

seq-05/frame-000369.color.png 0.918689 -0.946378 1.574671 0.916858 -0.218334 -0.314770 -0.112136

seq-05/frame-000370.color.png 0.912292 -0.942739 1.574385 0.914742 -0.218405 -0.320115 -0.114128

seq-05/frame-000371.color.png 0.903056 -0.941530 1.573287 0.912761 -0.219581 -0.324147 -0.116329

seq-05/frame-000372.color.png 0.894469 -0.941785 1.572793 0.910684 -0.220472 -0.328861 -0.117683

seq-05/frame-000373.color.png 0.886594 -0.939089 1.572180 0.908628 -0.220180 -0.334409 -0.118481

seq-05/frame-000374.color.png 0.878756 -0.937961 1.572922 0.906767 -0.219337 -0.339171 -0.120748

seq-05/frame-000375.color.png 0.878700 -0.937801 1.572617 0.906819 -0.219307 -0.339073 -0.120684

seq-05/frame-000376.color.png 0.871746 -0.935781 1.571735 0.905262 -0.218212 -0.343106 -0.122940

seq-05/frame-000377.color.png 0.863618 -0.933569 1.571428 0.902961 -0.218713 -0.348161 -0.124742

seq-05/frame-000378.color.png 0.853711 -0.931996 1.572308 0.900483 -0.218677 -0.353291 -0.128239

seq-05/frame-000379.color.png 0.845432 -0.931336 1.573374 0.898570 -0.218238 -0.356845 -0.132502

seq-05/frame-000380.color.png 0.835289 -0.929585 1.574458 0.896175 -0.217901 -0.361358 -0.136967

seq-05/frame-000381.color.png 0.825248 -0.931883 1.578152 0.892746 -0.219967 -0.367152 -0.140597

seq-05/frame-000382.color.png 0.814896 -0.937728 1.583097 0.890123 -0.220901 -0.372015 -0.142962

seq-05/frame-000383.color.png 0.814801 -0.937469 1.582997 0.890124 -0.220803 -0.372079 -0.142943

seq-05/frame-000384.color.png 0.805908 -0.938513 1.585690 0.888610 -0.217859 -0.376788 -0.144536

seq-05/frame-000385.color.png 0.796463 -0.937881 1.587571 0.886892 -0.214995 -0.382036 -0.145591

seq-05/frame-000386.color.png 0.787533 -0.937694 1.591041 0.884655 -0.213137 -0.387538 -0.147385

seq-05/frame-000387.color.png 0.776405 -0.938049 1.594876 0.882209 -0.211395 -0.393169 -0.149620

seq-05/frame-000388.color.png 0.765058 -0.938845 1.598571 0.879605 -0.209697 -0.399190 -0.151385

seq-05/frame-000389.color.png 0.754749 -0.938113 1.603593 0.876601 -0.207812 -0.405869 -0.153635

seq-05/frame-000390.color.png 0.741346 -0.938208 1.607485 0.874644 -0.206100 -0.410027 -0.156036

seq-05/frame-000391.color.png 0.727854 -0.939579 1.611828 0.872655 -0.205132 -0.414306 -0.157139

seq-05/frame-000392.color.png 0.716701 -0.940557 1.616596 0.869816 -0.203996 -0.420827 -0.157030

seq-05/frame-000393.color.png 0.706374 -0.941514 1.623654 0.866567 -0.201939 -0.427964 -0.158356

seq-05/frame-000394.color.png 0.694424 -0.940367 1.628364 0.864953 -0.198636 -0.432056 -0.160232

seq-05/frame-000395.color.png 0.680838 -0.941115 1.630664 0.863925 -0.197402 -0.434380 -0.161017

seq-05/frame-000396.color.png 0.668615 -0.944227 1.637567 0.861664 -0.196778 -0.439109 -0.161069

seq-05/frame-000397.color.png 0.659735 -0.940241 1.643107 0.860704 -0.192564 -0.442195 -0.162846

seq-05/frame-000398.color.png 0.645801 -0.939643 1.645579 0.861249 -0.191121 -0.440520 -0.166167

seq-05/frame-000399.color.png 0.630439 -0.949571 1.653543 0.860045 -0.192591 -0.441299 -0.168622

seq-05/frame-000400.color.png 0.617827 -0.953573 1.661134 0.859500 -0.188467 -0.444045 -0.168851

seq-05/frame-000401.color.png 0.605343 -0.950182 1.662574 0.860162 -0.182534 -0.445145 -0.169103

seq-05/frame-000402.color.png 0.592540 -0.949504 1.667846 0.859403 -0.181038 -0.447313 -0.168846

seq-05/frame-000403.color.png 0.577779 -0.952994 1.674635 0.857598 -0.183115 -0.450549 -0.167175

seq-05/frame-000404.color.png 0.562545 -0.956306 1.680716 0.855879 -0.184046 -0.454347 -0.164663

seq-05/frame-000405.color.png 0.548758 -0.950700 1.680837 0.855588 -0.180604 -0.456535 -0.163932

seq-05/frame-000406.color.png 0.535157 -0.946737 1.683624 0.855399 -0.178386 -0.456569 -0.167221

seq-05/frame-000407.color.png 0.518561 -0.950349 1.689374 0.855151 -0.179201 -0.455256 -0.171150

seq-05/frame-000408.color.png 0.502982 -0.953948 1.695776 0.855225 -0.178583 -0.454854 -0.172488

seq-05/frame-000409.color.png 0.487166 -0.951646 1.697085 0.855865 -0.176437 -0.454389 -0.172749

seq-05/frame-000410.color.png 0.471116 -0.952937 1.702018 0.854578 -0.177148 -0.456656 -0.172415

seq-05/frame-000411.color.png 0.457482 -0.947608 1.702984 0.853615 -0.176486 -0.458950 -0.171769

seq-05/frame-000412.color.png 0.442966 -0.944239 1.706752 0.851879 -0.177804 -0.460817 -0.174014

seq-05/frame-000413.color.png 0.428041 -0.945108 1.711034 0.849591 -0.181075 -0.462899 -0.176288

seq-05/frame-000414.color.png 0.412410 -0.944687 1.714962 0.848144 -0.183115 -0.464700 -0.176409

seq-05/frame-000415.color.png 0.395753 -0.945325 1.717360 0.846908 -0.185093 -0.465977 -0.176914

seq-05/frame-000416.color.png 0.395253 -0.945102 1.716472 0.847056 -0.185057 -0.465738 -0.176874

seq-05/frame-000417.color.png 0.379090 -0.947185 1.721163 0.845128 -0.185358 -0.469120 -0.176842

seq-05/frame-000418.color.png 0.363735 -0.944703 1.722240 0.844784 -0.183145 -0.471001 -0.175786

seq-05/frame-000419.color.png 0.346091 -0.937986 1.716130 0.844704 -0.181427 -0.471302 -0.177142

seq-05/frame-000420.color.png 0.326492 -0.937392 1.714528 0.840846 -0.184821 -0.475995 -0.179425

seq-05/frame-000421.color.png 0.309444 -0.938091 1.718473 0.836963 -0.187563 -0.481425 -0.180241

seq-05/frame-000422.color.png 0.290741 -0.942148 1.720623 0.834645 -0.189182 -0.484366 -0.181415

seq-05/frame-000423.color.png 0.274190 -0.945632 1.724416 0.832671 -0.187387 -0.488197 -0.182080

seq-05/frame-000424.color.png 0.257171 -0.947174 1.725477 0.832471 -0.184727 -0.490047 -0.180738

seq-05/frame-000425.color.png 0.242732 -0.943294 1.721811 0.832791 -0.181870 -0.490826 -0.180048

seq-05/frame-000426.color.png 0.227342 -0.941200 1.719815 0.831914 -0.181940 -0.492087 -0.180587

seq-05/frame-000427.color.png 0.210439 -0.941181 1.719419 0.830919 -0.183165 -0.493360 -0.180456

seq-05/frame-000428.color.png 0.191723 -0.941156 1.717676 0.830168 -0.184673 -0.494272 -0.179876

seq-05/frame-000429.color.png 0.175627 -0.939987 1.717332 0.829889 -0.183945 -0.495121 -0.179575

seq-05/frame-000430.color.png 0.159298 -0.936265 1.714293 0.831255 -0.182880 -0.493272 -0.179435

seq-05/frame-000431.color.png 0.140754 -0.938115 1.712072 0.832986 -0.183874 -0.490186 -0.178846

seq-05/frame-000432.color.png 0.122688 -0.939555 1.707707 0.834977 -0.184271 -0.487482 -0.176531

seq-05/frame-000433.color.png 0.106136 -0.940621 1.704726 0.836547 -0.185230 -0.485869 -0.172493

seq-05/frame-000434.color.png 0.088963 -0.937938 1.697737 0.838699 -0.185285 -0.483396 -0.168898

seq-05/frame-000435.color.png 0.073440 -0.934267 1.690827 0.839841 -0.186828 -0.481121 -0.168015

seq-05/frame-000436.color.png 0.055487 -0.940928 1.690084 0.839890 -0.191166 -0.479491 -0.167550

seq-05/frame-000437.color.png 0.038914 -0.944507 1.686905 0.841048 -0.190962 -0.478093 -0.165958

seq-05/frame-000438.color.png 0.023426 -0.944357 1.682031 0.842705 -0.188597 -0.476429 -0.165042

seq-05/frame-000439.color.png 0.008806 -0.944634 1.678404 0.844116 -0.186096 -0.474711 -0.165623

seq-05/frame-000440.color.png -0.006741 -0.944915 1.673723 0.846397 -0.184430 -0.471380 -0.165357

seq-05/frame-000441.color.png -0.024548 -0.947611 1.669554 0.847897 -0.183988 -0.469186 -0.164402

seq-05/frame-000442.color.png -0.041373 -0.948519 1.666237 0.848973 -0.182345 -0.468621 -0.162276

seq-05/frame-000443.color.png -0.056830 -0.945767 1.661395 0.850157 -0.180249 -0.467663 -0.161182

seq-05/frame-000444.color.png -0.072049 -0.947843 1.660878 0.850500 -0.179380 -0.467508 -0.160788

seq-05/frame-000445.color.png -0.089046 -0.945925 1.657143 0.852126 -0.177291 -0.465770 -0.159535

seq-05/frame-000446.color.png -0.106626 -0.942189 1.651914 0.853378 -0.176623 -0.463763 -0.159433

seq-05/frame-000447.color.png -0.123834 -0.946478 1.653721 0.852327 -0.178328 -0.464607 -0.160690

seq-05/frame-000448.color.png -0.140960 -0.950777 1.655927 0.851926 -0.175721 -0.465963 -0.161759

seq-05/frame-000449.color.png -0.158197 -0.948108 1.653486 0.854352 -0.170905 -0.463356 -0.161617

seq-05/frame-000450.color.png -0.175968 -0.948657 1.652330 0.856550 -0.170000 -0.459828 -0.161011

seq-05/frame-000451.color.png -0.193829 -0.951191 1.652441 0.858529 -0.170957 -0.456972 -0.157553

seq-05/frame-000452.color.png -0.212058 -0.954854 1.653966 0.860108 -0.171840 -0.455776 -0.151323

seq-05/frame-000453.color.png -0.228000 -0.955228 1.655605 0.861553 -0.170795 -0.455676 -0.144425

seq-05/frame-000454.color.png -0.244637 -0.954080 1.656378 0.863123 -0.167911 -0.454834 -0.141047

seq-05/frame-000455.color.png -0.260138 -0.952634 1.658237 0.864529 -0.163504 -0.453551 -0.141749

seq-05/frame-000456.color.png -0.275960 -0.950900 1.659303 0.867287 -0.160542 -0.449039 -0.142645

seq-05/frame-000457.color.png -0.294551 -0.951800 1.659941 0.869394 -0.161566 -0.444991 -0.141346

seq-05/frame-000458.color.png -0.312590 -0.953563 1.662667 0.869111 -0.163947 -0.445840 -0.137620

seq-05/frame-000459.color.png -0.328469 -0.953667 1.666698 0.868319 -0.164631 -0.448428 -0.133321

seq-05/frame-000460.color.png -0.344291 -0.953739 1.669808 0.868439 -0.163654 -0.449404 -0.130425

seq-05/frame-000461.color.png -0.359622 -0.952899 1.672475 0.869757 -0.161230 -0.448312 -0.128407

seq-05/frame-000462.color.png -0.376834 -0.955479 1.675534 0.872013 -0.160966 -0.445177 -0.124280

seq-05/frame-000463.color.png -0.393777 -0.955456 1.678264 0.873427 -0.159797 -0.444519 -0.118056

seq-05/frame-000464.color.png -0.409436 -0.951813 1.680673 0.873958 -0.159760 -0.444426 -0.114477

seq-05/frame-000465.color.png -0.426647 -0.953555 1.685157 0.873870 -0.163141 -0.443629 -0.113462

seq-05/frame-000466.color.png -0.443798 -0.956018 1.688978 0.874335 -0.164366 -0.442903 -0.110925

seq-05/frame-000467.color.png -0.459355 -0.956416 1.692196 0.875111 -0.163831 -0.442276 -0.108061

seq-05/frame-000468.color.png -0.475255 -0.958045 1.695715 0.875728 -0.164226 -0.441737 -0.104614

seq-05/frame-000469.color.png -0.491549 -0.958411 1.698554 0.875936 -0.163659 -0.442386 -0.100950

seq-05/frame-000470.color.png -0.506824 -0.958644 1.702022 0.876111 -0.161508 -0.443357 -0.098608

seq-05/frame-000471.color.png -0.522349 -0.958163 1.703938 0.877232 -0.158407 -0.442447 -0.097754

seq-05/frame-000472.color.png -0.538311 -0.959041 1.707602 0.877968 -0.156140 -0.441846 -0.097516

seq-05/frame-000473.color.png -0.554443 -0.959995 1.709969 0.878411 -0.154503 -0.441618 -0.097167

seq-05/frame-000474.color.png -0.568979 -0.962459 1.712951 0.878923 -0.152172 -0.441635 -0.096129

seq-05/frame-000475.color.png -0.584139 -0.965805 1.713799 0.880481 -0.148917 -0.440407 -0.092541

seq-05/frame-000476.color.png -0.597486 -0.967834 1.714728 0.881806 -0.144913 -0.440136 -0.087428

seq-05/frame-000477.color.png -0.610497 -0.968417 1.715034 0.882676 -0.141010 -0.440167 -0.084838

seq-05/frame-000478.color.png -0.623907 -0.970641 1.716066 0.883500 -0.138373 -0.439355 -0.084802

seq-05/frame-000479.color.png -0.638052 -0.973448 1.716093 0.884800 -0.136296 -0.437179 -0.085860

seq-05/frame-000480.color.png -0.651775 -0.974386 1.716104 0.886322 -0.135204 -0.434567 -0.085143

seq-05/frame-000481.color.png -0.664505 -0.974505 1.715757 0.887000 -0.135796 -0.433457 -0.082765

seq-05/frame-000482.color.png -0.676823 -0.976080 1.716013 0.886822 -0.135827 -0.434324 -0.080033

seq-05/frame-000483.color.png -0.689961 -0.978946 1.715857 0.887359 -0.133430 -0.434327 -0.078068

seq-05/frame-000484.color.png -0.689880 -0.978945 1.716099 0.887313 -0.133506 -0.434397 -0.078067

seq-05/frame-000485.color.png -0.703363 -0.981659 1.714308 0.889036 -0.131086 -0.431801 -0.076973

seq-05/frame-000486.color.png -0.715593 -0.981956 1.712645 0.890551 -0.130552 -0.429066 -0.075646

seq-05/frame-000487.color.png -0.728809 -0.984510 1.710413 0.891650 -0.129139 -0.427552 -0.073674

seq-05/frame-000488.color.png -0.742262 -0.987703 1.708046 0.893046 -0.125901 -0.426228 -0.069949

seq-05/frame-000489.color.png -0.754881 -0.989112 1.705105 0.894575 -0.123836 -0.424033 -0.067379

seq-05/frame-000490.color.png -0.768429 -0.991527 1.701433 0.896316 -0.121958 -0.421075 -0.066214

seq-05/frame-000491.color.png -0.782305 -0.994957 1.697287 0.898719 -0.118455 -0.417312 -0.063777

seq-05/frame-000492.color.png -0.795897 -0.996863 1.692458 0.901588 -0.116336 -0.412125 -0.060848

seq-05/frame-000493.color.png -0.809253 -0.999202 1.687748 0.904371 -0.115759 -0.406427 -0.058943

seq-05/frame-000494.color.png -0.822173 -1.001828 1.683083 0.907139 -0.115813 -0.400482 -0.056970

seq-05/frame-000495.color.png -0.834789 -1.003761 1.678840 0.909403 -0.115758 -0.395800 -0.053610

seq-05/frame-000496.color.png -0.847428 -1.008002 1.673969 0.911437 -0.115397 -0.391581 -0.050750

seq-05/frame-000497.color.png -0.859366 -1.013214 1.668672 0.913980 -0.113874 -0.386595 -0.046518

seq-05/frame-000498.color.png -0.870277 -1.015598 1.662833 0.916885 -0.110285 -0.381369 -0.040773

seq-05/frame-000499.color.png -0.880619 -1.017330 1.657072 0.919443 -0.107423 -0.376436 -0.036413

seq-05/frame-000500.color.png -0.891050 -1.018905 1.651799 0.921591 -0.105882 -0.372021 -0.031715

seq-05/frame-000501.color.png -0.891404 -1.019295 1.651866 0.921629 -0.106116 -0.371865 -0.031654

seq-05/frame-000502.color.png -0.901711 -1.020801 1.646671 0.922959 -0.105304 -0.369181 -0.026632

seq-05/frame-000503.color.png -0.912694 -1.023540 1.641393 0.924031 -0.104901 -0.366867 -0.022743

seq-05/frame-000504.color.png -0.922595 -1.025631 1.636864 0.925229 -0.104128 -0.364229 -0.019793

seq-05/frame-000505.color.png -0.932433 -1.028048 1.632189 0.926801 -0.100855 -0.361208 -0.018522

seq-05/frame-000506.color.png -0.942672 -1.030791 1.627553 0.928956 -0.097030 -0.356693 -0.018487

seq-05/frame-000507.color.png -0.952987 -1.033320 1.623460 0.931008 -0.094884 -0.351964 -0.016996

seq-05/frame-000508.color.png -0.962570 -1.034919 1.620233 0.932295 -0.092906 -0.349206 -0.013984

seq-05/frame-000509.color.png -0.962958 -1.035460 1.620105 0.932352 -0.093046 -0.349012 -0.014077

seq-05/frame-000510.color.png -0.971898 -1.035703 1.618195 0.933086 -0.091536 -0.347501 -0.012693

seq-05/frame-000511.color.png -0.982311 -1.038943 1.616360 0.933987 -0.091997 -0.344908 -0.013753

seq-05/frame-000512.color.png -0.991762 -1.041263 1.615485 0.934819 -0.092661 -0.342489 -0.013197

seq-05/frame-000513.color.png -1.000576 -1.041952 1.615300 0.935414 -0.091724 -0.341208 -0.010474

seq-05/frame-000514.color.png -1.010681 -1.044192 1.614985 0.936039 -0.090742 -0.339774 -0.009839

seq-05/frame-000515.color.png -1.010452 -1.043966 1.615029 0.936010 -0.090646 -0.339882 -0.009763

seq-05/frame-000516.color.png -1.020592 -1.046911 1.615135 0.937254 -0.088784 -0.336915 -0.010253

seq-05/frame-000517.color.png -1.030266 -1.047899 1.615453 0.938961 -0.085030 -0.333123 -0.009840

seq-05/frame-000518.color.png -1.040132 -1.048069 1.616090 0.940561 -0.082154 -0.329308 -0.009902

seq-05/frame-000519.color.png -1.050824 -1.048151 1.617419 0.941875 -0.082175 -0.325549 -0.009097

seq-05/frame-000520.color.png -1.061484 -1.049794 1.620099 0.942184 -0.083555 -0.324314 -0.008528

seq-05/frame-000521.color.png -1.072688 -1.051613 1.622459 0.942346 -0.083601 -0.323842 -0.008175

seq-05/frame-000522.color.png -1.072905 -1.052006 1.622331 0.942367 -0.083684 -0.323752 -0.008452

seq-05/frame-000523.color.png -1.084770 -1.052963 1.624961 0.942977 -0.082311 -0.322352 -0.007296

seq-05/frame-000524.color.png -1.096525 -1.054668 1.628125 0.943992 -0.080433 -0.319849 -0.007235

seq-05/frame-000525.color.png -1.108115 -1.057153 1.632490 0.945083 -0.079891 -0.316778 -0.005755

seq-05/frame-000526.color.png -1.119725 -1.057735 1.636819 0.945590 -0.079367 -0.315442 -0.001439

seq-05/frame-000527.color.png -1.119961 -1.058474 1.636985 0.945603 -0.079653 -0.315331 -0.001550

seq-05/frame-000528.color.png -1.132383 -1.058815 1.641489 0.945528 -0.079753 -0.315509 0.003937

seq-05/frame-000529.color.png -1.143560 -1.058702 1.646587 0.945320 -0.078525 -0.316373 0.007489

seq-05/frame-000530.color.png -1.155174 -1.059261 1.651505 0.945830 -0.077452 -0.315093 0.008248

seq-05/frame-000531.color.png -1.167844 -1.060140 1.657169 0.946561 -0.077319 -0.312915 0.008570

seq-05/frame-000532.color.png -1.180488 -1.061620 1.662905 0.947093 -0.077420 -0.311274 0.008597

seq-05/frame-000533.color.png -1.180291 -1.060954 1.662799 0.947088 -0.077196 -0.311338 0.008848

seq-05/frame-000534.color.png -1.192638 -1.062288 1.669164 0.947504 -0.078072 -0.309812 0.010077

seq-05/frame-000535.color.png -1.204287 -1.063405 1.675989 0.947558 -0.079155 -0.309317 0.011644

seq-05/frame-000536.color.png -1.216893 -1.064347 1.682521 0.948037 -0.080118 -0.307610 0.011328

seq-05/frame-000537.color.png -1.228731 -1.066633 1.689465 0.948609 -0.081829 -0.305426 0.010275

seq-05/frame-000538.color.png -1.240542 -1.068357 1.696350 0.949245 -0.083059 -0.303105 0.010351

seq-05/frame-000539.color.png -1.240425 -1.068430 1.696446 0.949223 -0.083061 -0.303169 0.010511

seq-05/frame-000540.color.png -1.251791 -1.069732 1.703931 0.949359 -0.085652 -0.302003 0.010964

seq-05/frame-000541.color.png -1.263574 -1.072088 1.711585 0.949127 -0.088325 -0.301974 0.010587

seq-05/frame-000542.color.png -1.275293 -1.073825 1.718440 0.949365 -0.089087 -0.301007 0.010460

seq-05/frame-000543.color.png -1.275090 -1.073610 1.718405 0.949339 -0.089000 -0.301116 0.010437

seq-05/frame-000544.color.png -1.285482 -1.075803 1.725319 0.949740 -0.089360 -0.299739 0.010465

seq-05/frame-000545.color.png -1.295734 -1.077927 1.731823 0.950246 -0.089856 -0.297984 0.010420

seq-05/frame-000546.color.png -1.305155 -1.079740 1.738071 0.950434 -0.091046 -0.296990 0.011278

seq-05/frame-000547.color.png -1.313580 -1.081417 1.744042 0.950370 -0.090638 -0.297317 0.011351

seq-05/frame-000548.color.png -1.313840 -1.081906 1.744103 0.950380 -0.090851 -0.297227 0.011122

seq-05/frame-000549.color.png -1.322934 -1.083079 1.749075 0.951342 -0.088446 -0.294894 0.010422

seq-05/frame-000550.color.png -1.330949 -1.085213 1.755192 0.952249 -0.088232 -0.291965 0.011759

seq-05/frame-000551.color.png -1.337918 -1.086779 1.761429 0.952416 -0.088870 -0.291121 0.014116

seq-05/frame-000552.color.png -1.345158 -1.088051 1.766572 0.952549 -0.088554 -0.290757 0.014629

seq-05/frame-000553.color.png -1.345289 -1.088440 1.766718 0.952542 -0.088728 -0.290742 0.014293

seq-05/frame-000554.color.png -1.352611 -1.090155 1.771686 0.953152 -0.087784 -0.289045 0.013882

seq-05/frame-000555.color.png -1.359227 -1.092973 1.776974 0.953965 -0.087987 -0.286275 0.014113

seq-05/frame-000556.color.png -1.365058 -1.094843 1.781883 0.954687 -0.088206 -0.283731 0.015291

seq-05/frame-000557.color.png -1.371167 -1.097675 1.786860 0.955531 -0.086982 -0.281130 0.017439

seq-05/frame-000558.color.png -1.371260 -1.097882 1.786777 0.955537 -0.087052 -0.281101 0.017246

seq-05/frame-000559.color.png -1.376449 -1.099576 1.791511 0.956489 -0.085432 -0.278223 0.019126

seq-05/frame-000560.color.png -1.381662 -1.102279 1.796199 0.957581 -0.085407 -0.274442 0.019238

seq-05/frame-000561.color.png -1.385727 -1.104725 1.800775 0.958756 -0.084070 -0.270603 0.020919

seq-05/frame-000562.color.png -1.386063 -1.105277 1.800846 0.958778 -0.084292 -0.270473 0.020702

seq-05/frame-000563.color.png -1.389330 -1.108414 1.805699 0.959832 -0.083407 -0.266708 0.024039

seq-05/frame-000564.color.png -1.392634 -1.110897 1.810548 0.960743 -0.083147 -0.263140 0.027586

seq-05/frame-000565.color.png -1.395656 -1.113180 1.814894 0.961796 -0.082001 -0.259290 0.030620

seq-05/frame-000566.color.png -1.398552 -1.116359 1.819209 0.963142 -0.080469 -0.254296 0.034063

seq-05/frame-000567.color.png -1.398721 -1.116470 1.819333 0.963155 -0.080577 -0.254236 0.033880

seq-05/frame-000568.color.png -1.400853 -1.119073 1.823692 0.964346 -0.079199 -0.249612 0.037440

seq-05/frame-000569.color.png -1.403448 -1.121794 1.828004 0.965515 -0.077598 -0.245180 0.039864

seq-05/frame-000570.color.png -1.406099 -1.124961 1.832092 0.966701 -0.075922 -0.240773 0.041211

seq-05/frame-000571.color.png -1.408333 -1.128075 1.835916 0.967795 -0.073932 -0.236855 0.041833

seq-05/frame-000572.color.png -1.408527 -1.128058 1.835940 0.967819 -0.073992 -0.236765 0.041695

seq-05/frame-000573.color.png -1.410545 -1.132192 1.839360 0.968811 -0.072189 -0.233014 0.042915

seq-05/frame-000574.color.png -1.412645 -1.134755 1.842488 0.969539 -0.070069 -0.230499 0.043570

seq-05/frame-000575.color.png -1.416080 -1.137590 1.844567 0.970431 -0.066856 -0.227856 0.042667

seq-05/frame-000576.color.png -1.418892 -1.141678 1.847046 0.971534 -0.064297 -0.223807 0.042914

seq-05/frame-000577.color.png -1.418676 -1.141899 1.847134 0.971500 -0.064340 -0.223900 0.043144

seq-05/frame-000578.color.png -1.420262 -1.146080 1.849913 0.972128 -0.063072 -0.221151 0.045000

seq-05/frame-000579.color.png -1.421423 -1.150416 1.852302 0.972528 -0.061443 -0.219329 0.047469

seq-05/frame-000580.color.png -1.422012 -1.154836 1.854798 0.972739 -0.060145 -0.217961 0.050983

seq-05/frame-000581.color.png -1.421407 -1.155169 1.854969 0.972667 -0.060216 -0.218213 0.051181

seq-05/frame-000582.color.png -1.422441 -1.158809 1.856882 0.972983 -0.057782 -0.216837 0.053779

seq-05/frame-000583.color.png -1.422330 -1.163517 1.859087 0.973482 -0.055502 -0.214719 0.055599

seq-05/frame-000584.color.png -1.421183 -1.168352 1.861497 0.974020 -0.054441 -0.212105 0.057240

seq-05/frame-000585.color.png -1.420637 -1.168687 1.861644 0.973970 -0.054518 -0.212305 0.057285

seq-05/frame-000586.color.png -1.420990 -1.173108 1.863204 0.974626 -0.052772 -0.209135 0.059385

seq-05/frame-000587.color.png -1.418846 -1.178231 1.865087 0.974831 -0.050629 -0.207612 0.063110

seq-05/frame-000588.color.png -1.419075 -1.178046 1.865014 0.974879 -0.050632 -0.207471 0.062822

seq-05/frame-000589.color.png -1.417464 -1.182679 1.866173 0.975048 -0.049014 -0.206331 0.065194

seq-05/frame-000590.color.png -1.415893 -1.185981 1.866896 0.975361 -0.047093 -0.204846 0.066598

seq-05/frame-000591.color.png -1.413952 -1.189186 1.867385 0.975772 -0.045297 -0.202870 0.067855

seq-05/frame-000592.color.png -1.414369 -1.188729 1.867242 0.975819 -0.045146 -0.202710 0.067764

seq-05/frame-000593.color.png -1.411011 -1.190959 1.868291 0.976111 -0.044488 -0.201209 0.068467

seq-05/frame-000594.color.png -1.409093 -1.192760 1.868497 0.976588 -0.044401 -0.199132 0.067785

seq-05/frame-000595.color.png -1.407164 -1.193127 1.868407 0.977032 -0.043263 -0.197176 0.067836

seq-05/frame-000596.color.png -1.404385 -1.193873 1.868514 0.977173 -0.043496 -0.196093 0.068794

seq-05/frame-000597.color.png -1.404193 -1.193966 1.868544 0.977151 -0.043573 -0.196124 0.068964

seq-05/frame-000598.color.png -1.402579 -1.193148 1.868140 0.977226 -0.044526 -0.195436 0.069243

seq-05/frame-000599.color.png -1.400689 -1.192397 1.867613 0.977470 -0.045235 -0.194629 0.067598

seq-05/frame-000600.color.png -1.400585 -1.192328 1.867525 0.977455 -0.045162 -0.194666 0.067750

seq-05/frame-000601.color.png -1.398699 -1.191191 1.866614 0.977905 -0.046589 -0.193123 0.064631

seq-05/frame-000602.color.png -1.396672 -1.190013 1.865162 0.978093 -0.048142 -0.192010 0.063967

seq-05/frame-000603.color.png -1.393163 -1.188539 1.863783 0.977834 -0.049772 -0.193006 0.063689

seq-05/frame-000604.color.png -1.393054 -1.188691 1.863735 0.977796 -0.049772 -0.193083 0.064026

seq-05/frame-000605.color.png -1.390675 -1.185677 1.861377 0.977701 -0.050940 -0.194180 0.061186

seq-05/frame-000606.color.png -1.387421 -1.182387 1.858915 0.977886 -0.052451 -0.193707 0.058389

seq-05/frame-000607.color.png -1.384105 -1.180520 1.856606 0.977911 -0.055963 -0.193381 0.055725

seq-05/frame-000608.color.png -1.384508 -1.180211 1.856418 0.977977 -0.055880 -0.193179 0.055355

seq-05/frame-000609.color.png -1.380663 -1.178253 1.854075 0.977433 -0.059594 -0.195153 0.054135

seq-05/frame-000610.color.png -1.376774 -1.175318 1.850872 0.976858 -0.061329 -0.198293 0.051088

seq-05/frame-000611.color.png -1.372376 -1.172448 1.847381 0.976406 -0.062575 -0.200901 0.047938

seq-05/frame-000612.color.png -1.372471 -1.172621 1.847211 0.976401 -0.062532 -0.200874 0.048203

seq-05/frame-000613.color.png -1.368124 -1.171018 1.843761 0.975851 -0.066528 -0.203514 0.042595

seq-05/frame-000614.color.png -1.364004 -1.167259 1.839280 0.975455 -0.069488 -0.205401 0.037568

seq-05/frame-000615.color.png -1.358559 -1.165303 1.835381 0.974822 -0.072786 -0.207680 0.035162

seq-05/frame-000616.color.png -1.358327 -1.165775 1.835523 0.974791 -0.072929 -0.207750 0.035293

seq-05/frame-000617.color.png -1.352505 -1.163103 1.831554 0.973748 -0.076930 -0.211513 0.033184

seq-05/frame-000618.color.png -1.347845 -1.159140 1.827086 0.972753 -0.080323 -0.215318 0.029673

seq-05/frame-000619.color.png -1.342990 -1.156429 1.822747 0.971689 -0.084604 -0.219055 0.024871

seq-05/frame-000620.color.png -1.343131 -1.155896 1.822782 0.971718 -0.084616 -0.218966 0.024498

seq-05/frame-000621.color.png -1.339199 -1.153593 1.817683 0.970736 -0.089175 -0.222285 0.015843

seq-05/frame-000622.color.png -1.333768 -1.149380 1.812337 0.969917 -0.092198 -0.225043 0.007582

seq-05/frame-000623.color.png -1.333879 -1.148652 1.812324 0.969954 -0.092110 -0.224927 0.007409

seq-05/frame-000624.color.png -1.327250 -1.147011 1.807590 0.968689 -0.096029 -0.228826 -0.001009

seq-05/frame-000625.color.png -1.322176 -1.144950 1.801607 0.967314 -0.100538 -0.232494 -0.009152

seq-05/frame-000626.color.png -1.314147 -1.140294 1.796303 0.965695 -0.103246 -0.237799 -0.012940

seq-05/frame-000627.color.png -1.313955 -1.140199 1.796303 0.965684 -0.103224 -0.237859 -0.012774

seq-05/frame-000628.color.png -1.307655 -1.135606 1.789643 0.964047 -0.105208 -0.243229 -0.018043

seq-05/frame-000629.color.png -1.301225 -1.132511 1.783795 0.962498 -0.108096 -0.247530 -0.024132

seq-05/frame-000630.color.png -1.293487 -1.128717 1.778122 0.960793 -0.111200 -0.252176 -0.029323

seq-05/frame-000631.color.png -1.292979 -1.128415 1.778356 0.960767 -0.111128 -0.252335 -0.029070

seq-05/frame-000632.color.png -1.285492 -1.124504 1.771378 0.958991 -0.113111 -0.257417 -0.034906

seq-05/frame-000633.color.png -1.278086 -1.122408 1.765135 0.956968 -0.116939 -0.262292 -0.041001

seq-05/frame-000634.color.png -1.268130 -1.118809 1.759039 0.954484 -0.120302 -0.269128 -0.044707

seq-05/frame-000635.color.png -1.257854 -1.114641 1.751921 0.952033 -0.121447 -0.276670 -0.047719

seq-05/frame-000636.color.png -1.258336 -1.114848 1.751924 0.952077 -0.121582 -0.276463 -0.047693

seq-05/frame-000637.color.png -1.248304 -1.111940 1.744711 0.949974 -0.121959 -0.282627 -0.052327

seq-05/frame-000638.color.png -1.237910 -1.109630 1.737611 0.947959 -0.121203 -0.288779 -0.056839

seq-05/frame-000639.color.png -1.227956 -1.106698 1.729674 0.946304 -0.118880 -0.294118 -0.061736

seq-05/frame-000640.color.png -1.218117 -1.104257 1.722134 0.944600 -0.118395 -0.298898 -0.065671

seq-05/frame-000641.color.png -1.217358 -1.104042 1.722319 0.944515 -0.118261 -0.299232 -0.065612

seq-05/frame-000642.color.png -1.206840 -1.101339 1.715418 0.941708 -0.118416 -0.307342 -0.068139

seq-05/frame-000643.color.png -1.196084 -1.098538 1.708188 0.938207 -0.117973 -0.316980 -0.072890

seq-05/frame-000644.color.png -1.186178 -1.097400 1.700922 0.935563 -0.116889 -0.323342 -0.080290

seq-05/frame-000645.color.png -1.186003 -1.097149 1.700868 0.935564 -0.116767 -0.323403 -0.080219

seq-05/frame-000646.color.png -1.176663 -1.095840 1.693959 0.933777 -0.116983 -0.327582 -0.083694

seq-05/frame-000647.color.png -1.165780 -1.094433 1.687270 0.930815 -0.116563 -0.336211 -0.083049

seq-05/frame-000648.color.png -1.155848 -1.093054 1.680662 0.927333 -0.115285 -0.346395 -0.081919

seq-05/frame-000649.color.png -1.145612 -1.089692 1.674676 0.923875 -0.114534 -0.355614 -0.082542

seq-05/frame-000650.color.png -1.135912 -1.088063 1.668276 0.920692 -0.114562 -0.362845 -0.086505

seq-05/frame-000651.color.png -1.135584 -1.088126 1.668253 0.920640 -0.114477 -0.362987 -0.086576

seq-05/frame-000652.color.png -1.126096 -1.085655 1.662148 0.917957 -0.114088 -0.369420 -0.088340

seq-05/frame-000653.color.png -1.115624 -1.082278 1.656585 0.914199 -0.113608 -0.378515 -0.089426

seq-05/frame-000654.color.png -1.106664 -1.079982 1.651613 0.909318 -0.114565 -0.388974 -0.093011

seq-05/frame-000655.color.png -1.099145 -1.078258 1.646144 0.904697 -0.114236 -0.398194 -0.099249

seq-05/frame-000656.color.png -1.092138 -1.076820 1.640993 0.901256 -0.113313 -0.404540 -0.105738

seq-05/frame-000657.color.png -1.084615 -1.075385 1.635505 0.898506 -0.112864 -0.409838 -0.109164

seq-05/frame-000658.color.png -1.076418 -1.072181 1.630144 0.895117 -0.111844 -0.417195 -0.110180

seq-05/frame-000659.color.png -1.067953 -1.070205 1.627151 0.890938 -0.111011 -0.426008 -0.111163

seq-05/frame-000660.color.png -1.060366 -1.065785 1.623264 0.887111 -0.110762 -0.433772 -0.111997

seq-05/frame-000661.color.png -1.060769 -1.066145 1.623260 0.887146 -0.110898 -0.433642 -0.112084

seq-05/frame-000662.color.png -1.053175 -1.063016 1.620201 0.883013 -0.111663 -0.440875 -0.115684

seq-05/frame-000663.color.png -1.045822 -1.060560 1.616913 0.879538 -0.112803 -0.446557 -0.119202

seq-05/frame-000664.color.png -1.037693 -1.058712 1.614684 0.876104 -0.113367 -0.452045 -0.123204

seq-05/frame-000665.color.png -1.028834 -1.054948 1.612789 0.873272 -0.113294 -0.455980 -0.128751

seq-05/frame-000666.color.png -1.019673 -1.050327 1.611264 0.870614 -0.114597 -0.459234 -0.133922

seq-05/frame-000667.color.png -1.010087 -1.047773 1.611619 0.867346 -0.117270 -0.463773 -0.137135

seq-05/frame-000668.color.png -1.000906 -1.044469 1.611688 0.864433 -0.118883 -0.468127 -0.139325

seq-05/frame-000669.color.png -0.990805 -1.040322 1.612737 0.860779 -0.119233 -0.473835 -0.142320

seq-05/frame-000670.color.png -0.980875 -1.038317 1.615283 0.857042 -0.119816 -0.479292 -0.146064

seq-05/frame-000671.color.png -0.970302 -1.034069 1.616790 0.854014 -0.119799 -0.484000 -0.148272

seq-05/frame-000672.color.png -0.959881 -1.027139 1.617791 0.850092 -0.119281 -0.490123 -0.151085

seq-05/frame-000673.color.png -0.960062 -1.027430 1.617838 0.850114 -0.119453 -0.490046 -0.151072

seq-05/frame-000674.color.png -0.949356 -1.022797 1.621460 0.843844 -0.120955 -0.499417 -0.154306

seq-05/frame-000675.color.png -0.939623 -1.020032 1.625355 0.836711 -0.123143 -0.509555 -0.158222

seq-05/frame-000676.color.png -0.930922 -1.017716 1.628865 0.829990 -0.124215 -0.518299 -0.164263

seq-05/frame-000677.color.png -0.922281 -1.016155 1.632920 0.823956 -0.124391 -0.525536 -0.171359

seq-05/frame-000678.color.png -0.914079 -1.012115 1.634910 0.818263 -0.122886 -0.532264 -0.178796

seq-05/frame-000679.color.png -0.906209 -1.006420 1.634198 0.811332 -0.121164 -0.540800 -0.185805

seq-05/frame-000680.color.png -0.897953 -1.000909 1.635718 0.802866 -0.120866 -0.551364 -0.191633

seq-05/frame-000681.color.png -0.891885 -0.995801 1.634183 0.793918 -0.121305 -0.561712 -0.198455

seq-05/frame-000682.color.png -0.885840 -0.992817 1.633052 0.784630 -0.119261 -0.572356 -0.206073

seq-05/frame-000683.color.png -0.881065 -0.991480 1.633112 0.776753 -0.116355 -0.580453 -0.214746

seq-05/frame-000684.color.png -0.874907 -0.985887 1.630955 0.768214 -0.113991 -0.589375 -0.222292

seq-05/frame-000685.color.png -0.871609 -0.983832 1.630272 0.758950 -0.112453 -0.599473 -0.227822

seq-05/frame-000686.color.png -0.869779 -0.984432 1.628639 0.750422 -0.112074 -0.608232 -0.232985

seq-05/frame-000687.color.png -0.868383 -0.983184 1.628455 0.742237 -0.111722 -0.616163 -0.238467

seq-05/frame-000688.color.png -0.866303 -0.981406 1.623523 0.734520 -0.111117 -0.623820 -0.242696

seq-05/frame-000689.color.png -0.864164 -0.979074 1.620994 0.727421 -0.108868 -0.631082 -0.246293

seq-05/frame-000690.color.png -0.863998 -0.978658 1.620844 0.727489 -0.108674 -0.631024 -0.246326

seq-05/frame-000691.color.png -0.861608 -0.975156 1.616443 0.719814 -0.107670 -0.638669 -0.249591

seq-05/frame-000692.color.png -0.860130 -0.972315 1.614028 0.711722 -0.106835 -0.646566 -0.252800

seq-05/frame-000693.color.png -0.858589 -0.969856 1.609114 0.703771 -0.106036 -0.654684 -0.254495

seq-05/frame-000694.color.png -0.858244 -0.969170 1.605508 0.696421 -0.104739 -0.661900 -0.256574

seq-05/frame-000695.color.png -0.857902 -0.967735 1.602326 0.690768 -0.103033 -0.666981 -0.259374

seq-05/frame-000696.color.png -0.856389 -0.963560 1.597709 0.684757 -0.102740 -0.672056 -0.262309

seq-05/frame-000697.color.png -0.855195 -0.959990 1.594796 -0.677654 0.103297 0.678725 0.263361

seq-05/frame-000698.color.png -0.854400 -0.957363 1.590739 -0.671326 0.103434 0.684875 0.263593

seq-05/frame-000699.color.png -0.854072 -0.954872 1.587179 -0.665177 0.103597 0.689919 0.265954

seq-05/frame-000700.color.png -0.853880 -0.952093 1.584755 -0.660246 0.102412 0.693642 0.269001

seq-05/frame-000701.color.png -0.853802 -0.952048 1.584716 -0.660212 0.102365 0.693676 0.269015

seq-05/frame-000702.color.png -0.852791 -0.947822 1.581209 -0.656239 0.101061 0.697499 0.269342

seq-05/frame-000703.color.png -0.852528 -0.944527 1.576659 -0.651543 0.100394 0.701852 0.269686

seq-05/frame-000704.color.png -0.852499 -0.940949 1.572812 -0.646657 0.100226 0.706369 0.269716

seq-05/frame-000705.color.png -0.852889 -0.938424 1.569068 -0.642218 0.100126 0.710649 0.269118

seq-05/frame-000706.color.png -0.852848 -0.934888 1.564384 -0.638181 0.098107 0.714066 0.270420

seq-05/frame-000707.color.png -0.853593 -0.931466 1.557902 -0.634073 0.095886 0.716698 0.273895

seq-05/frame-000708.color.png -0.854146 -0.928528 1.551290 -0.629452 0.095794 0.720357 0.274984

seq-05/frame-000709.color.png -0.854272 -0.928686 1.550955 -0.629565 0.095952 0.720226 0.275013

seq-05/frame-000710.color.png -0.854851 -0.926451 1.543224 -0.624278 0.097187 0.725037 0.273991

seq-05/frame-000711.color.png -0.854657 -0.923500 1.536391 -0.618929 0.098346 0.729451 0.273996

seq-05/frame-000712.color.png -0.853985 -0.919960 1.530096 -0.614483 0.097017 0.732837 0.275440

seq-05/frame-000713.color.png -0.853851 -0.918101 1.521726 -0.611573 0.095404 0.734537 0.277937

seq-05/frame-000714.color.png -0.853371 -0.916090 1.512165 -0.608953 0.094256 0.735861 0.280571

seq-05/frame-000715.color.png -0.852669 -0.914457 1.503289 -0.605454 0.093696 0.738109 0.282419

seq-05/frame-000716.color.png -0.851146 -0.912405 1.493977 -0.602766 0.093518 0.739711 0.284032

seq-05/frame-000717.color.png -0.849187 -0.909482 1.484941 -0.601682 0.092893 0.739984 0.285819

seq-05/frame-000718.color.png -0.847398 -0.907381 1.475398 -0.601343 0.092427 0.739644 0.287557

seq-05/frame-000719.color.png -0.847508 -0.907456 1.475252 -0.601349 0.092368 0.739615 0.287640

seq-05/frame-000720.color.png -0.844667 -0.904462 1.466432 -0.601912 0.092315 0.738730 0.288752

seq-05/frame-000721.color.png -0.841598 -0.900752 1.458655 -0.603693 0.092037 0.736757 0.290157

seq-05/frame-000722.color.png -0.838213 -0.897854 1.450821 -0.607816 0.091608 0.733301 0.290438

seq-05/frame-000723.color.png -0.835083 -0.895763 1.440585 -0.613796 0.091514 0.728564 0.289812

seq-05/frame-000724.color.png -0.831375 -0.893406 1.429870 -0.618858 0.092324 0.723899 0.290479

seq-05/frame-000725.color.png -0.827185 -0.890179 1.422825 -0.624410 0.095161 0.719361 0.288949

seq-05/frame-000726.color.png -0.822904 -0.887270 1.411980 -0.631532 0.098769 0.713550 0.286660

seq-05/frame-000727.color.png -0.817643 -0.883614 1.400316 -0.636384 0.100494 0.709017 0.286575

seq-05/frame-000728.color.png -0.811646 -0.879371 1.392156 -0.642576 0.102871 0.703737 0.284925

seq-05/frame-000729.color.png -0.805444 -0.874959 1.380256 -0.651707 0.106747 0.696140 0.281399

seq-05/frame-000730.color.png -0.805829 -0.875492 1.380482 -0.651507 0.106730 0.696224 0.281658

seq-05/frame-000731.color.png -0.799704 -0.871726 1.366441 -0.658552 0.111698 0.689750 0.279265

seq-05/frame-000732.color.png -0.793409 -0.868001 1.354460 -0.664021 0.117415 0.684681 0.276427

seq-05/frame-000733.color.png -0.786551 -0.863735 1.341975 -0.669957 0.124388 0.679262 0.272393

seq-05/frame-000734.color.png -0.778672 -0.859059 1.329806 -0.674468 0.131724 0.675371 0.267439

seq-05/frame-000735.color.png -0.770280 -0.855505 1.316306 0.680402 -0.138516 -0.669936 -0.262607

seq-05/frame-000736.color.png -0.761946 -0.852752 1.302311 0.686929 -0.143602 -0.663405 -0.259446

seq-05/frame-000737.color.png -0.752651 -0.850006 1.288010 0.692843 -0.147474 -0.657385 -0.256860

seq-05/frame-000738.color.png -0.742515 -0.847907 1.273727 0.700040 -0.151696 -0.650210 -0.253126

seq-05/frame-000739.color.png -0.732233 -0.846146 1.260064 0.707502 -0.156617 -0.642723 -0.248462

seq-05/frame-000740.color.png -0.722068 -0.845052 1.246881 0.713586 -0.161770 -0.636175 -0.244583

seq-05/frame-000741.color.png -0.711167 -0.843706 1.233183 0.718646 -0.166545 -0.630090 -0.242307

seq-05/frame-000742.color.png -0.711247 -0.843796 1.233257 0.718633 -0.166530 -0.630088 -0.242359

seq-05/frame-000743.color.png -0.700546 -0.843099 1.219051 0.724119 -0.170616 -0.623319 -0.240688

seq-05/frame-000744.color.png -0.689776 -0.842840 1.205260 0.730629 -0.173468 -0.615137 -0.240028

seq-05/frame-000745.color.png -0.678801 -0.843471 1.191368 0.737471 -0.175276 -0.605989 -0.241057

seq-05/frame-000746.color.png -0.667583 -0.844693 1.178740 0.744083 -0.175230 -0.597726 -0.241404

seq-05/frame-000747.color.png -0.655870 -0.844291 1.165773 0.749947 -0.174362 -0.590861 -0.240789

seq-05/frame-000748.color.png -0.644955 -0.844851 1.155998 0.754412 -0.174504 -0.585575 -0.239650

seq-05/frame-000749.color.png -0.634107 -0.845932 1.147335 0.758245 -0.175401 -0.581538 -0.236708

seq-05/frame-000750.color.png -0.622391 -0.845705 1.136980 0.761949 -0.176922 -0.577876 -0.232616

seq-05/frame-000751.color.png -0.612223 -0.848871 1.129079 0.764525 -0.178679 -0.574955 -0.230048

seq-05/frame-000752.color.png -0.601705 -0.849750 1.120831 0.766309 -0.177366 -0.573870 -0.227827

seq-05/frame-000753.color.png -0.590679 -0.849678 1.113332 0.768826 -0.175769 -0.571352 -0.226913

seq-05/frame-000754.color.png -0.580267 -0.849572 1.105288 0.771710 -0.174841 -0.567830 -0.226681

seq-05/frame-000755.color.png -0.570244 -0.850619 1.098323 0.774148 -0.175525 -0.565150 -0.224526

seq-05/frame-000756.color.png -0.559181 -0.852777 1.092817 0.775728 -0.176812 -0.564286 -0.220193

seq-05/frame-000757.color.png -0.547342 -0.854066 1.086126 0.778277 -0.177242 -0.562373 -0.215703

seq-05/frame-000758.color.png -0.534610 -0.852771 1.079702 0.782424 -0.176779 -0.558058 -0.212261

seq-05/frame-000759.color.png -0.521016 -0.849835 1.074433 0.786221 -0.177017 -0.553591 -0.209714

seq-05/frame-000760.color.png -0.508024 -0.851043 1.070740 0.787734 -0.179669 -0.551535 -0.207183

seq-05/frame-000761.color.png -0.494594 -0.852127 1.066715 0.788074 -0.181618 -0.551590 -0.204022

seq-05/frame-000762.color.png -0.481320 -0.854927 1.062290 0.789914 -0.182919 -0.549776 -0.200610

seq-05/frame-000763.color.png -0.467248 -0.857359 1.056598 0.793734 -0.182462 -0.545670 -0.197128

seq-05/frame-000764.color.png -0.451250 -0.858302 1.054504 0.797530 -0.180734 -0.541783 -0.194099

seq-05/frame-000765.color.png -0.434361 -0.855620 1.052713 0.800903 -0.179683 -0.538434 -0.190473

seq-05/frame-000766.color.png -0.417281 -0.855366 1.050592 0.803161 -0.180958 -0.535746 -0.187310

seq-05/frame-000767.color.png -0.400118 -0.856301 1.048555 0.805176 -0.182397 -0.533170 -0.184598

seq-05/frame-000768.color.png -0.382514 -0.856220 1.044514 0.808527 -0.182837 -0.528476 -0.183003

seq-05/frame-000769.color.png -0.365964 -0.856848 1.040499 0.811677 -0.183323 -0.523564 -0.182693

seq-05/frame-000770.color.png -0.349898 -0.858447 1.039015 0.813965 -0.184583 -0.519837 -0.181886

seq-05/frame-000771.color.png -0.333912 -0.859863 1.037540 0.815959 -0.186382 -0.516872 -0.179553

seq-05/frame-000772.color.png -0.319076 -0.863177 1.035613 0.817233 -0.188067 -0.514812 -0.177914

seq-05/frame-000773.color.png -0.303476 -0.866300 1.033720 0.818426 -0.188851 -0.512962 -0.176940

seq-05/frame-000774.color.png -0.287181 -0.868007 1.027565 0.820801 -0.189128 -0.509604 -0.175339

seq-05/frame-000775.color.png -0.271251 -0.871056 1.024471 0.823094 -0.190186 -0.506307 -0.172979

seq-05/frame-000776.color.png -0.257013 -0.878062 1.020095 0.824700 -0.190808 -0.504053 -0.171222

seq-05/frame-000777.color.png -0.240331 -0.881520 1.015997 0.827081 -0.188922 -0.501821 -0.168359

seq-05/frame-000778.color.png -0.223572 -0.882191 1.011115 0.830850 -0.186905 -0.497874 -0.163709

seq-05/frame-000779.color.png -0.207248 -0.879995 1.005053 0.834248 -0.186231 -0.493956 -0.158999

seq-05/frame-000780.color.png -0.192219 -0.884308 1.001037 0.835962 -0.187676 -0.491723 -0.155170

seq-05/frame-000781.color.png -0.176819 -0.888164 0.997248 0.836914 -0.187904 -0.491456 -0.150541

seq-05/frame-000782.color.png -0.160712 -0.885621 0.993185 0.837926 -0.186554 -0.491608 -0.146026

seq-05/frame-000783.color.png -0.145615 -0.883280 0.987448 0.839185 -0.186671 -0.490095 -0.143715

seq-05/frame-000784.color.png -0.131635 -0.889066 0.980813 0.840260 -0.188694 -0.487672 -0.143033

seq-05/frame-000785.color.png -0.115672 -0.890513 0.973715 0.842391 -0.187354 -0.485147 -0.140831

seq-05/frame-000786.color.png -0.099540 -0.888469 0.964725 0.845109 -0.186256 -0.481253 -0.139356

seq-05/frame-000787.color.png -0.084725 -0.897178 0.957543 0.846390 -0.186126 -0.478599 -0.140885

seq-05/frame-000788.color.png -0.068614 -0.901288 0.949615 0.848562 -0.182377 -0.476258 -0.140660

seq-05/frame-000789.color.png -0.053724 -0.899866 0.937071 0.852065 -0.177800 -0.471963 -0.139818

seq-05/frame-000790.color.png -0.035156 -0.897135 0.929221 0.854369 -0.174847 -0.469253 -0.138594

seq-05/frame-000791.color.png -0.018000 -0.894306 0.919559 0.855848 -0.174780 -0.467484 -0.135502

seq-05/frame-000792.color.png -0.000709 -0.892543 0.910654 0.856109 -0.176510 -0.467312 -0.132163

seq-05/frame-000793.color.png 0.016633 -0.893150 0.901829 0.856339 -0.177624 -0.466624 -0.131605

seq-05/frame-000794.color.png 0.032377 -0.894804 0.891338 0.857592 -0.175776 -0.464413 -0.133735

seq-05/frame-000795.color.png 0.048068 -0.892649 0.881009 0.859325 -0.172319 -0.461834 -0.136018

seq-05/frame-000796.color.png 0.064295 -0.890279 0.870109 0.861452 -0.170009 -0.458609 -0.136383

seq-05/frame-000797.color.png 0.079467 -0.888635 0.859063 0.862676 -0.169313 -0.456757 -0.135727

seq-05/frame-000798.color.png 0.094462 -0.888874 0.849244 0.863435 -0.169401 -0.455654 -0.134493

seq-05/frame-000799.color.png 0.110784 -0.887667 0.839969 0.864198 -0.168476 -0.454915 -0.133252

seq-05/frame-000800.color.png 0.125918 -0.884460 0.828573 0.865432 -0.167110 -0.453114 -0.133095

seq-05/frame-000801.color.png 0.140916 -0.884708 0.819095 0.865951 -0.166384 -0.452094 -0.134097

seq-05/frame-000802.color.png 0.154831 -0.890121 0.809687 0.866275 -0.166055 -0.451480 -0.134479

seq-05/frame-000803.color.png 0.169977 -0.890346 0.802337 0.866614 -0.163262 -0.452120 -0.133562

seq-05/frame-000804.color.png 0.186023 -0.884187 0.791574 0.867528 -0.159804 -0.451888 -0.132592

seq-05/frame-000805.color.png 0.200075 -0.887748 0.781896 0.867515 -0.160439 -0.451601 -0.132887

seq-05/frame-000806.color.png 0.215404 -0.887834 0.773053 0.867436 -0.158927 -0.452438 -0.132370

seq-05/frame-000807.color.png 0.230368 -0.887061 0.762880 0.867508 -0.157621 -0.453029 -0.131436

seq-05/frame-000808.color.png 0.245676 -0.888101 0.755923 0.866874 -0.156956 -0.454391 -0.131715

seq-05/frame-000809.color.png 0.259417 -0.891894 0.749955 0.866458 -0.156209 -0.455295 -0.132217

seq-05/frame-000810.color.png 0.273705 -0.891244 0.742343 0.866576 -0.154926 -0.455931 -0.130752

seq-05/frame-000811.color.png 0.288739 -0.890795 0.734365 0.866077 -0.154690 -0.457350 -0.129374

seq-05/frame-000812.color.png 0.303120 -0.894394 0.728935 0.865674 -0.154721 -0.458379 -0.128389

seq-05/frame-000813.color.png 0.317645 -0.894725 0.721064 0.867128 -0.152941 -0.456614 -0.126995

seq-05/frame-000814.color.png 0.331919 -0.891564 0.713548 0.868677 -0.151455 -0.454367 -0.126246

seq-05/frame-000815.color.png 0.346695 -0.893718 0.707720 0.868434 -0.151373 -0.454896 -0.126112

seq-05/frame-000816.color.png 0.360505 -0.893840 0.700790 0.868229 -0.150300 -0.455829 -0.125430

seq-05/frame-000817.color.png 0.376263 -0.891854 0.696290 0.868822 -0.149192 -0.455222 -0.124851

seq-05/frame-000818.color.png 0.390019 -0.893247 0.688675 0.869801 -0.148872 -0.453261 -0.125547

seq-05/frame-000819.color.png 0.406043 -0.896148 0.685707 0.869818 -0.148037 -0.453335 -0.126152

seq-05/frame-000820.color.png 0.436907 -0.891839 0.671345 0.871596 -0.147180 -0.450547 -0.124859

seq-05/frame-000821.color.png 0.451865 -0.891682 0.665169 0.871679 -0.147141 -0.450331 -0.125107

seq-05/frame-000822.color.png 0.465563 -0.888676 0.658081 0.871690 -0.146719 -0.450349 -0.125460

seq-05/frame-000823.color.png 0.480560 -0.885816 0.651163 0.872681 -0.146943 -0.448275 -0.125743

seq-05/frame-000824.color.png 0.495611 -0.889017 0.644466 0.873148 -0.148249 -0.446768 -0.126323

seq-05/frame-000825.color.png 0.510987 -0.890093 0.639779 0.873284 -0.148181 -0.446905 -0.124977

seq-05/frame-000826.color.png 0.525005 -0.885760 0.630853 0.874744 -0.146908 -0.444954 -0.123212

seq-05/frame-000827.color.png 0.554820 -0.882905 0.617815 0.877253 -0.147256 -0.440244 -0.121872

seq-05/frame-000828.color.png 0.567142 -0.883444 0.609490 0.878168 -0.147919 -0.438448 -0.120955

seq-05/frame-000829.color.png 0.582654 -0.882224 0.603963 0.878919 -0.147366 -0.437324 -0.120240

seq-05/frame-000830.color.png 0.596464 -0.874518 0.596955 0.880179 -0.145729 -0.435203 -0.120713

seq-05/frame-000831.color.png 0.610018 -0.872036 0.591620 0.880865 -0.147150 -0.433025 -0.121812

seq-05/frame-000832.color.png 0.623107 -0.875161 0.587769 0.881128 -0.149855 -0.431595 -0.121689

seq-05/frame-000833.color.png 0.634296 -0.876610 0.582242 0.882496 -0.150429 -0.428836 -0.120815

seq-05/frame-000834.color.png 0.659068 -0.870923 0.572898 0.885129 -0.150409 -0.423350 -0.120929

seq-05/frame-000835.color.png 0.671971 -0.870983 0.569139 0.885805 -0.151151 -0.421747 -0.120652

seq-05/frame-000836.color.png 0.684590 -0.873920 0.566628 0.886561 -0.152173 -0.420344 -0.118699

seq-05/frame-000837.color.png 0.693592 -0.872144 0.560034 0.887851 -0.150664 -0.418575 -0.117222

seq-05/frame-000838.color.png 0.705806 -0.867441 0.554916 0.888858 -0.148920 -0.417167 -0.116837

seq-05/frame-000839.color.png 0.713789 -0.868237 0.550815 0.890215 -0.149475 -0.414281 -0.116062

seq-05/frame-000840.color.png 0.735339 -0.884465 0.545352 0.892034 -0.147450 -0.412712 -0.110127

seq-05/frame-000841.color.png 0.747100 -0.878300 0.539940 0.893644 -0.141567 -0.412463 -0.105634

seq-05/frame-000842.color.png 0.755113 -0.874013 0.533562 0.895585 -0.138209 -0.409521 -0.105089

seq-05/frame-000843.color.png 0.764332 -0.881123 0.529342 0.896447 -0.136517 -0.408151 -0.105277

seq-05/frame-000844.color.png 0.775018 -0.888099 0.525331 0.897602 -0.133744 -0.407171 -0.102766

seq-05/frame-000845.color.png 0.786985 -0.884844 0.511687 0.900610 -0.123864 -0.404439 -0.099567

seq-05/frame-000846.color.png 0.794554 -0.884458 0.507505 0.901690 -0.120694 -0.403150 -0.098912

seq-05/frame-000847.color.png 0.801977 -0.889981 0.503944 0.902912 -0.118674 -0.401131 -0.098420

seq-05/frame-000848.color.png 0.808250 -0.895056 0.496959 0.904845 -0.116459 -0.397868 -0.096539

seq-05/frame-000849.color.png 0.815572 -0.902730 0.492521 0.907264 -0.112588 -0.394310 -0.092961

seq-05/frame-000850.color.png 0.824829 -0.902711 0.488761 0.910001 -0.105294 -0.390883 -0.089148

seq-05/frame-000851.color.png 0.836141 -0.904346 0.479379 0.913350 -0.091822 -0.387562 -0.084157

seq-05/frame-000852.color.png 0.842606 -0.904860 0.474793 0.914489 -0.086004 -0.386157 -0.084392

seq-05/frame-000853.color.png 0.846441 -0.908194 0.470214 0.915983 -0.081485 -0.383560 -0.084519

seq-05/frame-000854.color.png 0.852406 -0.905207 0.465077 0.917667 -0.075454 -0.380805 -0.084311

seq-05/frame-000855.color.png 0.858417 -0.906487 0.462385 0.918619 -0.071568 -0.379382 -0.083745

seq-05/frame-000856.color.png 0.864165 -0.908295 0.453866 0.920635 -0.066308 -0.375714 -0.082461

seq-05/frame-000857.color.png 0.865618 -0.911975 0.446741 0.921106 -0.065356 -0.374746 -0.082366

seq-05/frame-000858.color.png 0.870987 -0.911128 0.443058 0.921861 -0.063286 -0.373546 -0.080971

seq-05/frame-000859.color.png 0.873872 -0.913866 0.438666 0.923092 -0.060958 -0.370910 -0.080851

seq-05/frame-000860.color.png 0.878486 -0.915829 0.435949 0.923778 -0.058440 -0.369428 -0.081660

seq-05/frame-000861.color.png 0.878895 -0.917616 0.428215 0.925058 -0.057599 -0.366341 -0.081677

seq-05/frame-000862.color.png 0.887059 -0.928126 0.418766 0.926207 -0.057293 -0.363482 -0.081636

seq-05/frame-000863.color.png 0.889627 -0.924410 0.411597 0.926245 -0.056672 -0.363489 -0.081603

seq-05/frame-000864.color.png 0.893860 -0.923005 0.405486 0.926817 -0.058108 -0.361749 -0.081842

seq-05/frame-000865.color.png 0.897313 -0.927260 0.400154 0.927593 -0.060364 -0.359385 -0.081822

seq-05/frame-000866.color.png 0.902101 -0.925326 0.394258 0.928315 -0.061675 -0.357461 -0.081087

seq-05/frame-000867.color.png 0.904872 -0.923836 0.385972 0.929292 -0.064838 -0.354376 -0.080971

seq-05/frame-000868.color.png 0.915060 -0.926660 0.375021 0.928732 -0.074805 -0.352895 -0.085163

seq-05/frame-000869.color.png 0.920089 -0.928462 0.367898 0.929512 -0.078907 -0.349639 -0.086363

seq-05/frame-000870.color.png 0.924465 -0.929556 0.362353 0.929968 -0.083537 -0.347205 -0.086926

seq-05/frame-000871.color.png 0.928033 -0.938738 0.354633 0.930536 -0.087887 -0.344559 -0.087085

seq-05/frame-000872.color.png 0.935602 -0.933482 0.349687 0.932002 -0.087964 -0.340723 -0.086417

seq-05/frame-000873.color.png 0.943141 -0.937671 0.336893 0.933262 -0.099458 -0.335132 -0.082117

seq-05/frame-000874.color.png 0.951325 -0.939246 0.332471 0.933327 -0.103553 -0.334343 -0.079491

seq-05/frame-000875.color.png 0.957219 -0.935247 0.324746 0.935072 -0.105216 -0.329048 -0.078894

seq-05/frame-000876.color.png 0.964213 -0.939237 0.320012 0.936234 -0.108976 -0.324220 -0.079991

seq-05/frame-000877.color.png 0.968551 -0.944251 0.313986 0.937473 -0.111624 -0.319888 -0.079264

seq-05/frame-000878.color.png 0.971425 -0.943025 0.307191 0.939169 -0.112905 -0.314633 -0.078398

seq-05/frame-000879.color.png 0.982484 -0.946708 0.295700 0.941138 -0.117621 -0.306867 -0.078643

seq-05/frame-000880.color.png 0.983771 -0.949558 0.287483 0.942622 -0.120005 -0.302420 -0.074375

seq-05/frame-000881.color.png 0.982741 -0.946634 0.280096 0.944274 -0.120564 -0.297816 -0.071017

seq-05/frame-000882.color.png 0.985846 -0.943371 0.273770 0.945327 -0.122404 -0.294388 -0.068096

seq-05/frame-000883.color.png 0.990540 -0.946267 0.270239 0.945853 -0.125254 -0.292237 -0.064780

seq-05/frame-000884.color.png 0.995961 -0.945110 0.261909 0.947217 -0.128428 -0.287591 -0.059190

seq-05/frame-000885.color.png 0.999440 -0.946800 0.257772 0.948765 -0.129207 -0.282294 -0.058189

seq-05/frame-000886.color.png 0.998840 -0.942902 0.249708 0.951758 -0.127235 -0.272798 -0.058952

seq-05/frame-000887.color.png 1.004072 -0.939773 0.243373 0.954488 -0.126956 -0.263206 -0.059030

seq-05/frame-000888.color.png 1.008122 -0.942609 0.240527 0.956455 -0.128082 -0.255807 -0.057250

seq-05/frame-000889.color.png 1.010279 -0.941380 0.235695 0.958513 -0.127798 -0.248806 -0.054238

seq-05/frame-000890.color.png 1.014868 -0.937736 0.230338 0.960724 -0.127178 -0.240857 -0.052435

seq-05/frame-000891.color.png 1.015675 -0.941068 0.226408 0.962625 -0.127227 -0.233395 -0.051177

seq-05/frame-000892.color.png 1.016567 -0.939211 0.221740 0.964698 -0.126170 -0.225885 -0.048393

seq-05/frame-000893.color.png 1.014580 -0.937293 0.215904 0.966524 -0.126286 -0.218506 -0.045443

seq-05/frame-000894.color.png 1.017882 -0.938956 0.210529 0.968064 -0.127371 -0.211196 -0.044166

seq-05/frame-000895.color.png 1.013826 -0.940804 0.206543 0.969845 -0.128256 -0.202567 -0.042933

seq-05/frame-000896.color.png 1.012900 -0.941896 0.203105 0.971451 -0.128705 -0.195058 -0.039957

seq-05/frame-000897.color.png 1.009894 -0.944577 0.199503 0.972657 -0.129986 -0.188744 -0.036653

seq-05/frame-000898.color.png 1.012120 -0.940385 0.196610 0.973954 -0.129787 -0.182720 -0.033294

seq-05/frame-000899.color.png 1.013011 -0.937512 0.192881 0.975248 -0.130363 -0.175628 -0.031256

seq-05/frame-000900.color.png 1.014549 -0.935117 0.187971 0.976572 -0.131731 -0.167311 -0.029800

seq-05/frame-000901.color.png 1.018827 -0.937301 0.185999 0.977809 -0.133802 -0.158702 -0.026967

seq-05/frame-000902.color.png 1.018787 -0.937006 0.183017 0.979023 -0.134853 -0.150810 -0.022589

seq-05/frame-000903.color.png 1.021097 -0.934186 0.178456 0.980181 -0.135643 -0.142978 -0.018151

seq-05/frame-000904.color.png 1.021081 -0.933488 0.173993 0.981397 -0.136224 -0.134146 -0.015262

seq-05/frame-000905.color.png 1.018943 -0.932876 0.169461 0.982497 -0.136959 -0.125374 -0.012227

seq-05/frame-000906.color.png 1.017819 -0.932972 0.165840 0.983362 -0.138160 -0.117293 -0.008900

seq-05/frame-000907.color.png 1.018547 -0.936821 0.162890 0.984009 -0.139650 -0.110097 -0.005266

seq-05/frame-000908.color.png 1.015044 -0.931324 0.158701 0.984964 -0.139215 -0.101922 -0.001712

seq-05/frame-000909.color.png 1.016563 -0.934186 0.155710 0.985476 -0.140986 -0.094260 0.000317

seq-05/frame-000910.color.png 1.016723 -0.937656 0.152811 0.985914 -0.142125 -0.087677 0.003467

seq-05/frame-000911.color.png 1.014790 -0.936633 0.149495 0.986443 -0.143232 -0.079399 0.006010

seq-05/frame-000912.color.png 1.015033 -0.940809 0.147274 0.986625 -0.145531 -0.072573 0.007121

seq-05/frame-000913.color.png 1.013782 -0.946203 0.145605 0.986722 -0.147658 -0.066281 0.010414

seq-05/frame-000914.color.png 1.012199 -0.947586 0.143202 0.986944 -0.148646 -0.060192 0.012148

seq-05/frame-000915.color.png 1.012522 -0.952363 0.140545 0.986959 -0.150708 -0.054105 0.014004

seq-05/frame-000916.color.png 1.010309 -0.955364 0.137728 0.987117 -0.151673 -0.047085 0.017432

seq-05/frame-000917.color.png 1.008827 -0.955687 0.135177 0.987311 -0.152403 -0.039227 0.019384

seq-05/frame-000918.color.png 1.009259 -0.959384 0.131360 0.987229 -0.154545 -0.031740 0.020316

seq-05/frame-000919.color.png 1.006141 -0.959894 0.128755 0.987304 -0.154961 -0.024225 0.023560

seq-05/frame-000920.color.png 1.001063 -0.958272 0.124769 0.987409 -0.154849 -0.016743 0.026264

seq-05/frame-000921.color.png 1.001265 -0.958541 0.120935 0.987297 -0.156009 -0.008238 0.027628

seq-05/frame-000922.color.png 1.002053 -0.961181 0.117731 0.987144 -0.156945 0.000836 0.028957

seq-05/frame-000923.color.png 1.000964 -0.962352 0.113620 0.987080 -0.156762 0.008956 0.030721

seq-05/frame-000924.color.png 1.000250 -0.960880 0.109650 0.986887 -0.156953 0.015503 0.033232

seq-05/frame-000925.color.png 0.999694 -0.963318 0.106250 0.986362 -0.158535 0.022482 0.037082

seq-05/frame-000926.color.png 0.998169 -0.962694 0.102282 0.986080 -0.158509 0.028840 0.040166

seq-05/frame-000927.color.png 0.991785 -0.962712 0.099116 0.985521 -0.160043 0.036368 0.041656

seq-05/frame-000928.color.png 0.991666 -0.962389 0.099025 0.985541 -0.159955 0.036363 0.041539

seq-05/frame-000929.color.png 0.988722 -0.963333 0.095914 0.984918 -0.161145 0.042770 0.045426

seq-05/frame-000930.color.png 0.984543 -0.962749 0.092865 0.984497 -0.160899 0.048529 0.049452

seq-05/frame-000931.color.png 0.975652 -0.961245 0.089944 0.984044 -0.160576 0.055281 0.052346

seq-05/frame-000932.color.png 0.978739 -0.962890 0.086549 0.983381 -0.161336 0.061595 0.055330

seq-05/frame-000933.color.png 0.977418 -0.964356 0.083119 0.982717 -0.160674 0.068719 0.060430

seq-05/frame-000934.color.png 0.969005 -0.963178 0.080039 0.982348 -0.158427 0.075824 0.063774

seq-05/frame-000935.color.png 0.972198 -0.962556 0.079386 0.982397 -0.158222 0.075851 0.063494

seq-05/frame-000936.color.png 0.968442 -0.961724 0.077203 0.982070 -0.157397 0.080442 0.064941

seq-05/frame-000937.color.png 0.965412 -0.962321 0.074382 0.981326 -0.158121 0.086424 0.066707

seq-05/frame-000938.color.png 0.957657 -0.961795 0.072716 0.980603 -0.157070 0.094378 0.069005

seq-05/frame-000939.color.png 0.954329 -0.959369 0.070542 0.980022 -0.155913 0.101189 0.070221

seq-05/frame-000940.color.png 0.953360 -0.960116 0.068771 0.979115 -0.156671 0.106763 0.072887

seq-05/frame-000941.color.png 0.952902 -0.962363 0.067430 0.978004 -0.157562 0.113562 0.075553

seq-05/frame-000942.color.png 0.948036 -0.958452 0.066568 0.976992 -0.156597 0.121247 0.078641

seq-05/frame-000943.color.png 0.946331 -0.959879 0.065251 0.975712 -0.157310 0.128679 0.081261

seq-05/frame-000944.color.png 0.945816 -0.959357 0.063992 0.974649 -0.156425 0.136230 0.083386

seq-05/frame-000945.color.png 0.945414 -0.956342 0.062140 0.973615 -0.156046 0.142823 0.085123

seq-05/frame-000946.color.png 0.947915 -0.956420 0.060106 0.972285 -0.155965 0.148565 0.090479

seq-05/frame-000947.color.png 0.948744 -0.956520 0.058334 0.971170 -0.154533 0.153964 0.095733

seq-05/frame-000948.color.png 0.946650 -0.954757 0.057036 0.970091 -0.152926 0.160488 0.098493

seq-05/frame-000949.color.png 0.945808 -0.955348 0.056130 0.968683 -0.152798 0.167354 0.101086

seq-05/frame-000950.color.png 0.945044 -0.954271 0.055604 0.968784 -0.152404 0.167244 0.100900

seq-05/frame-000951.color.png 0.943767 -0.959130 0.054829 0.967052 -0.152325 0.174653 0.104999

seq-05/frame-000952.color.png 0.943765 -0.956137 0.052216 0.965788 -0.149222 0.183006 0.106843

seq-05/frame-000953.color.png 0.942713 -0.954698 0.051284 0.964319 -0.147638 0.190489 0.109205

seq-05/frame-000954.color.png 0.944200 -0.955993 0.049787 0.963288 -0.146418 0.194305 0.113154

seq-05/frame-000955.color.png 0.941966 -0.954443 0.049763 0.962285 -0.144847 0.199313 0.114979

seq-05/frame-000956.color.png 0.938879 -0.954535 0.050724 0.960679 -0.145326 0.205671 0.116601

seq-05/frame-000957.color.png 0.938752 -0.956950 0.050022 0.959222 -0.145477 0.211551 0.117873

seq-05/frame-000958.color.png 0.934443 -0.956337 0.050967 0.957672 -0.144328 0.218880 0.118505

seq-05/frame-000959.color.png 0.930812 -0.954192 0.052606 0.955834 -0.144423 0.226754 0.118427

seq-05/frame-000960.color.png 0.930072 -0.955731 0.053183 0.954032 -0.145336 0.232290 0.121075

seq-05/frame-000961.color.png 0.929566 -0.957300 0.053708 0.952542 -0.145144 0.237305 0.123290

seq-05/frame-000962.color.png 0.926400 -0.955125 0.055507 0.950709 -0.144839 0.244621 0.123497

seq-05/frame-000963.color.png 0.924983 -0.957162 0.057404 0.948235 -0.145759 0.252504 0.125553

seq-05/frame-000964.color.png 0.927356 -0.961056 0.057129 0.946237 -0.145941 0.258179 0.128835

seq-05/frame-000965.color.png 0.923624 -0.957810 0.058935 0.944251 -0.143626 0.265110 0.131894

seq-05/frame-000966.color.png 0.924039 -0.958411 0.060357 0.942295 -0.144454 0.270613 0.133788

seq-05/frame-000967.color.png 0.923977 -0.960950 0.060965 0.940396 -0.144544 0.275919 0.136192

seq-05/frame-000968.color.png 0.922423 -0.961791 0.063227 0.938400 -0.143520 0.282515 0.137507

seq-05/frame-000969.color.png 0.922941 -0.962097 0.064578 0.936316 -0.143487 0.289169 0.137916

seq-05/frame-000970.color.png 0.925287 -0.963140 0.064798 0.934699 -0.143698 0.293133 0.140276

seq-05/frame-000971.color.png 0.926039 -0.964740 0.065522 0.933227 -0.143123 0.296533 0.143483

seq-05/frame-000972.color.png 0.926945 -0.963268 0.066792 0.932015 -0.142391 0.300531 0.143770

seq-05/frame-000973.color.png 0.927458 -0.962232 0.067661 0.930394 -0.142955 0.305621 0.142975

seq-05/frame-000974.color.png 0.928099 -0.963515 0.068310 0.927935 -0.143345 0.312327 0.144069

seq-05/frame-000975.color.png 0.929706 -0.965206 0.069488 0.925906 -0.142599 0.317320 0.146924

seq-05/frame-000976.color.png 0.930582 -0.963627 0.069668 0.924512 -0.141176 0.321220 0.148593

seq-05/frame-000977.color.png 0.931370 -0.963769 0.070412 0.923348 -0.141159 0.324386 0.148966

seq-05/frame-000978.color.png 0.933098 -0.962905 0.069323 0.922183 -0.140523 0.328135 0.148571

seq-05/frame-000979.color.png 0.934446 -0.961386 0.069875 0.920040 -0.139842 0.333960 0.149516

seq-05/frame-000980.color.png 0.935847 -0.963159 0.070980 0.917767 -0.140108 0.339058 0.151748

seq-05/frame-000981.color.png 0.937897 -0.964657 0.070907 0.916173 -0.139668 0.342235 0.154625

seq-05/frame-000982.color.png 0.940644 -0.964889 0.070740 0.915025 -0.137967 0.344638 0.157582

seq-05/frame-000983.color.png 0.942232 -0.965158 0.070911 0.913966 -0.136860 0.347847 0.157639

seq-05/frame-000984.color.png 0.942328 -0.963908 0.071781 0.912537 -0.136330 0.352412 0.156232

seq-05/frame-000985.color.png 0.944067 -0.966561 0.073499 0.910485 -0.136340 0.357458 0.156729

seq-05/frame-000986.color.png 0.945206 -0.967506 0.074490 0.909021 -0.134437 0.361785 0.156945

seq-05/frame-000987.color.png 0.946230 -0.968160 0.076137 0.908345 -0.133659 0.363700 0.157094

seq-05/frame-000988.color.png 0.946834 -0.967608 0.078006 0.907996 -0.133366 0.364511 0.157482

seq-05/frame-000989.color.png 0.948211 -0.969750 0.079867 0.907388 -0.133581 0.366239 0.156793

seq-05/frame-000990.color.png 0.948958 -0.969795 0.082362 0.906848 -0.133418 0.368488 0.154772

seq-05/frame-000991.color.png 0.950230 -0.971200 0.084364 0.906165 -0.134196 0.370369 0.153605

seq-05/frame-000992.color.png 0.950630 -0.973996 0.087790 0.905521 -0.133771 0.372807 0.151869

seq-05/frame-000993.color.png 0.952594 -0.977079 0.091275 0.905951 -0.133055 0.373021 0.149387

seq-05/frame-000994.color.png 0.953958 -0.978076 0.095252 0.906462 -0.132359 0.372524 0.148137

seq-05/frame-000995.color.png 0.955603 -0.982081 0.098427 0.906957 -0.132711 0.371823 0.146544

seq-05/frame-000996.color.png 0.956533 -0.985981 0.103195 0.907736 -0.131528 0.371665 0.143150

seq-05/frame-000997.color.png 0.957552 -0.988097 0.107949 0.908475 -0.129882 0.371424 0.140569

seq-05/frame-000998.color.png 0.959628 -0.990437 0.112426 0.909429 -0.129474 0.369609 0.139558

seq-05/frame-000999.color.png 0.961563 -0.994028 0.116541 0.910565 -0.129158 0.367135 0.138974

