seq-10/frame-000000.color.png -0.979577 -0.693959 0.542359 0.952812 -0.007657 0.292989 0.078974

seq-10/frame-000001.color.png -0.970369 -0.705026 0.543251 0.953549 -0.008495 0.290798 0.078086

seq-10/frame-000002.color.png -0.967085 -0.705349 0.543326 0.953421 -0.007546 0.291343 0.077716

seq-10/frame-000003.color.png -0.966438 -0.706247 0.542771 0.953039 -0.006835 0.292345 0.078693

seq-10/frame-000004.color.png -0.960984 -0.708892 0.542708 0.951526 -0.008880 0.295199 0.085817

seq-10/frame-000005.color.png -0.958001 -0.703574 0.543444 0.951086 -0.008040 0.295425 0.089901

seq-10/frame-000006.color.png -0.954442 -0.704241 0.544180 0.951346 -0.009275 0.293481 0.093334

seq-10/frame-000007.color.png -0.948680 -0.704920 0.543984 0.951930 -0.012623 0.290598 0.095968

seq-10/frame-000008.color.png -0.934791 -0.706708 0.546464 0.952807 -0.020628 0.285458 0.101169

seq-10/frame-000009.color.png -0.926220 -0.705647 0.547301 0.953349 -0.023021 0.282586 0.103584

seq-10/frame-000010.color.png -0.920828 -0.707941 0.549221 0.954094 -0.026751 0.279313 0.104700

seq-10/frame-000011.color.png -0.906441 -0.709061 0.550465 0.954809 -0.030867 0.276197 0.105310

seq-10/frame-000012.color.png -0.902500 -0.711867 0.553316 0.955319 -0.034362 0.273700 0.106121

seq-10/frame-000013.color.png -0.890084 -0.712597 0.555149 0.955655 -0.037025 0.271638 0.107488

seq-10/frame-000014.color.png -0.876840 -0.714027 0.557343 0.955705 -0.043238 0.269607 0.109813

seq-10/frame-000015.color.png -0.862163 -0.717957 0.559074 0.955485 -0.045177 0.269910 0.110198

seq-10/frame-000016.color.png -0.853600 -0.717940 0.561748 0.955511 -0.044321 0.270207 0.109593

seq-10/frame-000017.color.png -0.848966 -0.714888 0.563151 0.955655 -0.043667 0.269964 0.109197

seq-10/frame-000018.color.png -0.854476 -0.718090 0.571345 0.955314 -0.047017 0.270526 0.109398

seq-10/frame-000019.color.png -0.840420 -0.723279 0.573088 0.955321 -0.050469 0.268954 0.111650

seq-10/frame-000020.color.png -0.833033 -0.725163 0.576071 0.955083 -0.050906 0.269067 0.113206

seq-10/frame-000021.color.png -0.813702 -0.729847 0.580684 0.955069 -0.051759 0.268238 0.114886

seq-10/frame-000022.color.png -0.802935 -0.727604 0.582020 0.954984 -0.049164 0.268043 0.117166

seq-10/frame-000023.color.png -0.790642 -0.725027 0.583394 0.954748 -0.049493 0.267447 0.120273

seq-10/frame-000024.color.png -0.782954 -0.730260 0.586290 0.954277 -0.052199 0.267672 0.122349

seq-10/frame-000025.color.png -0.771301 -0.734012 0.588573 0.954267 -0.052464 0.267327 0.123068

seq-10/frame-000026.color.png -0.760971 -0.735482 0.590283 0.954556 -0.052285 0.266387 0.122938

seq-10/frame-000027.color.png -0.750038 -0.737409 0.591590 0.954379 -0.051480 0.267201 0.122882

seq-10/frame-000028.color.png -0.732830 -0.735167 0.593365 0.953840 -0.050795 0.269330 0.122708

seq-10/frame-000029.color.png -0.723649 -0.737404 0.594352 0.953462 -0.052771 0.270090 0.123138

seq-10/frame-000030.color.png -0.713345 -0.739771 0.595836 0.953204 -0.054296 0.270493 0.123589

seq-10/frame-000031.color.png -0.706913 -0.741011 0.596868 0.953036 -0.054836 0.270967 0.123606

seq-10/frame-000032.color.png -0.697440 -0.742460 0.597131 0.952767 -0.054785 0.271836 0.123795

seq-10/frame-000033.color.png -0.690054 -0.741923 0.597745 0.952127 -0.053952 0.273847 0.124655

seq-10/frame-000034.color.png -0.679643 -0.739965 0.598394 0.950289 -0.058430 0.276555 0.130539

seq-10/frame-000035.color.png -0.673553 -0.743193 0.599896 0.949655 -0.061938 0.277618 0.131280

seq-10/frame-000036.color.png -0.667327 -0.744622 0.600945 0.949327 -0.064825 0.278204 0.131011

seq-10/frame-000037.color.png -0.661031 -0.749656 0.602339 0.948839 -0.067070 0.279221 0.131259

seq-10/frame-000038.color.png -0.656768 -0.748758 0.602562 0.948466 -0.067182 0.280150 0.131916

seq-10/frame-000039.color.png -0.643305 -0.749726 0.601446 0.947746 -0.072346 0.280423 0.133762

seq-10/frame-000040.color.png -0.637664 -0.754305 0.600873 0.946784 -0.076438 0.282271 0.134413

seq-10/frame-000041.color.png -0.633264 -0.760430 0.601895 0.945603 -0.078732 0.285408 0.134779

seq-10/frame-000042.color.png -0.627839 -0.760787 0.601208 0.945150 -0.078822 0.286939 0.134651

seq-10/frame-000043.color.png -0.623212 -0.760959 0.600664 0.944956 -0.080517 0.287514 0.133776

seq-10/frame-000044.color.png -0.612848 -0.763257 0.599207 0.944530 -0.082663 0.288328 0.133728

seq-10/frame-000045.color.png -0.605842 -0.766420 0.598495 0.943037 -0.084778 0.291761 0.135482

seq-10/frame-000046.color.png -0.595069 -0.774734 0.596909 0.940447 -0.086973 0.299472 0.135267

seq-10/frame-000047.color.png -0.586613 -0.770709 0.595238 0.939908 -0.087452 0.301761 0.133611

seq-10/frame-000048.color.png -0.577722 -0.771551 0.593923 0.938400 -0.090695 0.305109 0.134440

seq-10/frame-000049.color.png -0.571144 -0.772908 0.593636 0.935927 -0.093482 0.310666 0.137018

seq-10/frame-000050.color.png -0.565076 -0.777221 0.594055 0.933091 -0.095729 0.316968 0.140336

seq-10/frame-000051.color.png -0.552631 -0.782139 0.591985 0.927652 -0.099053 0.330695 0.142396

seq-10/frame-000052.color.png -0.545095 -0.784746 0.589447 0.924424 -0.100386 0.338869 0.143231

seq-10/frame-000053.color.png -0.537121 -0.785828 0.583368 0.921205 -0.101271 0.346668 0.144681

seq-10/frame-000054.color.png -0.531487 -0.787827 0.581319 0.917851 -0.101833 0.354840 0.145782

seq-10/frame-000055.color.png -0.524822 -0.791008 0.576433 0.915618 -0.102449 0.359844 0.147122

seq-10/frame-000056.color.png -0.505190 -0.804690 0.561269 0.908703 -0.102126 0.375528 0.150970

seq-10/frame-000057.color.png -0.511797 -0.807569 0.564209 0.905298 -0.099290 0.384011 0.151979

seq-10/frame-000058.color.png -0.510528 -0.807162 0.565260 0.901611 -0.097114 0.392958 0.152427

seq-10/frame-000059.color.png -0.507758 -0.810619 0.564141 0.896997 -0.097823 0.402687 0.153799

seq-10/frame-000060.color.png -0.494934 -0.824818 0.566395 0.889715 -0.099313 0.417448 0.155771

seq-10/frame-000061.color.png -0.489706 -0.831904 0.568185 0.886538 -0.098508 0.424145 0.156305

seq-10/frame-000062.color.png -0.482576 -0.837819 0.569041 0.883072 -0.097953 0.431453 0.156273

seq-10/frame-000063.color.png -0.467265 -0.841657 0.572744 0.877289 -0.094110 0.443033 0.158784

seq-10/frame-000064.color.png -0.457543 -0.842928 0.571141 0.875534 -0.093722 0.445684 0.161261

seq-10/frame-000065.color.png -0.448068 -0.850075 0.570673 0.874072 -0.096009 0.447780 0.162037

seq-10/frame-000066.color.png -0.426518 -0.854736 0.566693 0.873560 -0.093024 0.447839 0.166322

seq-10/frame-000067.color.png -0.417666 -0.861760 0.562686 0.872221 -0.092013 0.449112 0.170425

seq-10/frame-000068.color.png -0.408983 -0.861606 0.561835 0.869898 -0.089753 0.452631 0.174153

seq-10/frame-000069.color.png -0.399353 -0.867070 0.558006 0.867569 -0.090522 0.455908 0.176803

seq-10/frame-000070.color.png -0.384122 -0.871103 0.550347 0.861556 -0.090014 0.465898 0.180390

seq-10/frame-000071.color.png -0.374378 -0.874463 0.548190 0.859025 -0.090110 0.469305 0.183551

seq-10/frame-000072.color.png -0.354313 -0.882146 0.537067 0.854576 -0.090032 0.474962 0.189702

seq-10/frame-000073.color.png -0.347797 -0.877669 0.534358 0.850272 -0.088731 0.481613 0.192861

seq-10/frame-000074.color.png -0.336148 -0.886921 0.532356 0.846327 -0.090099 0.486448 0.197391

seq-10/frame-000075.color.png -0.325153 -0.888099 0.526331 0.844521 -0.090222 0.489133 0.198432

seq-10/frame-000076.color.png -0.300576 -0.895082 0.515032 0.838238 -0.093051 0.499005 0.199184

seq-10/frame-000077.color.png -0.288670 -0.896088 0.510508 0.833741 -0.094050 0.505958 0.200047

seq-10/frame-000078.color.png -0.275715 -0.900589 0.510115 0.828980 -0.095178 0.513083 0.201149

seq-10/frame-000079.color.png -0.260974 -0.905806 0.504391 0.825661 -0.095881 0.517993 0.201879

seq-10/frame-000080.color.png -0.239288 -0.906487 0.514025 0.816715 -0.096983 0.531671 0.202181

seq-10/frame-000081.color.png -0.224182 -0.912605 0.512720 0.812033 -0.098512 0.538351 0.202621

seq-10/frame-000082.color.png -0.210038 -0.916214 0.513112 0.807678 -0.098371 0.544576 0.203461

seq-10/frame-000083.color.png -0.197046 -0.920737 0.514131 0.803024 -0.096106 0.550907 0.205906

seq-10/frame-000084.color.png -0.171911 -0.924320 0.514268 0.796324 -0.091120 0.560946 0.207088

seq-10/frame-000085.color.png -0.160275 -0.926109 0.513583 0.793035 -0.087548 0.566209 0.206924

seq-10/frame-000086.color.png -0.149803 -0.925740 0.513442 0.789973 -0.083496 0.571348 0.206183

seq-10/frame-000087.color.png -0.128385 -0.928127 0.513542 0.785543 -0.075109 0.578977 0.205050

seq-10/frame-000088.color.png -0.119194 -0.925421 0.512964 0.782607 -0.072014 0.583540 0.204451

seq-10/frame-000089.color.png -0.107502 -0.929423 0.513924 0.779599 -0.071054 0.587285 0.205551

seq-10/frame-000090.color.png -0.099274 -0.926509 0.513196 0.777293 -0.067730 0.591127 0.204395

seq-10/frame-000091.color.png -0.077972 -0.925894 0.517175 0.769957 -0.067985 0.599457 0.207786

seq-10/frame-000092.color.png -0.066644 -0.926673 0.518197 0.766207 -0.069533 0.602747 0.211583

seq-10/frame-000093.color.png -0.056129 -0.928067 0.521864 0.762071 -0.070284 0.606591 0.215253

seq-10/frame-000094.color.png -0.046067 -0.928070 0.522984 0.759171 -0.069535 0.609104 0.218619

seq-10/frame-000095.color.png -0.036673 -0.927716 0.523874 0.756417 -0.068466 0.612073 0.220207

seq-10/frame-000096.color.png -0.029236 -0.923124 0.528881 0.753860 -0.067088 0.615870 0.218809

seq-10/frame-000097.color.png -0.008793 -0.925764 0.535070 0.747499 -0.069597 0.621208 0.224676

seq-10/frame-000098.color.png 0.000530 -0.925815 0.536845 0.746960 -0.068382 0.621170 0.226938

seq-10/frame-000099.color.png 0.009328 -0.925398 0.538117 0.746467 -0.067830 0.620985 0.229218

seq-10/frame-000100.color.png 0.017312 -0.925724 0.540726 0.745783 -0.069141 0.621265 0.230293

seq-10/frame-000101.color.png 0.036598 -0.931189 0.546061 0.746005 -0.074305 0.618304 0.235866

seq-10/frame-000102.color.png 0.045982 -0.931643 0.545997 0.748482 -0.077234 0.614346 0.237414

seq-10/frame-000103.color.png 0.054136 -0.930868 0.548024 0.749649 -0.080548 0.612244 0.238062

seq-10/frame-000104.color.png 0.063742 -0.933397 0.550635 0.750085 -0.086062 0.610989 0.237984

seq-10/frame-000105.color.png 0.072116 -0.934723 0.551811 0.751706 -0.090240 0.609134 0.236069

seq-10/frame-000106.color.png 0.080857 -0.936027 0.552444 0.752036 -0.092596 0.607914 0.237247

seq-10/frame-000107.color.png 0.097393 -0.936654 0.554153 0.753555 -0.097060 0.603239 0.242517

seq-10/frame-000108.color.png 0.106747 -0.938808 0.553075 0.754727 -0.098183 0.600933 0.244141

seq-10/frame-000109.color.png 0.114927 -0.939520 0.551972 0.756044 -0.098641 0.599128 0.244316

seq-10/frame-000110.color.png 0.122659 -0.939903 0.552234 0.757455 -0.099495 0.597561 0.243435

seq-10/frame-000111.color.png 0.130130 -0.940144 0.552557 0.759548 -0.100044 0.595446 0.241867

seq-10/frame-000112.color.png 0.147130 -0.939861 0.545584 0.766893 -0.097879 0.586617 0.241149

seq-10/frame-000113.color.png 0.153049 -0.933450 0.542425 0.770497 -0.094271 0.582190 0.241828

seq-10/frame-000114.color.png 0.161550 -0.928041 0.540168 0.772680 -0.094670 0.577761 0.245303

seq-10/frame-000115.color.png 0.173026 -0.928203 0.535212 0.775339 -0.096544 0.573184 0.246914

seq-10/frame-000116.color.png 0.183211 -0.926595 0.527519 0.778675 -0.094608 0.569809 0.244970

seq-10/frame-000117.color.png 0.190092 -0.919366 0.523547 0.780183 -0.091448 0.569133 0.242935

seq-10/frame-000118.color.png 0.206186 -0.907799 0.515868 0.780708 -0.093878 0.570400 0.237286

seq-10/frame-000119.color.png 0.216587 -0.906616 0.512580 0.779997 -0.094793 0.571149 0.237457

seq-10/frame-000120.color.png 0.227112 -0.904541 0.506895 0.781798 -0.093293 0.568723 0.237949

seq-10/frame-000121.color.png 0.238019 -0.900577 0.497852 0.784419 -0.089488 0.564738 0.240266

seq-10/frame-000122.color.png 0.248980 -0.899068 0.489784 0.787744 -0.086400 0.560023 0.241552

seq-10/frame-000123.color.png 0.260439 -0.895618 0.479996 0.793949 -0.084755 0.552850 0.238321

seq-10/frame-000124.color.png 0.273157 -0.892459 0.470988 0.801030 -0.084080 0.544520 0.234004

seq-10/frame-000125.color.png 0.296429 -0.875896 0.456935 0.810817 -0.087039 0.533828 0.223622

seq-10/frame-000126.color.png 0.307563 -0.872400 0.452238 0.811325 -0.094084 0.533972 0.218523

seq-10/frame-000127.color.png 0.317864 -0.871542 0.451344 0.811615 -0.100813 0.533826 0.214769

seq-10/frame-000128.color.png 0.329503 -0.875646 0.445602 0.815492 -0.105983 0.526825 0.214881

seq-10/frame-000129.color.png 0.342527 -0.880992 0.439645 0.823826 -0.106329 0.512806 0.216828

seq-10/frame-000130.color.png 0.360443 -0.872495 0.425763 0.840397 -0.102175 0.491319 0.204641

seq-10/frame-000131.color.png 0.364457 -0.867422 0.424801 0.842844 -0.106269 0.490019 0.195403

seq-10/frame-000132.color.png 0.370945 -0.874279 0.422788 0.843700 -0.110717 0.488449 0.193153

seq-10/frame-000133.color.png 0.375641 -0.876933 0.422116 0.845288 -0.110301 0.485531 0.193806

seq-10/frame-000134.color.png 0.375520 -0.872818 0.424188 0.847104 -0.112285 0.482322 0.192748

seq-10/frame-000135.color.png 0.377564 -0.875064 0.426710 0.850090 -0.119284 0.475683 0.191894

seq-10/frame-000136.color.png 0.380916 -0.877459 0.428526 0.854899 -0.126510 0.465972 0.189714

seq-10/frame-000137.color.png 0.394423 -0.894908 0.422737 0.863476 -0.138595 0.446629 0.188951

seq-10/frame-000138.color.png 0.398871 -0.905746 0.421694 0.866058 -0.139084 0.440561 0.191007

seq-10/frame-000139.color.png 0.393816 -0.904651 0.427254 0.868517 -0.138454 0.435958 0.190863

seq-10/frame-000140.color.png 0.390834 -0.908525 0.430771 0.871560 -0.142226 0.428465 0.191186

seq-10/frame-000141.color.png 0.390334 -0.913743 0.432888 0.876295 -0.147635 0.417568 0.189546

seq-10/frame-000142.color.png 0.393054 -0.923076 0.434091 0.881059 -0.153583 0.405626 0.188662

seq-10/frame-000143.color.png 0.396880 -0.941359 0.439290 0.890170 -0.159701 0.385978 0.181917

seq-10/frame-000144.color.png 0.396290 -0.949854 0.441659 0.894002 -0.163420 0.377070 0.178472

seq-10/frame-000145.color.png 0.399240 -0.964123 0.443188 0.897964 -0.166728 0.366350 0.177849

seq-10/frame-000146.color.png 0.402230 -0.976255 0.444684 0.903365 -0.166557 0.354484 0.174676

seq-10/frame-000147.color.png 0.400777 -0.978605 0.445165 0.909661 -0.165078 0.342495 0.167160

seq-10/frame-000148.color.png 0.400805 -0.983019 0.446393 0.914401 -0.167146 0.332199 0.159865

seq-10/frame-000149.color.png 0.405298 -0.995817 0.446577 0.918463 -0.170541 0.322155 0.153416

seq-10/frame-000150.color.png 0.406707 -1.002598 0.448375 0.923323 -0.169258 0.311753 0.147026

seq-10/frame-000151.color.png 0.404573 -1.002504 0.450323 0.927852 -0.168688 0.301097 0.141262

seq-10/frame-000152.color.png 0.405865 -1.009697 0.452321 0.931176 -0.170911 0.289601 0.140755

seq-10/frame-000153.color.png 0.414219 -1.019567 0.451821 0.935443 -0.172397 0.275720 0.138504

seq-10/frame-000154.color.png 0.432477 -1.034213 0.452670 0.941939 -0.174143 0.256451 0.128985

seq-10/frame-000155.color.png 0.436298 -1.042983 0.454515 0.943342 -0.175545 0.252178 0.125204

seq-10/frame-000156.color.png 0.478060 -1.054569 0.443022 0.947201 -0.178634 0.237346 0.120608

seq-10/frame-000157.color.png 0.490416 -1.070515 0.444808 0.949617 -0.178905 0.226975 0.121165

seq-10/frame-000158.color.png 0.500049 -1.088735 0.446236 0.951470 -0.174912 0.223025 0.119794

seq-10/frame-000159.color.png 0.506742 -1.097924 0.444704 0.953874 -0.166733 0.220866 0.116282

seq-10/frame-000160.color.png 0.518305 -1.105750 0.440836 0.956911 -0.159116 0.214079 0.114684

seq-10/frame-000161.color.png 0.528447 -1.115382 0.437108 0.959760 -0.152000 0.206997 0.113527

seq-10/frame-000162.color.png 0.535449 -1.121265 0.433768 0.962279 -0.146415 0.201093 0.110101

seq-10/frame-000163.color.png 0.546621 -1.129326 0.430108 0.964540 -0.144152 0.192668 0.108356

seq-10/frame-000164.color.png 0.556689 -1.141720 0.426796 0.965918 -0.143395 0.187244 0.106574

seq-10/frame-000165.color.png 0.568160 -1.151641 0.421095 0.968284 -0.140520 0.179338 0.102457

seq-10/frame-000166.color.png 0.578142 -1.159409 0.417348 0.970178 -0.137832 0.172734 0.099491

seq-10/frame-000167.color.png 0.586473 -1.166357 0.411982 0.971775 -0.136911 0.166540 0.095672

seq-10/frame-000168.color.png 0.600042 -1.170795 0.405630 0.973954 -0.136622 0.155478 0.092481

seq-10/frame-000169.color.png 0.610253 -1.176169 0.400795 0.975580 -0.136966 0.146235 0.089875

seq-10/frame-000170.color.png 0.623205 -1.181882 0.395437 0.977204 -0.136912 0.137174 0.086545

seq-10/frame-000171.color.png 0.637673 -1.189152 0.390745 0.978777 -0.137029 0.128619 0.081580

seq-10/frame-000172.color.png 0.651417 -1.191583 0.384496 0.980386 -0.135668 0.120670 0.076517

seq-10/frame-000173.color.png 0.662436 -1.193937 0.379332 0.981837 -0.134647 0.112596 0.071886

seq-10/frame-000174.color.png 0.673948 -1.196978 0.373022 0.983452 -0.132575 0.103584 0.067052

seq-10/frame-000175.color.png 0.687553 -1.194893 0.366240 0.985479 -0.128609 0.092335 0.061192

seq-10/frame-000176.color.png 0.704381 -1.196244 0.361274 0.986648 -0.128610 0.082047 0.056854

seq-10/frame-000177.color.png 0.717958 -1.199910 0.355569 0.987386 -0.130201 0.073184 0.052336

seq-10/frame-000178.color.png 0.729081 -1.195892 0.348170 0.988768 -0.128188 0.061121 0.046344

seq-10/frame-000179.color.png 0.743851 -1.195510 0.341816 0.989684 -0.128251 0.047767 0.042119

seq-10/frame-000180.color.png 0.753994 -1.199296 0.335473 0.989883 -0.131287 0.036107 0.039632

seq-10/frame-000181.color.png 0.764403 -1.201002 0.327685 0.990296 -0.131896 0.024901 0.035730

seq-10/frame-000182.color.png 0.775791 -1.198719 0.319742 0.990812 -0.130429 0.013857 0.032661

seq-10/frame-000183.color.png 0.790372 -1.201008 0.314317 0.990803 -0.131487 0.004307 0.031314

seq-10/frame-000184.color.png 0.799040 -1.203010 0.309173 0.990688 -0.132507 -0.005372 0.030495

seq-10/frame-000185.color.png 0.810276 -1.201959 0.304068 0.990703 -0.131721 -0.016809 0.029207

seq-10/frame-000186.color.png 0.823843 -1.202708 0.301496 0.990287 -0.132725 -0.030312 0.027833

seq-10/frame-000187.color.png 0.831407 -1.201578 0.297977 0.989689 -0.133932 -0.042903 0.026759

seq-10/frame-000188.color.png 0.832131 -1.202359 0.295398 0.989117 -0.134555 -0.054390 0.023717

seq-10/frame-000189.color.png 0.833394 -1.204379 0.294652 0.988478 -0.134786 -0.065389 0.021114

seq-10/frame-000190.color.png 0.842935 -1.199749 0.294001 0.987759 -0.133531 -0.078017 0.019837

seq-10/frame-000191.color.png 0.848785 -1.198161 0.293311 0.986906 -0.133650 -0.088529 0.017165

seq-10/frame-000192.color.png 0.851061 -1.199738 0.293613 0.985970 -0.134049 -0.098464 0.013312

seq-10/frame-000193.color.png 0.853234 -1.200268 0.294392 0.984758 -0.133561 -0.110781 0.010925

seq-10/frame-000194.color.png 0.858086 -1.201554 0.296284 0.983231 -0.134502 -0.122832 0.007457

seq-10/frame-000195.color.png 0.855157 -1.206309 0.296998 0.981778 -0.135330 -0.133304 0.002303

seq-10/frame-000196.color.png 0.854421 -1.209294 0.299122 0.980229 -0.134864 -0.144702 -0.001264

seq-10/frame-000197.color.png 0.858999 -1.207369 0.300305 0.978536 -0.134851 -0.155700 -0.004094

seq-10/frame-000198.color.png 0.856800 -1.205333 0.299282 0.977330 -0.133924 -0.163747 -0.007458

seq-10/frame-000199.color.png 0.854673 -1.203522 0.299211 0.976400 -0.132999 -0.169740 -0.010935

seq-10/frame-000200.color.png 0.855344 -1.208654 0.301163 0.975172 -0.134541 -0.175320 -0.013374

seq-10/frame-000201.color.png 0.852620 -1.203727 0.301049 0.974240 -0.133992 -0.180738 -0.014596

seq-10/frame-000202.color.png 0.850490 -1.205576 0.301413 0.973081 -0.134722 -0.186127 -0.017204

seq-10/frame-000203.color.png 0.851154 -1.205901 0.300875 0.972048 -0.133913 -0.191887 -0.018577

seq-10/frame-000204.color.png 0.847370 -1.199613 0.299336 0.971630 -0.131459 -0.195682 -0.018392

seq-10/frame-000205.color.png 0.846286 -1.198055 0.298220 0.971239 -0.130167 -0.198460 -0.018478

seq-10/frame-000206.color.png 0.844034 -1.198183 0.297638 0.970340 -0.130413 -0.202714 -0.017792

seq-10/frame-000207.color.png 0.839102 -1.198794 0.296313 0.969304 -0.130222 -0.207853 -0.016319

seq-10/frame-000208.color.png 0.837540 -1.197673 0.294452 0.968530 -0.128852 -0.212364 -0.015001

seq-10/frame-000209.color.png 0.833699 -1.191945 0.292521 0.967879 -0.128165 -0.215804 -0.013735

seq-10/frame-000210.color.png 0.829098 -1.190911 0.290560 0.967129 -0.129400 -0.218385 -0.014158

seq-10/frame-000211.color.png 0.831285 -1.189808 0.287866 0.966549 -0.128951 -0.221137 -0.015138

seq-10/frame-000212.color.png 0.821246 -1.188015 0.286077 0.966030 -0.129130 -0.223294 -0.015091

seq-10/frame-000213.color.png 0.813911 -1.188369 0.284033 0.965253 -0.130781 -0.225689 -0.014926

seq-10/frame-000214.color.png 0.813996 -1.188209 0.283454 0.964201 -0.131416 -0.229768 -0.015106

seq-10/frame-000215.color.png 0.810523 -1.183147 0.282023 0.963359 -0.131984 -0.232944 -0.015215

seq-10/frame-000216.color.png 0.795889 -1.183110 0.277175 0.962749 -0.132860 -0.234917 -0.015853

seq-10/frame-000217.color.png 0.795643 -1.178800 0.276021 0.961680 -0.133126 -0.239112 -0.015785

seq-10/frame-000218.color.png 0.792409 -1.177667 0.275412 0.960253 -0.135323 -0.243583 -0.015638

seq-10/frame-000219.color.png 0.793476 -1.177171 0.275733 0.958715 -0.136092 -0.249212 -0.014568

seq-10/frame-000220.color.png 0.789730 -1.170871 0.273769 0.957939 -0.134696 -0.252965 -0.013929

seq-10/frame-000221.color.png 0.790277 -1.170023 0.274657 0.956896 -0.134995 -0.256739 -0.013618

seq-10/frame-000222.color.png 0.790722 -1.172733 0.275638 0.955693 -0.134712 -0.261371 -0.012812

seq-10/frame-000223.color.png 0.790293 -1.171647 0.274845 0.954432 -0.132108 -0.267259 -0.012401

seq-10/frame-000224.color.png 0.795156 -1.170286 0.276413 0.952783 -0.130402 -0.273915 -0.012006

seq-10/frame-000225.color.png 0.794487 -1.172236 0.276206 0.950815 -0.129403 -0.281218 -0.009843

seq-10/frame-000226.color.png 0.802447 -1.168615 0.275860 0.948875 -0.125715 -0.289370 -0.008419

seq-10/frame-000227.color.png 0.802994 -1.162256 0.275734 0.947392 -0.120598 -0.296272 -0.010123

seq-10/frame-000228.color.png 0.805532 -1.162649 0.276527 0.946242 -0.116597 -0.301429 -0.012036

seq-10/frame-000229.color.png 0.807168 -1.162803 0.276154 0.945495 -0.111159 -0.305778 -0.012531

seq-10/frame-000230.color.png 0.809514 -1.165166 0.276881 0.944049 -0.107171 -0.311573 -0.013482

seq-10/frame-000231.color.png 0.813433 -1.166343 0.279161 0.941707 -0.105011 -0.319239 -0.014859

seq-10/frame-000232.color.png 0.816751 -1.166797 0.280369 0.939208 -0.102536 -0.327232 -0.016341

seq-10/frame-000233.color.png 0.818215 -1.162817 0.280977 0.935197 -0.096652 -0.340040 -0.020286

seq-10/frame-000234.color.png 0.817306 -1.161430 0.280484 0.933219 -0.094371 -0.345871 -0.023289

seq-10/frame-000235.color.png 0.817276 -1.164492 0.282219 0.930822 -0.092258 -0.352646 -0.025949

seq-10/frame-000236.color.png 0.822834 -1.161847 0.285804 0.925309 -0.088752 -0.367196 -0.032654

seq-10/frame-000237.color.png 0.820840 -1.161371 0.285761 0.923763 -0.086063 -0.371340 -0.036521

seq-10/frame-000238.color.png 0.824305 -1.158447 0.289447 0.919857 -0.081922 -0.381270 -0.041917

seq-10/frame-000239.color.png 0.826417 -1.159481 0.294645 0.916777 -0.081291 -0.388560 -0.043637

seq-10/frame-000240.color.png 0.834571 -1.151640 0.303235 0.911693 -0.075072 -0.401151 -0.047224

seq-10/frame-000241.color.png 0.839085 -1.151979 0.313873 0.905135 -0.074674 -0.415602 -0.048994

seq-10/frame-000242.color.png 0.838074 -1.153598 0.315674 0.901873 -0.074765 -0.422346 -0.051294

seq-10/frame-000243.color.png 0.846768 -1.151718 0.331739 0.894637 -0.074133 -0.437225 -0.054167

seq-10/frame-000244.color.png 0.853670 -1.152921 0.347718 0.886528 -0.077617 -0.452766 -0.054921

seq-10/frame-000245.color.png 0.855021 -1.152977 0.353908 0.882853 -0.078311 -0.459624 -0.056160

seq-10/frame-000246.color.png 0.859004 -1.151729 0.365601 0.877712 -0.078771 -0.469044 -0.058176

seq-10/frame-000247.color.png 0.865807 -1.154565 0.380283 0.871121 -0.082542 -0.480439 -0.059015

seq-10/frame-000248.color.png 0.869584 -1.150053 0.395204 0.865710 -0.082726 -0.489955 -0.060135

seq-10/frame-000249.color.png 0.871689 -1.149332 0.401802 0.863462 -0.082991 -0.493586 -0.062358

seq-10/frame-000250.color.png 0.876630 -1.153819 0.420220 0.857382 -0.083718 -0.503761 -0.063881

seq-10/frame-000251.color.png 0.881074 -1.153768 0.441913 0.850469 -0.084519 -0.515068 -0.065063

seq-10/frame-000252.color.png 0.880571 -1.155784 0.453459 0.845098 -0.085734 -0.523272 -0.067929

seq-10/frame-000253.color.png 0.880888 -1.157995 0.471881 0.839512 -0.087634 -0.531580 -0.070217

seq-10/frame-000254.color.png 0.878822 -1.162746 0.483722 0.834069 -0.091724 -0.539196 -0.071773

seq-10/frame-000255.color.png 0.876475 -1.166511 0.500786 0.829147 -0.094078 -0.546069 -0.073765

seq-10/frame-000256.color.png 0.874293 -1.165466 0.511710 0.825238 -0.096244 -0.551558 -0.073965

seq-10/frame-000257.color.png 0.870131 -1.168986 0.522106 0.821466 -0.099310 -0.556361 -0.075897

seq-10/frame-000258.color.png 0.865804 -1.167459 0.535717 0.817451 -0.102522 -0.561602 -0.076377

seq-10/frame-000259.color.png 0.861555 -1.161785 0.548252 0.811730 -0.108096 -0.569102 -0.074161

seq-10/frame-000260.color.png 0.855066 -1.152671 0.571607 0.802030 -0.117067 -0.582251 -0.063187

seq-10/frame-000261.color.png 0.846921 -1.163439 0.584977 0.797176 -0.123759 -0.588179 -0.056608

seq-10/frame-000262.color.png 0.844177 -1.137275 0.601875 0.791326 -0.128461 -0.596281 -0.041408

seq-10/frame-000263.color.png 0.840119 -1.131605 0.617924 0.784311 -0.135535 -0.604762 -0.026728

seq-10/frame-000264.color.png 0.835000 -1.130776 0.619546 0.780650 -0.144239 -0.608016 -0.007848

seq-10/frame-000265.color.png 0.828907 -1.113728 0.594312 0.776588 -0.150664 -0.611618 0.009942

seq-10/frame-000266.color.png 0.821823 -1.109822 0.594063 0.772158 -0.158963 -0.614329 0.032666

seq-10/frame-000267.color.png 0.817430 -1.102241 0.590121 0.774258 -0.159128 -0.610918 0.044113

seq-10/frame-000268.color.png 0.812811 -1.111522 0.587900 0.778890 -0.161579 -0.603862 0.050372

seq-10/frame-000269.color.png 0.807156 -1.109942 0.581511 0.789376 -0.156506 -0.591189 0.053393

seq-10/frame-000270.color.png 0.798103 -1.110711 0.562927 0.807267 -0.150808 -0.568024 0.053756

seq-10/frame-000271.color.png 0.788433 -1.113961 0.538270 0.820970 -0.146354 -0.549259 0.053562

seq-10/frame-000272.color.png 0.774129 -1.120011 0.500494 0.838251 -0.138248 -0.525228 0.048215

seq-10/frame-000273.color.png 0.760442 -1.127989 0.483309 0.852144 -0.131014 -0.504643 0.044585

seq-10/frame-000274.color.png 0.743781 -1.129846 0.458612 0.865976 -0.120610 -0.483482 0.041835

seq-10/frame-000275.color.png 0.726730 -1.133926 0.435589 0.878651 -0.110522 -0.462733 0.040031

seq-10/frame-000276.color.png 0.708578 -1.134537 0.423423 0.888204 -0.101924 -0.446056 0.041308

seq-10/frame-000277.color.png 0.695923 -1.139457 0.415573 0.893724 -0.098385 -0.435726 0.041084

seq-10/frame-000278.color.png 0.671806 -1.148997 0.401479 0.902146 -0.092994 -0.419109 0.042413

seq-10/frame-000279.color.png 0.654870 -1.151517 0.394022 0.909117 -0.086279 -0.405448 0.040520

seq-10/frame-000280.color.png 0.633985 -1.156535 0.381451 0.919074 -0.073351 -0.385923 0.030869

seq-10/frame-000281.color.png 0.624601 -1.163579 0.380043 0.923147 -0.068583 -0.377349 0.025903

seq-10/frame-000282.color.png 0.603252 -1.169238 0.372582 0.930441 -0.059198 -0.361307 0.014140

seq-10/frame-000283.color.png 0.582895 -1.184392 0.367461 0.935750 -0.057433 -0.347860 0.005962

seq-10/frame-000284.color.png 0.573633 -1.184948 0.365309 0.938341 -0.055144 -0.341238 -0.000088

seq-10/frame-000285.color.png 0.551687 -1.195579 0.360139 0.944246 -0.051405 -0.324975 -0.010731

seq-10/frame-000286.color.png 0.540489 -1.196868 0.358653 0.946701 -0.049166 -0.318023 -0.013052

seq-10/frame-000287.color.png 0.521161 -1.198108 0.355450 0.950897 -0.046409 -0.305198 -0.021529

seq-10/frame-000288.color.png 0.511513 -1.197926 0.352841 0.952938 -0.043983 -0.298903 -0.024517

seq-10/frame-000289.color.png 0.493242 -1.200165 0.349353 0.957187 -0.037764 -0.285426 -0.029448

seq-10/frame-000290.color.png 0.478773 -1.205190 0.345316 0.960181 -0.035579 -0.274807 -0.035141

seq-10/frame-000291.color.png 0.471964 -1.208953 0.342993 0.961706 -0.034705 -0.269097 -0.038377

seq-10/frame-000292.color.png 0.461467 -1.208765 0.339410 0.963448 -0.032023 -0.262803 -0.040564

seq-10/frame-000293.color.png 0.448880 -1.212340 0.333451 0.966848 -0.030385 -0.249243 -0.046129

seq-10/frame-000294.color.png 0.442154 -1.216919 0.329666 0.968071 -0.031076 -0.243888 -0.048580

seq-10/frame-000295.color.png 0.425423 -1.222175 0.322038 0.970692 -0.028194 -0.232651 -0.052946

seq-10/frame-000296.color.png 0.423188 -1.225618 0.319275 0.971788 -0.026935 -0.227447 -0.056022

seq-10/frame-000297.color.png 0.407942 -1.232665 0.311611 0.973649 -0.026647 -0.219081 -0.057184

seq-10/frame-000298.color.png 0.408426 -1.237252 0.309016 0.974039 -0.026239 -0.216933 -0.058896

seq-10/frame-000299.color.png 0.392376 -1.241362 0.301696 0.975949 -0.023481 -0.208552 -0.058697

seq-10/frame-000300.color.png 0.390772 -1.245821 0.298741 0.976337 -0.023910 -0.206954 -0.057728

seq-10/frame-000301.color.png 0.390698 -1.244458 0.292504 0.977245 -0.018965 -0.203693 -0.055761

seq-10/frame-000302.color.png 0.386693 -1.243656 0.289344 0.978206 -0.016760 -0.199443 -0.054976

seq-10/frame-000303.color.png 0.386930 -1.250047 0.284278 0.979562 -0.015448 -0.194015 -0.050466

seq-10/frame-000304.color.png 0.385514 -1.251989 0.281289 0.980114 -0.014543 -0.191588 -0.049270

seq-10/frame-000305.color.png 0.387182 -1.253775 0.278473 0.980822 -0.013913 -0.188597 -0.046841

seq-10/frame-000306.color.png 0.396700 -1.256756 0.273254 0.982449 -0.012462 -0.181063 -0.042701

seq-10/frame-000307.color.png 0.395842 -1.256576 0.271078 0.983621 -0.011950 -0.174961 -0.041258

seq-10/frame-000308.color.png 0.393709 -1.262753 0.264984 0.986349 -0.011116 -0.159938 -0.037143

seq-10/frame-000309.color.png 0.382565 -1.264013 0.259998 0.987875 -0.010440 -0.150972 -0.034203

seq-10/frame-000310.color.png 0.395166 -1.266029 0.254101 0.990428 -0.010462 -0.134236 -0.029842

seq-10/frame-000311.color.png 0.404082 -1.265366 0.252590 0.991683 -0.009555 -0.125466 -0.026424

seq-10/frame-000312.color.png 0.409187 -1.268134 0.251084 0.992653 -0.010298 -0.118455 -0.021661

seq-10/frame-000313.color.png 0.410140 -1.268535 0.248876 0.993542 -0.013179 -0.111097 -0.018040

seq-10/frame-000314.color.png 0.419790 -1.272855 0.242445 0.995535 -0.021999 -0.090924 -0.011217

seq-10/frame-000315.color.png 0.424726 -1.273947 0.240523 0.996408 -0.024638 -0.080518 -0.006907

seq-10/frame-000316.color.png 0.431796 -1.279388 0.238815 0.996979 -0.031268 -0.070794 -0.003233

seq-10/frame-000317.color.png 0.431518 -1.281521 0.237538 0.997213 -0.039811 -0.062805 0.001968

seq-10/frame-000318.color.png 0.429997 -1.283759 0.236364 0.997182 -0.048601 -0.056091 0.009326

seq-10/frame-000319.color.png 0.432257 -1.286980 0.235909 0.996730 -0.058693 -0.051863 0.019023

seq-10/frame-000320.color.png 0.440854 -1.290776 0.234990 0.995118 -0.085110 -0.038001 0.031929

seq-10/frame-000321.color.png 0.444727 -1.292509 0.235721 0.994133 -0.096504 -0.030614 0.037638

seq-10/frame-000322.color.png 0.446041 -1.291954 0.235356 0.993361 -0.104051 -0.023950 0.042423

seq-10/frame-000323.color.png 0.444608 -1.294332 0.235384 0.992544 -0.111052 -0.015293 0.047494

seq-10/frame-000324.color.png 0.444471 -1.292623 0.235107 0.991987 -0.114694 -0.008043 0.052044

seq-10/frame-000325.color.png 0.447269 -1.294163 0.237057 0.990996 -0.120885 -0.002536 0.057218

seq-10/frame-000326.color.png 0.452686 -1.298513 0.238887 0.989519 -0.130179 0.002507 0.062175

seq-10/frame-000327.color.png 0.451997 -1.302058 0.239884 0.987930 -0.139785 0.008118 0.065986

seq-10/frame-000328.color.png 0.448820 -1.303468 0.239713 0.986633 -0.146295 0.014600 0.070043

seq-10/frame-000329.color.png 0.446988 -1.304576 0.239348 0.985590 -0.150596 0.019258 0.074354

seq-10/frame-000330.color.png 0.449507 -1.305717 0.241527 0.984154 -0.157491 0.020934 0.078518

seq-10/frame-000331.color.png 0.443218 -1.309520 0.244133 0.981291 -0.171567 0.025759 0.083272

seq-10/frame-000332.color.png 0.440019 -1.311240 0.245313 0.980454 -0.174962 0.028994 0.084990

seq-10/frame-000333.color.png 0.437006 -1.311959 0.246876 0.979895 -0.177615 0.031580 0.085007

seq-10/frame-000334.color.png 0.434294 -1.313982 0.248888 0.979361 -0.180089 0.034186 0.084951

seq-10/frame-000335.color.png 0.434869 -1.314470 0.250731 0.978985 -0.181321 0.035403 0.086160

seq-10/frame-000336.color.png 0.435212 -1.315462 0.252925 0.978706 -0.182121 0.037435 0.086777

seq-10/frame-000337.color.png 0.435446 -1.316057 0.255928 0.978053 -0.184714 0.039995 0.087512

seq-10/frame-000338.color.png 0.432853 -1.318330 0.258688 0.977230 -0.187807 0.042318 0.089020

seq-10/frame-000339.color.png 0.432361 -1.320889 0.261538 0.976742 -0.188723 0.043505 0.091824

seq-10/frame-000340.color.png 0.433125 -1.321986 0.265292 0.976164 -0.189843 0.046062 0.094373

seq-10/frame-000341.color.png 0.432300 -1.325738 0.269928 0.975312 -0.192458 0.049577 0.096088

seq-10/frame-000342.color.png 0.428960 -1.329668 0.273988 0.974599 -0.194242 0.052294 0.098273

seq-10/frame-000343.color.png 0.427306 -1.338446 0.282680 0.974937 -0.190100 0.054402 0.101811

seq-10/frame-000344.color.png 0.426870 -1.338802 0.287282 0.976184 -0.185056 0.052751 0.100003

seq-10/frame-000345.color.png 0.429112 -1.339035 0.292021 0.977279 -0.180384 0.045839 0.101244

seq-10/frame-000346.color.png 0.434701 -1.341275 0.298252 0.977998 -0.176700 0.037272 0.104272

seq-10/frame-000347.color.png 0.440503 -1.340575 0.305160 0.979021 -0.172827 0.029364 0.103688

seq-10/frame-000348.color.png 0.447490 -1.342583 0.314586 0.979554 -0.171914 0.021906 0.101999

seq-10/frame-000349.color.png 0.443136 -1.347675 0.323065 0.979759 -0.171583 0.013851 0.102005

seq-10/frame-000350.color.png 0.450573 -1.350299 0.338402 0.981441 -0.161438 -0.011143 0.102721

seq-10/frame-000351.color.png 0.453187 -1.361165 0.352040 0.981545 -0.161779 -0.023193 0.099116

seq-10/frame-000352.color.png 0.455995 -1.367248 0.363954 0.981669 -0.160665 -0.036301 0.095709

seq-10/frame-000353.color.png 0.457289 -1.375747 0.377165 0.981125 -0.161235 -0.049349 0.094472

seq-10/frame-000354.color.png 0.456811 -1.383056 0.387463 0.980842 -0.160369 -0.060706 0.092253

seq-10/frame-000355.color.png 0.459184 -1.384345 0.398369 0.980908 -0.157829 -0.071350 0.088220

seq-10/frame-000356.color.png 0.458015 -1.392072 0.410537 0.980701 -0.156725 -0.081387 0.083688

seq-10/frame-000357.color.png 0.457055 -1.396767 0.422505 0.979965 -0.156530 -0.092554 0.081024

seq-10/frame-000358.color.png 0.456492 -1.400661 0.432607 0.979236 -0.156800 -0.102221 0.077623

seq-10/frame-000359.color.png 0.456907 -1.401192 0.442333 0.978967 -0.155561 -0.110378 0.072139

seq-10/frame-000360.color.png 0.452811 -1.404191 0.452488 0.978382 -0.155459 -0.117358 0.069225

seq-10/frame-000361.color.png 0.450010 -1.408784 0.462353 0.977731 -0.155656 -0.123989 0.066352

seq-10/frame-000362.color.png 0.443412 -1.417480 0.474487 0.976318 -0.157675 -0.133868 0.063127

seq-10/frame-000363.color.png 0.442250 -1.420152 0.497373 0.971857 -0.160858 -0.161156 0.060082

seq-10/frame-000364.color.png 0.441355 -1.420835 0.508652 0.969759 -0.162636 -0.172807 0.056726

seq-10/frame-000365.color.png 0.437336 -1.419354 0.517149 0.968207 -0.162591 -0.182617 0.052462

seq-10/frame-000366.color.png 0.431500 -1.419903 0.526470 0.966653 -0.162759 -0.191432 0.049064

seq-10/frame-000367.color.png 0.429958 -1.419163 0.535627 0.964903 -0.162562 -0.200947 0.046024

seq-10/frame-000368.color.png 0.426994 -1.419877 0.544452 0.962875 -0.162358 -0.211234 0.043049

seq-10/frame-000369.color.png 0.421944 -1.414814 0.558981 0.959723 -0.163144 -0.225703 0.036551

seq-10/frame-000370.color.png 0.411335 -1.421435 0.566900 0.957677 -0.165953 -0.232829 0.032664

seq-10/frame-000371.color.png 0.406514 -1.424123 0.574678 0.954730 -0.167146 -0.244112 0.030409

seq-10/frame-000372.color.png 0.400278 -1.420678 0.580112 0.951977 -0.166979 -0.254981 0.028353

seq-10/frame-000373.color.png 0.387799 -1.420106 0.591840 0.947852 -0.170322 -0.268540 0.020365

seq-10/frame-000374.color.png 0.375342 -1.423616 0.596731 0.945441 -0.172937 -0.275392 0.018852

seq-10/frame-000375.color.png 0.360194 -1.426092 0.598680 0.942828 -0.173689 -0.283905 0.016328

seq-10/frame-000376.color.png 0.343720 -1.423852 0.607996 0.937082 -0.175365 -0.301615 0.010638

seq-10/frame-000377.color.png 0.330458 -1.425745 0.611799 0.934225 -0.176219 -0.309950 0.007813

seq-10/frame-000378.color.png 0.320142 -1.426403 0.615281 0.930991 -0.175734 -0.319861 0.004833

seq-10/frame-000379.color.png 0.300373 -1.425351 0.621819 0.924871 -0.172411 -0.338891 -0.000768

seq-10/frame-000380.color.png 0.284472 -1.426594 0.622662 0.922429 -0.170527 -0.346397 -0.003755

seq-10/frame-000381.color.png 0.258777 -1.426207 0.628946 0.916824 -0.168428 -0.361818 -0.010608

seq-10/frame-000382.color.png 0.241496 -1.429987 0.630610 0.914573 -0.167576 -0.367847 -0.011040

seq-10/frame-000383.color.png 0.219505 -1.427337 0.639179 0.907771 -0.165975 -0.384947 -0.013372

seq-10/frame-000384.color.png 0.205246 -1.428946 0.641320 0.903871 -0.166668 -0.393656 -0.015226

seq-10/frame-000385.color.png 0.181963 -1.427545 0.651118 0.897741 -0.166559 -0.407406 -0.017252

seq-10/frame-000386.color.png 0.158474 -1.427877 0.663384 0.890809 -0.168653 -0.421474 -0.018278

seq-10/frame-000387.color.png 0.146404 -1.430043 0.670402 0.886748 -0.170206 -0.429268 -0.019873

seq-10/frame-000388.color.png 0.123080 -1.427482 0.680141 0.882018 -0.171248 -0.438319 -0.023511

seq-10/frame-000389.color.png 0.110010 -1.430486 0.684642 0.879270 -0.173717 -0.442724 -0.025676

seq-10/frame-000390.color.png 0.086817 -1.430824 0.694036 0.873788 -0.173654 -0.453382 -0.027210

seq-10/frame-000391.color.png 0.061218 -1.433833 0.701935 0.870345 -0.175679 -0.458864 -0.032210

seq-10/frame-000392.color.png 0.050026 -1.433804 0.704345 0.868966 -0.174783 -0.461751 -0.033038

seq-10/frame-000393.color.png 0.026102 -1.430829 0.710956 0.865772 -0.177621 -0.466440 -0.035786

seq-10/frame-000394.color.png 0.012497 -1.438341 0.713758 0.863990 -0.180502 -0.468380 -0.038957

seq-10/frame-000395.color.png -0.009507 -1.438397 0.721875 0.859336 -0.184251 -0.475276 -0.040762

seq-10/frame-000396.color.png -0.020130 -1.437018 0.724201 0.856996 -0.185860 -0.478559 -0.044176

seq-10/frame-000397.color.png -0.041151 -1.436399 0.731167 0.852392 -0.185531 -0.486464 -0.048101

seq-10/frame-000398.color.png -0.062531 -1.439357 0.734729 0.846676 -0.187083 -0.495357 -0.052123

seq-10/frame-000399.color.png -0.073508 -1.436575 0.735422 0.844463 -0.185215 -0.499764 -0.052612

seq-10/frame-000400.color.png -0.095878 -1.440159 0.741211 0.837885 -0.187116 -0.509394 -0.058381

seq-10/frame-000401.color.png -0.107795 -1.444917 0.744137 0.835672 -0.186930 -0.512750 -0.061242

seq-10/frame-000402.color.png -0.128720 -1.441222 0.748089 0.832274 -0.185658 -0.518223 -0.065189

seq-10/frame-000403.color.png -0.140235 -1.443488 0.752525 0.829043 -0.187078 -0.522374 -0.069059

seq-10/frame-000404.color.png -0.160373 -1.445403 0.761384 0.821971 -0.187025 -0.533100 -0.071714

seq-10/frame-000405.color.png -0.182520 -1.451269 0.764613 0.816860 -0.187099 -0.540253 -0.076241

seq-10/frame-000406.color.png -0.190632 -1.445277 0.766715 0.814895 -0.182954 -0.544553 -0.076731

seq-10/frame-000407.color.png -0.212121 -1.449489 0.771375 0.810941 -0.182805 -0.550174 -0.078857

seq-10/frame-000408.color.png -0.222497 -1.452456 0.777255 0.810680 -0.182938 -0.550384 -0.079759

seq-10/frame-000409.color.png -0.240630 -1.456033 0.783254 0.812218 -0.182132 -0.548896 -0.076135

seq-10/frame-000410.color.png -0.249117 -1.457875 0.786555 0.812332 -0.182690 -0.548861 -0.073790

seq-10/frame-000411.color.png -0.265513 -1.460418 0.791780 0.813257 -0.181981 -0.547949 -0.072115

seq-10/frame-000412.color.png -0.281478 -1.466127 0.797411 0.814991 -0.182927 -0.545564 -0.068119

seq-10/frame-000413.color.png -0.290137 -1.470484 0.801162 0.817077 -0.185625 -0.541515 -0.068135

seq-10/frame-000414.color.png -0.301115 -1.471320 0.802109 0.823756 -0.182561 -0.532989 -0.063042

seq-10/frame-000415.color.png -0.307952 -1.473199 0.804884 0.826018 -0.183080 -0.529431 -0.061898

seq-10/frame-000416.color.png -0.320137 -1.475321 0.803113 0.832566 -0.184444 -0.518341 -0.063962

seq-10/frame-000417.color.png -0.324146 -1.471561 0.804636 0.836517 -0.183950 -0.512238 -0.062989

seq-10/frame-000418.color.png -0.328240 -1.470296 0.802732 0.839908 -0.185467 -0.506175 -0.062424

seq-10/frame-000419.color.png -0.335954 -1.473335 0.799350 0.846188 -0.183613 -0.496617 -0.059811

seq-10/frame-000420.color.png -0.339047 -1.472300 0.796552 0.849919 -0.182728 -0.490638 -0.058961

seq-10/frame-000421.color.png -0.344518 -1.473553 0.790536 0.856545 -0.182420 -0.479525 -0.055348

seq-10/frame-000422.color.png -0.346320 -1.473868 0.788469 0.861182 -0.180789 -0.471996 -0.053426

seq-10/frame-000423.color.png -0.351619 -1.474299 0.777766 0.873394 -0.177465 -0.450971 -0.047632

seq-10/frame-000424.color.png -0.353016 -1.470139 0.773822 0.878605 -0.175442 -0.442064 -0.042515

seq-10/frame-000425.color.png -0.354760 -1.466636 0.769240 0.883022 -0.174690 -0.433867 -0.038331

seq-10/frame-000426.color.png -0.359901 -1.464331 0.758009 0.892990 -0.171298 -0.414790 -0.033620

seq-10/frame-000427.color.png -0.362108 -1.458446 0.751496 0.899365 -0.168294 -0.402351 -0.029810

seq-10/frame-000428.color.png -0.367265 -1.455943 0.744693 0.905255 -0.167514 -0.389564 -0.025479

seq-10/frame-000429.color.png -0.376217 -1.447327 0.736245 0.913640 -0.170208 -0.368700 -0.017552

seq-10/frame-000430.color.png -0.378602 -1.447550 0.733612 0.917927 -0.171782 -0.357248 -0.015164

seq-10/frame-000431.color.png -0.385215 -1.443815 0.724834 0.927211 -0.172484 -0.332306 -0.007619

seq-10/frame-000432.color.png -0.388040 -1.444181 0.722170 0.930935 -0.172892 -0.321596 -0.001037

seq-10/frame-000433.color.png -0.391495 -1.442820 0.718929 0.934410 -0.173134 -0.311176 0.005272

seq-10/frame-000434.color.png -0.397350 -1.441062 0.714191 0.939905 -0.175999 -0.292137 0.014667

seq-10/frame-000435.color.png -0.399689 -1.439322 0.712054 0.942269 -0.177212 -0.283453 0.018348

seq-10/frame-000436.color.png -0.402486 -1.437959 0.709361 0.944942 -0.178701 -0.273208 0.021560

seq-10/frame-000437.color.png -0.406247 -1.435218 0.704394 0.948298 -0.178393 -0.261314 0.024039

seq-10/frame-000438.color.png -0.414771 -1.433206 0.696600 0.954290 -0.180728 -0.235732 0.032502

seq-10/frame-000439.color.png -0.415389 -1.431145 0.694332 0.956377 -0.181262 -0.225989 0.037053

seq-10/frame-000440.color.png -0.417979 -1.431261 0.691011 0.958262 -0.182591 -0.215970 0.041333

seq-10/frame-000441.color.png -0.418476 -1.426842 0.686164 0.960400 -0.182642 -0.205288 0.045681

seq-10/frame-000442.color.png -0.422050 -1.425287 0.680095 0.963202 -0.182260 -0.191100 0.049598

seq-10/frame-000443.color.png -0.427262 -1.425780 0.669953 0.967685 -0.181021 -0.164430 0.061127

seq-10/frame-000444.color.png -0.426840 -1.423487 0.665396 0.969089 -0.181774 -0.152882 0.066391

seq-10/frame-000445.color.png -0.429314 -1.424014 0.659959 0.970489 -0.181391 -0.142310 0.070377

seq-10/frame-000446.color.png -0.432944 -1.425432 0.653915 0.971838 -0.180394 -0.131332 0.075478

seq-10/frame-000447.color.png -0.433916 -1.426886 0.647816 0.973505 -0.179104 -0.117958 0.079066

seq-10/frame-000448.color.png -0.433118 -1.428391 0.642972 0.974826 -0.179013 -0.104664 0.081678

seq-10/frame-000449.color.png -0.431424 -1.430720 0.637701 0.975951 -0.177543 -0.093063 0.085409

seq-10/frame-000450.color.png -0.437519 -1.433451 0.628760 0.977783 -0.174240 -0.071379 0.091883

seq-10/frame-000451.color.png -0.436802 -1.433193 0.624687 0.978080 -0.174486 -0.061860 0.095098

seq-10/frame-000452.color.png -0.440370 -1.433963 0.620576 0.978407 -0.173876 -0.052396 0.098476

seq-10/frame-000453.color.png -0.442739 -1.435778 0.618497 0.978438 -0.174477 -0.042422 0.101850

seq-10/frame-000454.color.png -0.441527 -1.435536 0.616073 0.978222 -0.175570 -0.032223 0.105714

seq-10/frame-000455.color.png -0.444375 -1.437409 0.613856 0.977929 -0.176283 -0.022122 0.109752

seq-10/frame-000456.color.png -0.444192 -1.436446 0.611122 0.977792 -0.175247 -0.011636 0.114159

seq-10/frame-000457.color.png -0.440036 -1.436786 0.608834 0.977399 -0.174986 0.000069 0.118433

seq-10/frame-000458.color.png -0.438177 -1.437833 0.607388 0.976732 -0.175026 0.011368 0.123235

seq-10/frame-000459.color.png -0.436116 -1.437619 0.605860 0.976015 -0.174000 0.022742 0.128677

seq-10/frame-000460.color.png -0.438561 -1.439198 0.605542 0.975326 -0.173374 0.035019 0.131945

seq-10/frame-000461.color.png -0.437193 -1.443586 0.606283 0.974354 -0.173594 0.046100 0.135390

seq-10/frame-000462.color.png -0.438864 -1.444424 0.606080 0.973534 -0.172297 0.056412 0.138992

seq-10/frame-000463.color.png -0.439911 -1.447830 0.606923 0.972538 -0.171303 0.066005 0.142910

seq-10/frame-000464.color.png -0.441154 -1.451591 0.608794 0.971403 -0.171117 0.073596 0.147086

seq-10/frame-000465.color.png -0.439850 -1.448392 0.610332 0.970632 -0.170509 0.078983 0.150054

seq-10/frame-000466.color.png -0.439073 -1.449602 0.613105 0.969505 -0.171554 0.084026 0.153376

seq-10/frame-000467.color.png -0.439927 -1.452061 0.620450 0.966538 -0.173802 0.096928 0.161733

seq-10/frame-000468.color.png -0.440527 -1.454647 0.623814 0.964614 -0.175650 0.101286 0.168412

seq-10/frame-000469.color.png -0.442523 -1.456777 0.627592 0.963060 -0.177231 0.103629 0.174127

seq-10/frame-000470.color.png -0.437863 -1.455135 0.631997 0.961873 -0.178122 0.106644 0.177916

seq-10/frame-000471.color.png -0.435007 -1.456950 0.638228 0.960331 -0.179471 0.113058 0.180905

seq-10/frame-000472.color.png -0.434500 -1.457412 0.642988 0.958862 -0.179113 0.119647 0.184772

seq-10/frame-000473.color.png -0.431579 -1.458835 0.648592 0.957571 -0.178152 0.124417 0.189194

seq-10/frame-000474.color.png -0.429869 -1.459542 0.655152 0.956510 -0.178255 0.128063 0.192008

seq-10/frame-000475.color.png -0.428099 -1.458296 0.661464 0.955128 -0.179482 0.130731 0.195909

seq-10/frame-000476.color.png -0.424587 -1.459288 0.668992 0.953663 -0.180644 0.133056 0.200361

seq-10/frame-000477.color.png -0.417345 -1.461406 0.685261 0.950853 -0.180616 0.142877 0.206874

seq-10/frame-000478.color.png -0.410992 -1.460547 0.692552 0.949526 -0.179843 0.150089 0.208527

seq-10/frame-000479.color.png -0.409860 -1.459050 0.699427 0.948115 -0.178106 0.157256 0.211142

seq-10/frame-000480.color.png -0.407934 -1.460339 0.706689 0.946537 -0.176343 0.161744 0.216250

seq-10/frame-000481.color.png -0.405122 -1.461154 0.713727 0.945589 -0.174691 0.163573 0.220323

seq-10/frame-000482.color.png -0.400087 -1.462609 0.721217 0.945057 -0.173724 0.165599 0.221848

seq-10/frame-000483.color.png -0.394992 -1.461665 0.728646 0.944213 -0.173664 0.169931 0.222213

seq-10/frame-000484.color.png -0.393188 -1.463827 0.736191 0.942575 -0.173897 0.176736 0.223672

seq-10/frame-000485.color.png -0.390311 -1.466117 0.741565 0.941510 -0.170605 0.181952 0.226495

seq-10/frame-000486.color.png -0.387375 -1.467906 0.746892 0.940925 -0.166447 0.185646 0.229006

seq-10/frame-000487.color.png -0.383646 -1.468815 0.752761 0.940063 -0.163948 0.189589 0.231111

seq-10/frame-000488.color.png -0.372055 -1.474572 0.760816 0.939581 -0.157088 0.191205 0.236442

seq-10/frame-000489.color.png -0.361523 -1.474883 0.765115 0.939604 -0.153991 0.190991 0.238549

seq-10/frame-000490.color.png -0.352604 -1.475947 0.769342 0.939088 -0.152231 0.192189 0.240739

seq-10/frame-000491.color.png -0.347453 -1.477226 0.773478 0.938594 -0.149290 0.194232 0.242859

seq-10/frame-000492.color.png -0.339019 -1.476838 0.778009 0.938034 -0.146193 0.196187 0.245324

seq-10/frame-000493.color.png -0.332087 -1.477463 0.782464 0.937390 -0.144278 0.197909 0.247523

seq-10/frame-000494.color.png -0.322347 -1.478263 0.787213 0.936893 -0.142160 0.198745 0.249950

seq-10/frame-000495.color.png -0.314757 -1.479176 0.792502 0.936538 -0.139936 0.199101 0.252241

seq-10/frame-000496.color.png -0.304156 -1.479140 0.797530 0.936299 -0.138093 0.198937 0.254266

seq-10/frame-000497.color.png -0.294944 -1.478452 0.803107 0.936073 -0.136698 0.199747 0.255214

seq-10/frame-000498.color.png -0.285428 -1.480659 0.808283 0.935646 -0.135141 0.200881 0.256712

seq-10/frame-000499.color.png -0.275149 -1.481055 0.813032 0.935248 -0.132080 0.202344 0.258603

seq-10/frame-000500.color.png -0.260091 -1.480711 0.822066 0.934145 -0.126706 0.207486 0.261188

seq-10/frame-000501.color.png -0.251553 -1.480574 0.826706 0.932954 -0.125310 0.210567 0.263642

seq-10/frame-000502.color.png -0.244205 -1.479186 0.831136 0.931802 -0.123940 0.215073 0.264725

seq-10/frame-000503.color.png -0.238315 -1.478272 0.835892 0.930266 -0.123296 0.220962 0.265576

seq-10/frame-000504.color.png -0.233228 -1.475748 0.840539 0.928541 -0.122315 0.226740 0.267190

seq-10/frame-000505.color.png -0.224941 -1.474144 0.845523 0.926540 -0.121167 0.231685 0.270397

seq-10/frame-000506.color.png -0.217528 -1.471679 0.848781 0.924962 -0.120526 0.235305 0.272950

seq-10/frame-000507.color.png -0.212098 -1.469540 0.852729 0.922906 -0.120020 0.239377 0.276567

seq-10/frame-000508.color.png -0.199738 -1.466369 0.858781 0.918939 -0.119065 0.247577 0.282897

seq-10/frame-000509.color.png -0.195466 -1.463178 0.861671 0.917366 -0.118404 0.250775 0.285452

seq-10/frame-000510.color.png -0.186896 -1.463273 0.862764 0.916318 -0.118090 0.251512 0.288285

seq-10/frame-000511.color.png -0.181841 -1.460978 0.864717 0.915182 -0.116423 0.252960 0.291289

seq-10/frame-000512.color.png -0.176816 -1.461829 0.865993 0.913772 -0.116460 0.256171 0.292889

seq-10/frame-000513.color.png -0.162558 -1.462737 0.865323 0.910100 -0.113855 0.265498 0.297011

seq-10/frame-000514.color.png -0.161130 -1.460457 0.865815 0.908215 -0.110597 0.270649 0.299354

seq-10/frame-000515.color.png -0.157893 -1.460218 0.866029 0.906463 -0.108795 0.276256 0.300201

seq-10/frame-000516.color.png -0.153728 -1.460870 0.865099 0.904986 -0.106009 0.282281 0.300048

seq-10/frame-000517.color.png -0.147443 -1.458162 0.864641 0.903416 -0.101248 0.288085 0.300907

seq-10/frame-000518.color.png -0.137295 -1.456813 0.863815 0.899720 -0.097409 0.300917 0.300689

seq-10/frame-000519.color.png -0.129020 -1.456403 0.861855 0.897155 -0.095402 0.308634 0.301173

seq-10/frame-000520.color.png -0.124977 -1.454826 0.859337 0.894988 -0.091682 0.314032 0.303190

seq-10/frame-000521.color.png -0.118471 -1.454587 0.856291 0.894068 -0.088578 0.317501 0.303214

seq-10/frame-000522.color.png -0.103909 -1.458196 0.848900 0.890990 -0.081316 0.329200 0.301827

seq-10/frame-000523.color.png -0.100836 -1.453168 0.846705 0.889024 -0.077567 0.336529 0.300526

seq-10/frame-000524.color.png -0.093524 -1.451315 0.843902 0.887278 -0.075078 0.341566 0.300636

seq-10/frame-000525.color.png -0.085440 -1.452326 0.840199 0.886247 -0.071437 0.343423 0.302444

seq-10/frame-000526.color.png -0.073982 -1.452480 0.834868 0.885915 -0.067805 0.343180 0.304521

seq-10/frame-000527.color.png -0.058679 -1.453658 0.824598 0.884587 -0.062723 0.347871 0.304148

seq-10/frame-000528.color.png -0.052773 -1.451941 0.820524 0.883469 -0.059350 0.352169 0.303123

seq-10/frame-000529.color.png -0.048184 -1.449036 0.818267 0.881494 -0.057935 0.357943 0.302383

seq-10/frame-000530.color.png -0.033824 -1.452258 0.812605 0.878041 -0.056041 0.365950 0.303203

seq-10/frame-000531.color.png -0.027699 -1.451299 0.808416 0.877206 -0.055002 0.368614 0.302582

seq-10/frame-000532.color.png -0.021295 -1.456893 0.805845 0.875340 -0.054556 0.373720 0.301802

seq-10/frame-000533.color.png -0.010797 -1.454127 0.803661 0.872567 -0.048371 0.382022 0.300487

seq-10/frame-000534.color.png -0.004974 -1.453491 0.802713 0.871744 -0.045913 0.383209 0.301747

seq-10/frame-000535.color.png 0.011468 -1.453790 0.801903 0.871051 -0.046424 0.384148 0.302476

seq-10/frame-000536.color.png 0.021434 -1.457206 0.801908 0.870558 -0.045840 0.384222 0.303888

seq-10/frame-000537.color.png 0.030774 -1.458258 0.802298 0.870392 -0.045102 0.384538 0.304073

seq-10/frame-000538.color.png 0.051043 -1.458142 0.806160 0.868797 -0.039962 0.382978 0.311236

seq-10/frame-000539.color.png 0.062657 -1.457129 0.807168 0.869855 -0.037178 0.377999 0.314694

seq-10/frame-000540.color.png 0.086177 -1.459488 0.810480 0.872918 -0.039182 0.372409 0.312629

seq-10/frame-000541.color.png 0.096588 -1.461772 0.814536 0.872585 -0.040478 0.373655 0.311907

seq-10/frame-000542.color.png 0.121695 -1.466695 0.820835 0.871607 -0.042079 0.374022 0.313982

seq-10/frame-000543.color.png 0.134141 -1.469151 0.821676 0.871295 -0.042475 0.373671 0.315210

seq-10/frame-000544.color.png 0.144463 -1.469341 0.823530 0.870405 -0.044385 0.375868 0.314792

seq-10/frame-000545.color.png 0.163626 -1.472009 0.830210 0.867427 -0.044417 0.384849 0.312145

seq-10/frame-000546.color.png 0.175093 -1.471453 0.833285 0.866069 -0.043192 0.388407 0.311680

seq-10/frame-000547.color.png 0.187601 -1.469885 0.835501 0.864487 -0.043433 0.391086 0.312686

seq-10/frame-000548.color.png 0.213125 -1.472399 0.839346 0.862865 -0.045729 0.392471 0.315094

seq-10/frame-000549.color.png 0.226378 -1.474887 0.841251 0.862010 -0.048079 0.394468 0.314591

seq-10/frame-000550.color.png 0.235629 -1.473220 0.845257 0.860307 -0.049565 0.398982 0.313328

seq-10/frame-000551.color.png 0.259748 -1.475334 0.848299 0.855487 -0.053257 0.406977 0.315625

seq-10/frame-000552.color.png 0.270078 -1.474121 0.850035 0.852938 -0.053545 0.410806 0.317509

seq-10/frame-000553.color.png 0.281085 -1.475423 0.849516 0.850215 -0.055629 0.414735 0.319341

seq-10/frame-000554.color.png 0.303450 -1.474561 0.849396 0.844186 -0.058566 0.422899 0.324069

seq-10/frame-000555.color.png 0.313991 -1.474076 0.847726 0.841879 -0.060012 0.424171 0.328116

seq-10/frame-000556.color.png 0.321765 -1.474993 0.847635 0.839048 -0.063239 0.427883 0.329936

seq-10/frame-000557.color.png 0.340004 -1.473857 0.845329 0.830712 -0.066405 0.439748 0.334772

seq-10/frame-000558.color.png 0.351506 -1.470576 0.839115 0.827443 -0.065902 0.442229 0.339662

seq-10/frame-000559.color.png 0.360104 -1.466551 0.835316 0.824894 -0.066545 0.444151 0.343209

seq-10/frame-000560.color.png 0.378516 -1.461715 0.821498 0.819366 -0.068768 0.446779 0.352476

seq-10/frame-000561.color.png 0.385010 -1.457790 0.816293 0.815902 -0.069942 0.451064 0.354815

seq-10/frame-000562.color.png 0.404019 -1.458402 0.801943 0.809132 -0.072679 0.456059 0.363282

seq-10/frame-000563.color.png 0.410374 -1.457429 0.793963 0.806578 -0.071817 0.459101 0.365294

seq-10/frame-000564.color.png 0.414351 -1.453840 0.787882 0.803643 -0.072474 0.464914 0.364280

seq-10/frame-000565.color.png 0.432310 -1.457395 0.772431 0.796306 -0.074222 0.474018 0.368284

seq-10/frame-000566.color.png 0.438922 -1.454979 0.762665 0.795334 -0.072370 0.475238 0.369180

seq-10/frame-000567.color.png 0.443038 -1.453008 0.754384 0.793944 -0.073177 0.478161 0.368237

seq-10/frame-000568.color.png 0.458600 -1.457868 0.737947 0.788956 -0.076342 0.485149 0.369172

seq-10/frame-000569.color.png 0.463159 -1.459436 0.731664 0.787993 -0.075815 0.487290 0.368516

seq-10/frame-000570.color.png 0.468566 -1.456602 0.723199 0.788281 -0.076633 0.488474 0.366158

seq-10/frame-000571.color.png 0.480956 -1.460874 0.709775 0.788064 -0.079307 0.488951 0.365416

seq-10/frame-000572.color.png 0.484186 -1.458412 0.702787 0.789757 -0.079373 0.487903 0.363141

seq-10/frame-000573.color.png 0.487615 -1.456023 0.695050 0.790619 -0.081641 0.488220 0.360325

seq-10/frame-000574.color.png 0.496707 -1.455315 0.679200 0.789047 -0.083142 0.491627 0.358793

seq-10/frame-000575.color.png 0.498283 -1.451571 0.673016 0.787818 -0.084437 0.495031 0.356504

seq-10/frame-000576.color.png 0.503989 -1.450217 0.664421 0.786457 -0.087188 0.497036 0.356055

seq-10/frame-000577.color.png 0.510021 -1.450036 0.655587 0.785204 -0.087745 0.496861 0.358916

seq-10/frame-000578.color.png 0.514712 -1.441899 0.642861 0.783855 -0.090739 0.497947 0.359616

seq-10/frame-000579.color.png 0.524493 -1.441176 0.630702 0.781638 -0.095093 0.497519 0.363884

seq-10/frame-000580.color.png 0.531267 -1.443579 0.621877 0.779108 -0.097471 0.496743 0.369693

seq-10/frame-000581.color.png 0.535336 -1.441346 0.613423 0.778319 -0.098810 0.496513 0.371304

seq-10/frame-000582.color.png 0.543035 -1.443682 0.602686 0.776211 -0.100921 0.496873 0.374652

seq-10/frame-000583.color.png 0.550785 -1.435948 0.588125 0.769152 -0.104196 0.505621 0.376603

seq-10/frame-000584.color.png 0.562727 -1.441136 0.574281 0.764257 -0.108299 0.506288 0.384435

seq-10/frame-000585.color.png 0.570293 -1.448109 0.564421 0.760663 -0.107527 0.506320 0.391667

seq-10/frame-000586.color.png 0.574448 -1.451400 0.555483 0.759317 -0.103795 0.507761 0.393417

seq-10/frame-000587.color.png 0.581082 -1.448776 0.543765 0.758878 -0.100665 0.509943 0.392254

seq-10/frame-000588.color.png 0.587105 -1.448895 0.533735 0.756496 -0.099203 0.513449 0.392651

seq-10/frame-000589.color.png 0.595837 -1.452521 0.523521 0.754243 -0.096922 0.515839 0.394419

seq-10/frame-000590.color.png 0.609232 -1.453354 0.505368 0.753704 -0.094852 0.518948 0.391866

seq-10/frame-000591.color.png 0.613586 -1.453814 0.498508 0.752867 -0.093920 0.521728 0.390004

seq-10/frame-000592.color.png 0.616297 -1.453052 0.492407 0.751892 -0.092443 0.526486 0.385820

seq-10/frame-000593.color.png 0.621481 -1.452380 0.486290 0.750819 -0.092296 0.530901 0.381874

seq-10/frame-000594.color.png 0.629091 -1.454880 0.477959 0.749869 -0.093087 0.532955 0.380687

seq-10/frame-000595.color.png 0.634122 -1.455658 0.469389 0.749918 -0.092120 0.534193 0.379086

seq-10/frame-000596.color.png 0.638096 -1.454874 0.463199 0.750387 -0.091484 0.534760 0.377510

seq-10/frame-000597.color.png 0.640492 -1.454848 0.456534 0.750557 -0.092383 0.535900 0.375329

seq-10/frame-000598.color.png 0.647333 -1.454818 0.442172 0.750520 -0.093326 0.537498 0.372877

seq-10/frame-000599.color.png 0.648293 -1.452667 0.435139 0.751150 -0.093581 0.536603 0.372834

seq-10/frame-000600.color.png 0.648788 -1.450745 0.429411 0.751120 -0.094434 0.536577 0.372716

seq-10/frame-000601.color.png 0.648068 -1.447388 0.422939 0.749979 -0.095538 0.539001 0.371233

seq-10/frame-000602.color.png 0.650829 -1.446219 0.415468 0.747841 -0.097333 0.541342 0.371671

seq-10/frame-000603.color.png 0.652377 -1.444048 0.408559 0.746471 -0.098413 0.542147 0.372966

seq-10/frame-000604.color.png 0.650805 -1.439934 0.402257 0.745104 -0.099648 0.544245 0.372314

seq-10/frame-000605.color.png 0.648511 -1.431115 0.393608 0.737338 -0.104908 0.556142 0.368732

seq-10/frame-000606.color.png 0.648025 -1.428426 0.385670 0.734582 -0.105603 0.559627 0.368761

seq-10/frame-000607.color.png 0.647105 -1.423786 0.381328 0.733507 -0.106541 0.561302 0.368083

seq-10/frame-000608.color.png 0.644732 -1.418689 0.374821 0.732873 -0.109527 0.561406 0.368312

seq-10/frame-000609.color.png 0.640487 -1.415336 0.367569 0.732376 -0.111834 0.561625 0.368273

seq-10/frame-000610.color.png 0.638075 -1.411553 0.363688 0.732316 -0.114993 0.562519 0.366048

seq-10/frame-000611.color.png 0.633481 -1.410500 0.354602 0.733100 -0.122210 0.559706 0.366453

seq-10/frame-000612.color.png 0.627856 -1.407178 0.347214 0.734741 -0.122793 0.558697 0.364505

seq-10/frame-000613.color.png 0.622648 -1.403703 0.342570 0.735315 -0.125468 0.559785 0.360751

seq-10/frame-000614.color.png 0.616047 -1.398001 0.340203 0.735008 -0.129396 0.561943 0.356609

seq-10/frame-000615.color.png 0.613806 -1.398771 0.336021 0.735079 -0.135112 0.561982 0.354272

seq-10/frame-000616.color.png 0.608836 -1.397834 0.333873 0.737690 -0.137804 0.560413 0.350272

seq-10/frame-000617.color.png 0.602071 -1.393615 0.328248 0.739840 -0.141262 0.561504 0.342526

seq-10/frame-000618.color.png 0.594512 -1.390892 0.318590 0.742216 -0.147610 0.564832 0.328970

seq-10/frame-000619.color.png 0.590077 -1.387745 0.315920 0.746030 -0.148546 0.563129 0.322782

seq-10/frame-000620.color.png 0.586294 -1.386057 0.312950 0.750022 -0.151984 0.560346 0.316717

seq-10/frame-000621.color.png 0.581075 -1.385554 0.308716 0.754190 -0.153700 0.557854 0.310327

seq-10/frame-000622.color.png 0.575317 -1.383979 0.303281 0.756978 -0.153991 0.558240 0.302605

seq-10/frame-000623.color.png 0.570457 -1.381802 0.298291 0.759181 -0.153775 0.559158 0.295415

seq-10/frame-000624.color.png 0.560073 -1.376920 0.293211 0.764322 -0.150782 0.559467 0.282851

seq-10/frame-000625.color.png 0.556117 -1.376779 0.288647 0.767165 -0.150930 0.557783 0.278366

seq-10/frame-000626.color.png 0.551896 -1.375999 0.283704 0.771453 -0.149159 0.554205 0.274591

seq-10/frame-000627.color.png 0.546047 -1.371503 0.280042 0.776044 -0.147148 0.549975 0.271224

seq-10/frame-000628.color.png 0.541771 -1.369885 0.276103 0.779863 -0.147658 0.545513 0.268997

seq-10/frame-000629.color.png 0.536034 -1.368552 0.272782 0.782731 -0.147956 0.543166 0.265224

seq-10/frame-000630.color.png 0.528197 -1.363673 0.268497 0.786215 -0.148891 0.541737 0.257198

seq-10/frame-000631.color.png 0.525106 -1.363786 0.265863 0.789479 -0.148822 0.537575 0.255970

seq-10/frame-000632.color.png 0.521092 -1.363935 0.261614 0.794085 -0.147138 0.531809 0.254739

seq-10/frame-000633.color.png 0.516359 -1.362831 0.258704 0.798008 -0.146374 0.527997 0.250818

seq-10/frame-000634.color.png 0.511908 -1.360591 0.257909 0.800726 -0.145763 0.526591 0.245409

seq-10/frame-000635.color.png 0.505485 -1.354045 0.255693 0.805939 -0.144282 0.521313 0.240439

seq-10/frame-000636.color.png 0.503476 -1.355337 0.254527 0.808699 -0.145634 0.517282 0.239060

seq-10/frame-000637.color.png 0.499388 -1.353867 0.253222 0.813003 -0.144377 0.512835 0.234769

seq-10/frame-000638.color.png 0.496524 -1.350939 0.252634 0.816745 -0.143647 0.509335 0.229792

seq-10/frame-000639.color.png 0.493407 -1.348479 0.251890 0.822786 -0.142144 0.503086 0.222840

seq-10/frame-000640.color.png 0.490921 -1.344486 0.253552 0.826192 -0.140094 0.499714 0.219091

seq-10/frame-000641.color.png 0.488923 -1.341595 0.257049 0.829160 -0.140380 0.496636 0.214653

seq-10/frame-000642.color.png 0.488685 -1.341390 0.260157 0.832740 -0.140471 0.492182 0.210958

seq-10/frame-000643.color.png 0.488661 -1.340306 0.262357 0.837682 -0.139311 0.485469 0.207694

seq-10/frame-000644.color.png 0.484498 -1.335161 0.275123 0.847152 -0.137888 0.475000 0.193991

seq-10/frame-000645.color.png 0.483867 -1.335257 0.283306 0.850800 -0.138298 0.472432 0.183729

seq-10/frame-000646.color.png 0.486866 -1.332159 0.289153 0.855305 -0.136326 0.467535 0.176680

seq-10/frame-000647.color.png 0.489867 -1.328129 0.296116 0.860405 -0.134181 0.459597 0.174371

seq-10/frame-000648.color.png 0.492547 -1.327946 0.312280 0.869533 -0.134330 0.443811 0.169812

seq-10/frame-000649.color.png 0.493225 -1.323902 0.324932 0.873333 -0.132759 0.438604 0.165006

seq-10/frame-000650.color.png 0.496683 -1.321285 0.333898 0.876305 -0.133426 0.433731 0.161559

seq-10/frame-000651.color.png 0.500871 -1.322155 0.344392 0.879121 -0.134247 0.428528 0.159453

seq-10/frame-000652.color.png 0.510428 -1.319331 0.361590 0.885953 -0.135117 0.416187 0.153483

seq-10/frame-000653.color.png 0.513786 -1.319799 0.374621 0.888797 -0.136627 0.410505 0.150988

seq-10/frame-000654.color.png 0.518498 -1.319716 0.385297 0.891255 -0.137407 0.405055 0.150506

seq-10/frame-000655.color.png 0.524793 -1.322967 0.408830 0.894658 -0.135272 0.398095 0.150822

seq-10/frame-000656.color.png 0.530080 -1.322930 0.420122 0.896384 -0.134999 0.394908 0.149184

seq-10/frame-000657.color.png 0.535904 -1.326120 0.431249 0.898268 -0.134991 0.390538 0.149366

seq-10/frame-000658.color.png 0.542106 -1.330941 0.442448 0.900825 -0.133813 0.384893 0.149677

seq-10/frame-000659.color.png 0.548316 -1.332068 0.452511 0.903194 -0.133205 0.380226 0.147858

seq-10/frame-000660.color.png 0.555069 -1.338202 0.463112 0.904518 -0.133185 0.377240 0.147433

seq-10/frame-000661.color.png 0.561585 -1.337488 0.472112 0.907404 -0.129862 0.372279 0.145257

seq-10/frame-000662.color.png 0.577117 -1.343143 0.490973 0.912670 -0.131360 0.359852 0.142207

seq-10/frame-000663.color.png 0.581545 -1.349897 0.503880 0.913841 -0.129666 0.358451 0.139758

seq-10/frame-000664.color.png 0.586695 -1.350535 0.514702 0.915420 -0.126947 0.357031 0.135490

seq-10/frame-000665.color.png 0.596983 -1.354709 0.520582 0.918044 -0.125025 0.351117 0.134978

seq-10/frame-000666.color.png 0.603009 -1.358908 0.529421 0.920911 -0.121877 0.344737 0.134771

seq-10/frame-000667.color.png 0.608156 -1.360249 0.537783 0.924097 -0.117892 0.339356 0.130084

seq-10/frame-000668.color.png 0.621150 -1.366494 0.556023 0.928344 -0.115203 0.331672 0.121808

seq-10/frame-000669.color.png 0.628726 -1.370541 0.563023 0.931247 -0.111778 0.325462 0.119578

seq-10/frame-000670.color.png 0.634359 -1.373573 0.571408 0.933913 -0.108822 0.320286 0.115412

seq-10/frame-000671.color.png 0.640044 -1.376642 0.579289 0.936238 -0.106592 0.315809 0.110903

seq-10/frame-000672.color.png 0.645411 -1.380546 0.587405 0.938467 -0.103550 0.311393 0.107383

seq-10/frame-000673.color.png 0.651731 -1.384005 0.595084 0.941262 -0.099130 0.305655 0.103508

seq-10/frame-000674.color.png 0.658540 -1.385727 0.602821 0.944200 -0.096495 0.298720 0.099405

seq-10/frame-000675.color.png 0.669155 -1.392673 0.617466 0.949329 -0.091090 0.285128 0.095486

seq-10/frame-000676.color.png 0.673642 -1.396468 0.626524 0.951339 -0.089464 0.279955 0.092276

seq-10/frame-000677.color.png 0.680164 -1.399478 0.632928 0.953656 -0.088690 0.273095 0.089628

seq-10/frame-000678.color.png 0.685992 -1.403390 0.639464 0.956049 -0.088107 0.265322 0.088043

seq-10/frame-000679.color.png 0.692956 -1.405701 0.645166 0.958712 -0.086565 0.256596 0.086462

seq-10/frame-000680.color.png 0.697912 -1.408180 0.653300 0.961096 -0.086966 0.248604 0.082869

seq-10/frame-000681.color.png 0.701854 -1.414267 0.662601 0.962367 -0.089871 0.243330 0.080640

seq-10/frame-000682.color.png 0.705891 -1.418359 0.670004 0.963471 -0.089421 0.239063 0.080718

seq-10/frame-000683.color.png 0.709458 -1.420603 0.678139 0.964763 -0.087895 0.234667 0.079864

seq-10/frame-000684.color.png 0.712488 -1.421660 0.685572 0.966364 -0.087120 0.228949 0.077922

seq-10/frame-000685.color.png 0.719354 -1.425800 0.700060 0.970160 -0.085558 0.212699 0.078538

seq-10/frame-000686.color.png 0.720050 -1.428359 0.710021 0.971609 -0.085242 0.205975 0.078890

seq-10/frame-000687.color.png 0.721492 -1.431997 0.719711 0.972604 -0.087430 0.200917 0.077260

seq-10/frame-000688.color.png 0.723629 -1.434510 0.728073 0.973716 -0.088593 0.195229 0.076509

seq-10/frame-000689.color.png 0.726556 -1.438091 0.736740 0.975080 -0.088821 0.187740 0.077610

seq-10/frame-000690.color.png 0.727869 -1.440221 0.745720 0.976358 -0.088344 0.180828 0.078490

seq-10/frame-000691.color.png 0.726268 -1.441815 0.755666 0.977403 -0.088531 0.175780 0.076729

seq-10/frame-000692.color.png 0.725446 -1.444177 0.765508 0.978146 -0.090143 0.171191 0.075748

seq-10/frame-000693.color.png 0.723967 -1.445229 0.774333 0.979194 -0.090713 0.165104 0.075044

seq-10/frame-000694.color.png 0.724483 -1.446023 0.783444 0.980417 -0.091158 0.157390 0.075108

seq-10/frame-000695.color.png 0.722271 -1.447707 0.793108 0.981549 -0.092676 0.149947 0.073681

seq-10/frame-000696.color.png 0.722613 -1.449129 0.801907 0.982717 -0.095280 0.141112 0.072222

seq-10/frame-000697.color.png 0.721414 -1.451837 0.810921 0.983956 -0.096982 0.132842 0.068692

seq-10/frame-000698.color.png 0.720129 -1.454412 0.819875 0.985072 -0.097129 0.126377 0.064560

seq-10/frame-000699.color.png 0.719066 -1.456494 0.828568 0.985858 -0.096114 0.121376 0.063671

seq-10/frame-000700.color.png 0.717189 -1.457948 0.838287 0.986375 -0.096157 0.117600 0.062675

seq-10/frame-000701.color.png 0.715127 -1.458937 0.847109 0.987194 -0.095798 0.112675 0.059277

seq-10/frame-000702.color.png 0.714739 -1.460933 0.855654 0.988036 -0.096030 0.105625 0.057845

seq-10/frame-000703.color.png 0.716702 -1.463661 0.863664 0.988717 -0.096070 0.097478 0.060388

seq-10/frame-000704.color.png 0.715193 -1.466288 0.872220 0.989516 -0.094742 0.089532 0.061694

seq-10/frame-000705.color.png 0.712532 -1.467442 0.881582 0.990197 -0.094646 0.082834 0.060251

seq-10/frame-000706.color.png 0.708596 -1.468497 0.890806 0.990690 -0.095527 0.077422 0.057902

seq-10/frame-000707.color.png 0.706344 -1.470166 0.899096 0.991162 -0.096128 0.071291 0.056691

seq-10/frame-000708.color.png 0.706278 -1.470155 0.906922 0.991739 -0.095473 0.063717 0.056734

seq-10/frame-000709.color.png 0.706855 -1.471599 0.914712 0.992339 -0.095312 0.054338 0.056265

seq-10/frame-000710.color.png 0.707675 -1.475322 0.922840 0.992686 -0.096412 0.046770 0.055058

seq-10/frame-000711.color.png 0.705049 -1.478188 0.930361 0.993021 -0.096245 0.042690 0.052558

seq-10/frame-000712.color.png 0.701216 -1.479111 0.938883 0.993168 -0.097195 0.039194 0.050721

seq-10/frame-000713.color.png 0.696478 -1.480774 0.947485 0.993098 -0.100489 0.034164 0.049302

seq-10/frame-000714.color.png 0.691362 -1.481742 0.954728 0.993229 -0.102419 0.026804 0.047198

seq-10/frame-000715.color.png 0.687377 -1.481509 0.962956 0.993342 -0.103625 0.019460 0.045764

seq-10/frame-000716.color.png 0.680520 -1.484303 0.972189 0.993238 -0.106901 0.014256 0.042253

seq-10/frame-000717.color.png 0.669610 -1.486066 0.980214 0.993115 -0.109743 0.010996 0.038683

seq-10/frame-000718.color.png 0.667353 -1.485998 0.987358 0.993264 -0.109516 0.005959 0.036554

seq-10/frame-000719.color.png 0.668156 -1.486057 0.987323 0.993267 -0.109498 0.006034 0.036515

seq-10/frame-000720.color.png 0.658907 -1.485861 0.995990 0.993235 -0.110119 -0.000447 0.036013

seq-10/frame-000721.color.png 0.658863 -1.487168 1.004596 0.992934 -0.113196 -0.007898 0.033824

seq-10/frame-000722.color.png 0.658209 -1.486442 1.004349 0.992961 -0.112962 -0.007817 0.033852

seq-10/frame-000723.color.png 0.660833 -1.487048 1.013036 0.992630 -0.115801 -0.015198 0.031372

seq-10/frame-000724.color.png 0.664598 -1.489983 1.021596 0.992260 -0.118752 -0.022154 0.027662

seq-10/frame-000725.color.png 0.664018 -1.490385 1.030041 0.991935 -0.120865 -0.028817 0.023772

seq-10/frame-000726.color.png 0.665096 -1.489685 1.029901 0.991960 -0.120645 -0.028758 0.023924

seq-10/frame-000727.color.png 0.662620 -1.491959 1.039086 0.991377 -0.123785 -0.036930 0.020571

seq-10/frame-000728.color.png 0.656526 -1.494005 1.047823 0.990753 -0.126520 -0.045048 0.017628

seq-10/frame-000729.color.png 0.655970 -1.493554 1.047659 0.990787 -0.126327 -0.044847 0.017603

seq-10/frame-000730.color.png 0.652459 -1.495135 1.056382 0.990237 -0.128141 -0.052263 0.014763

seq-10/frame-000731.color.png 0.646633 -1.497073 1.065520 0.989561 -0.130733 -0.058810 0.012542

seq-10/frame-000732.color.png 0.647670 -1.496668 1.065241 0.989598 -0.130520 -0.058649 0.012578

seq-10/frame-000733.color.png 0.643985 -1.498431 1.074349 0.988903 -0.133418 -0.064037 0.010331

seq-10/frame-000734.color.png 0.641514 -1.499583 1.083024 0.988188 -0.135895 -0.070022 0.007200

seq-10/frame-000735.color.png 0.641641 -1.499509 1.082943 0.988202 -0.135838 -0.069942 0.007109

seq-10/frame-000736.color.png 0.641742 -1.500821 1.091734 0.987427 -0.137544 -0.077402 0.003888

seq-10/frame-000737.color.png 0.641758 -1.503835 1.100699 0.986414 -0.139373 -0.086598 0.000230

seq-10/frame-000738.color.png 0.644151 -1.506166 1.109275 0.985415 -0.140398 -0.095787 -0.002808

seq-10/frame-000739.color.png 0.645463 -1.506028 1.109376 0.985409 -0.140400 -0.095855 -0.002626

seq-10/frame-000740.color.png 0.644817 -1.509145 1.118010 0.984458 -0.141543 -0.103522 -0.005393

seq-10/frame-000741.color.png 0.641922 -1.511936 1.126269 0.983676 -0.141307 -0.110863 -0.007749

seq-10/frame-000742.color.png 0.641414 -1.511351 1.125972 0.983738 -0.141065 -0.110625 -0.007727

seq-10/frame-000743.color.png 0.639950 -1.515223 1.135495 0.982701 -0.141902 -0.118327 -0.009878

seq-10/frame-000744.color.png 0.641759 -1.518250 1.144367 0.981648 -0.142962 -0.125254 -0.013285

seq-10/frame-000745.color.png 0.645261 -1.521775 1.153512 0.980697 -0.143381 -0.131702 -0.016305

seq-10/frame-000746.color.png 0.645586 -1.521066 1.153131 0.980752 -0.143125 -0.131578 -0.016276

seq-10/frame-000747.color.png 0.648414 -1.523331 1.162126 0.979991 -0.142888 -0.137048 -0.018855

seq-10/frame-000748.color.png 0.650611 -1.524974 1.171161 0.979234 -0.142825 -0.142069 -0.021318

seq-10/frame-000749.color.png 0.651212 -1.525345 1.171317 0.979214 -0.142950 -0.142060 -0.021432

seq-10/frame-000750.color.png 0.648507 -1.530156 1.181293 0.977995 -0.144533 -0.148350 -0.023752

seq-10/frame-000751.color.png 0.649488 -1.533011 1.190043 0.976839 -0.144525 -0.155449 -0.025882

seq-10/frame-000752.color.png 0.650004 -1.532508 1.189757 0.976867 -0.144329 -0.155449 -0.025891

seq-10/frame-000753.color.png 0.648296 -1.534325 1.199066 0.975879 -0.144143 -0.161375 -0.027861

seq-10/frame-000754.color.png 0.644219 -1.537671 1.208838 0.974822 -0.145538 -0.165932 -0.030703

seq-10/frame-000755.color.png 0.644316 -1.536587 1.208245 0.974911 -0.145138 -0.165775 -0.030612

seq-10/frame-000756.color.png 0.640667 -1.539127 1.218040 0.973778 -0.146667 -0.170285 -0.034407

seq-10/frame-000757.color.png 0.635533 -1.543523 1.227409 0.972394 -0.148791 -0.175470 -0.038161

seq-10/frame-000758.color.png 0.627552 -1.548052 1.236392 0.971077 -0.149299 -0.181788 -0.040090

seq-10/frame-000759.color.png 0.626322 -1.551018 1.245731 0.969836 -0.149442 -0.188228 -0.039891

seq-10/frame-000760.color.png 0.627363 -1.550606 1.245481 0.969871 -0.149302 -0.188188 -0.039728

seq-10/frame-000761.color.png 0.622929 -1.555128 1.255392 0.968112 -0.150919 -0.195381 -0.041750

seq-10/frame-000762.color.png 0.621682 -1.555599 1.263181 0.966364 -0.150938 -0.202962 -0.045815

seq-10/frame-000763.color.png 0.620047 -1.556316 1.270865 0.964951 -0.150102 -0.209348 -0.049471

seq-10/frame-000764.color.png 0.620828 -1.556234 1.270857 0.964958 -0.150078 -0.209346 -0.049415

seq-10/frame-000765.color.png 0.618243 -1.558040 1.279550 0.963369 -0.150689 -0.215674 -0.051304

seq-10/frame-000766.color.png 0.611658 -1.563768 1.288358 0.961133 -0.153734 -0.222660 -0.054266

seq-10/frame-000767.color.png 0.606838 -1.565523 1.295373 0.958885 -0.153929 -0.231076 -0.058167

seq-10/frame-000768.color.png 0.600767 -1.567171 1.302394 0.956702 -0.153038 -0.239673 -0.061569

seq-10/frame-000769.color.png 0.597575 -1.565106 1.308759 0.954751 -0.152019 -0.247272 -0.064264

seq-10/frame-000770.color.png 0.595666 -1.566931 1.315421 0.952759 -0.151749 -0.254140 -0.067593

seq-10/frame-000771.color.png 0.586531 -1.568037 1.322033 0.950782 -0.150646 -0.261346 -0.070363

seq-10/frame-000772.color.png 0.579895 -1.569157 1.329330 0.948385 -0.150618 -0.268866 -0.074330

seq-10/frame-000773.color.png 0.572757 -1.569433 1.335449 0.946140 -0.150397 -0.275614 -0.078544

seq-10/frame-000774.color.png 0.569316 -1.569799 1.340537 0.944413 -0.148083 -0.281892 -0.081398

seq-10/frame-000775.color.png 0.568909 -1.570284 1.340332 0.944410 -0.148208 -0.281753 -0.081682

seq-10/frame-000776.color.png 0.562973 -1.571332 1.346737 0.942646 -0.145917 -0.288351 -0.083141

seq-10/frame-000777.color.png 0.557474 -1.571897 1.354168 0.940016 -0.147033 -0.295783 -0.084830

seq-10/frame-000778.color.png 0.553858 -1.572972 1.359700 0.937069 -0.147979 -0.303873 -0.087162

seq-10/frame-000779.color.png 0.549416 -1.573084 1.364994 0.934294 -0.146751 -0.312499 -0.088513

seq-10/frame-000780.color.png 0.544744 -1.570146 1.370104 0.931644 -0.145481 -0.320814 -0.088794

seq-10/frame-000781.color.png 0.542437 -1.564752 1.375287 0.928383 -0.146103 -0.329146 -0.091394

seq-10/frame-000782.color.png 0.535792 -1.560651 1.379481 0.925100 -0.147994 -0.336320 -0.095431

seq-10/frame-000783.color.png 0.526776 -1.558637 1.382487 0.923154 -0.147871 -0.341170 -0.097235

seq-10/frame-000784.color.png 0.520438 -1.556339 1.387831 0.922052 -0.146385 -0.344792 -0.097160

seq-10/frame-000785.color.png 0.510947 -1.556642 1.393386 0.920197 -0.148393 -0.348589 -0.098143

seq-10/frame-000786.color.png 0.503569 -1.555427 1.398494 0.917541 -0.150091 -0.353994 -0.101047

seq-10/frame-000787.color.png 0.495138 -1.553484 1.402729 0.915489 -0.150593 -0.358708 -0.102275

seq-10/frame-000788.color.png 0.486547 -1.551018 1.406939 0.914102 -0.150864 -0.361841 -0.103237

seq-10/frame-000789.color.png 0.475223 -1.548094 1.410904 0.912687 -0.151872 -0.364384 -0.105317

seq-10/frame-000790.color.png 0.464182 -1.550795 1.415629 0.910250 -0.155310 -0.368096 -0.108437

seq-10/frame-000791.color.png 0.453680 -1.549087 1.418850 0.907879 -0.156778 -0.373031 -0.109330

seq-10/frame-000792.color.png 0.442393 -1.546625 1.421347 0.905800 -0.157419 -0.377566 -0.110080

seq-10/frame-000793.color.png 0.430892 -1.544714 1.423310 0.903632 -0.158451 -0.381488 -0.112865

seq-10/frame-000794.color.png 0.418479 -1.544204 1.426058 0.901159 -0.159030 -0.385909 -0.116727

seq-10/frame-000795.color.png 0.404115 -1.546392 1.426310 0.899079 -0.159846 -0.390135 -0.117596

seq-10/frame-000796.color.png 0.393214 -1.544716 1.428216 0.896767 -0.159498 -0.395560 -0.117602

seq-10/frame-000797.color.png 0.381590 -1.542448 1.428608 0.894314 -0.158314 -0.400486 -0.121156

seq-10/frame-000798.color.png 0.368342 -1.544985 1.428559 0.891939 -0.157330 -0.405110 -0.124520

seq-10/frame-000799.color.png 0.359094 -1.545468 1.429913 0.889193 -0.155737 -0.411410 -0.125500

seq-10/frame-000800.color.png 0.348740 -1.546495 1.430281 0.886848 -0.155734 -0.416770 -0.124407

seq-10/frame-000801.color.png 0.336397 -1.549929 1.431310 0.883965 -0.156978 -0.422916 -0.122607

seq-10/frame-000802.color.png 0.324729 -1.551485 1.430954 0.880375 -0.156649 -0.430658 -0.121903

seq-10/frame-000803.color.png 0.313327 -1.550224 1.429825 0.876495 -0.153978 -0.439436 -0.121940

seq-10/frame-000804.color.png 0.303200 -1.546353 1.429665 0.873269 -0.151979 -0.446361 -0.122442

seq-10/frame-000805.color.png 0.293456 -1.543376 1.430654 0.870849 -0.150746 -0.451008 -0.124158

seq-10/frame-000806.color.png 0.280865 -1.545238 1.430060 0.868906 -0.150740 -0.454631 -0.124561

seq-10/frame-000807.color.png 0.271266 -1.545194 1.431202 0.865729 -0.150382 -0.461271 -0.122693

seq-10/frame-000808.color.png 0.263035 -1.542144 1.432116 0.861625 -0.149113 -0.469324 -0.122587

seq-10/frame-000809.color.png 0.254373 -1.542073 1.433189 0.857863 -0.148552 -0.476294 -0.122767

seq-10/frame-000810.color.png 0.245679 -1.540535 1.434310 0.854761 -0.147174 -0.482384 -0.122289

seq-10/frame-000811.color.png 0.237378 -1.539173 1.433741 0.851974 -0.145931 -0.487782 -0.121812

seq-10/frame-000812.color.png 0.229622 -1.538677 1.436227 0.848434 -0.144945 -0.494001 -0.122627

seq-10/frame-000813.color.png 0.221089 -1.537770 1.439535 0.844831 -0.144569 -0.499852 -0.124224

seq-10/frame-000814.color.png 0.212952 -1.537733 1.442208 0.841721 -0.144760 -0.504798 -0.125108

seq-10/frame-000815.color.png 0.205575 -1.539698 1.445969 0.838284 -0.144735 -0.510419 -0.125407

seq-10/frame-000816.color.png 0.198711 -1.539262 1.449566 0.834094 -0.143797 -0.517495 -0.125424

seq-10/frame-000817.color.png 0.184958 -1.538295 1.457190 0.826011 -0.142729 -0.530146 -0.127284

seq-10/frame-000818.color.png 0.177455 -1.538099 1.460899 0.823136 -0.141455 -0.534196 -0.130357

seq-10/frame-000819.color.png 0.169422 -1.540453 1.465709 0.819567 -0.141444 -0.538955 -0.133233

seq-10/frame-000820.color.png 0.163359 -1.540418 1.472454 0.815189 -0.140935 -0.545773 -0.132881

seq-10/frame-000821.color.png 0.156339 -1.540127 1.480309 0.810512 -0.140028 -0.552962 -0.132727

seq-10/frame-000822.color.png 0.148015 -1.542367 1.486010 0.806037 -0.140200 -0.558532 -0.136418

seq-10/frame-000823.color.png 0.139428 -1.545160 1.492074 0.802200 -0.140018 -0.562995 -0.140807

seq-10/frame-000824.color.png 0.125445 -1.549678 1.508726 0.793646 -0.140058 -0.573401 -0.147106

seq-10/frame-000825.color.png 0.119067 -1.550733 1.518059 0.788418 -0.140071 -0.579901 -0.149702

seq-10/frame-000826.color.png 0.113623 -1.550949 1.526302 0.783675 -0.138403 -0.586160 -0.151765

seq-10/frame-000827.color.png 0.106323 -1.552398 1.533795 0.779663 -0.136862 -0.591049 -0.154830

seq-10/frame-000828.color.png 0.100806 -1.553637 1.539638 0.775491 -0.135363 -0.596101 -0.157704

seq-10/frame-000829.color.png 0.095303 -1.553874 1.546698 0.771155 -0.133308 -0.601541 -0.160041

seq-10/frame-000830.color.png 0.085870 -1.555131 1.562146 0.762779 -0.129773 -0.611566 -0.165014

seq-10/frame-000831.color.png 0.079394 -1.557661 1.568420 0.759346 -0.129484 -0.614757 -0.169162

seq-10/frame-000832.color.png 0.073567 -1.559427 1.574043 0.756988 -0.129240 -0.616455 -0.173678

seq-10/frame-000833.color.png 0.069463 -1.560114 1.577737 0.754863 -0.128162 -0.618339 -0.176996

seq-10/frame-000834.color.png 0.062090 -1.559423 1.587992 0.748816 -0.127388 -0.624571 -0.181304

seq-10/frame-000835.color.png 0.058218 -1.560806 1.595834 0.744985 -0.127459 -0.628309 -0.184100

seq-10/frame-000836.color.png 0.053709 -1.563520 1.602953 0.742101 -0.126953 -0.630856 -0.187356

seq-10/frame-000837.color.png 0.049538 -1.563964 1.608810 0.739994 -0.127306 -0.632104 -0.191204

seq-10/frame-000838.color.png 0.047281 -1.562349 1.613409 0.737857 -0.126760 -0.633644 -0.194694

seq-10/frame-000839.color.png 0.042305 -1.565378 1.622979 0.734339 -0.125442 -0.636830 -0.198421

seq-10/frame-000840.color.png 0.040921 -1.564844 1.626923 0.733188 -0.126058 -0.637434 -0.200336

seq-10/frame-000841.color.png 0.039488 -1.565911 1.629358 0.731647 -0.125341 -0.638254 -0.203776

seq-10/frame-000842.color.png 0.037940 -1.566045 1.632159 0.730253 -0.125039 -0.638851 -0.207065

seq-10/frame-000843.color.png 0.036540 -1.567427 1.635453 0.729701 -0.126750 -0.638398 -0.209355

seq-10/frame-000844.color.png 0.037224 -1.563460 1.637839 0.729379 -0.128222 -0.637410 -0.212569

seq-10/frame-000845.color.png 0.037167 -1.562223 1.638477 0.728539 -0.129285 -0.636827 -0.216514

seq-10/frame-000846.color.png 0.036707 -1.563502 1.639213 0.729227 -0.131496 -0.634440 -0.219850

seq-10/frame-000847.color.png 0.039195 -1.562494 1.638990 0.731786 -0.132049 -0.631146 -0.220495

seq-10/frame-000848.color.png 0.042460 -1.560595 1.634939 0.734646 -0.130863 -0.627826 -0.221171

seq-10/frame-000849.color.png 0.051390 -1.556107 1.633245 0.733794 -0.131312 -0.628758 -0.221084

seq-10/frame-000850.color.png 0.056509 -1.557169 1.635601 0.732550 -0.132876 -0.630245 -0.220038

seq-10/frame-000851.color.png 0.061706 -1.556934 1.633216 0.732914 -0.131204 -0.630352 -0.219521

seq-10/frame-000852.color.png 0.067688 -1.553697 1.632714 0.733387 -0.130213 -0.630132 -0.219165

seq-10/frame-000853.color.png 0.072675 -1.553060 1.629588 0.733917 -0.132217 -0.628936 -0.219623

seq-10/frame-000854.color.png 0.086533 -1.551991 1.626533 0.731978 -0.134588 -0.631083 -0.218492

seq-10/frame-000855.color.png 0.094370 -1.548815 1.625264 0.731681 -0.135176 -0.631947 -0.216619

seq-10/frame-000856.color.png 0.102459 -1.544170 1.620383 0.731953 -0.136161 -0.631540 -0.216271

seq-10/frame-000857.color.png 0.109647 -1.541231 1.615444 0.732229 -0.137994 -0.630275 -0.217859

seq-10/frame-000858.color.png 0.127106 -1.538087 1.607524 0.734181 -0.141582 -0.627494 -0.217013

seq-10/frame-000859.color.png 0.136735 -1.533794 1.600524 0.734823 -0.145354 -0.626672 -0.214708

seq-10/frame-000860.color.png 0.146344 -1.531310 1.593439 0.734679 -0.148793 -0.626190 -0.214255

seq-10/frame-000861.color.png 0.157044 -1.530372 1.589559 0.734333 -0.151082 -0.626348 -0.213372

seq-10/frame-000862.color.png 0.179257 -1.520392 1.573800 0.737424 -0.152227 -0.622648 -0.212728

seq-10/frame-000863.color.png 0.188729 -1.517698 1.565041 0.739002 -0.154539 -0.619893 -0.213630

seq-10/frame-000864.color.png 0.200185 -1.514247 1.556974 0.740694 -0.158187 -0.617097 -0.213197

seq-10/frame-000865.color.png 0.211846 -1.509584 1.548144 0.742378 -0.161708 -0.614630 -0.211816

seq-10/frame-000866.color.png 0.223635 -1.502457 1.538974 0.744107 -0.163961 -0.612055 -0.211475

seq-10/frame-000867.color.png 0.243534 -1.495041 1.521562 0.747619 -0.169213 -0.604906 -0.215486

seq-10/frame-000868.color.png 0.252717 -1.492494 1.511023 0.751070 -0.171705 -0.599819 -0.215734

seq-10/frame-000869.color.png 0.261964 -1.490255 1.500693 0.755035 -0.172425 -0.594846 -0.215089

seq-10/frame-000870.color.png 0.273552 -1.482693 1.492608 0.758361 -0.170727 -0.591189 -0.214824

seq-10/frame-000871.color.png 0.285596 -1.474612 1.483308 0.760754 -0.172504 -0.587654 -0.214643

seq-10/frame-000872.color.png 0.302878 -1.469440 1.467339 0.763988 -0.177445 -0.582139 -0.214157

seq-10/frame-000873.color.png 0.312725 -1.461604 1.453229 0.766906 -0.179966 -0.577790 -0.213401

seq-10/frame-000874.color.png 0.320923 -1.458834 1.444422 0.768727 -0.184340 -0.573807 -0.213862

seq-10/frame-000875.color.png 0.327636 -1.459179 1.437119 0.770116 -0.188536 -0.570276 -0.214650

seq-10/frame-000876.color.png 0.333607 -1.460021 1.431331 0.771737 -0.191265 -0.567052 -0.214956

seq-10/frame-000877.color.png 0.348845 -1.449172 1.412400 0.778710 -0.194206 -0.555405 -0.217565

seq-10/frame-000878.color.png 0.350982 -1.448479 1.402437 0.782546 -0.198258 -0.547675 -0.219733

seq-10/frame-000879.color.png 0.357672 -1.448186 1.394316 0.785843 -0.202097 -0.540939 -0.221152

seq-10/frame-000880.color.png 0.360559 -1.448904 1.387054 0.788772 -0.205025 -0.535093 -0.222248

seq-10/frame-000881.color.png 0.369477 -1.439635 1.376534 0.792189 -0.207727 -0.529503 -0.220973

seq-10/frame-000882.color.png 0.371678 -1.438520 1.369028 0.795183 -0.211670 -0.522358 -0.223469

seq-10/frame-000883.color.png 0.376450 -1.435702 1.352008 0.800332 -0.214335 -0.511981 -0.226542

seq-10/frame-000884.color.png 0.381430 -1.423503 1.338747 0.801723 -0.215696 -0.509046 -0.226948

seq-10/frame-000885.color.png 0.383275 -1.420521 1.331763 0.800749 -0.220341 -0.507026 -0.230417

seq-10/frame-000886.color.png 0.382093 -1.419649 1.324672 0.800096 -0.223491 -0.505456 -0.233085

seq-10/frame-000887.color.png 0.381339 -1.415737 1.315777 0.800728 -0.224889 -0.503124 -0.234610

seq-10/frame-000888.color.png 0.381592 -1.408859 1.305311 0.801952 -0.225352 -0.500601 -0.235380

seq-10/frame-000889.color.png 0.379271 -1.402739 1.293932 0.802561 -0.228311 -0.498406 -0.235112

seq-10/frame-000890.color.png 0.378437 -1.399638 1.287961 0.802383 -0.231757 -0.497361 -0.234559

seq-10/frame-000891.color.png 0.375280 -1.385534 1.267108 0.807449 -0.230291 -0.488470 -0.237286

seq-10/frame-000892.color.png 0.371776 -1.378746 1.255503 0.810930 -0.233600 -0.481642 -0.236138

seq-10/frame-000893.color.png 0.369260 -1.374306 1.245665 0.813636 -0.237506 -0.475672 -0.235034

seq-10/frame-000894.color.png 0.364049 -1.371379 1.234933 0.816807 -0.239161 -0.469093 -0.235580

seq-10/frame-000895.color.png 0.361223 -1.361129 1.218255 0.820926 -0.239715 -0.461635 -0.235432

seq-10/frame-000896.color.png 0.358253 -1.351512 1.203755 0.823549 -0.244303 -0.454964 -0.234538

seq-10/frame-000897.color.png 0.356078 -1.350313 1.195579 0.824049 -0.251623 -0.450271 -0.234099

seq-10/frame-000898.color.png 0.355403 -1.352980 1.192836 0.824038 -0.256330 -0.447970 -0.233446

seq-10/frame-000899.color.png 0.354658 -1.349890 1.186172 0.826291 -0.257022 -0.444160 -0.231995

seq-10/frame-000900.color.png 0.349010 -1.344304 1.165878 0.833615 -0.261356 -0.429407 -0.228707

seq-10/frame-000901.color.png 0.346991 -1.345835 1.158001 0.835898 -0.264262 -0.425848 -0.223634

seq-10/frame-000902.color.png 0.346982 -1.335948 1.142953 0.839180 -0.263677 -0.421761 -0.219744

seq-10/frame-000903.color.png 0.345710 -1.330177 1.131457 0.841911 -0.265209 -0.415291 -0.219775

seq-10/frame-000904.color.png 0.342798 -1.332970 1.125836 0.844121 -0.268492 -0.408626 -0.219806

seq-10/frame-000905.color.png 0.342523 -1.331972 1.117443 0.846870 -0.269332 -0.403148 -0.218317

seq-10/frame-000906.color.png 0.342934 -1.326078 1.103559 0.850559 -0.268584 -0.395822 -0.218302

seq-10/frame-000907.color.png 0.341967 -1.327168 1.095108 0.854113 -0.270081 -0.386859 -0.218648

seq-10/frame-000908.color.png 0.341166 -1.331001 1.087917 0.857786 -0.270821 -0.379435 -0.216350

seq-10/frame-000909.color.png 0.341860 -1.328172 1.074830 0.861400 -0.269462 -0.374360 -0.212497

seq-10/frame-000910.color.png 0.343764 -1.323975 1.061001 0.864339 -0.268795 -0.369667 -0.209601

seq-10/frame-000911.color.png 0.343638 -1.323249 1.038860 0.871085 -0.267661 -0.356540 -0.205835

seq-10/frame-000912.color.png 0.345869 -1.321878 1.027449 0.873899 -0.267721 -0.351253 -0.202898

seq-10/frame-000913.color.png 0.346889 -1.328072 1.021298 0.875378 -0.269164 -0.348238 -0.199786

seq-10/frame-000914.color.png 0.346852 -1.325998 1.005660 0.879811 -0.266409 -0.342170 -0.194419

seq-10/frame-000915.color.png 0.346706 -1.319199 0.988236 0.884140 -0.262225 -0.336477 -0.190364

seq-10/frame-000916.color.png 0.347331 -1.314860 0.972353 0.887087 -0.261365 -0.331895 -0.185828

seq-10/frame-000917.color.png 0.351964 -1.315510 0.966004 0.888041 -0.261298 -0.331333 -0.182335

seq-10/frame-000918.color.png 0.353130 -1.311340 0.945358 0.891319 -0.260665 -0.325388 -0.177901

seq-10/frame-000919.color.png 0.352293 -1.306899 0.929130 0.894446 -0.259678 -0.319384 -0.174493

seq-10/frame-000920.color.png 0.354142 -1.309284 0.918803 0.897068 -0.260176 -0.312964 -0.171910

seq-10/frame-000921.color.png 0.351927 -1.315791 0.907258 0.900033 -0.259220 -0.307646 -0.167397

seq-10/frame-000922.color.png 0.357356 -1.312909 0.893798 0.903389 -0.254260 -0.305202 -0.161289

seq-10/frame-000923.color.png 0.358478 -1.303792 0.873451 0.906807 -0.250332 -0.301266 -0.155546

seq-10/frame-000924.color.png 0.363812 -1.303069 0.860658 0.908748 -0.250146 -0.297306 -0.152103

seq-10/frame-000925.color.png 0.365049 -1.303601 0.847985 0.910386 -0.248511 -0.294488 -0.150461

seq-10/frame-000926.color.png 0.369026 -1.301560 0.833051 0.912505 -0.246521 -0.290638 -0.148371

seq-10/frame-000927.color.png 0.371570 -1.303245 0.820302 0.914349 -0.245546 -0.287275 -0.145147

seq-10/frame-000928.color.png 0.378631 -1.307632 0.811000 0.916577 -0.243897 -0.283243 -0.141760

seq-10/frame-000929.color.png 0.381435 -1.307837 0.796362 0.920396 -0.240004 -0.276722 -0.136440

seq-10/frame-000930.color.png 0.384962 -1.309162 0.783915 0.923554 -0.236093 -0.272181 -0.130955

seq-10/frame-000931.color.png 0.389923 -1.309163 0.770468 0.926564 -0.231991 -0.268336 -0.124810

seq-10/frame-000932.color.png 0.393667 -1.308343 0.756641 0.929532 -0.227521 -0.264165 -0.119763

seq-10/frame-000933.color.png 0.397027 -1.303670 0.740569 0.932449 -0.222046 -0.259974 -0.116497

seq-10/frame-000934.color.png 0.403729 -1.302763 0.728905 0.934858 -0.218320 -0.255345 -0.114449

seq-10/frame-000935.color.png 0.406654 -1.307237 0.718236 0.937733 -0.214811 -0.249144 -0.111189

seq-10/frame-000936.color.png 0.416705 -1.299721 0.692061 0.944034 -0.203592 -0.237216 -0.104891

seq-10/frame-000937.color.png 0.419848 -1.303652 0.683687 0.946350 -0.200784 -0.230922 -0.103472

seq-10/frame-000938.color.png 0.423953 -1.305450 0.674247 0.948200 -0.197331 -0.227854 -0.099918

seq-10/frame-000939.color.png 0.430826 -1.301354 0.663740 0.949775 -0.194107 -0.225726 -0.096031

seq-10/frame-000940.color.png 0.436559 -1.302262 0.655746 0.950778 -0.192114 -0.223912 -0.094343

seq-10/frame-000941.color.png 0.440360 -1.303372 0.647060 0.951976 -0.189009 -0.221774 -0.093576

seq-10/frame-000942.color.png 0.445886 -1.300845 0.637896 0.953406 -0.185871 -0.218490 -0.093025

seq-10/frame-000943.color.png 0.450520 -1.302002 0.629653 0.954384 -0.185122 -0.215274 -0.091992

seq-10/frame-000944.color.png 0.455772 -1.305809 0.622646 0.955503 -0.183693 -0.212330 -0.090062

seq-10/frame-000945.color.png 0.460280 -1.307279 0.615578 0.956995 -0.180590 -0.208782 -0.088773

seq-10/frame-000946.color.png 0.466908 -1.304187 0.607144 0.958416 -0.178827 -0.204510 -0.086945

seq-10/frame-000947.color.png 0.472092 -1.302186 0.599585 0.959331 -0.178875 -0.200690 -0.085642

seq-10/frame-000948.color.png 0.477439 -1.304821 0.593036 0.960270 -0.178145 -0.197036 -0.085122

seq-10/frame-000949.color.png 0.481919 -1.307814 0.587451 0.961146 -0.175301 -0.195436 -0.084835

seq-10/frame-000950.color.png 0.493774 -1.301404 0.581452 0.961792 -0.173236 -0.194934 -0.082878

seq-10/frame-000951.color.png 0.499900 -1.300678 0.575777 0.962140 -0.175292 -0.192243 -0.080782

seq-10/frame-000952.color.png 0.504883 -1.305048 0.570211 0.962816 -0.175004 -0.189974 -0.078690

seq-10/frame-000953.color.png 0.513845 -1.301812 0.564854 0.963774 -0.172820 -0.188850 -0.074375

seq-10/frame-000954.color.png 0.523950 -1.295410 0.560030 0.964295 -0.173027 -0.186980 -0.071832

seq-10/frame-000955.color.png 0.530814 -1.298680 0.555340 0.964726 -0.174498 -0.184331 -0.069284

seq-10/frame-000956.color.png 0.538989 -1.301690 0.551145 0.965411 -0.173083 -0.183490 -0.065415

seq-10/frame-000957.color.png 0.550376 -1.294267 0.545995 0.966209 -0.170186 -0.183211 -0.061913

seq-10/frame-000958.color.png 0.559286 -1.291264 0.542210 0.966167 -0.171067 -0.183428 -0.059452

seq-10/frame-000959.color.png 0.565024 -1.291983 0.538535 0.965921 -0.171792 -0.185250 -0.055595

seq-10/frame-000960.color.png 0.578327 -1.284766 0.533701 0.965860 -0.172016 -0.186286 -0.052401

seq-10/frame-000961.color.png 0.588887 -1.280926 0.530023 0.965699 -0.175790 -0.184211 -0.050129

seq-10/frame-000962.color.png 0.595139 -1.279193 0.527957 0.965956 -0.176869 -0.182298 -0.048342

seq-10/frame-000963.color.png 0.603981 -1.278786 0.525066 0.966301 -0.177110 -0.180821 -0.046060

seq-10/frame-000964.color.png 0.613966 -1.274291 0.521818 0.966534 -0.178730 -0.178840 -0.042511

seq-10/frame-000965.color.png 0.624666 -1.278606 0.519647 0.966084 -0.182579 -0.177970 -0.039960

seq-10/frame-000966.color.png 0.632670 -1.273700 0.516480 0.966120 -0.182179 -0.178706 -0.037542

seq-10/frame-000967.color.png 0.644299 -1.271560 0.513775 0.965683 -0.183425 -0.180368 -0.034664

seq-10/frame-000968.color.png 0.655418 -1.267759 0.509976 0.965026 -0.185997 -0.182097 -0.029881

seq-10/frame-000969.color.png 0.666227 -1.265615 0.507355 0.964248 -0.189174 -0.183434 -0.026720

seq-10/frame-000970.color.png 0.676213 -1.269256 0.505399 0.963184 -0.192036 -0.186039 -0.026649

seq-10/frame-000971.color.png 0.686511 -1.269489 0.504088 0.961662 -0.194784 -0.191259 -0.024653

seq-10/frame-000972.color.png 0.698801 -1.267257 0.502075 0.960348 -0.196869 -0.196127 -0.020738

seq-10/frame-000973.color.png 0.708659 -1.268966 0.499995 0.959624 -0.198311 -0.198419 -0.018633

seq-10/frame-000974.color.png 0.717783 -1.267862 0.497914 0.959520 -0.197990 -0.199383 -0.017042

seq-10/frame-000975.color.png 0.727966 -1.268885 0.496653 0.958646 -0.199734 -0.202026 -0.014528

seq-10/frame-000976.color.png 0.738524 -1.266024 0.497382 0.956716 -0.201845 -0.209099 -0.012343

seq-10/frame-000977.color.png 0.752660 -1.265683 0.498599 0.954885 -0.204592 -0.214907 -0.008548

seq-10/frame-000978.color.png 0.763429 -1.262851 0.497763 0.954297 -0.205569 -0.216707 -0.004325

seq-10/frame-000979.color.png 0.771765 -1.263929 0.496838 0.954558 -0.206206 -0.214970 -0.002692

seq-10/frame-000980.color.png 0.782052 -1.263371 0.499687 0.956112 -0.205482 -0.208680 -0.001321

seq-10/frame-000981.color.png 0.792733 -1.267652 0.501899 0.955650 -0.206848 -0.209445 0.001269

seq-10/frame-000982.color.png 0.798894 -1.266752 0.504766 0.955792 -0.205205 -0.210384 0.003585

seq-10/frame-000983.color.png 0.806692 -1.268648 0.508676 0.955322 -0.204879 -0.212757 0.006431

seq-10/frame-000984.color.png 0.813049 -1.268369 0.511946 0.954324 -0.204614 -0.217322 0.009572

seq-10/frame-000985.color.png 0.823494 -1.266598 0.514757 0.953643 -0.203502 -0.221231 0.011406

seq-10/frame-000986.color.png 0.828215 -1.268170 0.519087 0.953564 -0.201436 -0.223441 0.011589

seq-10/frame-000987.color.png 0.835775 -1.269232 0.523201 0.954230 -0.198091 -0.223520 0.012872

seq-10/frame-000988.color.png 0.836977 -1.269654 0.526778 0.954988 -0.194861 -0.222892 0.016370

seq-10/frame-000989.color.png 0.840984 -1.271866 0.531605 0.954715 -0.192398 -0.226023 0.018348

seq-10/frame-000990.color.png 0.847640 -1.268648 0.537005 0.954190 -0.189485 -0.230612 0.018890

seq-10/frame-000991.color.png 0.853827 -1.266144 0.542142 0.953926 -0.187718 -0.233094 0.019384

seq-10/frame-000992.color.png 0.858886 -1.265194 0.547538 0.954306 -0.186133 -0.232782 0.019674

seq-10/frame-000993.color.png 0.860886 -1.268623 0.560996 0.953808 -0.186460 -0.234943 0.014359

seq-10/frame-000994.color.png 0.867050 -1.266379 0.566615 0.953874 -0.184893 -0.236179 0.008949

seq-10/frame-000995.color.png 0.868626 -1.269304 0.574007 0.954943 -0.182658 -0.233729 0.003322

seq-10/frame-000996.color.png 0.865141 -1.275371 0.584914 0.954836 -0.182234 -0.234516 -0.001027

seq-10/frame-000997.color.png 0.867633 -1.278293 0.595104 0.953222 -0.182006 -0.241131 -0.004145

seq-10/frame-000998.color.png 0.871675 -1.279000 0.605916 0.951713 -0.180597 -0.248012 -0.006126

seq-10/frame-000999.color.png 0.880846 -1.276019 0.628396 0.949314 -0.178511 -0.258313 -0.011472

