seq-01/frame-000000.color.png -0.948617 -0.567492 0.711172 0.983104 0.005799 0.160752 0.087229

seq-01/frame-000001.color.png -0.947970 -0.568269 0.711809 0.983017 0.006373 0.161311 0.087127

seq-01/frame-000002.color.png -0.948219 -0.566779 0.712781 0.983010 0.007201 0.161081 0.087569

seq-01/frame-000003.color.png -0.947542 -0.566970 0.713676 0.982951 0.006564 0.160954 0.088516

seq-01/frame-000004.color.png -0.948578 -0.566762 0.715694 0.982887 0.005816 0.161103 0.089006

seq-01/frame-000005.color.png -0.951709 -0.568289 0.717110 0.982838 0.005138 0.160877 0.089986

seq-01/frame-000006.color.png -0.950303 -0.565840 0.719573 0.983008 0.004624 0.159863 0.089971

seq-01/frame-000007.color.png -0.950123 -0.567561 0.721937 0.983056 0.002380 0.159039 0.090978

seq-01/frame-000008.color.png -0.949316 -0.569221 0.724856 0.982932 -0.000096 0.158782 0.092786

seq-01/frame-000009.color.png -0.950535 -0.571378 0.728415 0.982512 -0.002313 0.160146 0.094836

seq-01/frame-000010.color.png -0.952767 -0.572605 0.731891 0.982146 -0.003448 0.161372 0.096503

seq-01/frame-000011.color.png -0.953126 -0.574785 0.735572 0.981924 -0.004541 0.161739 0.098090

seq-01/frame-000012.color.png -0.953029 -0.577990 0.739673 0.981537 -0.005421 0.162890 0.099995

seq-01/frame-000013.color.png -0.953107 -0.580145 0.743637 0.981073 -0.006325 0.163999 0.102648

seq-01/frame-000014.color.png -0.954174 -0.583556 0.748543 0.980590 -0.007575 0.165220 0.105188

seq-01/frame-000015.color.png -0.955384 -0.586914 0.753213 0.980128 -0.008402 0.166059 0.108071

seq-01/frame-000016.color.png -0.955645 -0.588878 0.757990 0.979840 -0.009578 0.166440 0.109976

seq-01/frame-000017.color.png -0.957297 -0.592578 0.762533 0.979675 -0.010585 0.165937 0.112092

seq-01/frame-000018.color.png -0.956932 -0.597727 0.767369 0.979468 -0.011073 0.166042 0.113695

seq-01/frame-000019.color.png -0.956635 -0.599880 0.772192 0.979230 -0.011002 0.166572 0.114968

seq-01/frame-000020.color.png -0.956796 -0.604368 0.776940 0.978926 -0.011344 0.166863 0.117080

seq-01/frame-000021.color.png -0.957965 -0.608883 0.781904 0.978544 -0.012194 0.167380 0.119426

seq-01/frame-000022.color.png -0.956333 -0.612353 0.787192 0.978049 -0.014687 0.168075 0.122194

seq-01/frame-000023.color.png -0.956434 -0.617178 0.793187 0.977315 -0.017643 0.170010 0.124967

seq-01/frame-000024.color.png -0.957122 -0.621773 0.799476 0.976594 -0.020304 0.172542 0.126719

seq-01/frame-000025.color.png -0.957815 -0.626803 0.806095 0.976068 -0.022736 0.174035 0.128304

seq-01/frame-000026.color.png -0.957764 -0.629362 0.811966 0.976071 -0.024010 0.172729 0.129801

seq-01/frame-000027.color.png -0.955919 -0.632951 0.817901 0.976277 -0.026606 0.169873 0.131505

seq-01/frame-000028.color.png -0.952790 -0.639355 0.823982 0.976095 -0.031583 0.167997 0.134142

seq-01/frame-000029.color.png -0.950134 -0.645909 0.830763 0.975334 -0.035759 0.169372 0.136873

seq-01/frame-000030.color.png -0.948868 -0.651336 0.837760 0.974200 -0.039383 0.172605 0.139876

seq-01/frame-000031.color.png -0.947316 -0.658986 0.844863 0.973359 -0.041656 0.175024 0.142050

seq-01/frame-000032.color.png -0.945428 -0.665482 0.851654 0.973290 -0.040226 0.176043 0.141677

seq-01/frame-000033.color.png -0.942728 -0.671523 0.857946 0.973582 -0.037516 0.176773 0.139488

seq-01/frame-000034.color.png -0.943059 -0.675001 0.863424 0.973760 -0.035018 0.177316 0.138198

seq-01/frame-000035.color.png -0.940820 -0.679890 0.869244 0.973365 -0.034712 0.179670 0.138020

seq-01/frame-000036.color.png -0.938080 -0.685415 0.875380 0.972441 -0.035638 0.183568 0.139165

seq-01/frame-000037.color.png -0.936155 -0.689336 0.881094 0.971294 -0.036233 0.187675 0.141519

seq-01/frame-000038.color.png -0.935627 -0.692345 0.886511 0.970494 -0.037739 0.189771 0.143805

seq-01/frame-000039.color.png -0.934918 -0.697070 0.892504 0.969900 -0.038852 0.191538 0.145165

seq-01/frame-000040.color.png -0.933753 -0.702612 0.898876 0.969400 -0.038665 0.194182 0.145042

seq-01/frame-000041.color.png -0.930536 -0.705803 0.904533 0.969059 -0.038878 0.195767 0.145133

seq-01/frame-000042.color.png -0.929079 -0.710641 0.910589 0.968247 -0.041518 0.197948 0.146851

seq-01/frame-000043.color.png -0.927935 -0.713946 0.917156 0.967290 -0.042935 0.200579 0.149162

seq-01/frame-000044.color.png -0.925907 -0.719206 0.923973 0.966545 -0.043027 0.202791 0.150963

seq-01/frame-000045.color.png -0.924641 -0.721178 0.929838 0.966537 -0.043186 0.202624 0.151189

seq-01/frame-000046.color.png -0.921664 -0.727093 0.936453 0.966280 -0.045401 0.203172 0.151452

seq-01/frame-000047.color.png -0.919216 -0.732706 0.942727 0.965175 -0.048079 0.205895 0.153971

seq-01/frame-000048.color.png -0.919840 -0.736625 0.950054 0.964143 -0.050876 0.208746 0.155688

seq-01/frame-000049.color.png -0.917737 -0.744401 0.957704 0.963687 -0.051581 0.210550 0.155849

seq-01/frame-000050.color.png -0.915790 -0.749293 0.963856 0.964160 -0.049061 0.210644 0.153599

seq-01/frame-000051.color.png -0.911682 -0.755263 0.969200 0.964794 -0.046820 0.210559 0.150395

seq-01/frame-000052.color.png -0.905368 -0.760372 0.973120 0.964884 -0.045872 0.211428 0.148888

seq-01/frame-000053.color.png -0.902848 -0.765873 0.978428 0.963524 -0.049852 0.215259 0.150909

seq-01/frame-000054.color.png -0.902546 -0.769364 0.985211 0.962400 -0.053438 0.218395 0.152342

seq-01/frame-000055.color.png -0.900040 -0.774876 0.991403 0.962551 -0.053580 0.217431 0.152713

seq-01/frame-000056.color.png -0.895766 -0.780775 0.996060 0.963964 -0.051021 0.213404 0.150341

seq-01/frame-000057.color.png -0.887457 -0.790394 0.999592 0.965212 -0.047385 0.210757 0.147229

seq-01/frame-000058.color.png -0.880557 -0.795690 1.002423 0.965696 -0.043684 0.210865 0.145023

seq-01/frame-000059.color.png -0.875761 -0.800066 1.004621 0.965448 -0.043943 0.212479 0.144242

seq-01/frame-000060.color.png -0.870300 -0.804406 1.007523 0.965136 -0.046182 0.214064 0.143282

seq-01/frame-000061.color.png -0.867030 -0.806651 1.010279 0.965591 -0.046920 0.213358 0.141009

seq-01/frame-000062.color.png -0.860663 -0.812015 1.012031 0.966986 -0.048006 0.209219 0.137235

seq-01/frame-000063.color.png -0.852318 -0.819532 1.013884 0.968505 -0.050248 0.204486 0.132789

seq-01/frame-000064.color.png -0.842157 -0.826066 1.014418 0.969288 -0.052983 0.202216 0.129441

seq-01/frame-000065.color.png -0.834099 -0.831357 1.014700 0.969305 -0.056745 0.201910 0.128194

seq-01/frame-000066.color.png -0.825733 -0.836158 1.014382 0.969239 -0.060717 0.201463 0.127576

seq-01/frame-000067.color.png -0.813858 -0.841882 1.013330 0.969462 -0.061948 0.201493 0.125221

seq-01/frame-000068.color.png -0.807167 -0.845964 1.011268 0.969885 -0.062387 0.201302 0.121990

seq-01/frame-000069.color.png -0.797665 -0.848746 1.008126 0.970370 -0.062907 0.200011 0.119972

seq-01/frame-000070.color.png -0.786462 -0.851129 1.004062 0.971104 -0.061753 0.198441 0.117211

seq-01/frame-000071.color.png -0.776478 -0.852419 0.998884 0.972034 -0.061675 0.195295 0.114801

seq-01/frame-000072.color.png -0.764199 -0.856849 0.992978 0.972756 -0.063125 0.191378 0.114495

seq-01/frame-000073.color.png -0.751339 -0.859085 0.985695 0.973370 -0.064834 0.186937 0.115652

seq-01/frame-000074.color.png -0.737535 -0.862005 0.978029 0.973409 -0.067974 0.184299 0.117737

seq-01/frame-000075.color.png -0.725863 -0.864035 0.970714 0.973294 -0.070008 0.183727 0.118381

seq-01/frame-000076.color.png -0.715766 -0.865899 0.962671 0.973593 -0.071926 0.181300 0.118515

seq-01/frame-000077.color.png -0.702748 -0.867637 0.953943 0.973818 -0.074838 0.178369 0.119313

seq-01/frame-000078.color.png -0.690700 -0.870943 0.945384 0.973658 -0.078571 0.178196 0.118469

seq-01/frame-000079.color.png -0.679870 -0.872432 0.937241 0.973657 -0.081407 0.178466 0.116137

seq-01/frame-000080.color.png -0.668337 -0.874077 0.928632 0.974189 -0.083419 0.174849 0.115747

seq-01/frame-000081.color.png -0.655342 -0.877339 0.920867 0.975444 -0.084221 0.169396 0.112670

seq-01/frame-000082.color.png -0.639549 -0.880055 0.913600 0.976454 -0.083902 0.165795 0.109464

seq-01/frame-000083.color.png -0.627137 -0.881418 0.906480 0.977252 -0.083184 0.162012 0.108550

seq-01/frame-000084.color.png -0.614074 -0.883993 0.899717 0.978315 -0.084080 0.156290 0.106658

seq-01/frame-000085.color.png -0.600459 -0.885326 0.893708 0.979460 -0.084759 0.150608 0.103749

seq-01/frame-000086.color.png -0.587151 -0.887801 0.888363 0.980614 -0.084838 0.144353 0.101657

seq-01/frame-000087.color.png -0.571945 -0.889909 0.882946 0.982042 -0.085190 0.137101 0.097530

seq-01/frame-000088.color.png -0.561285 -0.892577 0.878828 0.983274 -0.084546 0.131381 0.093463

seq-01/frame-000089.color.png -0.547522 -0.893265 0.874894 0.984288 -0.084168 0.126377 0.089965

seq-01/frame-000090.color.png -0.533345 -0.894197 0.870829 0.984700 -0.085056 0.123505 0.088606

seq-01/frame-000091.color.png -0.524522 -0.893472 0.867045 0.985077 -0.086422 0.120875 0.086701

seq-01/frame-000092.color.png -0.513515 -0.893716 0.863593 0.985726 -0.086617 0.117331 0.083955

seq-01/frame-000093.color.png -0.500639 -0.893948 0.860341 0.986273 -0.086958 0.113861 0.081925

seq-01/frame-000094.color.png -0.488834 -0.893186 0.857376 0.986475 -0.088469 0.112493 0.079734

seq-01/frame-000095.color.png -0.478882 -0.891286 0.854308 0.986880 -0.088004 0.110789 0.077602

seq-01/frame-000096.color.png -0.467477 -0.889184 0.850435 0.987594 -0.085823 0.107673 0.075315

seq-01/frame-000097.color.png -0.452514 -0.887956 0.847255 0.987928 -0.086523 0.105293 0.073473

seq-01/frame-000098.color.png -0.439898 -0.883479 0.844087 0.987986 -0.087882 0.103131 0.074141

seq-01/frame-000099.color.png -0.428902 -0.879301 0.841227 0.988239 -0.088437 0.100444 0.073799

seq-01/frame-000100.color.png -0.417860 -0.874238 0.838205 0.988852 -0.088253 0.095821 0.071922

seq-01/frame-000101.color.png -0.404248 -0.869782 0.835339 0.989420 -0.088689 0.090851 0.070011

seq-01/frame-000102.color.png -0.388656 -0.864623 0.832544 0.989819 -0.088115 0.086667 0.070389

seq-01/frame-000103.color.png -0.373578 -0.860014 0.828664 0.990033 -0.088195 0.083449 0.071170

seq-01/frame-000104.color.png -0.360682 -0.853001 0.824627 0.990369 -0.088781 0.079392 0.070406

seq-01/frame-000105.color.png -0.345417 -0.846893 0.820803 0.990713 -0.090075 0.074858 0.068873

seq-01/frame-000106.color.png -0.345064 -0.847085 0.820772 0.990705 -0.090156 0.074696 0.069053

seq-01/frame-000107.color.png -0.330452 -0.841186 0.816724 0.990905 -0.091332 0.071986 0.067496

seq-01/frame-000108.color.png -0.317619 -0.836463 0.812143 0.991176 -0.092331 0.068857 0.065397

seq-01/frame-000109.color.png -0.304896 -0.829725 0.807603 0.991722 -0.092518 0.063867 0.061810

seq-01/frame-000110.color.png -0.289939 -0.824884 0.803166 0.992258 -0.093395 0.059197 0.056293

seq-01/frame-000111.color.png -0.277348 -0.820919 0.798591 0.992549 -0.095499 0.053990 0.052761

seq-01/frame-000112.color.png -0.264760 -0.818672 0.794118 0.992955 -0.097432 0.046543 0.048517

seq-01/frame-000113.color.png -0.249255 -0.817876 0.789867 0.993769 -0.095714 0.038346 0.042002

seq-01/frame-000114.color.png -0.249704 -0.817877 0.789852 0.993767 -0.095731 0.038352 0.042001

seq-01/frame-000115.color.png -0.234128 -0.818293 0.785007 0.994356 -0.094009 0.029932 0.038661

seq-01/frame-000116.color.png -0.219741 -0.819825 0.778741 0.994621 -0.093881 0.020064 0.038544

seq-01/frame-000117.color.png -0.202822 -0.818456 0.773395 0.994933 -0.092309 0.010701 0.038015

seq-01/frame-000118.color.png -0.188424 -0.819846 0.768598 0.995018 -0.093437 0.002976 0.034223

seq-01/frame-000119.color.png -0.173806 -0.823378 0.763187 0.994741 -0.096809 -0.007703 0.032094

seq-01/frame-000120.color.png -0.156082 -0.824194 0.757584 0.994152 -0.101467 -0.017539 0.032105

seq-01/frame-000121.color.png -0.155653 -0.823941 0.757778 0.994147 -0.101425 -0.017750 0.032278

seq-01/frame-000122.color.png -0.137909 -0.825478 0.753370 0.993582 -0.105925 -0.023627 0.031421

seq-01/frame-000123.color.png -0.126797 -0.828029 0.748296 0.993169 -0.109413 -0.027244 0.029552

seq-01/frame-000124.color.png -0.115737 -0.832884 0.744469 0.992757 -0.111526 -0.034400 0.027995

seq-01/frame-000125.color.png -0.100088 -0.834987 0.741652 0.992589 -0.110325 -0.044410 0.024383

seq-01/frame-000126.color.png -0.087332 -0.836216 0.739188 0.992484 -0.109151 -0.050939 0.020939

seq-01/frame-000127.color.png -0.087387 -0.836349 0.739298 0.992484 -0.109180 -0.050877 0.020908

seq-01/frame-000128.color.png -0.075970 -0.839876 0.738051 0.992280 -0.107799 -0.058087 0.018890

seq-01/frame-000129.color.png -0.060914 -0.840865 0.737043 0.992007 -0.105628 -0.066939 0.015945

seq-01/frame-000130.color.png -0.045042 -0.840498 0.736391 0.991699 -0.103957 -0.074414 0.012647

seq-01/frame-000131.color.png -0.032656 -0.842292 0.735354 0.991206 -0.103917 -0.080919 0.011616

seq-01/frame-000132.color.png -0.018017 -0.841626 0.734864 0.990747 -0.103559 -0.086921 0.010539

seq-01/frame-000133.color.png -0.017978 -0.841157 0.734822 0.990749 -0.103458 -0.087023 0.010501

seq-01/frame-000134.color.png -0.003729 -0.841236 0.734750 0.990109 -0.105206 -0.092240 0.008915

seq-01/frame-000135.color.png 0.008928 -0.843346 0.735156 0.988976 -0.107640 -0.101069 0.009742

seq-01/frame-000136.color.png 0.022326 -0.842845 0.734434 0.988071 -0.106912 -0.110370 0.008636

seq-01/frame-000137.color.png 0.037401 -0.841023 0.734015 0.987445 -0.104385 -0.118310 0.005477

seq-01/frame-000138.color.png 0.052083 -0.841969 0.733716 0.986571 -0.103138 -0.126515 0.002094

seq-01/frame-000139.color.png 0.067618 -0.841384 0.733045 0.985662 -0.100594 -0.135340 -0.002315

seq-01/frame-000140.color.png 0.082791 -0.840533 0.731925 0.984689 -0.097546 -0.144133 -0.008308

seq-01/frame-000141.color.png 0.097774 -0.839701 0.730694 0.983533 -0.096316 -0.152251 -0.013243

seq-01/frame-000142.color.png 0.115826 -0.836580 0.729557 0.982021 -0.097277 -0.160749 -0.017375

seq-01/frame-000143.color.png 0.115889 -0.837200 0.729692 0.982010 -0.097474 -0.160712 -0.017229

seq-01/frame-000144.color.png 0.133846 -0.835672 0.728128 0.980317 -0.100641 -0.168464 -0.020958

seq-01/frame-000145.color.png 0.152575 -0.832540 0.726707 0.978594 -0.104196 -0.175649 -0.024775

seq-01/frame-000146.color.png 0.169527 -0.831183 0.724601 0.976568 -0.109515 -0.182750 -0.029907

seq-01/frame-000147.color.png 0.190632 -0.831780 0.724066 0.974429 -0.114338 -0.190220 -0.034657

seq-01/frame-000148.color.png 0.210368 -0.830919 0.723047 0.972605 -0.118857 -0.195983 -0.038379

seq-01/frame-000149.color.png 0.227770 -0.838648 0.722720 0.970516 -0.123271 -0.203206 -0.039757

seq-01/frame-000150.color.png 0.244872 -0.844082 0.722844 0.968967 -0.122603 -0.210887 -0.039593

seq-01/frame-000151.color.png 0.261718 -0.844870 0.722942 0.967708 -0.117902 -0.219270 -0.039114

seq-01/frame-000152.color.png 0.280714 -0.845159 0.723244 0.966537 -0.113532 -0.226715 -0.038553

seq-01/frame-000153.color.png 0.300079 -0.842725 0.723773 0.966055 -0.107804 -0.231796 -0.036814

seq-01/frame-000154.color.png 0.315928 -0.838776 0.723044 0.965562 -0.106323 -0.235001 -0.033595

seq-01/frame-000155.color.png 0.328914 -0.839684 0.723432 0.964419 -0.109061 -0.238737 -0.031247

seq-01/frame-000156.color.png 0.344436 -0.843291 0.725093 0.963248 -0.109055 -0.243634 -0.029529

seq-01/frame-000157.color.png 0.363491 -0.839637 0.727272 0.962494 -0.105892 -0.247793 -0.030983

seq-01/frame-000158.color.png 0.377234 -0.836984 0.727481 0.961889 -0.105978 -0.249686 -0.034118

seq-01/frame-000159.color.png 0.393136 -0.840141 0.730037 0.961285 -0.106983 -0.251206 -0.036763

seq-01/frame-000160.color.png 0.409981 -0.836529 0.731458 0.961170 -0.107080 -0.251033 -0.040468

seq-01/frame-000161.color.png 0.423542 -0.841987 0.734215 0.960754 -0.110467 -0.250600 -0.043784

seq-01/frame-000162.color.png 0.440749 -0.846668 0.738719 0.959938 -0.111470 -0.253281 -0.043726

seq-01/frame-000163.color.png 0.452754 -0.845792 0.741259 0.959017 -0.111387 -0.256785 -0.043696

seq-01/frame-000164.color.png 0.468632 -0.844903 0.746046 0.957776 -0.112826 -0.260594 -0.044674

seq-01/frame-000165.color.png 0.484316 -0.846160 0.751316 0.956827 -0.113229 -0.263640 -0.046083

seq-01/frame-000166.color.png 0.501068 -0.845327 0.757764 0.955831 -0.112893 -0.266573 -0.050504

seq-01/frame-000167.color.png 0.515952 -0.843518 0.763414 0.955538 -0.113274 -0.266520 -0.055237

seq-01/frame-000168.color.png 0.528545 -0.845499 0.769127 0.955407 -0.115797 -0.265095 -0.059016

seq-01/frame-000169.color.png 0.541099 -0.849602 0.775870 0.954565 -0.118259 -0.266287 -0.062294

seq-01/frame-000170.color.png 0.554556 -0.855195 0.783257 0.953399 -0.119923 -0.269430 -0.063437

seq-01/frame-000171.color.png 0.569543 -0.851241 0.789962 0.952893 -0.120075 -0.270963 -0.064228

seq-01/frame-000172.color.png 0.584889 -0.853342 0.798131 0.952624 -0.121903 -0.270613 -0.066220

seq-01/frame-000173.color.png 0.598593 -0.854510 0.805904 0.952857 -0.122756 -0.268844 -0.068453

seq-01/frame-000174.color.png 0.609658 -0.858599 0.813158 0.953038 -0.125687 -0.266653 -0.069184

seq-01/frame-000175.color.png 0.622528 -0.862419 0.821067 0.952565 -0.128817 -0.267168 -0.067939

seq-01/frame-000176.color.png 0.635691 -0.864296 0.829793 0.951965 -0.131537 -0.268510 -0.065818

seq-01/frame-000177.color.png 0.650533 -0.868158 0.839011 0.951806 -0.134209 -0.268099 -0.064380

seq-01/frame-000178.color.png 0.662551 -0.872621 0.846861 0.952235 -0.135568 -0.265667 -0.065266

seq-01/frame-000179.color.png 0.675378 -0.877675 0.855697 0.952590 -0.136041 -0.264141 -0.065291

seq-01/frame-000180.color.png 0.686648 -0.878885 0.863350 0.952692 -0.137474 -0.263787 -0.062161

seq-01/frame-000181.color.png 0.698481 -0.881388 0.871284 0.951681 -0.141208 -0.266627 -0.056940

seq-01/frame-000182.color.png 0.711254 -0.880875 0.880386 0.950344 -0.143916 -0.270748 -0.052906

seq-01/frame-000183.color.png 0.723901 -0.879513 0.888912 0.949841 -0.145430 -0.271674 -0.053052

seq-01/frame-000184.color.png 0.733936 -0.883158 0.897467 0.949641 -0.148101 -0.270522 -0.055077

seq-01/frame-000185.color.png 0.745068 -0.889485 0.907247 0.949222 -0.150176 -0.271033 -0.054173

seq-01/frame-000186.color.png 0.756542 -0.890667 0.916022 0.948764 -0.150340 -0.272868 -0.052501

seq-01/frame-000187.color.png 0.766648 -0.891655 0.923247 0.948228 -0.151469 -0.274053 -0.052768

seq-01/frame-000188.color.png 0.779101 -0.896898 0.932841 0.947809 -0.152137 -0.274944 -0.053721

seq-01/frame-000189.color.png 0.788102 -0.896729 0.941212 0.947946 -0.150823 -0.274872 -0.055359

seq-01/frame-000190.color.png 0.798096 -0.899721 0.950062 0.947897 -0.151327 -0.274416 -0.057058

seq-01/frame-000191.color.png 0.807114 -0.903374 0.959448 0.947257 -0.151414 -0.276217 -0.058743

seq-01/frame-000192.color.png 0.820265 -0.905096 0.970580 0.946071 -0.150845 -0.279876 -0.061903

seq-01/frame-000193.color.png 0.832275 -0.905446 0.981738 0.944916 -0.151015 -0.282872 -0.065422

seq-01/frame-000194.color.png 0.843516 -0.911611 0.994631 0.943547 -0.151985 -0.286557 -0.066880

seq-01/frame-000195.color.png 0.854484 -0.911967 1.006201 0.941840 -0.151590 -0.292233 -0.067273

seq-01/frame-000196.color.png 0.867380 -0.915196 1.020374 0.939404 -0.152143 -0.299341 -0.068805

seq-01/frame-000197.color.png 0.879493 -0.914629 1.031885 0.938162 -0.151147 -0.303514 -0.069674

seq-01/frame-000198.color.png 0.890135 -0.914132 1.043206 0.936908 -0.151478 -0.306628 -0.072150

seq-01/frame-000199.color.png 0.899174 -0.922019 1.056775 0.934361 -0.154111 -0.312409 -0.074748

seq-01/frame-000200.color.png 0.912009 -0.925800 1.071491 0.932228 -0.155515 -0.318355 -0.073369

seq-01/frame-000201.color.png 0.921420 -0.928099 1.083424 0.930638 -0.157129 -0.322268 -0.073037

seq-01/frame-000202.color.png 0.929947 -0.933938 1.096753 0.928743 -0.158257 -0.326915 -0.074060

seq-01/frame-000203.color.png 0.940381 -0.937573 1.109670 0.927223 -0.158159 -0.330935 -0.075444

seq-01/frame-000204.color.png 0.948676 -0.942333 1.121961 0.925815 -0.159910 -0.333763 -0.076579

seq-01/frame-000205.color.png 0.955168 -0.951971 1.135284 0.923272 -0.162065 -0.339672 -0.076769

seq-01/frame-000206.color.png 0.964396 -0.953007 1.148547 0.920672 -0.161565 -0.346711 -0.077577

seq-01/frame-000207.color.png 0.969071 -0.957594 1.160942 0.918221 -0.161562 -0.352333 -0.081216

seq-01/frame-000208.color.png 0.975927 -0.965136 1.174878 0.916068 -0.160640 -0.357395 -0.085147

seq-01/frame-000209.color.png 0.978088 -0.967543 1.184464 0.914668 -0.159902 -0.360884 -0.086854

seq-01/frame-000210.color.png 0.983496 -0.973655 1.197926 0.912318 -0.161545 -0.365823 -0.087859

seq-01/frame-000211.color.png 0.985963 -0.982611 1.210686 0.910354 -0.162983 -0.370052 -0.087858

seq-01/frame-000212.color.png 0.988654 -0.981796 1.219428 0.909812 -0.159860 -0.372221 -0.090022

seq-01/frame-000213.color.png 0.988302 -0.986496 1.228745 0.908634 -0.159612 -0.374009 -0.094821

seq-01/frame-000214.color.png 0.987735 -0.993743 1.238636 0.907247 -0.160508 -0.376267 -0.097620

seq-01/frame-000215.color.png 0.987608 -0.997077 1.248611 0.906147 -0.161313 -0.378191 -0.099055

seq-01/frame-000216.color.png 0.987979 -1.005779 1.271020 0.903061 -0.163075 -0.383971 -0.102070

seq-01/frame-000217.color.png 0.984271 -1.010261 1.280893 0.901542 -0.165850 -0.386446 -0.101685

seq-01/frame-000218.color.png 0.983247 -1.013251 1.292202 0.900095 -0.168615 -0.388565 -0.101881

seq-01/frame-000219.color.png 0.977515 -1.018668 1.300857 0.898626 -0.171378 -0.390563 -0.102600

seq-01/frame-000220.color.png 0.974497 -1.024597 1.312321 0.896717 -0.172771 -0.393866 -0.104320

seq-01/frame-000221.color.png 0.965417 -1.035810 1.332252 0.895006 -0.173015 -0.396730 -0.107706

seq-01/frame-000222.color.png 0.958769 -1.040333 1.339733 0.894152 -0.172598 -0.398688 -0.108236

seq-01/frame-000223.color.png 0.953252 -1.048821 1.348881 0.891769 -0.174630 -0.403230 -0.107809

seq-01/frame-000224.color.png 0.947230 -1.052532 1.359321 0.889475 -0.174700 -0.408751 -0.105838

seq-01/frame-000225.color.png 0.937736 -1.056681 1.368956 0.887886 -0.173727 -0.412732 -0.105323

seq-01/frame-000226.color.png 0.929001 -1.058730 1.377541 0.886534 -0.170459 -0.416302 -0.107972

seq-01/frame-000227.color.png 0.909362 -1.070504 1.397187 0.883413 -0.167698 -0.422530 -0.113539

seq-01/frame-000228.color.png 0.896849 -1.075750 1.405108 0.881600 -0.167545 -0.426545 -0.112839

seq-01/frame-000229.color.png 0.885435 -1.076777 1.413696 0.878449 -0.166478 -0.433422 -0.112791

seq-01/frame-000230.color.png 0.873523 -1.077265 1.422208 0.875611 -0.165959 -0.439316 -0.112814

seq-01/frame-000231.color.png 0.861736 -1.080854 1.432711 0.872681 -0.165916 -0.444916 -0.113634

seq-01/frame-000232.color.png 0.850228 -1.083595 1.442634 0.869363 -0.165865 -0.451418 -0.113495

seq-01/frame-000233.color.png 0.826319 -1.081800 1.460990 0.863522 -0.165597 -0.463134 -0.111249

seq-01/frame-000234.color.png 0.813952 -1.084302 1.470102 0.860707 -0.167888 -0.467350 -0.112000

seq-01/frame-000235.color.png 0.801652 -1.087898 1.479052 0.857852 -0.168832 -0.471858 -0.113567

seq-01/frame-000236.color.png 0.791197 -1.088499 1.487428 0.855200 -0.168303 -0.476304 -0.115778

seq-01/frame-000237.color.png 0.766579 -1.098267 1.509084 0.848710 -0.170092 -0.487132 -0.115860

seq-01/frame-000238.color.png 0.753574 -1.097126 1.514574 0.845466 -0.170011 -0.492616 -0.116511

seq-01/frame-000239.color.png 0.740344 -1.099655 1.524132 0.841140 -0.171703 -0.498990 -0.118204

seq-01/frame-000240.color.png 0.725985 -1.101962 1.533868 0.837344 -0.172711 -0.504699 -0.119441

seq-01/frame-000241.color.png 0.711866 -1.100550 1.540628 0.834505 -0.172836 -0.508899 -0.121295

seq-01/frame-000242.color.png 0.697612 -1.108470 1.554340 0.830238 -0.175673 -0.514352 -0.123478

seq-01/frame-000243.color.png 0.668359 -1.112408 1.575956 0.823139 -0.176191 -0.525133 -0.124879

seq-01/frame-000244.color.png 0.651387 -1.116735 1.586084 0.818949 -0.177067 -0.530994 -0.126391

seq-01/frame-000245.color.png 0.635728 -1.120194 1.597302 0.814462 -0.176416 -0.537995 -0.126687

seq-01/frame-000246.color.png 0.620084 -1.119610 1.605695 0.810854 -0.174765 -0.543940 -0.126737

seq-01/frame-000247.color.png 0.587713 -1.124772 1.625606 0.802900 -0.171819 -0.555756 -0.130095

seq-01/frame-000248.color.png 0.571666 -1.125416 1.633208 0.799277 -0.170425 -0.560982 -0.131795

seq-01/frame-000249.color.png 0.555976 -1.131077 1.643773 0.795022 -0.169374 -0.566685 -0.134458

seq-01/frame-000250.color.png 0.527595 -1.137496 1.662735 0.787488 -0.165970 -0.577922 -0.135210

seq-01/frame-000251.color.png 0.513665 -1.139996 1.669941 0.784644 -0.167226 -0.581940 -0.132939

seq-01/frame-000252.color.png 0.499474 -1.143798 1.680862 0.780882 -0.167578 -0.587087 -0.132010

seq-01/frame-000253.color.png 0.468507 -1.151135 1.696208 0.774725 -0.164406 -0.595270 -0.135584

seq-01/frame-000254.color.png 0.453454 -1.159375 1.704241 0.772404 -0.163442 -0.598615 -0.135262

seq-01/frame-000255.color.png 0.439906 -1.163220 1.723961 0.766979 -0.158030 -0.606878 -0.135739

seq-01/frame-000256.color.png 0.423871 -1.166419 1.741252 0.760043 -0.154931 -0.616332 -0.135728

seq-01/frame-000257.color.png 0.391926 -1.172247 1.760994 0.748775 -0.148890 -0.631749 -0.134223

seq-01/frame-000258.color.png 0.375950 -1.170982 1.770263 0.743133 -0.145420 -0.639062 -0.134763

seq-01/frame-000259.color.png 0.359873 -1.173253 1.776964 0.737539 -0.144470 -0.645573 -0.135479

seq-01/frame-000260.color.png 0.330370 -1.166989 1.788070 0.726637 -0.144752 -0.657943 -0.134577

seq-01/frame-000261.color.png 0.314729 -1.163849 1.793998 0.720229 -0.146604 -0.664429 -0.135147

seq-01/frame-000262.color.png 0.298607 -1.164124 1.796695 0.715339 -0.146791 -0.669199 -0.137361

seq-01/frame-000263.color.png 0.265403 -1.164684 1.788733 0.708017 -0.145578 -0.675769 -0.144248

seq-01/frame-000264.color.png 0.249800 -1.163697 1.790775 0.703897 -0.145651 -0.679838 -0.145211

seq-01/frame-000265.color.png 0.235503 -1.160982 1.788719 0.700329 -0.145232 -0.683396 -0.146179

seq-01/frame-000266.color.png 0.206135 -1.152354 1.786344 -0.691429 0.145270 0.692168 0.147227

seq-01/frame-000267.color.png 0.191587 -1.144283 1.777817 -0.687750 0.145092 0.695624 0.148343

seq-01/frame-000268.color.png 0.176223 -1.142063 1.769720 -0.683402 0.145757 0.699160 0.151138

seq-01/frame-000269.color.png 0.159626 -1.139477 1.766815 -0.679315 0.145628 0.702836 0.152631

seq-01/frame-000270.color.png 0.124595 -1.136222 1.764434 -0.671891 0.146470 0.709204 0.155212

seq-01/frame-000271.color.png 0.107496 -1.132948 1.761656 -0.667559 0.145650 0.713573 0.154652

seq-01/frame-000272.color.png 0.090017 -1.129684 1.758008 -0.664335 0.144927 0.716749 0.154525

seq-01/frame-000273.color.png 0.070665 -1.129749 1.748091 -0.661128 0.146154 0.719338 0.155092

seq-01/frame-000274.color.png 0.052347 -1.128586 1.745240 -0.658188 0.146381 0.722108 0.154513

seq-01/frame-000275.color.png 0.016608 -1.125941 1.729184 -0.654165 0.147012 0.725147 0.156745

seq-01/frame-000276.color.png -0.002554 -1.128870 1.723288 -0.651117 0.149865 0.727254 0.156976

seq-01/frame-000277.color.png -0.019643 -1.129271 1.714783 -0.648855 0.150247 0.729427 0.155888

seq-01/frame-000278.color.png -0.035566 -1.128082 1.707479 -0.648007 0.148423 0.730550 0.155909

seq-01/frame-000279.color.png -0.063597 -1.125894 1.692586 -0.649649 0.148374 0.729475 0.154143

seq-01/frame-000280.color.png -0.078246 -1.127711 1.686200 -0.649893 0.149955 0.728914 0.154239

seq-01/frame-000281.color.png -0.090842 -1.127069 1.679825 -0.649448 0.150302 0.729292 0.153984

seq-01/frame-000282.color.png -0.101779 -1.123142 1.673668 -0.650435 0.150770 0.728179 0.154629

seq-01/frame-000283.color.png -0.113132 -1.124295 1.666681 -0.652355 0.152614 0.725493 0.157329

seq-01/frame-000284.color.png -0.135000 -1.123482 1.655611 -0.655169 0.153323 0.722788 0.157396

seq-01/frame-000285.color.png -0.145132 -1.120788 1.649815 -0.656158 0.154854 0.721647 0.157016

seq-01/frame-000286.color.png -0.155311 -1.120422 1.642975 -0.657341 0.156707 0.720118 0.157244

seq-01/frame-000287.color.png -0.166440 -1.120850 1.637593 -0.658038 0.156192 0.719359 0.158314

seq-01/frame-000288.color.png -0.177574 -1.119505 1.630300 -0.658433 0.155570 0.718754 0.160025

seq-01/frame-000289.color.png -0.199330 -1.114395 1.618622 -0.657515 0.159043 0.718741 0.160442

seq-01/frame-000290.color.png -0.211240 -1.112921 1.611531 -0.656976 0.161583 0.718172 0.162645

seq-01/frame-000291.color.png -0.223303 -1.112175 1.603867 -0.657610 0.162353 0.716919 0.164826

seq-01/frame-000292.color.png -0.234997 -1.108218 1.597558 -0.658574 0.160800 0.716157 0.165813

seq-01/frame-000293.color.png -0.247139 -1.106408 1.590525 -0.658540 0.159831 0.715861 0.168143

seq-01/frame-000294.color.png -0.259402 -1.104264 1.584173 -0.657419 0.160176 0.716454 0.169673

seq-01/frame-000295.color.png -0.272386 -1.101358 1.577390 -0.656970 0.162165 0.716143 0.170831

seq-01/frame-000296.color.png -0.298718 -1.098954 1.562592 -0.656767 0.163752 0.715664 0.172098

seq-01/frame-000297.color.png -0.312099 -1.095433 1.554930 -0.656007 0.163061 0.716889 0.170550

seq-01/frame-000298.color.png -0.325782 -1.092677 1.547077 -0.655071 0.165256 0.717043 0.171387

seq-01/frame-000299.color.png -0.339064 -1.091710 1.538691 -0.653888 0.168210 0.717184 0.172436

seq-01/frame-000300.color.png -0.366197 -1.085434 1.524316 -0.651338 0.170232 0.719115 0.172059

seq-01/frame-000301.color.png -0.380366 -1.084815 1.515421 -0.649330 0.169731 0.720941 0.172499

seq-01/frame-000302.color.png -0.393442 -1.082220 1.508503 -0.645676 0.169267 0.724684 0.170984

seq-01/frame-000303.color.png -0.405941 -1.078315 1.499095 -0.643426 0.169413 0.726969 0.169615

seq-01/frame-000304.color.png -0.419935 -1.078417 1.493489 -0.642230 0.169916 0.727533 0.171218

seq-01/frame-000305.color.png -0.432966 -1.076261 1.486148 -0.640902 0.169274 0.728869 0.171147

seq-01/frame-000306.color.png -0.446269 -1.074018 1.478454 -0.639303 0.170333 0.730066 0.170976

seq-01/frame-000307.color.png -0.459886 -1.073375 1.469689 -0.638455 0.171803 0.730250 0.171885

seq-01/frame-000308.color.png -0.472606 -1.071672 1.461180 -0.638054 0.172287 0.730407 0.172221

seq-01/frame-000309.color.png -0.497890 -1.068098 1.441507 -0.638360 0.172432 0.729461 0.174931

seq-01/frame-000310.color.png -0.509816 -1.067331 1.434908 -0.639535 0.171036 0.728736 0.175032

seq-01/frame-000311.color.png -0.522158 -1.065118 1.424014 -0.639914 0.169841 0.728907 0.174096

seq-01/frame-000312.color.png -0.534509 -1.065866 1.415964 -0.640369 0.169615 0.728721 0.173418

seq-01/frame-000313.color.png -0.544973 -1.063427 1.406783 -0.640558 0.168990 0.729010 0.172112

seq-01/frame-000314.color.png -0.555902 -1.062256 1.397124 -0.640706 0.167603 0.729209 0.172074

seq-01/frame-000315.color.png -0.565590 -1.060265 1.387401 -0.641692 0.165312 0.728448 0.173831

seq-01/frame-000316.color.png -0.575217 -1.058626 1.378741 -0.642960 0.164026 0.727182 0.175655

seq-01/frame-000317.color.png -0.584688 -1.057410 1.366466 -0.644604 0.162964 0.725338 0.178224

seq-01/frame-000318.color.png -0.593732 -1.056424 1.355820 -0.644969 0.162811 0.724346 0.181050

seq-01/frame-000319.color.png -0.601065 -1.053161 1.346834 -0.645011 0.161249 0.724013 0.183616

seq-01/frame-000320.color.png -0.613829 -1.047848 1.326814 -0.650869 0.153714 0.719586 0.186777

seq-01/frame-000321.color.png -0.619539 -1.045919 1.317676 -0.654004 0.151745 0.717274 0.186329

seq-01/frame-000322.color.png -0.624696 -1.042956 1.306182 -0.656906 0.150066 0.715248 0.185269

seq-01/frame-000323.color.png -0.629833 -1.040493 1.296498 -0.660084 0.149141 0.712929 0.183646

seq-01/frame-000324.color.png -0.634433 -1.037116 1.283706 -0.662986 0.147876 0.710851 0.182270

seq-01/frame-000325.color.png -0.638253 -1.034529 1.273516 -0.666443 0.147230 0.708309 0.180066

seq-01/frame-000326.color.png -0.641675 -1.031502 1.263478 -0.671575 0.145861 0.704224 0.178121

seq-01/frame-000327.color.png -0.644690 -1.027606 1.247707 -0.678630 0.142477 0.698312 0.177392

seq-01/frame-000328.color.png -0.646976 -1.024453 1.234420 -0.684676 0.141260 0.693135 0.175429

seq-01/frame-000329.color.png -0.648865 -1.020736 1.219332 0.690477 -0.141329 -0.688020 -0.172750

seq-01/frame-000330.color.png -0.650364 -1.016707 1.205875 0.695989 -0.141692 -0.683175 -0.169536

seq-01/frame-000331.color.png -0.651496 -1.011702 1.192333 0.702599 -0.141553 -0.677183 -0.166396

seq-01/frame-000332.color.png -0.652866 -1.007288 1.177144 0.710351 -0.140784 -0.669680 -0.164496

seq-01/frame-000333.color.png -0.653945 -1.002661 1.162379 0.717683 -0.140426 -0.662531 -0.161903

seq-01/frame-000334.color.png -0.657727 -0.992796 1.129442 0.729688 -0.145802 -0.649237 -0.157285

seq-01/frame-000335.color.png -0.659656 -0.988544 1.116756 0.735024 -0.149266 -0.642963 -0.154946

seq-01/frame-000336.color.png -0.661522 -0.984357 1.102087 0.740675 -0.152043 -0.636313 -0.152770

seq-01/frame-000337.color.png -0.663264 -0.980338 1.088541 0.746094 -0.154877 -0.629872 -0.150229

seq-01/frame-000338.color.png -0.665299 -0.977613 1.074852 0.752409 -0.155167 -0.622659 -0.148494

seq-01/frame-000339.color.png -0.667116 -0.974922 1.061900 0.759725 -0.155221 -0.613951 -0.147447

seq-01/frame-000340.color.png -0.668457 -0.971743 1.046883 0.766294 -0.154891 -0.606292 -0.145479

seq-01/frame-000341.color.png -0.669881 -0.968873 1.034010 0.771239 -0.156263 -0.600293 -0.142733

seq-01/frame-000342.color.png -0.671005 -0.966029 1.023004 0.775901 -0.157996 -0.594530 -0.139648

seq-01/frame-000343.color.png -0.672552 -0.964446 1.013545 0.780086 -0.159260 -0.589360 -0.136786

seq-01/frame-000344.color.png -0.674471 -0.963339 1.003773 0.784286 -0.159998 -0.584002 -0.134869

seq-01/frame-000345.color.png -0.676284 -0.961635 0.995266 0.789067 -0.160277 -0.577767 -0.133506

seq-01/frame-000346.color.png -0.678050 -0.959701 0.987836 0.793611 -0.160498 -0.571714 -0.132354

seq-01/frame-000347.color.png -0.680171 -0.957878 0.979719 0.797612 -0.161826 -0.566026 -0.131127

seq-01/frame-000348.color.png -0.682296 -0.956112 0.972421 0.801029 -0.163447 -0.561067 -0.129597

seq-01/frame-000349.color.png -0.684910 -0.955357 0.967566 0.804073 -0.165113 -0.556675 -0.127557

seq-01/frame-000350.color.png -0.687962 -0.954655 0.962753 0.807711 -0.166713 -0.551486 -0.125007

seq-01/frame-000351.color.png -0.691605 -0.954977 0.958659 0.811557 -0.167168 -0.546140 -0.122943

seq-01/frame-000352.color.png -0.695746 -0.955478 0.954463 0.816075 -0.166766 -0.539793 -0.121612

seq-01/frame-000353.color.png -0.703425 -0.951627 0.949788 0.824783 -0.165874 -0.527254 -0.119067

seq-01/frame-000354.color.png -0.708405 -0.950667 0.948997 0.828712 -0.166083 -0.521708 -0.115882

seq-01/frame-000355.color.png -0.713163 -0.947676 0.948787 0.832298 -0.166843 -0.516303 -0.113266

seq-01/frame-000356.color.png -0.719159 -0.949425 0.950774 0.835238 -0.167308 -0.511773 -0.111482

seq-01/frame-000357.color.png -0.724581 -0.949970 0.954767 0.838469 -0.165524 -0.507610 -0.108896

seq-01/frame-000358.color.png -0.731010 -0.948562 0.957086 0.842383 -0.163473 -0.502118 -0.107244

seq-01/frame-000359.color.png -0.737371 -0.948349 0.959174 0.845335 -0.161144 -0.498181 -0.105886

seq-01/frame-000360.color.png -0.744747 -0.948829 0.962473 0.848176 -0.158942 -0.494708 -0.102740

seq-01/frame-000361.color.png -0.752278 -0.949335 0.966896 0.850764 -0.157223 -0.491159 -0.100991

seq-01/frame-000362.color.png -0.760139 -0.950164 0.972247 0.853426 -0.155293 -0.487344 -0.099999

seq-01/frame-000363.color.png -0.768191 -0.951361 0.976456 0.856204 -0.152570 -0.483410 -0.099536

seq-01/frame-000364.color.png -0.783474 -0.953705 0.987527 0.860295 -0.149150 -0.477758 -0.096690

seq-01/frame-000365.color.png -0.791434 -0.955374 0.993706 0.862038 -0.147648 -0.475550 -0.094334

seq-01/frame-000366.color.png -0.799344 -0.958877 1.000764 0.863732 -0.146323 -0.473209 -0.092658

seq-01/frame-000367.color.png -0.805908 -0.958663 1.007529 0.865663 -0.143599 -0.470888 -0.090709

seq-01/frame-000368.color.png -0.813483 -0.962958 1.013124 0.867674 -0.141813 -0.467792 -0.090316

seq-01/frame-000369.color.png -0.820768 -0.964458 1.018830 0.869284 -0.139210 -0.466143 -0.087369

seq-01/frame-000370.color.png -0.827357 -0.965703 1.023771 0.870637 -0.136494 -0.464875 -0.084897

seq-01/frame-000371.color.png -0.834647 -0.969232 1.029989 0.871804 -0.133921 -0.463656 -0.083683

seq-01/frame-000372.color.png -0.841486 -0.971624 1.035937 0.873559 -0.131027 -0.461552 -0.081560

seq-01/frame-000373.color.png -0.847708 -0.974650 1.042401 0.875375 -0.129660 -0.458930 -0.079033

seq-01/frame-000374.color.png -0.853803 -0.977746 1.048904 0.877211 -0.128376 -0.456127 -0.076969

seq-01/frame-000375.color.png -0.859359 -0.981541 1.055091 0.879453 -0.127286 -0.452296 -0.075799

seq-01/frame-000376.color.png -0.869103 -0.978914 1.063589 0.883916 -0.124378 -0.445059 -0.071423

seq-01/frame-000377.color.png -0.873511 -0.981038 1.068394 0.885685 -0.123014 -0.442008 -0.070815

seq-01/frame-000378.color.png -0.876765 -0.980772 1.071922 0.888011 -0.121825 -0.437599 -0.071121

seq-01/frame-000379.color.png -0.879301 -0.980417 1.075739 0.890278 -0.122700 -0.432793 -0.070688

seq-01/frame-000380.color.png -0.881516 -0.981179 1.078119 0.892851 -0.122249 -0.427853 -0.069062

seq-01/frame-000381.color.png -0.882660 -0.981822 1.080513 0.895917 -0.121437 -0.421837 -0.067792

seq-01/frame-000382.color.png -0.882499 -0.977642 1.082204 0.899107 -0.121460 -0.415139 -0.066863

seq-01/frame-000383.color.png -0.883096 -0.974055 1.082705 0.901808 -0.122713 -0.409247 -0.064478

seq-01/frame-000384.color.png -0.883943 -0.974216 1.082253 0.904271 -0.122074 -0.404658 -0.060009

seq-01/frame-000385.color.png -0.883818 -0.973546 1.080526 0.906927 -0.118764 -0.400280 -0.055779

seq-01/frame-000386.color.png -0.882123 -0.971534 1.078461 0.909751 -0.116224 -0.394787 -0.054280

seq-01/frame-000387.color.png -0.880649 -0.968298 1.069900 0.916315 -0.111355 -0.380708 -0.054635

seq-01/frame-000388.color.png -0.879857 -0.965389 1.064449 0.919690 -0.108215 -0.373607 -0.053236

seq-01/frame-000389.color.png -0.878345 -0.959668 1.058299 0.922313 -0.106742 -0.367985 -0.049886

seq-01/frame-000390.color.png -0.877149 -0.959844 1.052511 0.924193 -0.106781 -0.363591 -0.047165

seq-01/frame-000391.color.png -0.875138 -0.958884 1.045547 0.926765 -0.102682 -0.358729 -0.042826

seq-01/frame-000392.color.png -0.871580 -0.957010 1.038275 0.929509 -0.097616 -0.353435 -0.039050

seq-01/frame-000393.color.png -0.868926 -0.954020 1.029220 0.932398 -0.092521 -0.347612 -0.034603

seq-01/frame-000394.color.png -0.864792 -0.952676 1.020472 0.934938 -0.086825 -0.342811 -0.028091

seq-01/frame-000395.color.png -0.860347 -0.950502 1.011162 0.937186 -0.081285 -0.338453 -0.021942

seq-01/frame-000396.color.png -0.855468 -0.947316 1.001526 0.939108 -0.075381 -0.334729 -0.017538

seq-01/frame-000397.color.png -0.850158 -0.944407 0.990847 0.941473 -0.068968 -0.329516 -0.015748

seq-01/frame-000398.color.png -0.845258 -0.939522 0.981043 0.943951 -0.063219 -0.323668 -0.012527

seq-01/frame-000399.color.png -0.839551 -0.936410 0.971319 0.945793 -0.059602 -0.319046 -0.009517

seq-01/frame-000400.color.png -0.833773 -0.935231 0.961614 0.947553 -0.055821 -0.314530 -0.007441

seq-01/frame-000401.color.png -0.821682 -0.928683 0.944134 0.950834 -0.052364 -0.305169 -0.001263

seq-01/frame-000402.color.png -0.816227 -0.927939 0.935990 0.952052 -0.051508 -0.301487 0.002613

seq-01/frame-000403.color.png -0.810874 -0.926609 0.927481 0.953363 -0.048634 -0.297725 0.007114

seq-01/frame-000404.color.png -0.805489 -0.924952 0.918137 0.955008 -0.046580 -0.292662 0.009856

seq-01/frame-000405.color.png -0.800167 -0.924654 0.908723 0.957145 -0.044400 -0.285865 0.011848

seq-01/frame-000406.color.png -0.794848 -0.922802 0.900539 0.959071 -0.041842 -0.279589 0.014830

seq-01/frame-000407.color.png -0.788910 -0.922416 0.893087 0.960471 -0.040714 -0.274698 0.018338

seq-01/frame-000408.color.png -0.782500 -0.921636 0.885116 0.961859 -0.040756 -0.269734 0.019148

seq-01/frame-000409.color.png -0.776353 -0.922680 0.877887 0.963633 -0.040693 -0.263435 0.017757

seq-01/frame-000410.color.png -0.769311 -0.921856 0.871069 0.965551 -0.038581 -0.256671 0.017337

seq-01/frame-000411.color.png -0.762840 -0.920698 0.863877 0.967494 -0.037010 -0.249393 0.018615

seq-01/frame-000412.color.png -0.754938 -0.919415 0.858548 0.968918 -0.037527 -0.243601 0.020115

seq-01/frame-000413.color.png -0.747711 -0.919509 0.854006 0.970338 -0.036788 -0.238006 0.020037

seq-01/frame-000414.color.png -0.738116 -0.918617 0.850584 0.971990 -0.036625 -0.231261 0.019237

seq-01/frame-000415.color.png -0.720870 -0.915954 0.844911 0.975036 -0.037825 -0.217758 0.020334

seq-01/frame-000416.color.png -0.711969 -0.916168 0.843123 0.976256 -0.038816 -0.211896 0.021780

seq-01/frame-000417.color.png -0.704346 -0.915720 0.841118 0.977362 -0.040588 -0.206218 0.023423

seq-01/frame-000418.color.png -0.696624 -0.915431 0.839352 0.978437 -0.041667 -0.200635 0.025055

seq-01/frame-000419.color.png -0.688864 -0.914139 0.837412 0.979656 -0.042351 -0.194373 0.025630

seq-01/frame-000420.color.png -0.681131 -0.912857 0.835256 0.980873 -0.043614 -0.187741 0.026382

seq-01/frame-000421.color.png -0.675116 -0.911901 0.833341 0.981947 -0.045735 -0.181275 0.028024

seq-01/frame-000422.color.png -0.665903 -0.910400 0.832387 0.982691 -0.048104 -0.176337 0.029449

seq-01/frame-000423.color.png -0.658542 -0.908483 0.831390 0.983335 -0.049784 -0.171817 0.031780

seq-01/frame-000424.color.png -0.649792 -0.905739 0.830956 0.983903 -0.050720 -0.167898 0.033606

seq-01/frame-000425.color.png -0.641704 -0.903410 0.830590 0.984621 -0.051819 -0.163360 0.033280

seq-01/frame-000426.color.png -0.633252 -0.902085 0.830476 0.985413 -0.052328 -0.158431 0.032869

seq-01/frame-000427.color.png -0.627252 -0.901502 0.829974 0.986220 -0.052721 -0.153205 0.032820

seq-01/frame-000428.color.png -0.619423 -0.900645 0.830072 0.986752 -0.054177 -0.148825 0.034541

seq-01/frame-000429.color.png -0.610411 -0.898431 0.830636 0.987179 -0.054898 -0.145084 0.037041

seq-01/frame-000430.color.png -0.600652 -0.896103 0.831677 0.987876 -0.055248 -0.139761 0.038379

seq-01/frame-000431.color.png -0.591745 -0.893572 0.833001 0.988724 -0.055656 -0.133315 0.038887

seq-01/frame-000432.color.png -0.583610 -0.892337 0.834151 0.989455 -0.056498 -0.127022 0.040127

seq-01/frame-000433.color.png -0.576821 -0.891049 0.835446 0.990093 -0.057604 -0.120885 0.041731

seq-01/frame-000434.color.png -0.568784 -0.890394 0.836754 0.990657 -0.057987 -0.115330 0.043496

seq-01/frame-000435.color.png -0.560549 -0.889267 0.837419 0.991229 -0.058992 -0.109001 0.045403

seq-01/frame-000436.color.png -0.553084 -0.888553 0.838491 0.991586 -0.060850 -0.103599 0.047736

seq-01/frame-000437.color.png -0.544102 -0.887076 0.839666 0.991718 -0.062151 -0.099648 0.051574

seq-01/frame-000438.color.png -0.535239 -0.882895 0.840984 0.991870 -0.063897 -0.095423 0.054430

seq-01/frame-000439.color.png -0.523357 -0.879453 0.842313 0.992153 -0.065326 -0.089731 0.057185

seq-01/frame-000440.color.png -0.515938 -0.877280 0.843071 0.992452 -0.067496 -0.082945 0.059670

seq-01/frame-000441.color.png -0.509673 -0.875927 0.844055 0.992512 -0.071471 -0.077154 0.061770

seq-01/frame-000442.color.png -0.502621 -0.873774 0.844785 0.992465 -0.074588 -0.072308 0.064641

seq-01/frame-000443.color.png -0.494436 -0.869606 0.845942 0.992502 -0.076802 -0.067112 0.067047

seq-01/frame-000444.color.png -0.484737 -0.866879 0.846496 0.992542 -0.079988 -0.061505 0.068095

seq-01/frame-000445.color.png -0.477137 -0.864123 0.846425 0.992582 -0.082384 -0.056269 0.069167

seq-01/frame-000446.color.png -0.468283 -0.860830 0.846563 0.992635 -0.083944 -0.051353 0.070348

seq-01/frame-000447.color.png -0.458469 -0.857590 0.846133 0.992722 -0.086141 -0.045631 0.070413

seq-01/frame-000448.color.png -0.450349 -0.855236 0.845420 0.992877 -0.087580 -0.039650 0.070073

seq-01/frame-000449.color.png -0.442700 -0.852034 0.844129 0.993094 -0.088548 -0.032028 0.069668

seq-01/frame-000450.color.png -0.433577 -0.850440 0.842704 0.993070 -0.090071 -0.025178 0.070872

seq-01/frame-000451.color.png -0.424170 -0.849401 0.840712 0.992917 -0.091014 -0.017879 0.073949

seq-01/frame-000452.color.png -0.414975 -0.846903 0.838739 0.992704 -0.091934 -0.010101 0.077079

seq-01/frame-000453.color.png -0.409431 -0.844694 0.836432 0.992430 -0.092242 -0.001860 0.080791

seq-01/frame-000454.color.png -0.404171 -0.842412 0.833571 0.992290 -0.091033 0.006704 0.083582

seq-01/frame-000455.color.png -0.400449 -0.841819 0.830432 0.991892 -0.091117 0.016262 0.086834

seq-01/frame-000456.color.png -0.397606 -0.840694 0.827545 0.991338 -0.091250 0.024533 0.090973

seq-01/frame-000457.color.png -0.393992 -0.840657 0.825101 0.990865 -0.090397 0.032618 0.094380

seq-01/frame-000458.color.png -0.391094 -0.839018 0.822286 0.990402 -0.089433 0.041655 0.096571

seq-01/frame-000459.color.png -0.391173 -0.838889 0.819340 0.989674 -0.089809 0.051319 0.099007

seq-01/frame-000460.color.png -0.389192 -0.838115 0.816314 0.988823 -0.089220 0.060711 0.102659

seq-01/frame-000461.color.png -0.387093 -0.836769 0.813079 0.987807 -0.088425 0.070400 0.106852

seq-01/frame-000462.color.png -0.386672 -0.835748 0.809660 0.986574 -0.088657 0.080351 0.110961

seq-01/frame-000463.color.png -0.383895 -0.833324 0.806003 0.985415 -0.088384 0.089593 0.114346

seq-01/frame-000464.color.png -0.386555 -0.833989 0.802730 0.984099 -0.089114 0.099751 0.116674

seq-01/frame-000465.color.png -0.382545 -0.832070 0.799518 0.982951 -0.088965 0.107898 0.119189

seq-01/frame-000466.color.png -0.383812 -0.831619 0.797302 0.981634 -0.089001 0.115914 0.122446

seq-01/frame-000467.color.png -0.384496 -0.829337 0.793929 0.980178 -0.089201 0.124086 0.125908

seq-01/frame-000468.color.png -0.385772 -0.828623 0.791057 0.978662 -0.090240 0.132185 0.128684

seq-01/frame-000469.color.png -0.384982 -0.827545 0.788697 0.977214 -0.090640 0.140218 0.130886

seq-01/frame-000470.color.png -0.383321 -0.825444 0.785377 0.975782 -0.091486 0.147449 0.133020

seq-01/frame-000471.color.png -0.382430 -0.823274 0.782652 0.974397 -0.091884 0.154293 0.135113

seq-01/frame-000472.color.png -0.380018 -0.823424 0.780045 0.972909 -0.092315 0.161860 0.136681

seq-01/frame-000473.color.png -0.380479 -0.821407 0.776640 0.971457 -0.092321 0.170136 0.136956

seq-01/frame-000474.color.png -0.380713 -0.819820 0.774207 0.969902 -0.092252 0.178272 0.137671

seq-01/frame-000475.color.png -0.380824 -0.821035 0.771210 0.968482 -0.091343 0.185038 0.139336

seq-01/frame-000476.color.png -0.379371 -0.818260 0.767433 0.967318 -0.090367 0.190961 0.140062

seq-01/frame-000477.color.png -0.379802 -0.817011 0.764677 0.966004 -0.090588 0.197395 0.140069

seq-01/frame-000478.color.png -0.379159 -0.817003 0.761949 0.964693 -0.089693 0.203753 0.140577

seq-01/frame-000479.color.png -0.377488 -0.814839 0.757866 0.963451 -0.088217 0.209706 0.141273

seq-01/frame-000480.color.png -0.375334 -0.814478 0.754662 0.962062 -0.088035 0.215837 0.141618

seq-01/frame-000481.color.png -0.374591 -0.813934 0.751477 0.960446 -0.087905 0.222664 0.142095

seq-01/frame-000482.color.png -0.373567 -0.810295 0.747410 0.958848 -0.086765 0.229197 0.143196

seq-01/frame-000483.color.png -0.372485 -0.810375 0.743717 0.957166 -0.087279 0.234705 0.145198

seq-01/frame-000484.color.png -0.370394 -0.809166 0.739225 0.955768 -0.087744 0.240036 0.145414

seq-01/frame-000485.color.png -0.368975 -0.808534 0.735076 0.954039 -0.088483 0.247107 0.144473

seq-01/frame-000486.color.png -0.369844 -0.806670 0.731009 0.951987 -0.088908 0.254575 0.144780

seq-01/frame-000487.color.png -0.369569 -0.804425 0.726919 0.950066 -0.089183 0.260793 0.146156

seq-01/frame-000488.color.png -0.369092 -0.803603 0.723069 0.948068 -0.090030 0.267148 0.147128

seq-01/frame-000489.color.png -0.368440 -0.805696 0.719248 0.945882 -0.090773 0.273943 0.148242

seq-01/frame-000490.color.png -0.368660 -0.804069 0.715530 0.943759 -0.089844 0.280821 0.149462

seq-01/frame-000491.color.png -0.370281 -0.803553 0.711639 0.941639 -0.089342 0.287063 0.151266

seq-01/frame-000492.color.png -0.372084 -0.802260 0.708027 0.939539 -0.089266 0.293102 0.152783

seq-01/frame-000493.color.png -0.369713 -0.803287 0.700689 0.934990 -0.089917 0.306051 0.154899

seq-01/frame-000494.color.png -0.369513 -0.803234 0.696654 0.932915 -0.089588 0.312026 0.155674

seq-01/frame-000495.color.png -0.370038 -0.804296 0.691257 0.930968 -0.089242 0.317485 0.156492

seq-01/frame-000496.color.png -0.369172 -0.801349 0.686903 0.928889 -0.088848 0.323406 0.156943

seq-01/frame-000497.color.png -0.367477 -0.800891 0.677321 0.924368 -0.087218 0.334439 0.161367

seq-01/frame-000498.color.png -0.368944 -0.799095 0.672895 0.922012 -0.086301 0.340522 0.162608

seq-01/frame-000499.color.png -0.368231 -0.798006 0.666899 0.919739 -0.086085 0.346070 0.163880

seq-01/frame-000500.color.png -0.366935 -0.792571 0.656417 0.914714 -0.084364 0.358192 0.166825

seq-01/frame-000501.color.png -0.369610 -0.793562 0.654620 0.911895 -0.084114 0.364071 0.169635

seq-01/frame-000502.color.png -0.373595 -0.794127 0.651847 0.909071 -0.082402 0.370173 0.172399

seq-01/frame-000503.color.png -0.375901 -0.789244 0.642144 0.903945 -0.080648 0.382024 0.174321

seq-01/frame-000504.color.png -0.381974 -0.788218 0.641886 0.900877 -0.079838 0.388729 0.175745

seq-01/frame-000505.color.png -0.388660 -0.783547 0.642266 0.898181 -0.078943 0.394584 0.176896

seq-01/frame-000506.color.png -0.393679 -0.785064 0.642758 0.892850 -0.079496 0.405057 0.179937

seq-01/frame-000507.color.png -0.396895 -0.784632 0.643943 0.890254 -0.079047 0.410451 0.180773

seq-01/frame-000508.color.png -0.399624 -0.784745 0.644683 0.887772 -0.078875 0.415273 0.182036

seq-01/frame-000509.color.png -0.401266 -0.789006 0.646662 0.882773 -0.079294 0.424885 0.183972

seq-01/frame-000510.color.png -0.403013 -0.788114 0.648296 0.880415 -0.078754 0.429538 0.184696

seq-01/frame-000511.color.png -0.402845 -0.789986 0.650463 0.876182 -0.079176 0.437502 0.185947

seq-01/frame-000512.color.png -0.401345 -0.787776 0.650736 0.874232 -0.078969 0.441169 0.186546

seq-01/frame-000513.color.png -0.399613 -0.786635 0.651453 0.872350 -0.079250 0.444119 0.188233

seq-01/frame-000514.color.png -0.393534 -0.787235 0.652054 0.869012 -0.082478 0.448916 0.190885

seq-01/frame-000515.color.png -0.389074 -0.788122 0.652124 0.867388 -0.083428 0.451946 0.190711

seq-01/frame-000516.color.png -0.379863 -0.787622 0.654228 0.864384 -0.084977 0.457671 0.190010

seq-01/frame-000517.color.png -0.373370 -0.788670 0.654756 0.863026 -0.084781 0.459933 0.190807

seq-01/frame-000518.color.png -0.366891 -0.785699 0.653114 0.861734 -0.083697 0.462290 0.191425

seq-01/frame-000519.color.png -0.353093 -0.784031 0.651655 0.858371 -0.083176 0.466862 0.195620

seq-01/frame-000520.color.png -0.344858 -0.786214 0.648146 0.856569 -0.083284 0.469403 0.197384

seq-01/frame-000521.color.png -0.326072 -0.790821 0.646986 0.851810 -0.080452 0.477500 0.199719

seq-01/frame-000522.color.png -0.318336 -0.786396 0.646329 0.849234 -0.077290 0.482423 0.200106

seq-01/frame-000523.color.png -0.310741 -0.784012 0.646402 0.846318 -0.075987 0.487257 0.201242

seq-01/frame-000524.color.png -0.290047 -0.791625 0.642313 0.841808 -0.074156 0.494070 0.204207

seq-01/frame-000525.color.png -0.282550 -0.788638 0.644382 0.839131 -0.071687 0.499463 0.202979

seq-01/frame-000526.color.png -0.264543 -0.789950 0.644335 0.835565 -0.067292 0.505936 0.203169

seq-01/frame-000527.color.png -0.256369 -0.787991 0.646057 0.834164 -0.066243 0.509016 0.201568

seq-01/frame-000528.color.png -0.246757 -0.790927 0.646114 0.832946 -0.066802 0.511337 0.200543

seq-01/frame-000529.color.png -0.229634 -0.788480 0.646523 0.830999 -0.065272 0.515736 0.197839

seq-01/frame-000530.color.png -0.220798 -0.788887 0.647147 0.829888 -0.065770 0.517762 0.197047

seq-01/frame-000531.color.png -0.210163 -0.790648 0.646010 0.828864 -0.065771 0.519404 0.197033

seq-01/frame-000532.color.png -0.193377 -0.788843 0.646085 0.827081 -0.066850 0.522580 0.195758

seq-01/frame-000533.color.png -0.186064 -0.787926 0.648936 0.825754 -0.067753 0.525026 0.194503

seq-01/frame-000534.color.png -0.176083 -0.789066 0.648929 0.824985 -0.069660 0.526299 0.193650

seq-01/frame-000535.color.png -0.160949 -0.786372 0.648550 0.823059 -0.072310 0.529456 0.192264

seq-01/frame-000536.color.png -0.153265 -0.787121 0.649472 0.821506 -0.074422 0.531663 0.192007

seq-01/frame-000537.color.png -0.145064 -0.788510 0.650042 0.820005 -0.076157 0.532994 0.194044

seq-01/frame-000538.color.png -0.135482 -0.794303 0.647929 0.818561 -0.076290 0.533719 0.198052

seq-01/frame-000539.color.png -0.128736 -0.795847 0.647060 0.817237 -0.073945 0.535459 0.199705

seq-01/frame-000540.color.png -0.114602 -0.801847 0.645922 0.813939 -0.071586 0.540862 0.199474

seq-01/frame-000541.color.png -0.107847 -0.803781 0.643381 0.812610 -0.069162 0.543980 0.197254

seq-01/frame-000542.color.png -0.094469 -0.806709 0.644856 0.808377 -0.065855 0.551313 0.195412

seq-01/frame-000543.color.png -0.086809 -0.810535 0.645962 0.806669 -0.063595 0.553666 0.196562

seq-01/frame-000544.color.png -0.080076 -0.812742 0.648079 0.805993 -0.060975 0.554415 0.198050

seq-01/frame-000545.color.png -0.065818 -0.816427 0.648883 0.803750 -0.056805 0.557901 0.198613

seq-01/frame-000546.color.png -0.058974 -0.818978 0.651276 0.802046 -0.054960 0.561460 0.195976

seq-01/frame-000547.color.png -0.051589 -0.818790 0.653869 0.800718 -0.054050 0.564280 0.193540

seq-01/frame-000548.color.png -0.036704 -0.823190 0.660617 0.796213 -0.050795 0.571842 0.190794

seq-01/frame-000549.color.png -0.029608 -0.822456 0.663635 0.793134 -0.049842 0.576767 0.189036

seq-01/frame-000550.color.png -0.021803 -0.823521 0.667283 0.789271 -0.050269 0.582108 0.188719

seq-01/frame-000551.color.png -0.004217 -0.827460 0.673715 0.779723 -0.054793 0.593629 0.191241

seq-01/frame-000552.color.png 0.005541 -0.831815 0.675899 0.775132 -0.058917 0.598925 0.192164

seq-01/frame-000553.color.png 0.014353 -0.835612 0.679112 0.770320 -0.060991 0.605107 0.191498

seq-01/frame-000554.color.png 0.022025 -0.837461 0.682788 0.766023 -0.063633 0.610458 0.190889

seq-01/frame-000555.color.png 0.039848 -0.849721 0.688733 0.759411 -0.072777 0.615720 0.197041

seq-01/frame-000556.color.png 0.047727 -0.856512 0.693323 0.755885 -0.078536 0.618336 0.200170

seq-01/frame-000557.color.png 0.055469 -0.864136 0.695356 0.753570 -0.085100 0.619398 0.202915

seq-01/frame-000558.color.png 0.063225 -0.873268 0.696390 0.752961 -0.089342 0.618692 0.205485

seq-01/frame-000559.color.png 0.076029 -0.885848 0.698054 0.750496 -0.095712 0.620376 0.206555

seq-01/frame-000560.color.png 0.083068 -0.893070 0.697790 0.747963 -0.100348 0.622285 0.207796

seq-01/frame-000561.color.png 0.089679 -0.900894 0.700009 0.744918 -0.102841 0.625453 0.208006

seq-01/frame-000562.color.png 0.094944 -0.905846 0.703481 0.743767 -0.105978 0.625709 0.209769

seq-01/frame-000563.color.png 0.101037 -0.911972 0.703963 0.744065 -0.111306 0.623170 0.213480

seq-01/frame-000564.color.png 0.107675 -0.919449 0.704697 0.743838 -0.115981 0.621521 0.216565

seq-01/frame-000565.color.png 0.119523 -0.933857 0.705045 0.745723 -0.125329 0.615975 0.220681

seq-01/frame-000566.color.png 0.123852 -0.937232 0.704211 0.747234 -0.129297 0.613744 0.219497

seq-01/frame-000567.color.png 0.128939 -0.944017 0.704222 0.748040 -0.134391 0.611973 0.218633

seq-01/frame-000568.color.png 0.132806 -0.948191 0.702576 0.749882 -0.138661 0.608499 0.219353

seq-01/frame-000569.color.png 0.139870 -0.959208 0.699843 0.750631 -0.143810 0.605644 0.221367

seq-01/frame-000570.color.png 0.145548 -0.966761 0.697412 0.751436 -0.145711 0.604214 0.221302

seq-01/frame-000571.color.png 0.148208 -0.969311 0.695306 0.753753 -0.146141 0.599303 0.226433

seq-01/frame-000572.color.png 0.162588 -0.985531 0.684067 0.760548 -0.148366 0.586295 0.236113

seq-01/frame-000573.color.png 0.166512 -0.985731 0.677575 0.764297 -0.149685 0.581836 0.234199

seq-01/frame-000574.color.png 0.171576 -0.988611 0.673128 0.764163 -0.154385 0.582553 0.229758

seq-01/frame-000575.color.png 0.174497 -0.990311 0.672965 0.763470 -0.158833 0.582948 0.228023

seq-01/frame-000576.color.png 0.182724 -0.997136 0.668203 0.765546 -0.162191 0.576813 0.234217

seq-01/frame-000577.color.png 0.194150 -1.006154 0.657864 0.769353 -0.163529 0.569406 0.238889

seq-01/frame-000578.color.png 0.197260 -1.003315 0.653211 0.773482 -0.163096 0.563929 0.238844

seq-01/frame-000579.color.png 0.217124 -1.008482 0.635524 0.780927 -0.169327 0.549659 0.243505

seq-01/frame-000580.color.png 0.227330 -1.012387 0.629611 0.782597 -0.172950 0.547438 0.240582

seq-01/frame-000581.color.png 0.238253 -1.016701 0.621907 0.786022 -0.175595 0.541768 0.240338

seq-01/frame-000582.color.png 0.253185 -1.024393 0.611201 0.790592 -0.177549 0.534260 0.240719

seq-01/frame-000583.color.png 0.272701 -1.023001 0.594334 0.800603 -0.175741 0.521265 0.237428

seq-01/frame-000584.color.png 0.285104 -1.024994 0.587459 0.805245 -0.177987 0.513448 0.237090

seq-01/frame-000585.color.png 0.301765 -1.028891 0.576086 0.810996 -0.180701 0.504902 0.233764

seq-01/frame-000586.color.png 0.314271 -1.027778 0.567343 0.815096 -0.182034 0.500117 0.228704

seq-01/frame-000587.color.png 0.326858 -1.028452 0.561327 0.817934 -0.184142 0.496068 0.225682

seq-01/frame-000588.color.png 0.341117 -1.031646 0.556262 0.822180 -0.186139 0.488526 0.225067

seq-01/frame-000589.color.png 0.356787 -1.031877 0.545453 0.826241 -0.187467 0.482173 0.222781

seq-01/frame-000590.color.png 0.370739 -1.034115 0.538819 0.827515 -0.190309 0.481352 0.217353

seq-01/frame-000591.color.png 0.397434 -1.041311 0.529515 0.830926 -0.191422 0.477662 0.211422

seq-01/frame-000592.color.png 0.408017 -1.041147 0.526127 0.833091 -0.189302 0.474189 0.212626

seq-01/frame-000593.color.png 0.418542 -1.040128 0.522499 0.836784 -0.188144 0.468533 0.211688

seq-01/frame-000594.color.png 0.431454 -1.039856 0.517809 0.840919 -0.187804 0.462263 0.209378

seq-01/frame-000595.color.png 0.443267 -1.041605 0.516050 0.842884 -0.187457 0.459084 0.208779

seq-01/frame-000596.color.png 0.452554 -1.043147 0.518568 0.845532 -0.186725 0.454991 0.207684

seq-01/frame-000597.color.png 0.464099 -1.043941 0.518120 0.850007 -0.187339 0.447610 0.204889

seq-01/frame-000598.color.png 0.476462 -1.047783 0.520359 0.853038 -0.188003 0.442434 0.202913

seq-01/frame-000599.color.png 0.486251 -1.052917 0.524281 0.855999 -0.187028 0.438102 0.200735

seq-01/frame-000600.color.png 0.491191 -1.052062 0.529524 0.860287 -0.184414 0.431892 0.198263

seq-01/frame-000601.color.png 0.497700 -1.053164 0.535635 0.864340 -0.183730 0.424536 0.197156

seq-01/frame-000602.color.png 0.514365 -1.059120 0.544576 0.872847 -0.182186 0.410077 0.191637

seq-01/frame-000603.color.png 0.520998 -1.064933 0.553458 0.876288 -0.181101 0.404190 0.189459

seq-01/frame-000604.color.png 0.526437 -1.068464 0.560047 0.880163 -0.178226 0.397326 0.188739

seq-01/frame-000605.color.png 0.531523 -1.071169 0.567119 0.884220 -0.174709 0.389697 0.188971

seq-01/frame-000606.color.png 0.538896 -1.074466 0.571791 0.888100 -0.171825 0.382961 0.187184

seq-01/frame-000607.color.png 0.541198 -1.073300 0.579621 0.890585 -0.168558 0.380565 0.183192

seq-01/frame-000608.color.png 0.542949 -1.072388 0.587147 0.892295 -0.167252 0.378388 0.180559

seq-01/frame-000609.color.png 0.546961 -1.074588 0.594511 0.893942 -0.166806 0.374601 0.180723

seq-01/frame-000610.color.png 0.553196 -1.077476 0.600833 0.896117 -0.165898 0.369554 0.181175

seq-01/frame-000611.color.png 0.555598 -1.076751 0.608352 0.897726 -0.165434 0.366553 0.179727

seq-01/frame-000612.color.png 0.559650 -1.079305 0.615675 0.898772 -0.166312 0.364339 0.178180

seq-01/frame-000613.color.png 0.565435 -1.082840 0.631240 0.902400 -0.165738 0.356676 0.175872

seq-01/frame-000614.color.png 0.572531 -1.087064 0.636753 0.904992 -0.165132 0.350332 0.175876

seq-01/frame-000615.color.png 0.574992 -1.088708 0.644258 0.907712 -0.162665 0.345710 0.173283

seq-01/frame-000616.color.png 0.574617 -1.089905 0.653881 0.909119 -0.161335 0.344933 0.168637

seq-01/frame-000617.color.png 0.575144 -1.094338 0.664022 0.910201 -0.159601 0.344580 0.165136

seq-01/frame-000618.color.png 0.575107 -1.094483 0.674034 0.912670 -0.155029 0.340416 0.164495

seq-01/frame-000619.color.png 0.575080 -1.095087 0.684158 0.915137 -0.152881 0.335108 0.163697

seq-01/frame-000620.color.png 0.574959 -1.096943 0.695315 0.917380 -0.150772 0.330272 0.162926

seq-01/frame-000621.color.png 0.575034 -1.098100 0.705595 0.919515 -0.148260 0.326755 0.160267

seq-01/frame-000622.color.png 0.572817 -1.097795 0.717218 0.921011 -0.146162 0.324747 0.157665

seq-01/frame-000623.color.png 0.573445 -1.099514 0.727476 0.922797 -0.144425 0.320300 0.157920

seq-01/frame-000624.color.png 0.573365 -1.101480 0.738268 0.925076 -0.141213 0.315057 0.158037

seq-01/frame-000625.color.png 0.570014 -1.104350 0.761829 0.927630 -0.136378 0.312895 0.151475

seq-01/frame-000626.color.png 0.569732 -1.105778 0.773321 0.929060 -0.132567 0.311110 0.149755

seq-01/frame-000627.color.png 0.566468 -1.105178 0.786061 0.930078 -0.129543 0.309463 0.149497

seq-01/frame-000628.color.png 0.565162 -1.106615 0.797331 0.931057 -0.127596 0.307205 0.149733

seq-01/frame-000629.color.png 0.563625 -1.107079 0.808990 0.932659 -0.124276 0.303643 0.149825

seq-01/frame-000630.color.png 0.562351 -1.105995 0.820851 0.934754 -0.120299 0.298356 0.150634

seq-01/frame-000631.color.png 0.560538 -1.106541 0.833609 0.936361 -0.116721 0.294294 0.151452

seq-01/frame-000632.color.png 0.558515 -1.106258 0.845382 0.937986 -0.112524 0.290910 0.151115

seq-01/frame-000633.color.png 0.554239 -1.107245 0.869684 0.939341 -0.105371 0.290971 0.147697

seq-01/frame-000634.color.png 0.550535 -1.105969 0.881966 0.939619 -0.101376 0.291726 0.147238

seq-01/frame-000635.color.png 0.547814 -1.105176 0.894013 0.940227 -0.097628 0.290404 0.148494

seq-01/frame-000636.color.png 0.544299 -1.103730 0.907068 0.941103 -0.093309 0.288192 0.150027

seq-01/frame-000637.color.png 0.541858 -1.102777 0.919077 0.941784 -0.089330 0.286975 0.150504

seq-01/frame-000638.color.png 0.537024 -1.101765 0.932199 0.941951 -0.085981 0.288301 0.148864

seq-01/frame-000639.color.png 0.527283 -1.100384 0.957984 0.941945 -0.079148 0.291109 0.147221

seq-01/frame-000640.color.png 0.522674 -1.098381 0.970554 0.942246 -0.075135 0.290750 0.148104

seq-01/frame-000641.color.png 0.517111 -1.096754 0.983198 0.942711 -0.072601 0.289492 0.148872

seq-01/frame-000642.color.png 0.513643 -1.097712 0.995176 0.943410 -0.069806 0.287297 0.150028

seq-01/frame-000643.color.png 0.509426 -1.099259 1.006325 0.944098 -0.066353 0.286694 0.148415

seq-01/frame-000644.color.png 0.503981 -1.100807 1.017423 0.943933 -0.063334 0.289138 0.146019

seq-01/frame-000645.color.png 0.499098 -1.100357 1.027745 0.943637 -0.059512 0.291096 0.145649

seq-01/frame-000646.color.png 0.488636 -1.098481 1.047536 0.944129 -0.053065 0.288879 0.149317

seq-01/frame-000647.color.png 0.484928 -1.100029 1.056850 0.944671 -0.050700 0.288194 0.148034

seq-01/frame-000648.color.png 0.479729 -1.102286 1.066517 0.944134 -0.050328 0.291976 0.144126

seq-01/frame-000649.color.png 0.475108 -1.101674 1.075221 0.943296 -0.046331 0.296062 0.142608

seq-01/frame-000650.color.png 0.471531 -1.099988 1.084034 0.942923 -0.041733 0.297229 0.144055

seq-01/frame-000651.color.png 0.466890 -1.097659 1.093333 0.942620 -0.039918 0.297528 0.145923

seq-01/frame-000652.color.png 0.461246 -1.099423 1.110698 0.943215 -0.032732 0.295069 0.148832

seq-01/frame-000653.color.png 0.456367 -1.098275 1.120060 0.942744 -0.031265 0.298006 0.146263

seq-01/frame-000654.color.png 0.454138 -1.097501 1.128285 0.942139 -0.029996 0.300390 0.145545

seq-01/frame-000655.color.png 0.450898 -1.096296 1.136607 0.941839 -0.026934 0.301107 0.146600

seq-01/frame-000656.color.png 0.448464 -1.096581 1.145482 0.941839 -0.024668 0.301654 0.145868

seq-01/frame-000657.color.png 0.444265 -1.099394 1.154691 0.941100 -0.022135 0.305897 0.142164

seq-01/frame-000658.color.png 0.440585 -1.097770 1.163389 0.939756 -0.017885 0.311538 0.139374

seq-01/frame-000659.color.png 0.437246 -1.094482 1.171677 0.938713 -0.012020 0.314499 0.140378

seq-01/frame-000660.color.png 0.433355 -1.092342 1.180895 0.938612 -0.006521 0.314546 0.141306

seq-01/frame-000661.color.png 0.425586 -1.092054 1.200222 0.937461 -0.000383 0.320401 0.135843

seq-01/frame-000662.color.png 0.421270 -1.090582 1.210705 0.936126 0.004813 0.324254 0.135820

seq-01/frame-000663.color.png 0.417986 -1.090114 1.220198 0.935314 0.009547 0.326307 0.136248

seq-01/frame-000664.color.png 0.415178 -1.090486 1.229994 0.934700 0.012726 0.327880 0.136422

seq-01/frame-000665.color.png 0.411078 -1.091274 1.240561 0.933949 0.016814 0.330220 0.135471

seq-01/frame-000666.color.png 0.407322 -1.091783 1.251384 0.932809 0.021609 0.333585 0.134399

seq-01/frame-000667.color.png 0.403992 -1.092273 1.261882 0.931343 0.027419 0.337131 0.134656

seq-01/frame-000668.color.png 0.396895 -1.094405 1.282214 0.929080 0.038686 0.342404 0.134218

seq-01/frame-000669.color.png 0.393876 -1.096010 1.292058 0.927548 0.041959 0.346102 0.134343

seq-01/frame-000670.color.png 0.390434 -1.095532 1.302140 0.926548 0.042917 0.348832 0.133885

seq-01/frame-000671.color.png 0.388456 -1.101328 1.311812 0.925835 0.042941 0.350863 0.133494

seq-01/frame-000672.color.png 0.385574 -1.104236 1.321732 0.924884 0.045339 0.353012 0.133631

seq-01/frame-000673.color.png 0.382951 -1.106511 1.331354 0.924243 0.047667 0.354220 0.134058

seq-01/frame-000674.color.png 0.380640 -1.109029 1.340820 0.923790 0.050429 0.355330 0.133234

seq-01/frame-000675.color.png 0.377187 -1.111313 1.350302 0.923044 0.054093 0.357101 0.132223

seq-01/frame-000676.color.png 0.371242 -1.114152 1.367799 0.921785 0.062074 0.357938 0.135204

seq-01/frame-000677.color.png 0.368910 -1.116270 1.375081 0.921371 0.066631 0.358293 0.134914

seq-01/frame-000678.color.png 0.365841 -1.115304 1.382322 0.920476 0.069940 0.360658 0.133040

seq-01/frame-000679.color.png 0.363184 -1.118075 1.389126 0.919182 0.072707 0.364157 0.130948

seq-01/frame-000680.color.png 0.360236 -1.121514 1.395409 0.917502 0.075743 0.367716 0.131070

seq-01/frame-000681.color.png 0.358399 -1.124539 1.402154 0.916105 0.078900 0.369626 0.133577

seq-01/frame-000682.color.png 0.356882 -1.126820 1.408167 0.915826 0.083377 0.368723 0.135260

seq-01/frame-000683.color.png 0.354483 -1.126386 1.413418 0.915806 0.086162 0.368235 0.134977

seq-01/frame-000684.color.png 0.353566 -1.131563 1.417492 0.915195 0.086562 0.370642 0.132251

seq-01/frame-000685.color.png 0.348415 -1.138777 1.428247 0.910818 0.090635 0.381820 0.127865

seq-01/frame-000686.color.png 0.346256 -1.142535 1.433485 0.909477 0.094438 0.383455 0.129748

seq-01/frame-000687.color.png 0.344787 -1.145348 1.437170 0.909139 0.096936 0.383476 0.130215

seq-01/frame-000688.color.png 0.344022 -1.145848 1.440451 0.908627 0.096365 0.385689 0.127652

seq-01/frame-000689.color.png 0.342184 -1.150760 1.444842 0.907232 0.095774 0.389986 0.124930

seq-01/frame-000690.color.png 0.340307 -1.153841 1.448948 0.905809 0.098149 0.392578 0.125292

seq-01/frame-000691.color.png 0.339375 -1.157336 1.452314 0.905018 0.100312 0.393237 0.127218

seq-01/frame-000692.color.png 0.338737 -1.158708 1.455056 0.904856 0.102185 0.393048 0.127459

seq-01/frame-000693.color.png 0.337408 -1.162694 1.458810 0.904237 0.104864 0.394044 0.126600

seq-01/frame-000694.color.png 0.336688 -1.165098 1.460432 0.903743 0.106910 0.394880 0.125805

seq-01/frame-000695.color.png 0.335702 -1.166194 1.461374 0.903197 0.108627 0.396217 0.124037

seq-01/frame-000696.color.png 0.334465 -1.167984 1.462327 0.902286 0.110141 0.398323 0.122583

seq-01/frame-000697.color.png 0.333893 -1.169388 1.463249 0.901401 0.112810 0.399425 0.123081

seq-01/frame-000698.color.png 0.333009 -1.170322 1.463628 0.901101 0.115406 0.398690 0.125233

seq-01/frame-000699.color.png 0.333205 -1.174955 1.460633 0.901468 0.118390 0.397823 0.122538

seq-01/frame-000700.color.png 0.331814 -1.175773 1.460128 0.900421 0.121456 0.399421 0.122033

seq-01/frame-000701.color.png 0.329786 -1.177838 1.459305 0.900121 0.124495 0.398616 0.123802

seq-01/frame-000702.color.png 0.329015 -1.180079 1.456566 0.900904 0.125803 0.395831 0.125709

seq-01/frame-000703.color.png 0.327800 -1.179358 1.453191 0.901985 0.123775 0.394062 0.125521

seq-01/frame-000704.color.png 0.326421 -1.179674 1.450408 0.902248 0.121293 0.394330 0.125219

seq-01/frame-000705.color.png 0.323319 -1.177276 1.448975 0.902607 0.118333 0.393738 0.127306

seq-01/frame-000706.color.png 0.321029 -1.175295 1.442813 0.906396 0.105573 0.387731 0.130015

seq-01/frame-000707.color.png 0.320201 -1.174363 1.439433 0.908013 0.098921 0.384833 0.132550

seq-01/frame-000708.color.png 0.319391 -1.170899 1.436149 0.909967 0.091998 0.381203 0.134605

seq-01/frame-000709.color.png 0.319302 -1.168401 1.431831 0.912123 0.084547 0.377888 0.134247

seq-01/frame-000710.color.png 0.317914 -1.164432 1.427823 0.913841 0.077892 0.376167 0.131396

seq-01/frame-000711.color.png 0.316229 -1.161393 1.423206 0.915199 0.070487 0.375022 0.129379

seq-01/frame-000712.color.png 0.314580 -1.160068 1.418101 0.916408 0.064361 0.373319 0.128939

seq-01/frame-000713.color.png 0.313395 -1.156604 1.412530 0.918296 0.058412 0.370308 0.127005

seq-01/frame-000714.color.png 0.311683 -1.154176 1.405925 0.919691 0.052216 0.368535 0.124752

seq-01/frame-000715.color.png 0.311092 -1.153427 1.399216 0.920759 0.046340 0.367227 0.123038

seq-01/frame-000716.color.png 0.309609 -1.154309 1.392312 0.921547 0.041001 0.366080 0.122450

seq-01/frame-000717.color.png 0.307441 -1.150762 1.376790 0.924046 0.033737 0.360386 0.122723

seq-01/frame-000718.color.png 0.307145 -1.152285 1.368407 0.925672 0.028552 0.356538 0.123022

seq-01/frame-000719.color.png 0.307118 -1.152661 1.360127 0.927002 0.024360 0.353956 0.121360

seq-01/frame-000720.color.png 0.305991 -1.151843 1.352242 0.927981 0.020530 0.352111 0.119947

seq-01/frame-000721.color.png 0.305467 -1.150111 1.343729 0.928929 0.015954 0.350148 0.119045

seq-01/frame-000722.color.png 0.305441 -1.148469 1.334960 0.929910 0.010139 0.347550 0.119633

seq-01/frame-000723.color.png 0.305450 -1.146136 1.326058 0.931557 0.005032 0.342913 0.120520

seq-01/frame-000724.color.png 0.306204 -1.144264 1.310186 0.933999 -0.006769 0.336578 0.119389

seq-01/frame-000725.color.png 0.306361 -1.138654 1.301347 0.935779 -0.011459 0.331985 0.117946

seq-01/frame-000726.color.png 0.304672 -1.136076 1.294206 0.937871 -0.016538 0.326449 0.116165

seq-01/frame-000727.color.png 0.305616 -1.133705 1.285940 0.940021 -0.023100 0.320572 0.114013

seq-01/frame-000728.color.png 0.308250 -1.131255 1.277088 0.942651 -0.030571 0.312559 0.112783

seq-01/frame-000729.color.png 0.311900 -1.131505 1.268431 0.945410 -0.036698 0.304398 0.110156

seq-01/frame-000730.color.png 0.313552 -1.129302 1.261290 0.947404 -0.041973 0.299216 0.105228

seq-01/frame-000731.color.png 0.316252 -1.122486 1.253251 0.949879 -0.045477 0.291773 0.102315

seq-01/frame-000732.color.png 0.327156 -1.113474 1.235518 0.958287 -0.054046 0.263015 0.097613

seq-01/frame-000733.color.png 0.331077 -1.110146 1.231344 0.962042 -0.061944 0.247750 0.095906

seq-01/frame-000734.color.png 0.334038 -1.107931 1.227271 0.965068 -0.068281 0.234518 0.094452

seq-01/frame-000735.color.png 0.338002 -1.103569 1.222763 0.968403 -0.070837 0.220937 0.091132

seq-01/frame-000736.color.png 0.342055 -1.105328 1.219848 0.971158 -0.076214 0.209111 0.085180

seq-01/frame-000737.color.png 0.344947 -1.103025 1.216820 0.972953 -0.080383 0.200672 0.081057

seq-01/frame-000738.color.png 0.348504 -1.099513 1.213916 0.974870 -0.083797 0.190433 0.079256

seq-01/frame-000739.color.png 0.354202 -1.097882 1.212195 0.976412 -0.089559 0.179559 0.079349

seq-01/frame-000740.color.png 0.359504 -1.095700 1.211136 0.977673 -0.095580 0.168296 0.081461

seq-01/frame-000741.color.png 0.364775 -1.093960 1.210304 0.978833 -0.100629 0.158095 0.081881

seq-01/frame-000742.color.png 0.368520 -1.092161 1.209954 0.979902 -0.105215 0.149588 0.079281

seq-01/frame-000743.color.png 0.373753 -1.089649 1.209854 0.980866 -0.109834 0.140929 0.076919

seq-01/frame-000744.color.png 0.379981 -1.085921 1.209947 0.981906 -0.113673 0.130855 0.075869

seq-01/frame-000745.color.png 0.384609 -1.083886 1.210435 0.983113 -0.116990 0.119749 0.073498

seq-01/frame-000746.color.png 0.391156 -1.083603 1.212017 0.984044 -0.121063 0.110202 0.069258

seq-01/frame-000747.color.png 0.396515 -1.082060 1.213914 0.984562 -0.125331 0.102322 0.066329

seq-01/frame-000748.color.png 0.403399 -1.080459 1.216144 0.985019 -0.127991 0.095172 0.065103

seq-01/frame-000749.color.png 0.412159 -1.079018 1.218687 0.985514 -0.130292 0.086850 0.064681

seq-01/frame-000750.color.png 0.421341 -1.079136 1.222342 0.985787 -0.133477 0.080696 0.061930

seq-01/frame-000751.color.png 0.430212 -1.077346 1.225376 0.986270 -0.134369 0.075649 0.058594

seq-01/frame-000752.color.png 0.438797 -1.075352 1.229189 0.986861 -0.134794 0.068315 0.056641

seq-01/frame-000753.color.png 0.450118 -1.073449 1.233434 0.987320 -0.136580 0.058689 0.055139

seq-01/frame-000754.color.png 0.459157 -1.073613 1.238163 0.987590 -0.139518 0.050053 0.051340

seq-01/frame-000755.color.png 0.471510 -1.073251 1.243192 0.987809 -0.142307 0.042177 0.046298

seq-01/frame-000756.color.png 0.483037 -1.072135 1.248375 0.987839 -0.145802 0.033099 0.041941

seq-01/frame-000757.color.png 0.491377 -1.070326 1.253477 0.987754 -0.149463 0.021400 0.038517

seq-01/frame-000758.color.png 0.501555 -1.069326 1.258492 0.987533 -0.153088 0.007614 0.034981

seq-01/frame-000759.color.png 0.512012 -1.069325 1.263712 0.987294 -0.155757 -0.003523 0.030293

seq-01/frame-000760.color.png 0.522704 -1.069677 1.269129 0.987086 -0.157936 -0.012128 0.022558

seq-01/frame-000761.color.png 0.533414 -1.068429 1.274534 0.986604 -0.160767 -0.021922 0.015013

seq-01/frame-000762.color.png 0.533402 -1.068648 1.274680 0.986593 -0.160823 -0.021960 0.015066

seq-01/frame-000763.color.png 0.543134 -1.068583 1.279815 0.985740 -0.164078 -0.035024 0.010373

seq-01/frame-000764.color.png 0.552877 -1.069159 1.284311 0.984486 -0.167848 -0.049954 0.007689

seq-01/frame-000765.color.png 0.562398 -1.069127 1.287919 0.983049 -0.171927 -0.063121 0.003422

seq-01/frame-000766.color.png 0.572226 -1.069629 1.291531 0.981517 -0.175964 -0.074792 -0.002484

seq-01/frame-000767.color.png 0.578267 -1.068617 1.294429 0.979798 -0.179784 -0.086944 -0.007326

seq-01/frame-000768.color.png 0.577775 -1.068641 1.294411 0.979801 -0.179785 -0.086904 -0.007384

seq-01/frame-000769.color.png 0.585248 -1.068183 1.296627 0.977874 -0.183726 -0.098888 -0.012922

seq-01/frame-000770.color.png 0.591478 -1.070271 1.299727 0.976094 -0.186818 -0.108957 -0.020148

seq-01/frame-000771.color.png 0.591371 -1.070656 1.300018 0.976082 -0.186975 -0.108822 -0.019995

seq-01/frame-000772.color.png 0.597584 -1.072175 1.302696 0.974220 -0.189579 -0.119260 -0.025910

seq-01/frame-000773.color.png 0.606744 -1.075623 1.305934 0.971688 -0.195087 -0.130029 -0.028186

seq-01/frame-000774.color.png 0.610399 -1.076088 1.306268 0.969633 -0.198021 -0.139926 -0.030941

seq-01/frame-000775.color.png 0.617670 -1.078358 1.308053 0.967399 -0.200088 -0.151222 -0.034261

seq-01/frame-000776.color.png 0.617512 -1.078735 1.308199 0.967370 -0.200274 -0.151181 -0.034165

seq-01/frame-000777.color.png 0.625389 -1.079795 1.310283 0.964916 -0.203871 -0.160950 -0.037511

seq-01/frame-000778.color.png 0.628753 -1.082427 1.312083 0.962709 -0.207220 -0.168697 -0.041593

seq-01/frame-000779.color.png 0.633905 -1.084787 1.315178 0.960364 -0.209207 -0.178288 -0.045652

seq-01/frame-000780.color.png 0.640131 -1.087506 1.318984 0.957666 -0.212865 -0.187565 -0.048169

seq-01/frame-000781.color.png 0.645143 -1.090039 1.322365 0.954914 -0.216961 -0.196159 -0.050263

seq-01/frame-000782.color.png 0.646951 -1.092028 1.325773 0.952219 -0.219808 -0.205361 -0.052218

seq-01/frame-000783.color.png 0.651765 -1.089174 1.329162 0.949604 -0.221520 -0.214769 -0.054704

seq-01/frame-000784.color.png 0.654762 -1.091017 1.334727 0.946898 -0.225320 -0.221640 -0.058548

seq-01/frame-000785.color.png 0.655845 -1.094741 1.341112 0.944330 -0.226886 -0.229496 -0.063487

seq-01/frame-000786.color.png 0.662114 -1.095281 1.347101 0.941633 -0.226889 -0.239227 -0.067488

seq-01/frame-000787.color.png 0.667748 -1.098115 1.355394 0.937873 -0.229830 -0.250177 -0.070143

seq-01/frame-000788.color.png 0.667666 -1.098494 1.355355 0.937859 -0.230028 -0.250081 -0.070021

seq-01/frame-000789.color.png 0.672575 -1.101463 1.364645 0.934099 -0.232005 -0.261860 -0.070696

seq-01/frame-000790.color.png 0.675957 -1.099176 1.370337 0.931126 -0.232097 -0.272062 -0.071087

seq-01/frame-000791.color.png 0.681142 -1.102237 1.378091 0.927630 -0.234647 -0.280966 -0.073728

seq-01/frame-000792.color.png 0.683200 -1.104663 1.386632 0.924863 -0.235497 -0.288126 -0.078028

seq-01/frame-000793.color.png 0.688149 -1.109032 1.394898 0.923461 -0.235426 -0.291283 -0.082963

seq-01/frame-000794.color.png 0.691318 -1.114631 1.402033 0.923207 -0.234981 -0.290553 -0.089366

seq-01/frame-000795.color.png 0.694187 -1.123507 1.409897 0.922848 -0.234774 -0.289984 -0.095267

seq-01/frame-000796.color.png 0.698588 -1.128905 1.415997 0.922349 -0.234352 -0.290837 -0.098485

seq-01/frame-000797.color.png 0.702291 -1.134580 1.423321 0.920879 -0.236699 -0.293033 -0.100106

seq-01/frame-000798.color.png 0.705739 -1.143922 1.430768 0.918809 -0.240208 -0.295365 -0.103846

seq-01/frame-000799.color.png 0.706062 -1.148710 1.436750 0.916651 -0.240782 -0.299355 -0.109975

seq-01/frame-000800.color.png 0.709266 -1.155733 1.443661 0.914113 -0.242281 -0.303276 -0.116858

seq-01/frame-000801.color.png 0.709643 -1.165544 1.450558 0.911617 -0.244900 -0.306198 -0.123101

seq-01/frame-000802.color.png 0.709018 -1.175214 1.457908 0.909060 -0.246212 -0.310134 -0.129386

seq-01/frame-000803.color.png 0.710923 -1.185107 1.466021 0.906482 -0.246175 -0.315276 -0.134992

seq-01/frame-000804.color.png 0.711886 -1.191412 1.471912 0.904611 -0.246312 -0.319795 -0.136653

seq-01/frame-000805.color.png 0.714723 -1.196923 1.476826 0.902224 -0.248044 -0.325003 -0.137012

seq-01/frame-000806.color.png 0.715540 -1.201548 1.482042 0.898886 -0.250277 -0.331562 -0.139158

seq-01/frame-000807.color.png 0.717075 -1.204730 1.486991 0.895576 -0.252183 -0.337756 -0.142128

seq-01/frame-000808.color.png 0.718709 -1.206935 1.492524 0.891880 -0.255446 -0.343101 -0.146667

seq-01/frame-000809.color.png 0.714265 -1.217517 1.503544 0.887609 -0.260515 -0.347718 -0.152667

seq-01/frame-000810.color.png 0.713655 -1.226615 1.513454 0.884102 -0.262717 -0.352973 -0.157117

seq-01/frame-000811.color.png 0.713809 -1.230380 1.519754 0.880857 -0.263901 -0.359272 -0.159063

seq-01/frame-000812.color.png 0.715455 -1.235815 1.528985 0.876814 -0.264180 -0.367327 -0.162507

seq-01/frame-000813.color.png 0.716559 -1.241329 1.539233 0.872786 -0.262695 -0.375715 -0.167345

seq-01/frame-000814.color.png 0.718325 -1.246930 1.550009 0.868865 -0.260980 -0.384375 -0.170728

seq-01/frame-000815.color.png 0.722141 -1.252337 1.560324 0.865731 -0.260024 -0.392139 -0.170449

seq-01/frame-000816.color.png 0.726323 -1.255168 1.568954 0.862709 -0.256972 -0.400203 -0.171651

seq-01/frame-000817.color.png 0.732650 -1.254622 1.576016 0.859084 -0.253493 -0.408871 -0.174555

seq-01/frame-000818.color.png 0.739298 -1.260052 1.588666 0.855340 -0.253343 -0.415622 -0.177192

seq-01/frame-000819.color.png 0.744371 -1.266161 1.603590 0.853311 -0.251704 -0.420190 -0.178534

seq-01/frame-000820.color.png 0.752315 -1.262918 1.606386 0.853323 -0.248381 -0.421483 -0.180075

seq-01/frame-000821.color.png 0.756086 -1.265549 1.613523 0.850809 -0.248025 -0.424507 -0.185283

seq-01/frame-000822.color.png 0.762577 -1.272069 1.626130 0.847768 -0.249066 -0.428357 -0.188927

seq-01/frame-000823.color.png 0.768956 -1.277232 1.638469 0.846262 -0.249079 -0.430281 -0.191273

seq-01/frame-000824.color.png 0.774958 -1.282344 1.647050 0.846223 -0.248226 -0.429715 -0.193813

seq-01/frame-000825.color.png 0.782645 -1.285750 1.654978 0.845609 -0.247032 -0.430560 -0.196128

seq-01/frame-000826.color.png 0.789613 -1.288657 1.661174 0.844868 -0.246277 -0.431467 -0.198263

seq-01/frame-000827.color.png 0.795715 -1.295045 1.671669 0.843563 -0.246079 -0.432863 -0.201008

seq-01/frame-000828.color.png 0.804070 -1.300083 1.682175 0.843000 -0.244159 -0.434334 -0.202529

seq-01/frame-000829.color.png 0.810985 -1.300102 1.683012 0.843531 -0.242181 -0.434306 -0.202756

seq-01/frame-000830.color.png 0.812734 -1.307680 1.691688 0.841977 -0.242194 -0.436555 -0.204359

seq-01/frame-000831.color.png 0.823577 -1.311456 1.699071 0.840523 -0.240002 -0.441161 -0.203037

seq-01/frame-000832.color.png 0.830430 -1.315177 1.705199 0.839880 -0.236774 -0.445471 -0.200056

seq-01/frame-000833.color.png 0.837389 -1.316569 1.710319 0.839205 -0.232534 -0.450430 -0.196726

seq-01/frame-000834.color.png 0.853966 -1.316535 1.719461 0.836630 -0.224036 -0.461679 -0.191407

seq-01/frame-000835.color.png 0.858597 -1.315891 1.725140 0.834584 -0.222237 -0.467007 -0.189500

seq-01/frame-000836.color.png 0.862085 -1.316431 1.731186 0.831619 -0.220848 -0.473557 -0.187898

seq-01/frame-000837.color.png 0.869325 -1.313997 1.734492 0.829291 -0.218547 -0.479416 -0.186008

seq-01/frame-000838.color.png 0.870212 -1.310870 1.737233 0.826585 -0.216797 -0.485096 -0.185372

seq-01/frame-000839.color.png 0.873734 -1.313067 1.744007 0.822364 -0.216675 -0.492282 -0.185343

seq-01/frame-000840.color.png 0.880363 -1.313749 1.755283 0.815464 -0.212859 -0.507286 -0.179707

seq-01/frame-000841.color.png 0.881237 -1.315061 1.763416 0.810888 -0.210072 -0.516125 -0.178515

seq-01/frame-000842.color.png 0.884616 -1.311914 1.770419 0.806872 -0.205809 -0.524646 -0.176830

seq-01/frame-000843.color.png 0.885197 -1.306803 1.775149 0.802979 -0.203075 -0.531627 -0.176861

seq-01/frame-000844.color.png 0.883102 -1.304684 1.788757 0.795734 -0.201392 -0.543981 -0.173941

seq-01/frame-000845.color.png 0.886170 -1.300896 1.792470 0.792597 -0.200825 -0.549358 -0.172005

seq-01/frame-000846.color.png 0.885690 -1.303010 1.800556 0.789680 -0.200396 -0.554499 -0.169405

seq-01/frame-000847.color.png 0.887560 -1.292880 1.803783 0.788403 -0.196476 -0.561142 -0.157665

seq-01/frame-000848.color.png 0.887422 -1.290471 1.806221 0.787387 -0.194603 -0.564485 -0.153063

seq-01/frame-000849.color.png 0.888927 -1.282173 1.807141 0.789010 -0.189296 -0.565039 -0.149268

seq-01/frame-000850.color.png 0.888866 -1.274193 1.802394 0.794514 -0.183852 -0.560458 -0.144060

seq-01/frame-000851.color.png 0.891243 -1.269145 1.803493 0.795705 -0.180402 -0.561238 -0.138715

seq-01/frame-000852.color.png 0.892676 -1.258567 1.797948 0.797256 -0.177749 -0.561021 -0.134030

seq-01/frame-000853.color.png 0.892641 -1.249376 1.789886 0.800141 -0.172910 -0.559122 -0.131070

seq-01/frame-000854.color.png 0.892528 -1.243572 1.784716 0.802277 -0.169545 -0.557662 -0.128607

seq-01/frame-000855.color.png 0.892607 -1.239360 1.780992 0.803302 -0.167792 -0.557536 -0.125009

seq-01/frame-000856.color.png 0.891874 -1.234868 1.774022 0.804866 -0.164726 -0.557103 -0.120887

seq-01/frame-000857.color.png 0.891601 -1.219768 1.760337 0.806816 -0.155782 -0.558070 -0.115154

seq-01/frame-000858.color.png 0.892269 -1.213714 1.755973 0.805982 -0.153981 -0.560403 -0.112040

seq-01/frame-000859.color.png 0.891301 -1.205465 1.749939 0.805424 -0.151656 -0.562408 -0.109139

seq-01/frame-000860.color.png 0.887064 -1.192279 1.735383 0.803744 -0.150410 -0.565999 -0.104592

seq-01/frame-000861.color.png 0.884493 -1.186276 1.727568 0.802596 -0.151792 -0.567801 -0.101592

seq-01/frame-000862.color.png 0.883365 -1.179859 1.721491 0.800521 -0.153213 -0.570686 -0.099652

seq-01/frame-000863.color.png 0.876251 -1.166239 1.706843 0.797325 -0.154066 -0.575361 -0.097044

seq-01/frame-000864.color.png 0.873252 -1.162875 1.698233 0.797120 -0.154022 -0.575551 -0.097667

seq-01/frame-000865.color.png 0.866152 -1.157430 1.687665 0.793932 -0.155517 -0.580195 -0.093704

seq-01/frame-000866.color.png 0.863677 -1.154567 1.686977 0.789927 -0.156727 -0.586016 -0.089195

seq-01/frame-000867.color.png 0.862094 -1.146213 1.683896 0.785808 -0.153749 -0.592685 -0.086666

seq-01/frame-000868.color.png 0.856665 -1.126931 1.677537 0.778147 -0.151311 -0.603215 -0.087412

seq-01/frame-000869.color.png 0.851618 -1.120690 1.674573 0.775375 -0.153553 -0.606580 -0.084815

seq-01/frame-000870.color.png 0.841434 -1.105979 1.669798 0.768070 -0.158498 -0.614749 -0.083349

seq-01/frame-000871.color.png 0.836480 -1.097178 1.663356 0.765067 -0.159963 -0.618210 -0.082567

seq-01/frame-000872.color.png 0.832801 -1.089096 1.651845 0.764477 -0.160381 -0.618831 -0.082568

seq-01/frame-000873.color.png 0.822026 -1.080626 1.640428 0.761604 -0.165032 -0.621316 -0.081270

seq-01/frame-000874.color.png 0.818270 -1.071058 1.633895 0.759520 -0.165063 -0.624241 -0.078247

seq-01/frame-000875.color.png 0.813993 -1.059198 1.628180 0.757432 -0.164822 -0.626924 -0.077536

seq-01/frame-000876.color.png 0.806888 -1.045234 1.607526 0.757328 -0.166740 -0.626699 -0.076259

seq-01/frame-000877.color.png 0.801280 -1.036916 1.590337 0.758998 -0.168362 -0.624279 -0.075946

seq-01/frame-000878.color.png 0.793118 -1.026036 1.570944 0.758934 -0.170560 -0.623772 -0.075835

seq-01/frame-000879.color.png 0.790105 -1.017187 1.572251 0.758421 -0.168841 -0.624579 -0.078145

seq-01/frame-000880.color.png 0.781284 -1.014404 1.556039 0.757330 -0.173174 -0.624315 -0.081280

seq-01/frame-000881.color.png 0.778704 -1.007763 1.541732 0.758277 -0.171562 -0.623571 -0.081590

seq-01/frame-000882.color.png 0.776274 -1.001001 1.514866 0.760870 -0.170958 -0.620348 -0.083260

seq-01/frame-000883.color.png 0.773123 -0.990414 1.446079 0.770462 -0.170391 -0.609064 -0.079446

seq-01/frame-000884.color.png 0.772869 -0.982544 1.433135 0.773061 -0.168714 -0.606231 -0.079441

seq-01/frame-000885.color.png 0.770657 -0.985146 1.425075 0.775706 -0.167999 -0.603247 -0.077886

seq-01/frame-000886.color.png 0.771756 -0.969498 1.404861 0.782892 -0.162104 -0.596251 -0.072127

seq-01/frame-000887.color.png 0.771748 -0.968831 1.394550 0.786976 -0.160642 -0.591432 -0.070621

seq-01/frame-000888.color.png 0.772950 -0.956461 1.369629 0.798261 -0.155806 -0.578033 -0.065559

seq-01/frame-000889.color.png 0.774475 -0.949141 1.356146 0.802901 -0.154480 -0.572151 -0.063615

seq-01/frame-000890.color.png 0.775492 -0.944591 1.344719 0.808017 -0.154112 -0.565297 -0.060951

seq-01/frame-000891.color.png 0.777606 -0.929175 1.317297 0.821896 -0.149134 -0.546650 -0.057789

seq-01/frame-000892.color.png 0.779293 -0.922848 1.304074 0.829044 -0.147028 -0.536461 -0.056556

seq-01/frame-000893.color.png 0.778446 -0.916458 1.290198 0.836665 -0.145028 -0.525323 -0.053987

seq-01/frame-000894.color.png 0.778764 -0.909459 1.276466 0.842990 -0.142910 -0.515980 -0.051285

seq-01/frame-000895.color.png 0.780231 -0.891953 1.250264 0.852995 -0.142820 -0.500023 -0.043601

seq-01/frame-000896.color.png 0.779778 -0.886079 1.241207 0.858062 -0.142824 -0.491566 -0.040198

seq-01/frame-000897.color.png 0.779632 -0.878262 1.230895 0.864530 -0.139135 -0.481365 -0.037950

seq-01/frame-000898.color.png 0.775846 -0.866366 1.208250 0.874160 -0.139395 -0.464259 -0.028282

seq-01/frame-000899.color.png 0.772703 -0.856683 1.197045 0.878595 -0.138471 -0.456437 -0.022030

seq-01/frame-000900.color.png 0.770923 -0.847842 1.187655 0.881613 -0.139551 -0.450406 -0.018498

seq-01/frame-000901.color.png 0.769277 -0.843250 1.180602 0.883679 -0.140850 -0.446070 -0.014800

seq-01/frame-000902.color.png 0.761309 -0.829417 1.162054 0.889560 -0.139709 -0.434720 -0.010363

seq-01/frame-000903.color.png 0.756804 -0.826719 1.153741 0.892006 -0.140106 -0.429600 -0.007994

seq-01/frame-000904.color.png 0.752842 -0.821037 1.145484 0.894081 -0.138527 -0.425808 -0.006396

seq-01/frame-000905.color.png 0.748738 -0.816693 1.137749 0.895776 -0.137727 -0.422492 -0.006458

seq-01/frame-000906.color.png 0.738423 -0.808092 1.121206 0.901595 -0.133829 -0.411231 -0.005519

seq-01/frame-000907.color.png 0.733919 -0.804581 1.114060 0.903795 -0.132357 -0.406819 -0.007668

seq-01/frame-000908.color.png 0.729787 -0.803167 1.107330 0.905900 -0.131069 -0.402527 -0.007944

seq-01/frame-000909.color.png 0.721698 -0.799085 1.098210 0.909253 -0.129229 -0.395525 -0.006652

seq-01/frame-000910.color.png 0.712235 -0.794953 1.084611 0.913521 -0.123869 -0.387300 -0.007775

seq-01/frame-000911.color.png 0.706311 -0.785715 1.075625 0.917049 -0.119573 -0.380265 -0.006882

seq-01/frame-000912.color.png 0.701076 -0.784785 1.068312 0.919112 -0.120899 -0.374851 -0.005447

seq-01/frame-000913.color.png 0.693205 -0.781184 1.061167 0.920575 -0.120377 -0.371451 -0.000666

seq-01/frame-000914.color.png 0.680978 -0.767166 1.047375 0.925400 -0.119022 -0.359676 0.005269

seq-01/frame-000915.color.png 0.675426 -0.762119 1.041264 0.928489 -0.117792 -0.352037 0.005489

seq-01/frame-000916.color.png 0.664503 -0.757551 1.032144 0.932186 -0.116653 -0.342500 0.006376

seq-01/frame-000917.color.png 0.654689 -0.751906 1.023580 0.934722 -0.116840 -0.335437 0.007236

seq-01/frame-000918.color.png 0.646699 -0.747122 1.016350 0.937011 -0.116646 -0.328986 0.009941

seq-01/frame-000919.color.png 0.624321 -0.737417 0.998398 0.942645 -0.112671 -0.313849 0.012280

seq-01/frame-000920.color.png 0.615539 -0.730467 0.991459 0.945444 -0.111248 -0.305715 0.014995

seq-01/frame-000921.color.png 0.600732 -0.726594 0.982155 0.948170 -0.111032 -0.296918 0.020313

seq-01/frame-000922.color.png 0.592097 -0.721018 0.975229 0.949155 -0.111167 -0.293384 0.024477

seq-01/frame-000923.color.png 0.582908 -0.712591 0.968088 0.950927 -0.109772 -0.287672 0.029333

seq-01/frame-000924.color.png 0.567678 -0.707751 0.958466 0.953748 -0.107518 -0.278762 0.031997

seq-01/frame-000925.color.png 0.557945 -0.700789 0.951735 0.955906 -0.104809 -0.272592 0.029645

seq-01/frame-000926.color.png 0.544562 -0.693934 0.943633 0.958462 -0.103740 -0.264111 0.027614

seq-01/frame-000927.color.png 0.530503 -0.692183 0.935381 0.960296 -0.104076 -0.256865 0.030785

seq-01/frame-000928.color.png 0.518638 -0.687327 0.927835 0.960924 -0.102602 -0.254561 0.034990

seq-01/frame-000929.color.png 0.510015 -0.678371 0.920467 0.961882 -0.099891 -0.251738 0.036889

seq-01/frame-000930.color.png 0.484419 -0.669789 0.904653 0.965622 -0.096028 -0.238361 0.038270

seq-01/frame-000931.color.png 0.474002 -0.662520 0.897778 0.967065 -0.093346 -0.233505 0.038419

seq-01/frame-000932.color.png 0.462340 -0.659852 0.890817 0.968311 -0.092825 -0.228209 0.040075

seq-01/frame-000933.color.png 0.451090 -0.654568 0.885042 0.969101 -0.091017 -0.225390 0.041059

seq-01/frame-000934.color.png 0.443516 -0.650608 0.880190 0.970486 -0.088337 -0.220467 0.040939

seq-01/frame-000935.color.png 0.431630 -0.646850 0.875370 0.972152 -0.086330 -0.213958 0.040216

seq-01/frame-000936.color.png 0.421719 -0.644958 0.871182 0.972856 -0.085626 -0.210670 0.042013

seq-01/frame-000937.color.png 0.414514 -0.640200 0.867171 0.973477 -0.082613 -0.208180 0.045892

seq-01/frame-000938.color.png 0.406860 -0.635184 0.863133 0.974924 -0.077934 -0.202849 0.047211

seq-01/frame-000939.color.png 0.398743 -0.632448 0.860425 0.976352 -0.075185 -0.197318 0.045580

seq-01/frame-000940.color.png 0.392234 -0.628049 0.858566 0.977833 -0.071658 -0.191555 0.044070

seq-01/frame-000941.color.png 0.384886 -0.625809 0.857403 0.979134 -0.069162 -0.185844 0.043634

seq-01/frame-000942.color.png 0.379215 -0.622871 0.856618 0.980059 -0.067561 -0.181324 0.044369

seq-01/frame-000943.color.png 0.371779 -0.619461 0.856611 0.981013 -0.065458 -0.176254 0.046817

seq-01/frame-000944.color.png 0.363560 -0.618338 0.857522 0.981574 -0.063195 -0.173304 0.049114

seq-01/frame-000945.color.png 0.359265 -0.613991 0.859540 0.982205 -0.059969 -0.170597 0.050009

seq-01/frame-000946.color.png 0.351106 -0.611688 0.860917 0.983316 -0.057639 -0.165291 0.048733

seq-01/frame-000947.color.png 0.345854 -0.610353 0.863084 0.984208 -0.056351 -0.161557 0.044582

seq-01/frame-000948.color.png 0.341613 -0.605263 0.864664 0.985466 -0.053379 -0.155574 0.041629

seq-01/frame-000949.color.png 0.332997 -0.604299 0.865926 0.986530 -0.052484 -0.148959 0.041747

seq-01/frame-000950.color.png 0.326395 -0.603545 0.867655 0.986930 -0.051304 -0.146876 0.041142

seq-01/frame-000951.color.png 0.321823 -0.597796 0.868959 0.987755 -0.047702 -0.143122 0.038848

seq-01/frame-000952.color.png 0.316719 -0.594618 0.870350 0.989113 -0.044294 -0.135326 0.036177

seq-01/frame-000953.color.png 0.306710 -0.591769 0.870513 0.990253 -0.041640 -0.127954 0.034948

seq-01/frame-000954.color.png 0.299239 -0.590151 0.872358 0.990935 -0.039634 -0.123411 0.034283

seq-01/frame-000955.color.png 0.291838 -0.588394 0.874079 0.991466 -0.037924 -0.119868 0.033421

seq-01/frame-000956.color.png 0.282860 -0.584480 0.875354 0.991809 -0.036555 -0.117246 0.034047

seq-01/frame-000957.color.png 0.275652 -0.580307 0.877458 0.992184 -0.034643 -0.113972 0.036169

seq-01/frame-000958.color.png 0.265556 -0.578998 0.879561 0.992631 -0.033202 -0.110378 0.036403

seq-01/frame-000959.color.png 0.257953 -0.576647 0.882596 0.992809 -0.033919 -0.109129 0.034625

seq-01/frame-000960.color.png 0.248736 -0.574684 0.885115 0.992821 -0.036377 -0.108652 0.033260

seq-01/frame-000961.color.png 0.240440 -0.573401 0.888173 0.992541 -0.037646 -0.110833 0.033003

seq-01/frame-000962.color.png 0.232862 -0.571610 0.891067 0.992212 -0.038826 -0.113501 0.032454

seq-01/frame-000963.color.png 0.227269 -0.570595 0.894817 0.992088 -0.039397 -0.114804 0.030955

seq-01/frame-000964.color.png 0.217446 -0.570898 0.897546 0.991876 -0.039721 -0.116879 0.029517

seq-01/frame-000965.color.png 0.209161 -0.568983 0.900846 0.991593 -0.038492 -0.120199 0.027246

seq-01/frame-000966.color.png 0.201996 -0.567330 0.904493 0.991711 -0.036065 -0.120732 0.023651

seq-01/frame-000967.color.png 0.191544 -0.566230 0.906483 0.992033 -0.033327 -0.119437 0.020542

seq-01/frame-000968.color.png 0.181361 -0.566110 0.908860 0.992059 -0.033498 -0.119381 0.019284

seq-01/frame-000969.color.png 0.172953 -0.565101 0.911651 0.991648 -0.035490 -0.122064 0.020052

seq-01/frame-000970.color.png 0.162469 -0.564387 0.913703 0.991282 -0.036526 -0.124600 0.020686

seq-01/frame-000971.color.png 0.162600 -0.564216 0.913735 0.991278 -0.036536 -0.124605 0.020841

seq-01/frame-000972.color.png 0.151111 -0.564439 0.915482 0.990700 -0.038081 -0.128970 0.018901

seq-01/frame-000973.color.png 0.139336 -0.562215 0.917331 0.989941 -0.040234 -0.134405 0.016112

seq-01/frame-000974.color.png 0.129916 -0.560351 0.919202 0.989219 -0.043199 -0.139071 0.012893

seq-01/frame-000975.color.png 0.119907 -0.559974 0.920265 0.988453 -0.044967 -0.144059 0.010616

seq-01/frame-000976.color.png 0.109002 -0.558364 0.920748 0.987776 -0.045265 -0.148657 0.008821

seq-01/frame-000977.color.png 0.097047 -0.556270 0.921528 0.987206 -0.046025 -0.152268 0.006884

seq-01/frame-000978.color.png 0.085551 -0.555585 0.922189 0.986593 -0.047550 -0.155809 0.004849

seq-01/frame-000979.color.png 0.085303 -0.555946 0.922148 0.986593 -0.047694 -0.155761 0.004950

seq-01/frame-000980.color.png 0.073579 -0.555801 0.922338 0.986143 -0.049234 -0.158163 0.003100

seq-01/frame-000981.color.png 0.060283 -0.556075 0.922485 0.985576 -0.050002 -0.161438 0.001932

seq-01/frame-000982.color.png 0.049008 -0.555289 0.922764 0.984867 -0.049749 -0.165795 0.000203

seq-01/frame-000983.color.png 0.036265 -0.554626 0.922635 0.984271 -0.050009 -0.169201 -0.002772

seq-01/frame-000984.color.png 0.024630 -0.554820 0.923606 0.983415 -0.050787 -0.173818 -0.005510

seq-01/frame-000985.color.png 0.014699 -0.554331 0.925260 0.982282 -0.050734 -0.180054 -0.007481

seq-01/frame-000986.color.png 0.002759 -0.552826 0.925782 0.981337 -0.050446 -0.185092 -0.010006

seq-01/frame-000987.color.png -0.011204 -0.553540 0.925768 0.980341 -0.050960 -0.190033 -0.012198

seq-01/frame-000988.color.png -0.010699 -0.553649 0.925901 0.980331 -0.050990 -0.190083 -0.012091

seq-01/frame-000989.color.png -0.023628 -0.552300 0.925723 0.979144 -0.050391 -0.196210 -0.012888

seq-01/frame-000990.color.png -0.038281 -0.552796 0.924785 0.977982 -0.049668 -0.202000 -0.014384

seq-01/frame-000991.color.png -0.052120 -0.551562 0.924706 0.976852 -0.049761 -0.207131 -0.017519

seq-01/frame-000992.color.png -0.065336 -0.551740 0.924157 0.975590 -0.049870 -0.212629 -0.021255

seq-01/frame-000993.color.png -0.078997 -0.551986 0.924060 0.974066 -0.050723 -0.219115 -0.023197

seq-01/frame-000994.color.png -0.090575 -0.552002 0.924800 0.972181 -0.052432 -0.226773 -0.024803

seq-01/frame-000995.color.png -0.102904 -0.551691 0.923850 0.970712 -0.052915 -0.232533 -0.027798

seq-01/frame-000996.color.png -0.113175 -0.554218 0.924701 0.969080 -0.053806 -0.238639 -0.031067

seq-01/frame-000997.color.png -0.119033 -0.558964 0.928126 0.966667 -0.055625 -0.247482 -0.033744

seq-01/frame-000998.color.png -0.131313 -0.558978 0.926860 0.964695 -0.056461 -0.254561 -0.036050

seq-01/frame-000999.color.png -0.141350 -0.558987 0.927622 0.962623 -0.057449 -0.261766 -0.038202

