seq-08/frame-000000.color.png -0.965272 -0.464402 0.486666 0.923541 0.001674 0.364688 0.118546

seq-08/frame-000001.color.png -0.963389 -0.467128 0.486424 0.923863 0.001445 0.364057 0.117976

seq-08/frame-000002.color.png -0.963424 -0.464533 0.487924 0.924089 0.000918 0.363457 0.118067

seq-08/frame-000003.color.png -0.962683 -0.465266 0.488702 0.924200 -0.000365 0.362962 0.118716

seq-08/frame-000004.color.png -0.959863 -0.467476 0.489838 0.924359 -0.002909 0.361784 0.121015

seq-08/frame-000005.color.png -0.960548 -0.468541 0.490728 0.924513 -0.003957 0.361161 0.121668

seq-08/frame-000006.color.png -0.956445 -0.469324 0.493670 0.924951 -0.005897 0.359384 0.123513

seq-08/frame-000007.color.png -0.953726 -0.470993 0.494260 0.925424 -0.007488 0.357776 0.124547

seq-08/frame-000008.color.png -0.948841 -0.474332 0.499071 0.926234 -0.008757 0.355096 0.126103

seq-08/frame-000009.color.png -0.946075 -0.470921 0.500434 0.927005 -0.009656 0.352566 0.127463

seq-08/frame-000010.color.png -0.943983 -0.476349 0.503556 0.927779 -0.013846 0.350047 0.128385

seq-08/frame-000011.color.png -0.932244 -0.484068 0.509932 0.930376 -0.017657 0.343803 0.125974

seq-08/frame-000012.color.png -0.925525 -0.485099 0.512762 0.931466 -0.016956 0.341071 0.125440

seq-08/frame-000013.color.png -0.914255 -0.483629 0.519873 0.933028 -0.017032 0.336669 0.125716

seq-08/frame-000014.color.png -0.906272 -0.484952 0.523960 0.933641 -0.017979 0.334277 0.127402

seq-08/frame-000015.color.png -0.899952 -0.484641 0.528368 0.934856 -0.019174 0.331034 0.126785

seq-08/frame-000016.color.png -0.883574 -0.484922 0.535972 0.936950 -0.024359 0.324738 0.126716

seq-08/frame-000017.color.png -0.875111 -0.486983 0.540484 0.937875 -0.025762 0.321407 0.128082

seq-08/frame-000018.color.png -0.865951 -0.483468 0.543815 0.938611 -0.026843 0.318672 0.129294

seq-08/frame-000019.color.png -0.847214 -0.492181 0.552389 0.939933 -0.030491 0.313526 0.131445

seq-08/frame-000020.color.png -0.836533 -0.490972 0.557128 0.940832 -0.029960 0.311551 0.129824

seq-08/frame-000021.color.png -0.826586 -0.485958 0.561254 0.941613 -0.031068 0.309407 0.129027

seq-08/frame-000022.color.png -0.815764 -0.488835 0.567476 0.942107 -0.033830 0.307106 0.130218

seq-08/frame-000023.color.png -0.794248 -0.484175 0.578400 0.943423 -0.035720 0.301830 0.132504

seq-08/frame-000024.color.png -0.783658 -0.479538 0.583429 0.944254 -0.040411 0.298306 0.133209

seq-08/frame-000025.color.png -0.770639 -0.488038 0.589885 0.944558 -0.047879 0.295235 0.135407

seq-08/frame-000026.color.png -0.756597 -0.500513 0.596367 0.945051 -0.050116 0.293195 0.135592

seq-08/frame-000027.color.png -0.729611 -0.491903 0.606403 0.947507 -0.040427 0.289656 0.129137

seq-08/frame-000028.color.png -0.714279 -0.484321 0.611437 0.948237 -0.037893 0.287129 0.130188

seq-08/frame-000029.color.png -0.702121 -0.485095 0.617109 0.948324 -0.037506 0.285211 0.133826

seq-08/frame-000030.color.png -0.688637 -0.484465 0.622377 0.949062 -0.036417 0.282167 0.135344

seq-08/frame-000031.color.png -0.675057 -0.480547 0.627757 0.949993 -0.036259 0.279751 0.133863

seq-08/frame-000032.color.png -0.661458 -0.480150 0.632779 0.950790 -0.037530 0.277959 0.131563

seq-08/frame-000033.color.png -0.634809 -0.472037 0.643549 0.952144 -0.036091 0.273087 0.132371

seq-08/frame-000034.color.png -0.623447 -0.466532 0.648077 0.952636 -0.035840 0.269913 0.135380

seq-08/frame-000035.color.png -0.609622 -0.466710 0.651915 0.953056 -0.037600 0.266394 0.138869

seq-08/frame-000036.color.png -0.597021 -0.471107 0.655692 0.953293 -0.037841 0.264608 0.140581

seq-08/frame-000037.color.png -0.583564 -0.464376 0.659443 0.954439 -0.034186 0.261602 0.139368

seq-08/frame-000038.color.png -0.558509 -0.455279 0.667184 0.956893 -0.030560 0.256122 0.133431

seq-08/frame-000039.color.png -0.547402 -0.445866 0.672162 0.958312 -0.027708 0.252283 0.131167

seq-08/frame-000040.color.png -0.537519 -0.439904 0.675445 0.959311 -0.026117 0.247531 0.133223

seq-08/frame-000041.color.png -0.528902 -0.433455 0.680294 0.960622 -0.025144 0.241785 0.134509

seq-08/frame-000042.color.png -0.516347 -0.423248 0.683118 0.962820 -0.027237 0.234294 0.131612

seq-08/frame-000043.color.png -0.505656 -0.416355 0.687332 0.964532 -0.032572 0.228848 0.127379

seq-08/frame-000044.color.png -0.496245 -0.410542 0.690025 0.965856 -0.036536 0.222690 0.127187

seq-08/frame-000045.color.png -0.484512 -0.406600 0.692613 0.967479 -0.038875 0.214950 0.127476

seq-08/frame-000046.color.png -0.460046 -0.394478 0.697535 0.970826 -0.034920 0.203983 0.121034

seq-08/frame-000047.color.png -0.451150 -0.380857 0.699621 0.973045 -0.033004 0.195921 0.117002

seq-08/frame-000048.color.png -0.439612 -0.374280 0.702264 0.974828 -0.035468 0.187756 0.114809

seq-08/frame-000049.color.png -0.428422 -0.370283 0.705267 0.976104 -0.036258 0.181374 0.113973

seq-08/frame-000050.color.png -0.419200 -0.362131 0.708356 0.977562 -0.033276 0.174618 0.112934

seq-08/frame-000051.color.png -0.407442 -0.352960 0.711289 0.979182 -0.032422 0.166816 0.110921

seq-08/frame-000052.color.png -0.394205 -0.349551 0.714463 0.980164 -0.032941 0.162832 0.107980

seq-08/frame-000053.color.png -0.382878 -0.342109 0.717279 0.981125 -0.030190 0.160153 0.103982

seq-08/frame-000054.color.png -0.370592 -0.333303 0.719472 0.981955 -0.027179 0.156297 0.102844

seq-08/frame-000055.color.png -0.357248 -0.328216 0.721832 0.982491 -0.023104 0.153781 0.102510

seq-08/frame-000056.color.png -0.342671 -0.320190 0.724917 0.983087 -0.016755 0.152601 0.099761

seq-08/frame-000057.color.png -0.328895 -0.312890 0.727775 0.983415 -0.011000 0.152814 0.096965

seq-08/frame-000058.color.png -0.315762 -0.303870 0.730177 0.983389 -0.003863 0.153982 0.095917

seq-08/frame-000059.color.png -0.303986 -0.294091 0.732454 0.983067 0.003622 0.154615 0.098179

seq-08/frame-000060.color.png -0.289143 -0.284336 0.734072 0.983026 0.010176 0.154518 0.098288

seq-08/frame-000061.color.png -0.273548 -0.277189 0.735310 0.982379 0.011221 0.160993 0.094158

seq-08/frame-000062.color.png -0.260060 -0.268930 0.734957 0.980836 0.012107 0.172205 0.090222

seq-08/frame-000063.color.png -0.247107 -0.259858 0.737091 0.978928 0.015966 0.182931 0.089221

seq-08/frame-000064.color.png -0.239517 -0.244683 0.739692 0.977019 0.019169 0.189919 0.094749

seq-08/frame-000065.color.png -0.230936 -0.234810 0.740288 0.975587 0.018423 0.192511 0.103969

seq-08/frame-000066.color.png -0.218190 -0.228661 0.741351 0.975192 0.017163 0.193480 0.106064

seq-08/frame-000067.color.png -0.206219 -0.220281 0.743396 0.974799 0.015009 0.196919 0.103651

seq-08/frame-000068.color.png -0.192968 -0.215297 0.745121 0.973903 0.012665 0.202143 0.102318

seq-08/frame-000069.color.png -0.180596 -0.208203 0.747369 0.972431 0.012557 0.208877 0.102808

seq-08/frame-000070.color.png -0.169594 -0.200501 0.749186 0.969947 0.011898 0.218692 0.105892

seq-08/frame-000071.color.png -0.161464 -0.194021 0.751008 0.966529 0.010412 0.231065 0.110905

seq-08/frame-000072.color.png -0.156114 -0.184772 0.753072 0.963723 0.008744 0.241736 0.112708

seq-08/frame-000073.color.png -0.146284 -0.181628 0.754609 0.961280 0.004514 0.251782 0.111820

seq-08/frame-000074.color.png -0.137222 -0.174597 0.759249 0.958698 0.003187 0.262037 0.110462

seq-08/frame-000075.color.png -0.117637 -0.168174 0.767072 0.953663 0.000654 0.279353 0.111651

seq-08/frame-000076.color.png -0.106262 -0.164258 0.770442 0.950939 -0.001030 0.288607 0.111345

seq-08/frame-000077.color.png -0.098311 -0.163072 0.776407 0.946700 -0.003255 0.301770 0.112523

seq-08/frame-000078.color.png -0.091171 -0.164688 0.783002 0.942293 -0.002986 0.314744 0.113967

seq-08/frame-000079.color.png -0.083610 -0.158235 0.792142 0.938824 -0.000237 0.324594 0.115002

seq-08/frame-000080.color.png -0.064179 -0.155052 0.804780 0.933988 0.000244 0.338448 0.114436

seq-08/frame-000081.color.png -0.055001 -0.150583 0.813014 0.931612 0.000471 0.345118 0.113885

seq-08/frame-000082.color.png -0.046531 -0.148006 0.820203 0.928657 -0.000891 0.353420 0.112544

seq-08/frame-000083.color.png -0.037479 -0.143613 0.825369 0.924966 -0.002110 0.362890 0.112787

seq-08/frame-000084.color.png -0.024329 -0.138874 0.843860 0.915247 -0.002655 0.385128 0.118185

seq-08/frame-000085.color.png -0.027245 -0.136540 0.860491 0.910083 -0.003952 0.396696 0.119760

seq-08/frame-000086.color.png -0.020473 -0.133830 0.868612 0.906357 -0.005813 0.404811 0.120776

seq-08/frame-000087.color.png -0.011610 -0.130705 0.875465 0.902559 -0.009120 0.412869 0.121735

seq-08/frame-000088.color.png -0.002857 -0.129536 0.882304 0.897667 -0.012429 0.422831 0.123408

seq-08/frame-000089.color.png 0.004879 -0.127171 0.892803 0.891243 -0.013297 0.434600 0.128871

seq-08/frame-000090.color.png 0.024878 -0.128382 0.903638 0.879274 -0.014777 0.454662 0.141125

seq-08/frame-000091.color.png 0.034854 -0.124669 0.908377 0.873212 -0.014343 0.465297 0.144111

seq-08/frame-000092.color.png 0.046293 -0.124551 0.912773 0.867698 -0.016479 0.474436 0.147355

seq-08/frame-000093.color.png 0.057624 -0.125610 0.915781 0.862564 -0.017351 0.482863 0.150001

seq-08/frame-000094.color.png 0.069173 -0.123944 0.917731 0.858253 -0.017054 0.489801 0.152251

seq-08/frame-000095.color.png 0.091044 -0.126110 0.922489 0.847302 -0.016123 0.508637 0.151928

seq-08/frame-000096.color.png 0.100978 -0.124824 0.923588 0.841020 -0.013658 0.519224 0.151255

seq-08/frame-000097.color.png 0.110730 -0.123094 0.923697 0.833481 -0.011790 0.530843 0.152806

seq-08/frame-000098.color.png 0.119843 -0.123520 0.924360 0.826039 -0.010758 0.541688 0.155212

seq-08/frame-000099.color.png 0.128780 -0.125341 0.924052 0.818644 -0.010588 0.552328 0.156891

seq-08/frame-000100.color.png 0.144580 -0.122911 0.922017 0.803769 -0.012851 0.573894 0.156231

seq-08/frame-000101.color.png 0.150515 -0.125184 0.920781 0.795745 -0.016523 0.584471 0.157742

seq-08/frame-000102.color.png 0.155949 -0.125510 0.918147 0.785766 -0.018279 0.597372 0.159234

seq-08/frame-000103.color.png 0.160868 -0.127423 0.917602 0.774471 -0.019289 0.611109 0.162290

seq-08/frame-000104.color.png 0.165522 -0.127504 0.914537 0.764585 -0.018813 0.622845 0.164590

seq-08/frame-000105.color.png 0.170795 -0.127171 0.902004 0.749913 -0.021021 0.639811 0.166732

seq-08/frame-000106.color.png 0.172554 -0.129059 0.894290 0.741324 -0.020958 0.649736 0.166767

seq-08/frame-000107.color.png 0.172299 -0.128181 0.891229 0.730864 -0.017880 0.661344 0.167658

seq-08/frame-000108.color.png 0.171496 -0.129113 0.887812 0.720306 -0.016041 0.672138 0.170588

seq-08/frame-000109.color.png 0.170481 -0.130141 0.882122 0.709084 -0.013843 0.682986 0.174659

seq-08/frame-000110.color.png 0.169425 -0.131340 0.877109 0.697812 -0.012715 0.693868 0.177230

seq-08/frame-000111.color.png 0.166407 -0.133559 0.874704 0.678922 -0.012412 0.711915 0.179035

seq-08/frame-000112.color.png 0.163154 -0.136382 0.870308 0.672647 -0.012501 0.717600 0.180020

seq-08/frame-000113.color.png 0.159292 -0.139109 0.868228 0.665459 -0.011326 0.724439 0.179417

seq-08/frame-000114.color.png 0.155570 -0.141554 0.863814 0.659463 -0.008505 0.729574 0.180901

seq-08/frame-000115.color.png 0.151046 -0.143837 0.861266 0.652814 -0.006844 0.735372 0.181608

seq-08/frame-000116.color.png 0.145038 -0.144409 0.859362 0.643715 -0.004192 0.743183 0.182373

seq-08/frame-000117.color.png 0.139879 -0.142747 0.860972 0.634331 0.000459 0.750461 0.185472

seq-08/frame-000118.color.png 0.134791 -0.143974 0.860700 0.627086 0.001482 0.755557 0.189371

seq-08/frame-000119.color.png 0.128971 -0.145135 0.861346 0.622303 0.000087 0.759331 0.190061

seq-08/frame-000120.color.png 0.122296 -0.147936 0.861014 0.618173 -0.001257 0.762849 0.189442

seq-08/frame-000121.color.png 0.115879 -0.150933 0.859488 0.611971 0.001995 0.767866 0.189309

seq-08/frame-000122.color.png 0.109882 -0.154673 0.862189 0.605527 0.007411 0.772688 0.190271

seq-08/frame-000123.color.png 0.103427 -0.157146 0.862216 0.599884 0.010191 0.777343 0.189051

seq-08/frame-000124.color.png 0.097893 -0.160250 0.865629 0.594895 0.011098 0.781609 0.187171

seq-08/frame-000125.color.png 0.091563 -0.163097 0.867323 0.589865 0.012910 0.785649 0.186056

seq-08/frame-000126.color.png 0.085323 -0.165358 0.870880 0.585172 0.014174 0.789210 0.185708

seq-08/frame-000127.color.png 0.079425 -0.167989 0.873923 0.581734 0.013614 0.791775 0.185636

seq-08/frame-000128.color.png 0.073704 -0.171853 0.878536 0.578787 0.011595 0.794272 0.184309

seq-08/frame-000129.color.png 0.068326 -0.172919 0.882162 0.576062 0.009199 0.797019 0.181096

seq-08/frame-000130.color.png 0.059305 -0.178467 0.893111 0.574630 0.005030 0.798905 0.177466

seq-08/frame-000131.color.png 0.055022 -0.179883 0.899387 0.573347 0.002906 0.800078 0.176371

seq-08/frame-000132.color.png 0.050310 -0.184363 0.904489 0.572089 0.001281 0.800643 0.177904

seq-08/frame-000133.color.png 0.046645 -0.185755 0.913808 0.570185 0.000972 0.801970 0.178042

seq-08/frame-000134.color.png 0.043416 -0.189644 0.921901 0.569072 -0.001952 0.802537 0.179041

seq-08/frame-000135.color.png 0.040350 -0.194852 0.929211 0.568550 -0.004760 0.802623 0.180253

seq-08/frame-000136.color.png 0.037400 -0.200447 0.935595 0.569333 -0.004249 0.801803 0.181439

seq-08/frame-000137.color.png 0.035770 -0.205870 0.943753 0.569761 -0.001933 0.801277 0.182456

seq-08/frame-000138.color.png 0.034581 -0.210591 0.953883 0.569184 -0.001410 0.801833 0.181817

seq-08/frame-000139.color.png 0.033678 -0.214968 0.961229 0.566820 -0.002131 0.803941 0.179876

seq-08/frame-000140.color.png 0.033394 -0.216951 0.968953 0.565531 -0.001240 0.804896 0.179674

seq-08/frame-000141.color.png 0.033566 -0.220545 0.976322 0.565818 -0.000542 0.804387 0.181046

seq-08/frame-000142.color.png 0.034319 -0.222191 0.983606 0.567443 -0.000175 0.803167 0.181377

seq-08/frame-000143.color.png 0.035503 -0.224264 0.990956 0.571336 -0.001030 0.800460 0.181118

seq-08/frame-000144.color.png 0.037003 -0.227038 0.996590 0.577166 -0.002656 0.796632 0.179491

seq-08/frame-000145.color.png 0.039052 -0.228128 1.004136 0.584596 -0.003983 0.792065 0.175585

seq-08/frame-000146.color.png 0.041433 -0.227834 1.013383 0.591822 -0.006711 0.787529 0.171657

seq-08/frame-000147.color.png 0.043757 -0.229188 1.021143 0.599595 -0.010115 0.782317 0.168313

seq-08/frame-000148.color.png 0.046158 -0.229222 1.029045 0.605693 -0.012124 0.778129 0.165738

seq-08/frame-000149.color.png 0.049151 -0.230592 1.037276 0.610310 -0.014976 0.774743 0.164422

seq-08/frame-000150.color.png 0.051999 -0.230006 1.044472 0.614976 -0.018006 0.771310 0.162863

seq-08/frame-000151.color.png 0.054833 -0.230183 1.051261 0.620349 -0.022017 0.767144 0.161668

seq-08/frame-000152.color.png 0.058537 -0.230912 1.059790 0.624521 -0.025522 0.764057 0.159693

seq-08/frame-000153.color.png 0.062239 -0.231489 1.067222 0.627894 -0.028390 0.761531 0.158040

seq-08/frame-000154.color.png 0.066560 -0.231522 1.075236 0.631851 -0.030829 0.758448 0.156633

seq-08/frame-000155.color.png 0.071124 -0.233741 1.085520 0.633890 -0.032288 0.756743 0.156346

seq-08/frame-000156.color.png 0.075784 -0.234887 1.094005 0.635329 -0.032197 0.755386 0.157082

seq-08/frame-000157.color.png 0.080844 -0.240508 1.103049 0.638298 -0.032436 0.752603 0.158348

seq-08/frame-000158.color.png 0.089917 -0.246240 1.114912 0.647209 -0.033176 0.745806 0.154127

seq-08/frame-000159.color.png 0.098889 -0.252862 1.132350 0.654585 -0.034343 0.739630 0.152473

seq-08/frame-000160.color.png 0.106429 -0.258708 1.145216 0.660492 -0.033088 0.734816 0.150536

seq-08/frame-000161.color.png 0.113328 -0.261335 1.157112 0.665439 -0.030614 0.730908 0.148280

seq-08/frame-000162.color.png 0.119341 -0.263532 1.165610 0.670648 -0.029244 0.726870 0.144900

seq-08/frame-000163.color.png 0.125169 -0.265433 1.173448 0.675735 -0.029327 0.722839 0.141367

seq-08/frame-000164.color.png 0.130837 -0.269237 1.181056 0.681409 -0.030110 0.717972 0.138750

seq-08/frame-000165.color.png 0.142962 -0.276647 1.201852 0.690020 -0.028530 0.710302 0.135968

seq-08/frame-000166.color.png 0.150435 -0.278618 1.216808 0.692661 -0.027900 0.708036 0.134483

seq-08/frame-000167.color.png 0.156810 -0.281929 1.225287 0.697218 -0.028946 0.704124 0.131208

seq-08/frame-000168.color.png 0.162155 -0.283792 1.230428 0.702608 -0.028400 0.699367 0.127980

seq-08/frame-000169.color.png 0.167732 -0.285347 1.235012 0.708919 -0.027948 0.693359 0.125958

seq-08/frame-000170.color.png 0.173135 -0.286441 1.240524 0.713987 -0.028382 0.688624 0.123177

seq-08/frame-000171.color.png 0.184599 -0.286121 1.253089 0.721530 -0.029456 0.681410 0.119017

seq-08/frame-000172.color.png 0.190404 -0.287283 1.259947 0.723971 -0.029426 0.678783 0.119216

seq-08/frame-000173.color.png 0.195405 -0.287637 1.265674 0.727918 -0.029988 0.674456 0.119599

seq-08/frame-000174.color.png 0.200322 -0.286859 1.270486 0.732359 -0.030860 0.669706 0.118960

seq-08/frame-000175.color.png 0.205413 -0.286506 1.275838 0.736028 -0.031463 0.665725 0.118505

seq-08/frame-000176.color.png 0.210460 -0.286521 1.281915 0.740088 -0.031194 0.661061 0.119398

seq-08/frame-000177.color.png 0.215598 -0.287238 1.288767 0.744297 -0.031336 0.656259 0.119687

seq-08/frame-000178.color.png 0.220520 -0.287715 1.296643 0.748835 -0.032145 0.651123 0.119212

seq-08/frame-000179.color.png 0.230630 -0.288508 1.306403 0.757206 -0.031681 0.641628 0.117936

seq-08/frame-000180.color.png 0.236077 -0.289486 1.309897 0.761500 -0.031284 0.636474 0.118326

seq-08/frame-000181.color.png 0.240918 -0.288702 1.312747 0.765288 -0.030220 0.632086 0.117681

seq-08/frame-000182.color.png 0.246106 -0.287500 1.314932 0.768617 -0.028732 0.628213 0.117095

seq-08/frame-000183.color.png 0.251708 -0.287577 1.317041 0.772547 -0.027948 0.623495 0.116640

seq-08/frame-000184.color.png 0.257317 -0.286696 1.318272 0.777249 -0.028125 0.618053 0.114297

seq-08/frame-000185.color.png 0.268988 -0.284359 1.318979 0.786522 -0.026320 0.606705 0.112075

seq-08/frame-000186.color.png 0.275138 -0.284360 1.319624 0.790170 -0.024175 0.602114 0.111660

seq-08/frame-000187.color.png 0.281079 -0.284973 1.321001 0.794144 -0.022357 0.597041 0.111086

seq-08/frame-000188.color.png 0.287711 -0.284351 1.322112 0.798710 -0.020418 0.591285 0.109495

seq-08/frame-000189.color.png 0.294878 -0.280410 1.321808 0.803350 -0.018751 0.585218 0.108435

seq-08/frame-000190.color.png 0.301680 -0.279659 1.322557 0.808396 -0.018065 0.578246 0.108464

seq-08/frame-000191.color.png 0.318320 -0.275565 1.319222 0.821316 -0.018396 0.560260 0.105702

seq-08/frame-000192.color.png 0.328458 -0.274286 1.319686 0.827553 -0.018187 0.551277 0.104313

seq-08/frame-000193.color.png 0.338223 -0.272604 1.318367 0.833213 -0.017014 0.542695 0.104458

seq-08/frame-000194.color.png 0.348671 -0.271982 1.315365 0.838703 -0.015865 0.534140 0.104804

seq-08/frame-000195.color.png 0.364995 -0.268558 1.314452 0.850708 -0.015147 0.515290 0.102502

seq-08/frame-000196.color.png 0.371634 -0.264931 1.318618 0.857388 -0.015342 0.504779 0.099056

seq-08/frame-000197.color.png 0.380332 -0.262378 1.319192 0.864631 -0.016541 0.492627 0.097069

seq-08/frame-000198.color.png 0.388390 -0.259991 1.319997 0.871669 -0.017095 0.480413 0.095234

seq-08/frame-000199.color.png 0.395880 -0.256905 1.321964 0.877718 -0.016937 0.469649 0.093372

seq-08/frame-000200.color.png 0.412939 -0.252393 1.320216 0.890265 -0.018344 0.445745 0.091475

seq-08/frame-000201.color.png 0.417601 -0.248812 1.326224 0.895943 -0.019068 0.434760 0.088718

seq-08/frame-000202.color.png 0.424998 -0.245165 1.326163 0.902893 -0.020885 0.420732 0.085427

seq-08/frame-000203.color.png 0.430893 -0.242518 1.327835 0.908994 -0.023224 0.407850 0.082554

seq-08/frame-000204.color.png 0.435958 -0.239392 1.330726 0.914636 -0.025062 0.395389 0.080283

seq-08/frame-000205.color.png 0.441337 -0.236717 1.332554 0.920240 -0.027012 0.382775 0.076666

seq-08/frame-000206.color.png 0.447554 -0.234669 1.334092 0.925242 -0.028739 0.371303 0.072111

seq-08/frame-000207.color.png 0.452622 -0.233051 1.335975 0.929452 -0.029555 0.360938 0.070252

seq-08/frame-000208.color.png 0.455998 -0.230325 1.337717 0.932583 -0.030005 0.352895 0.069417

seq-08/frame-000209.color.png 0.458555 -0.226446 1.338787 0.935623 -0.030578 0.345045 0.067714

seq-08/frame-000210.color.png 0.459953 -0.222835 1.341533 0.938720 -0.031829 0.336951 0.064970

seq-08/frame-000211.color.png 0.461103 -0.220157 1.344028 0.941059 -0.033587 0.330549 0.063109

seq-08/frame-000212.color.png 0.462279 -0.217235 1.347443 0.945535 -0.034996 0.317946 0.060125

seq-08/frame-000213.color.png 0.461779 -0.215000 1.348716 0.947900 -0.034843 0.311294 0.057738

seq-08/frame-000214.color.png 0.461136 -0.212895 1.349306 0.950003 -0.034951 0.305391 0.054548

seq-08/frame-000215.color.png 0.459399 -0.211060 1.349107 0.951976 -0.036362 0.299707 0.050618

seq-08/frame-000216.color.png 0.457130 -0.212860 1.348454 0.953795 -0.038045 0.294322 0.046568

seq-08/frame-000217.color.png 0.455508 -0.211470 1.347451 0.955314 -0.037161 0.289976 0.043285

seq-08/frame-000218.color.png 0.452810 -0.209614 1.345619 0.956594 -0.036374 0.286089 0.041525

seq-08/frame-000219.color.png 0.450350 -0.208239 1.342261 0.958209 -0.037608 0.280901 0.038487

seq-08/frame-000220.color.png 0.445310 -0.211648 1.340066 0.959407 -0.039819 0.277143 0.033323

seq-08/frame-000221.color.png 0.441300 -0.213894 1.336931 0.960855 -0.038251 0.272836 0.028644

seq-08/frame-000222.color.png 0.437492 -0.211957 1.333143 0.962777 -0.035012 0.266739 0.025492

seq-08/frame-000223.color.png 0.433980 -0.209067 1.328075 0.964868 -0.033520 0.259609 0.021787

seq-08/frame-000224.color.png 0.428209 -0.207157 1.323073 0.967525 -0.033781 0.249925 0.016051

seq-08/frame-000225.color.png 0.423089 -0.206753 1.317825 0.969984 -0.035652 0.240294 0.009210

seq-08/frame-000226.color.png 0.414720 -0.205567 1.314426 0.971370 -0.038057 0.234382 0.004716

seq-08/frame-000227.color.png 0.410164 -0.205139 1.309038 0.973091 -0.040518 0.226742 0.002369

seq-08/frame-000228.color.png 0.405516 -0.206136 1.304048 0.974760 -0.041033 0.219374 -0.000200

seq-08/frame-000229.color.png 0.400762 -0.202579 1.299097 0.976240 -0.039202 0.213033 -0.001091

seq-08/frame-000230.color.png 0.394920 -0.202166 1.295131 0.977185 -0.039956 0.208516 -0.000332

seq-08/frame-000231.color.png 0.388397 -0.200949 1.291241 0.977675 -0.041099 0.205978 -0.000666

seq-08/frame-000232.color.png 0.382396 -0.197090 1.286680 0.978429 -0.041290 0.202330 -0.000687

seq-08/frame-000233.color.png 0.377238 -0.191464 1.281689 0.979968 -0.041973 0.194594 0.000195

seq-08/frame-000234.color.png 0.373244 -0.188752 1.276316 0.981878 -0.044360 0.184158 -0.000219

seq-08/frame-000235.color.png 0.370206 -0.186914 1.271928 0.983445 -0.045972 0.175175 -0.001545

seq-08/frame-000236.color.png 0.368182 -0.185357 1.268152 0.984597 -0.047399 0.168175 -0.002060

seq-08/frame-000237.color.png 0.364921 -0.182401 1.264628 0.985639 -0.048194 0.161735 -0.000139

seq-08/frame-000238.color.png 0.362427 -0.179365 1.261278 0.986646 -0.049609 0.155010 0.002616

seq-08/frame-000239.color.png 0.359380 -0.177641 1.258110 0.987445 -0.051509 0.149179 0.003319

seq-08/frame-000240.color.png 0.359655 -0.174111 1.254359 0.988273 -0.052735 0.143161 0.002270

seq-08/frame-000241.color.png 0.357814 -0.171604 1.250922 0.989486 -0.053820 0.134107 -0.001174

seq-08/frame-000242.color.png 0.355033 -0.168368 1.248465 0.990736 -0.053090 0.124754 -0.004975

seq-08/frame-000243.color.png 0.353974 -0.166106 1.245683 0.991803 -0.053419 0.115829 -0.004626

seq-08/frame-000244.color.png 0.352112 -0.167277 1.244178 0.992794 -0.052809 0.107383 -0.002159

seq-08/frame-000245.color.png 0.352369 -0.165199 1.241998 0.993994 -0.049418 0.097436 -0.002361

seq-08/frame-000246.color.png 0.353460 -0.161770 1.240290 0.995063 -0.046846 0.087129 -0.005451

seq-08/frame-000247.color.png 0.353149 -0.162202 1.240138 0.995728 -0.045940 0.079327 -0.009371

seq-08/frame-000248.color.png 0.356066 -0.155871 1.238353 0.996646 -0.043133 0.068530 -0.010270

seq-08/frame-000249.color.png 0.355595 -0.155944 1.238434 0.996647 -0.043096 0.068543 -0.010184

seq-08/frame-000250.color.png 0.357471 -0.153437 1.236581 0.997327 -0.043802 0.056961 -0.011842

seq-08/frame-000251.color.png 0.358962 -0.153996 1.235257 0.997807 -0.042932 0.047073 -0.016945

seq-08/frame-000252.color.png 0.365960 -0.146666 1.232932 0.998298 -0.039285 0.037661 -0.020108

seq-08/frame-000253.color.png 0.366252 -0.147163 1.232605 0.998298 -0.039510 0.037419 -0.020142

seq-08/frame-000254.color.png 0.370785 -0.138627 1.229836 0.998577 -0.039013 0.030204 -0.019351

seq-08/frame-000255.color.png 0.371577 -0.136072 1.228306 0.998800 -0.040045 0.020582 -0.018341

seq-08/frame-000256.color.png 0.374840 -0.133804 1.227055 0.998962 -0.040128 0.006258 -0.019776

seq-08/frame-000257.color.png 0.379234 -0.135959 1.226240 0.998868 -0.041512 -0.002576 -0.022305

seq-08/frame-000258.color.png 0.379011 -0.136055 1.226196 0.998863 -0.041601 -0.002589 -0.022350

seq-08/frame-000259.color.png 0.381738 -0.136987 1.225327 0.998868 -0.040024 -0.010018 -0.022903

seq-08/frame-000260.color.png 0.382639 -0.140542 1.224520 0.998835 -0.037323 -0.021330 -0.021113

seq-08/frame-000261.color.png 0.386084 -0.140455 1.223262 0.998745 -0.032345 -0.031621 -0.020679

seq-08/frame-000262.color.png 0.386539 -0.140742 1.223344 0.998733 -0.032371 -0.031906 -0.020737

seq-08/frame-000263.color.png 0.389649 -0.140345 1.222055 0.998620 -0.028902 -0.038452 -0.020220

seq-08/frame-000264.color.png 0.392668 -0.140917 1.220154 0.998450 -0.026602 -0.045262 -0.017490

seq-08/frame-000265.color.png 0.395150 -0.138995 1.218559 0.997974 -0.023795 -0.056542 -0.015779

seq-08/frame-000266.color.png 0.395420 -0.139512 1.218530 0.997976 -0.024029 -0.056438 -0.015630

seq-08/frame-000267.color.png 0.399702 -0.140884 1.218103 0.997155 -0.022163 -0.069336 -0.018627

seq-08/frame-000268.color.png 0.402453 -0.140321 1.218279 0.996528 -0.018566 -0.078351 -0.020280

seq-08/frame-000269.color.png 0.404710 -0.137890 1.218493 0.995995 -0.016943 -0.085470 -0.019103

seq-08/frame-000270.color.png 0.404164 -0.138206 1.218252 0.996005 -0.017161 -0.085295 -0.019198

seq-08/frame-000271.color.png 0.406236 -0.138706 1.218223 0.995175 -0.017931 -0.094444 -0.018688

seq-08/frame-000272.color.png 0.407048 -0.137256 1.218349 0.994472 -0.016432 -0.101495 -0.020457

seq-08/frame-000273.color.png 0.406888 -0.135553 1.218602 0.993644 -0.016341 -0.108802 -0.023001

seq-08/frame-000274.color.png 0.406996 -0.136487 1.218530 0.992352 -0.017561 -0.118966 -0.027200

seq-08/frame-000275.color.png 0.406674 -0.135578 1.218516 0.992374 -0.017125 -0.118804 -0.027375

seq-08/frame-000276.color.png 0.407221 -0.135566 1.218970 0.990934 -0.016050 -0.129888 -0.029737

seq-08/frame-000277.color.png 0.404658 -0.133259 1.218984 0.989376 -0.015935 -0.141146 -0.030350

seq-08/frame-000278.color.png 0.403640 -0.134669 1.219333 0.987497 -0.017772 -0.153063 -0.032691

seq-08/frame-000279.color.png 0.402221 -0.134804 1.219311 0.985642 -0.017027 -0.164072 -0.035540

seq-08/frame-000280.color.png 0.401810 -0.135455 1.219206 0.985687 -0.017309 -0.163782 -0.035479

seq-08/frame-000281.color.png 0.398266 -0.133739 1.219164 0.983599 -0.018318 -0.175299 -0.037810

seq-08/frame-000282.color.png 0.395227 -0.135470 1.218687 0.981615 -0.019804 -0.185572 -0.039560

seq-08/frame-000283.color.png 0.391638 -0.134736 1.218294 0.980284 -0.017680 -0.192844 -0.038780

seq-08/frame-000284.color.png 0.385933 -0.134000 1.217080 0.978337 -0.017416 -0.202633 -0.038150

seq-08/frame-000285.color.png 0.386493 -0.134172 1.217318 0.978292 -0.017469 -0.202847 -0.038138

seq-08/frame-000286.color.png 0.383773 -0.134431 1.217251 0.975603 -0.016967 -0.214981 -0.040697

seq-08/frame-000287.color.png 0.379373 -0.133794 1.217188 0.973326 -0.014196 -0.224530 -0.044523

seq-08/frame-000288.color.png 0.374492 -0.130801 1.216746 0.970933 -0.012964 -0.234377 -0.046366

seq-08/frame-000289.color.png 0.370109 -0.132192 1.216217 0.968929 -0.013144 -0.242290 -0.047549

seq-08/frame-000290.color.png 0.365342 -0.131193 1.215660 0.967416 -0.011274 -0.248368 -0.047459

seq-08/frame-000291.color.png 0.362611 -0.131079 1.215261 0.965414 -0.010292 -0.255837 -0.048769

seq-08/frame-000292.color.png 0.359889 -0.132388 1.214342 0.963308 -0.008405 -0.262973 -0.052647

seq-08/frame-000293.color.png 0.353830 -0.130680 1.212369 0.961497 -0.005567 -0.269264 -0.054312

seq-08/frame-000294.color.png 0.348331 -0.128523 1.209655 0.959224 -0.004494 -0.277123 -0.055067

seq-08/frame-000295.color.png 0.344815 -0.128094 1.207599 0.957098 -0.003406 -0.283987 -0.057123

seq-08/frame-000296.color.png 0.338900 -0.127679 1.204194 0.955613 -0.001751 -0.288885 -0.057504

seq-08/frame-000297.color.png 0.333715 -0.127116 1.200025 0.953547 -0.000732 -0.295638 -0.057488

seq-08/frame-000298.color.png 0.329123 -0.127334 1.195683 0.951223 0.001052 -0.302803 -0.058677

seq-08/frame-000299.color.png 0.325594 -0.127273 1.191479 0.948989 0.002662 -0.309786 -0.058354

seq-08/frame-000300.color.png 0.325288 -0.126927 1.191305 0.949029 0.002826 -0.309682 -0.058248

seq-08/frame-000301.color.png 0.321146 -0.127234 1.186022 0.947340 0.004345 -0.315163 -0.056213

seq-08/frame-000302.color.png 0.316057 -0.128277 1.179990 0.946268 0.006591 -0.318818 -0.053360

seq-08/frame-000303.color.png 0.312090 -0.128896 1.174082 0.945044 0.009677 -0.322834 -0.050359

seq-08/frame-000304.color.png 0.309166 -0.128246 1.168261 0.943700 0.014114 -0.326704 -0.049548

seq-08/frame-000305.color.png 0.305381 -0.128658 1.161981 0.942270 0.017235 -0.330702 -0.049245

seq-08/frame-000306.color.png 0.303714 -0.127846 1.155597 0.940166 0.019534 -0.336568 -0.048865

seq-08/frame-000307.color.png 0.304114 -0.130156 1.149633 0.937945 0.019991 -0.342737 -0.048476

seq-08/frame-000308.color.png 0.303187 -0.131276 1.142423 0.936587 0.023052 -0.346424 -0.047135

seq-08/frame-000309.color.png 0.300279 -0.129770 1.134613 0.935958 0.026511 -0.348228 -0.044445

seq-08/frame-000310.color.png 0.301608 -0.129832 1.129082 0.934670 0.028477 -0.351831 -0.041883

seq-08/frame-000311.color.png 0.303139 -0.128442 1.122890 0.932690 0.030117 -0.357045 -0.040742

seq-08/frame-000312.color.png 0.301641 -0.127279 1.114030 0.931141 0.032606 -0.360527 -0.043500

seq-08/frame-000313.color.png 0.304791 -0.126851 1.108505 0.929512 0.034028 -0.364426 -0.044734

seq-08/frame-000314.color.png 0.306757 -0.127303 1.101998 0.928638 0.033434 -0.366844 -0.043558

seq-08/frame-000315.color.png 0.307583 -0.127422 1.094486 0.927681 0.033784 -0.369337 -0.042598

seq-08/frame-000316.color.png 0.310999 -0.127770 1.088245 0.926708 0.034701 -0.371703 -0.042452

seq-08/frame-000317.color.png 0.311326 -0.127213 1.079976 0.925915 0.035963 -0.373487 -0.043047

seq-08/frame-000318.color.png 0.315906 -0.127276 1.074679 0.924595 0.036467 -0.376720 -0.042812

seq-08/frame-000319.color.png 0.318507 -0.127064 1.068007 0.923923 0.035550 -0.378587 -0.041617

seq-08/frame-000320.color.png 0.319845 -0.126876 1.060763 0.923341 0.036380 -0.379930 -0.041585

seq-08/frame-000321.color.png 0.322120 -0.125883 1.054731 0.922428 0.036607 -0.382131 -0.041469

seq-08/frame-000322.color.png 0.324425 -0.126783 1.048618 0.920888 0.034868 -0.385902 -0.042251

seq-08/frame-000323.color.png 0.326690 -0.128332 1.041675 0.919474 0.034343 -0.389173 -0.043466

seq-08/frame-000324.color.png 0.330964 -0.128574 1.036091 0.918030 0.033521 -0.392811 -0.041869

seq-08/frame-000325.color.png 0.334863 -0.129223 1.031255 0.916060 0.031786 -0.397702 -0.040164

seq-08/frame-000326.color.png 0.337987 -0.129605 1.026058 0.914617 0.030887 -0.401139 -0.039563

seq-08/frame-000327.color.png 0.341294 -0.130483 1.020357 0.913110 0.029948 -0.404697 -0.038861

seq-08/frame-000328.color.png 0.345983 -0.129337 1.016271 0.910678 0.028961 -0.410104 -0.039979

seq-08/frame-000329.color.png 0.351158 -0.132494 1.012944 0.907993 0.026540 -0.416043 -0.041324

seq-08/frame-000330.color.png 0.357422 -0.134535 1.010260 0.905143 0.024586 -0.422401 -0.040546

seq-08/frame-000331.color.png 0.362015 -0.134615 1.006989 0.902727 0.023801 -0.427595 -0.040445

seq-08/frame-000332.color.png 0.366376 -0.136366 1.003824 0.900949 0.023401 -0.431240 -0.041599

seq-08/frame-000333.color.png 0.369822 -0.135593 1.000133 0.899370 0.023233 -0.434681 -0.040026

seq-08/frame-000334.color.png 0.379227 -0.137957 0.995035 0.894634 0.019300 -0.444348 -0.042045

seq-08/frame-000335.color.png 0.382126 -0.140108 0.991487 0.891771 0.018518 -0.450033 -0.042744

seq-08/frame-000336.color.png 0.385849 -0.141436 0.989657 0.887939 0.016821 -0.457539 -0.043516

seq-08/frame-000337.color.png 0.388650 -0.146050 0.988267 0.884756 0.015156 -0.463604 -0.044757

seq-08/frame-000338.color.png 0.389667 -0.147166 0.985067 0.882123 0.014429 -0.468713 -0.043743

seq-08/frame-000339.color.png 0.390950 -0.149878 0.984526 0.878851 0.013079 -0.475032 -0.041821

seq-08/frame-000340.color.png 0.390331 -0.152012 0.981814 0.876182 0.012572 -0.480124 -0.039763

seq-08/frame-000341.color.png 0.388453 -0.155416 0.979339 0.869144 0.013940 -0.492871 -0.037754

seq-08/frame-000342.color.png 0.383710 -0.157433 0.975393 0.865545 0.013469 -0.499230 -0.037046

seq-08/frame-000343.color.png 0.375193 -0.161695 0.968922 0.858388 0.010981 -0.511729 -0.033692

seq-08/frame-000344.color.png 0.368782 -0.162963 0.965439 0.853971 0.011241 -0.519128 -0.032650

seq-08/frame-000345.color.png 0.363536 -0.159699 0.967321 0.848626 0.012928 -0.527800 -0.032323

seq-08/frame-000346.color.png 0.354765 -0.160430 0.974355 0.837890 0.013431 -0.544616 -0.033232

seq-08/frame-000347.color.png 0.346835 -0.160420 0.978452 0.832675 0.013716 -0.552591 -0.032549

seq-08/frame-000348.color.png 0.340290 -0.160438 0.985898 0.827597 0.014416 -0.560096 -0.033450

seq-08/frame-000349.color.png 0.331639 -0.159124 0.989909 0.823194 0.016288 -0.566404 -0.034978

seq-08/frame-000350.color.png 0.312602 -0.164589 1.007942 0.813794 0.017537 -0.579630 -0.037559

seq-08/frame-000351.color.png 0.300149 -0.163999 1.009828 0.810648 0.019659 -0.584007 -0.036711

seq-08/frame-000352.color.png 0.288439 -0.160146 1.012405 0.807125 0.021317 -0.588839 -0.036229

seq-08/frame-000353.color.png 0.264464 -0.162672 1.016472 0.799586 0.024783 -0.598624 -0.040576

seq-08/frame-000354.color.png 0.250946 -0.160996 1.020746 0.796275 0.025750 -0.603046 -0.039594

seq-08/frame-000355.color.png 0.237667 -0.160428 1.019250 0.793176 0.026313 -0.607020 -0.040673

seq-08/frame-000356.color.png 0.207167 -0.157469 1.011463 0.787595 0.029376 -0.613796 -0.045089

seq-08/frame-000357.color.png 0.190413 -0.156921 1.001345 0.783430 0.028490 -0.619027 -0.046674

seq-08/frame-000358.color.png 0.173547 -0.162217 1.003909 0.780836 0.028290 -0.622131 -0.048942

seq-08/frame-000359.color.png 0.155542 -0.162878 1.002283 0.778994 0.029509 -0.624230 -0.050808

seq-08/frame-000360.color.png 0.137885 -0.163436 0.999951 0.777052 0.029753 -0.626566 -0.051645

seq-08/frame-000361.color.png 0.100682 -0.166228 0.993641 0.773850 0.028004 -0.630580 -0.051824

seq-08/frame-000362.color.png 0.082421 -0.164874 0.989888 0.772646 0.027769 -0.631934 -0.053399

seq-08/frame-000363.color.png 0.064198 -0.170821 0.987389 0.770889 0.025771 -0.633869 -0.056771

seq-08/frame-000364.color.png 0.045180 -0.177301 0.988014 0.770183 0.024170 -0.634708 -0.057677

seq-08/frame-000365.color.png 0.025620 -0.180227 0.984906 0.770789 0.023261 -0.634188 -0.055625

seq-08/frame-000366.color.png -0.013042 -0.184274 0.978916 0.771646 0.024795 -0.633430 -0.051569

seq-08/frame-000367.color.png -0.032720 -0.185369 0.976107 0.771550 0.028905 -0.633406 -0.051162

seq-08/frame-000368.color.png -0.051368 -0.183712 0.971301 0.770710 0.030572 -0.634518 -0.049039

seq-08/frame-000369.color.png -0.070283 -0.183521 0.968870 0.769384 0.030566 -0.636234 -0.047600

seq-08/frame-000370.color.png -0.106921 -0.189176 0.964767 0.767932 0.032903 -0.638071 -0.044813

seq-08/frame-000371.color.png -0.125815 -0.190348 0.961965 0.767569 0.032845 -0.638778 -0.040822

seq-08/frame-000372.color.png -0.145480 -0.194261 0.958868 0.768282 0.032574 -0.638192 -0.036581

seq-08/frame-000373.color.png -0.163549 -0.192320 0.955395 0.769240 0.033884 -0.637169 -0.032909

seq-08/frame-000374.color.png -0.181397 -0.192382 0.952478 0.769285 0.034930 -0.637180 -0.030471

seq-08/frame-000375.color.png -0.218904 -0.194536 0.946882 0.770614 0.038379 -0.635575 -0.025905

seq-08/frame-000376.color.png -0.237449 -0.194971 0.942427 0.771356 0.039027 -0.634812 -0.021117

seq-08/frame-000377.color.png -0.255795 -0.195171 0.941296 0.772588 0.039526 -0.633393 -0.017437

seq-08/frame-000378.color.png -0.274671 -0.195072 0.937207 0.774032 0.041690 -0.631551 -0.014990

seq-08/frame-000379.color.png -0.293382 -0.194247 0.933569 0.774985 0.045559 -0.630138 -0.013892

seq-08/frame-000380.color.png -0.311161 -0.196273 0.931371 0.776466 0.046218 -0.628334 -0.010313

seq-08/frame-000381.color.png -0.328477 -0.195290 0.929632 0.778315 0.046328 -0.626085 -0.006482

seq-08/frame-000382.color.png -0.361840 -0.199819 0.926618 0.784188 0.047072 -0.618690 -0.000732

seq-08/frame-000383.color.png -0.377786 -0.200436 0.926620 0.788376 0.047111 -0.613342 0.001225

seq-08/frame-000384.color.png -0.393160 -0.202059 0.923813 0.793958 0.045653 -0.606206 0.002715

seq-08/frame-000385.color.png -0.407927 -0.202394 0.924023 0.798951 0.044930 -0.599657 0.004003

seq-08/frame-000386.color.png -0.421925 -0.204083 0.923706 0.803814 0.045232 -0.593093 0.004826

seq-08/frame-000387.color.png -0.447843 -0.206073 0.925146 0.812634 0.047025 -0.580780 0.007496

seq-08/frame-000388.color.png -0.459491 -0.208085 0.928320 0.816935 0.048930 -0.574574 0.005853

seq-08/frame-000389.color.png -0.472621 -0.211440 0.930546 0.822091 0.051419 -0.566943 0.006694

seq-08/frame-000390.color.png -0.484692 -0.216739 0.936401 0.825997 0.053534 -0.560979 0.010671

seq-08/frame-000391.color.png -0.494580 -0.229115 0.946306 0.830807 0.054353 -0.553712 0.012468

seq-08/frame-000392.color.png -0.506854 -0.234250 0.948879 0.838608 0.057613 -0.541482 0.012734

seq-08/frame-000393.color.png -0.531782 -0.227369 0.947821 0.849226 0.062181 -0.523938 0.019641

seq-08/frame-000394.color.png -0.541690 -0.224290 0.952150 0.852671 0.068601 -0.517562 0.018031

seq-08/frame-000395.color.png -0.550999 -0.221574 0.953678 0.855521 0.073107 -0.512167 0.019316

seq-08/frame-000396.color.png -0.558131 -0.219853 0.957776 0.857826 0.078070 -0.507682 0.015716

seq-08/frame-000397.color.png -0.564579 -0.220084 0.963511 0.861490 0.083176 -0.500728 0.011689

seq-08/frame-000398.color.png -0.571810 -0.215203 0.967216 0.865534 0.086409 -0.493119 0.012918

seq-08/frame-000399.color.png -0.582811 -0.210250 0.974833 0.873045 0.094398 -0.478209 0.012114

seq-08/frame-000400.color.png -0.588173 -0.207883 0.977941 0.876804 0.100270 -0.470115 0.010085

seq-08/frame-000401.color.png -0.592697 -0.205207 0.979914 0.880556 0.105031 -0.461989 0.010290

seq-08/frame-000402.color.png -0.598157 -0.204045 0.979851 0.883741 0.108958 -0.454876 0.012975

seq-08/frame-000403.color.png -0.600638 -0.204307 0.982869 0.886034 0.114848 -0.448945 0.012335

seq-08/frame-000404.color.png -0.602681 -0.202614 0.985674 0.888937 0.121721 -0.441380 0.010419

seq-08/frame-000405.color.png -0.606110 -0.197581 0.989020 0.895520 0.131585 -0.425005 0.007116

seq-08/frame-000406.color.png -0.606114 -0.196630 0.991804 0.899252 0.137386 -0.415186 0.006436

seq-08/frame-000407.color.png -0.606266 -0.191734 0.993726 0.903247 0.141969 -0.404815 0.008061

seq-08/frame-000408.color.png -0.606422 -0.188081 0.994616 0.907343 0.145209 -0.394388 0.007148

seq-08/frame-000409.color.png -0.608036 -0.183519 0.993320 0.911405 0.148607 -0.383639 0.005340

seq-08/frame-000410.color.png -0.609732 -0.178632 0.992781 0.915167 0.151354 -0.373490 0.004221

seq-08/frame-000411.color.png -0.610714 -0.176202 0.992275 0.918869 0.154916 -0.362803 0.002183

seq-08/frame-000412.color.png -0.610425 -0.175871 0.991916 0.922476 0.157751 -0.352273 0.002491

seq-08/frame-000413.color.png -0.610844 -0.175341 0.990469 0.926228 0.160535 -0.340985 0.003043

seq-08/frame-000414.color.png -0.611120 -0.174669 0.987510 0.929545 0.164069 -0.330097 0.003765

seq-08/frame-000415.color.png -0.610939 -0.170306 0.985999 0.931896 0.167192 -0.321766 0.005766

seq-08/frame-000416.color.png -0.609631 -0.170815 0.985049 0.934164 0.168950 -0.314201 0.004652

seq-08/frame-000417.color.png -0.607986 -0.169437 0.984809 0.936452 0.170623 -0.306387 0.004764

seq-08/frame-000418.color.png -0.606234 -0.167909 0.983907 0.938781 0.171361 -0.298740 0.005679

seq-08/frame-000419.color.png -0.604011 -0.165109 0.984509 0.940886 0.171964 -0.291647 0.007469

seq-08/frame-000420.color.png -0.599854 -0.164896 0.985234 0.942727 0.172715 -0.285161 0.008372

seq-08/frame-000421.color.png -0.597293 -0.162912 0.985237 0.944427 0.174356 -0.278455 0.008413

seq-08/frame-000422.color.png -0.593161 -0.161393 0.985297 0.946258 0.174340 -0.272117 0.010272

seq-08/frame-000423.color.png -0.589666 -0.162818 0.984985 0.948245 0.174391 -0.265073 0.010323

seq-08/frame-000424.color.png -0.584598 -0.163229 0.984867 0.950264 0.174727 -0.257561 0.009033

seq-08/frame-000425.color.png -0.579537 -0.165621 0.984055 0.953024 0.173049 -0.248361 0.008142

seq-08/frame-000426.color.png -0.575579 -0.165823 0.984085 0.955553 0.171355 -0.239496 0.012180

seq-08/frame-000427.color.png -0.571011 -0.165157 0.984568 0.957189 0.171550 -0.232576 0.014795

seq-08/frame-000428.color.png -0.564925 -0.165949 0.986275 0.958345 0.173622 -0.226327 0.012546

seq-08/frame-000429.color.png -0.559037 -0.171239 0.986128 0.960220 0.173909 -0.218095 0.010906

seq-08/frame-000430.color.png -0.553906 -0.171240 0.987673 0.962339 0.173704 -0.208737 0.010480

seq-08/frame-000431.color.png -0.544776 -0.174691 0.989354 0.964097 0.174342 -0.199880 0.010969

seq-08/frame-000432.color.png -0.537568 -0.173055 0.992184 0.965768 0.175180 -0.190787 0.012469

seq-08/frame-000433.color.png -0.528201 -0.172253 0.995723 0.967536 0.175141 -0.181727 0.011220

seq-08/frame-000434.color.png -0.522228 -0.176020 0.997248 0.969617 0.173520 -0.171876 0.011946

seq-08/frame-000435.color.png -0.515336 -0.176940 0.999612 0.971252 0.171123 -0.164472 0.016918

seq-08/frame-000436.color.png -0.505136 -0.181853 1.002671 0.972310 0.171251 -0.157866 0.017764

seq-08/frame-000437.color.png -0.500319 -0.183248 1.006068 0.973036 0.173081 -0.151269 0.017671

seq-08/frame-000438.color.png -0.489373 -0.181413 1.010539 0.973785 0.174094 -0.145217 0.017248

seq-08/frame-000439.color.png -0.480298 -0.184276 1.013842 0.974922 0.173966 -0.137694 0.015911

seq-08/frame-000440.color.png -0.474207 -0.189529 1.016160 0.976243 0.172721 -0.129808 0.014722

seq-08/frame-000441.color.png -0.466281 -0.192347 1.019635 0.977359 0.171367 -0.122810 0.016456

seq-08/frame-000442.color.png -0.458957 -0.198891 1.022628 0.978343 0.170367 -0.115986 0.017822

seq-08/frame-000443.color.png -0.448293 -0.199677 1.025893 0.979152 0.170357 -0.109153 0.016618

seq-08/frame-000444.color.png -0.436627 -0.196347 1.029346 0.979993 0.169173 -0.102855 0.019095

seq-08/frame-000445.color.png -0.424015 -0.201972 1.030458 0.981253 0.165427 -0.096937 0.018142

seq-08/frame-000446.color.png -0.415191 -0.203586 1.033516 0.982103 0.163464 -0.091568 0.017856

seq-08/frame-000447.color.png -0.403745 -0.204402 1.036614 0.982756 0.162279 -0.086266 0.019115

seq-08/frame-000448.color.png -0.394142 -0.201479 1.040358 0.983250 0.162283 -0.080105 0.020406

seq-08/frame-000449.color.png -0.381752 -0.200685 1.043587 0.983943 0.160924 -0.073355 0.022987

seq-08/frame-000450.color.png -0.368424 -0.202969 1.046778 0.984504 0.159981 -0.067168 0.024404

seq-08/frame-000451.color.png -0.354437 -0.203451 1.050155 0.984611 0.161027 -0.062130 0.026488

seq-08/frame-000452.color.png -0.343278 -0.204905 1.052931 0.984919 0.160954 -0.057077 0.026825

seq-08/frame-000453.color.png -0.329504 -0.206136 1.055908 0.985412 0.159724 -0.052066 0.026250

seq-08/frame-000454.color.png -0.315778 -0.208202 1.058705 0.985795 0.158667 -0.046514 0.028627

seq-08/frame-000455.color.png -0.302529 -0.211963 1.061338 0.986009 0.157870 -0.041084 0.033532

seq-08/frame-000456.color.png -0.291184 -0.214460 1.064512 0.986216 0.157541 -0.036677 0.034085

seq-08/frame-000457.color.png -0.279458 -0.215977 1.067520 0.986336 0.157861 -0.032895 0.032987

seq-08/frame-000458.color.png -0.279474 -0.216442 1.067207 0.986378 0.157759 -0.032869 0.032243

seq-08/frame-000459.color.png -0.267614 -0.217610 1.070382 0.986559 0.157666 -0.028998 0.030818

seq-08/frame-000460.color.png -0.257427 -0.219875 1.072579 0.986645 0.157809 -0.025372 0.030543

seq-08/frame-000461.color.png -0.246204 -0.221313 1.075151 0.986589 0.158551 -0.022441 0.030808

seq-08/frame-000462.color.png -0.246484 -0.221684 1.074919 0.986623 0.158436 -0.022297 0.030384

seq-08/frame-000463.color.png -0.233493 -0.222551 1.077725 0.986523 0.159406 -0.019326 0.030596

seq-08/frame-000464.color.png -0.221955 -0.221264 1.080140 0.986541 0.160000 -0.015682 0.028953

seq-08/frame-000465.color.png -0.211014 -0.221546 1.081784 0.986720 0.159202 -0.011930 0.029044

seq-08/frame-000466.color.png -0.199701 -0.222400 1.082962 0.986732 0.159192 -0.010145 0.029371

seq-08/frame-000467.color.png -0.199894 -0.221930 1.083095 0.986718 0.159325 -0.010179 0.029104

seq-08/frame-000468.color.png -0.186908 -0.221864 1.083965 0.986699 0.160132 -0.009168 0.025442

seq-08/frame-000469.color.png -0.170117 -0.220189 1.085192 0.986761 0.160552 -0.007691 0.020346

seq-08/frame-000470.color.png -0.156389 -0.218861 1.085873 0.986882 0.159926 -0.005023 0.020276

seq-08/frame-000471.color.png -0.156059 -0.218993 1.085843 0.986869 0.159987 -0.005038 0.020378

seq-08/frame-000472.color.png -0.145426 -0.219640 1.085274 0.986995 0.159232 -0.002112 0.020716

seq-08/frame-000473.color.png -0.134268 -0.218839 1.084276 0.987083 0.158798 0.000764 0.019961

seq-08/frame-000474.color.png -0.124032 -0.218843 1.082349 0.987283 0.157726 0.004021 0.018035

seq-08/frame-000475.color.png -0.123953 -0.218834 1.082337 0.987286 0.157735 0.003995 0.017813

seq-08/frame-000476.color.png -0.112838 -0.219050 1.079916 0.987488 0.156362 0.008155 0.017277

seq-08/frame-000477.color.png -0.102374 -0.218226 1.077225 0.987725 0.154780 0.012561 0.015218

seq-08/frame-000478.color.png -0.091034 -0.216613 1.074282 0.988045 0.152438 0.016820 0.013962

seq-08/frame-000479.color.png -0.079425 -0.215252 1.070806 0.988436 0.149200 0.022410 0.013341

seq-08/frame-000480.color.png -0.079024 -0.214996 1.070999 0.988438 0.149201 0.022415 0.013197

seq-08/frame-000481.color.png -0.067472 -0.214173 1.067754 0.988766 0.145882 0.028721 0.013512

seq-08/frame-000482.color.png -0.055721 -0.211773 1.065130 0.988866 0.144038 0.034183 0.013269

seq-08/frame-000483.color.png -0.044163 -0.210633 1.061810 0.988892 0.142613 0.040080 0.009767

seq-08/frame-000484.color.png -0.044313 -0.210839 1.061561 0.988909 0.142520 0.039870 0.010236

seq-08/frame-000485.color.png -0.033035 -0.209499 1.057267 0.988833 0.141189 0.046607 0.006990

seq-08/frame-000486.color.png -0.021858 -0.208462 1.052961 0.988718 0.139434 0.054031 0.004710

seq-08/frame-000487.color.png -0.011090 -0.205539 1.049465 0.988425 0.138692 0.060878 0.004479

seq-08/frame-000488.color.png 0.001827 -0.204048 1.045121 0.988108 0.138309 0.066735 0.002366

seq-08/frame-000489.color.png 0.014206 -0.200755 1.041033 0.987664 0.138181 0.073285 0.001005

seq-08/frame-000490.color.png 0.014381 -0.200946 1.040850 0.987665 0.138307 0.073035 0.001025

seq-08/frame-000491.color.png 0.026221 -0.196021 1.037113 0.987303 0.136678 0.080598 0.001152

seq-08/frame-000492.color.png 0.039583 -0.194246 1.032381 0.986997 0.134372 0.087891 0.001314

seq-08/frame-000493.color.png 0.052465 -0.192998 1.027287 0.986516 0.133284 0.094686 0.001632

seq-08/frame-000494.color.png 0.064642 -0.189782 1.022975 0.985773 0.134107 0.101045 0.001619

seq-08/frame-000495.color.png 0.064795 -0.189939 1.022979 0.985782 0.134049 0.101045 0.000991

seq-08/frame-000496.color.png 0.075323 -0.187458 1.018273 0.985070 0.135639 0.105741 -0.001956

seq-08/frame-000497.color.png 0.086287 -0.187476 1.012952 0.984517 0.135791 0.110575 -0.002512

seq-08/frame-000498.color.png 0.097891 -0.187079 1.007170 0.983971 0.134240 0.117150 0.001484

seq-08/frame-000499.color.png 0.111245 -0.187650 1.001644 0.983227 0.133111 0.124375 0.004695

seq-08/frame-000500.color.png 0.124398 -0.186562 0.997118 0.982212 0.133738 0.131467 0.005858

seq-08/frame-000501.color.png 0.136032 -0.185203 0.992005 0.981173 0.134172 0.138581 0.006099

seq-08/frame-000502.color.png 0.147429 -0.182461 0.987133 0.980047 0.134528 0.145954 0.007233

seq-08/frame-000503.color.png 0.147900 -0.182689 0.987315 0.980046 0.134413 0.146096 0.006526

seq-08/frame-000504.color.png 0.159729 -0.180436 0.981299 0.979129 0.134495 0.151984 0.007927

seq-08/frame-000505.color.png 0.170013 -0.178596 0.975097 0.978264 0.134091 0.157760 0.008663

seq-08/frame-000506.color.png 0.180450 -0.177828 0.968773 0.977213 0.133711 0.164386 0.009842

seq-08/frame-000507.color.png 0.191009 -0.175433 0.962010 0.976205 0.133528 0.170276 0.012018

seq-08/frame-000508.color.png 0.202124 -0.174159 0.955257 0.975229 0.132217 0.176616 0.014072

seq-08/frame-000509.color.png 0.213877 -0.173892 0.948710 0.973921 0.131506 0.184218 0.013841

seq-08/frame-000510.color.png 0.225727 -0.171796 0.942809 0.972371 0.133134 0.191111 0.013814

seq-08/frame-000511.color.png 0.237636 -0.168660 0.936511 0.971006 0.133564 0.197735 0.012338

seq-08/frame-000512.color.png 0.245787 -0.164799 0.930013 0.969609 0.131971 0.205477 0.012812

seq-08/frame-000513.color.png 0.253490 -0.162462 0.924930 0.967900 0.130863 0.213885 0.015529

seq-08/frame-000514.color.png 0.259035 -0.160178 0.920830 0.966167 0.130029 0.222038 0.015985

seq-08/frame-000515.color.png 0.266157 -0.159554 0.916030 0.964673 0.128116 0.229514 0.016066

seq-08/frame-000516.color.png 0.275166 -0.158040 0.910993 0.963252 0.126837 0.236090 0.016210

seq-08/frame-000517.color.png 0.283953 -0.158379 0.906504 0.961594 0.126418 0.242928 0.016874

seq-08/frame-000518.color.png 0.290345 -0.155265 0.903378 0.959806 0.126739 0.249618 0.018513

seq-08/frame-000519.color.png 0.299099 -0.153957 0.899094 0.958499 0.125855 0.255013 0.018741

seq-08/frame-000520.color.png 0.308141 -0.153224 0.894274 0.957349 0.124982 0.259726 0.018633

seq-08/frame-000521.color.png 0.315939 -0.150383 0.889396 0.956378 0.123704 0.263956 0.017543

seq-08/frame-000522.color.png 0.324254 -0.146989 0.883726 0.955224 0.120453 0.269672 0.016006

seq-08/frame-000523.color.png 0.330176 -0.139636 0.880136 0.953696 0.117163 0.276374 0.017173

seq-08/frame-000524.color.png 0.337720 -0.135843 0.875882 0.952638 0.114059 0.281270 0.017309

seq-08/frame-000525.color.png 0.345756 -0.132189 0.870640 0.951946 0.110811 0.285023 0.014964

seq-08/frame-000526.color.png 0.353032 -0.130629 0.865454 0.951035 0.107167 0.289388 0.015614

seq-08/frame-000527.color.png 0.361612 -0.126280 0.861506 0.949844 0.104863 0.293941 0.018416

seq-08/frame-000528.color.png 0.367909 -0.120453 0.858918 0.948925 0.103272 0.297443 0.018545

seq-08/frame-000529.color.png 0.374820 -0.116991 0.855730 0.948274 0.101425 0.300243 0.016884

seq-08/frame-000530.color.png 0.382291 -0.110930 0.851773 0.947851 0.099540 0.302194 0.017011

seq-08/frame-000531.color.png 0.391606 -0.107441 0.848238 0.947786 0.097719 0.303005 0.016777

seq-08/frame-000532.color.png 0.398107 -0.101508 0.846607 0.947908 0.096871 0.303011 0.014505

seq-08/frame-000533.color.png 0.405895 -0.097768 0.842036 0.948438 0.093565 0.302525 0.011434

seq-08/frame-000534.color.png 0.411208 -0.097477 0.838560 0.948242 0.088670 0.304648 0.010173

seq-08/frame-000535.color.png 0.417087 -0.098349 0.835028 0.947866 0.084767 0.306921 0.010177

seq-08/frame-000536.color.png 0.427052 -0.099373 0.830910 0.947387 0.082611 0.309058 0.007442

seq-08/frame-000537.color.png 0.437519 -0.097872 0.827535 0.947035 0.082456 0.310223 0.005114

seq-08/frame-000538.color.png 0.465781 -0.091249 0.819638 0.946889 0.081988 0.310834 -0.001177

seq-08/frame-000539.color.png 0.479744 -0.089510 0.815277 0.947016 0.081203 0.310634 -0.003635

seq-08/frame-000540.color.png 0.494373 -0.088910 0.810768 0.946733 0.079689 0.311803 -0.008002

seq-08/frame-000541.color.png 0.509324 -0.088667 0.806769 0.945939 0.078148 0.314539 -0.009828

seq-08/frame-000542.color.png 0.521726 -0.091338 0.803816 0.944693 0.076947 0.318597 -0.008290

seq-08/frame-000543.color.png 0.537276 -0.087366 0.801752 0.943495 0.078142 0.321825 -0.008841

seq-08/frame-000544.color.png 0.552268 -0.083813 0.800021 0.942931 0.078062 0.323442 -0.010528

seq-08/frame-000545.color.png 0.563998 -0.082463 0.799685 0.942646 0.076608 0.324565 -0.012061

seq-08/frame-000546.color.png 0.578333 -0.084854 0.798250 0.942490 0.074674 0.325483 -0.011696

seq-08/frame-000547.color.png 0.592094 -0.086294 0.798394 0.941951 0.074898 0.327045 -0.009930

seq-08/frame-000548.color.png 0.603057 -0.083943 0.801288 0.941431 0.076170 0.328232 -0.010357

seq-08/frame-000549.color.png 0.616752 -0.087093 0.801513 0.941051 0.074833 0.329598 -0.011211

seq-08/frame-000550.color.png 0.628452 -0.087233 0.802616 0.940031 0.073870 0.332803 -0.008056

seq-08/frame-000551.color.png 0.639734 -0.088116 0.805690 0.938733 0.073102 0.336675 -0.004898

seq-08/frame-000552.color.png 0.646180 -0.089266 0.810411 0.937501 0.073181 0.340082 -0.004318

seq-08/frame-000553.color.png 0.651270 -0.091818 0.816783 0.935938 0.073271 0.344355 -0.003016

seq-08/frame-000554.color.png 0.655097 -0.092378 0.824482 0.934098 0.073467 0.349287 0.000062

seq-08/frame-000555.color.png 0.659773 -0.091849 0.832435 0.932389 0.074132 0.353680 0.001895

seq-08/frame-000556.color.png 0.662555 -0.093189 0.841336 0.931104 0.073892 0.357075 0.004354

seq-08/frame-000557.color.png 0.664777 -0.094514 0.850351 0.929452 0.073981 0.361300 0.006724

seq-08/frame-000558.color.png 0.668643 -0.098177 0.858670 0.928043 0.074524 0.364648 0.012307

seq-08/frame-000559.color.png 0.670993 -0.099976 0.870192 0.926798 0.076874 0.367200 0.015403

seq-08/frame-000560.color.png 0.673232 -0.102449 0.882224 0.926015 0.078862 0.368674 0.017136

seq-08/frame-000561.color.png 0.673947 -0.103996 0.894705 0.924873 0.080983 0.370932 0.019927

seq-08/frame-000562.color.png 0.674018 -0.106073 0.907916 0.923917 0.082551 0.372532 0.026830

seq-08/frame-000563.color.png 0.673006 -0.109420 0.923230 0.923360 0.083452 0.373417 0.030609

seq-08/frame-000564.color.png 0.670708 -0.112573 0.939440 0.923154 0.083767 0.373916 0.029870

seq-08/frame-000565.color.png 0.668582 -0.117147 0.954802 0.922626 0.083853 0.375058 0.031575

seq-08/frame-000566.color.png 0.664950 -0.119741 0.972833 0.921711 0.083962 0.376847 0.036344

seq-08/frame-000567.color.png 0.661923 -0.124905 0.990238 0.921342 0.082461 0.377830 0.038846

seq-08/frame-000568.color.png 0.659329 -0.129405 1.007282 0.921098 0.081013 0.378582 0.040343

seq-08/frame-000569.color.png 0.657112 -0.133655 1.023770 0.920829 0.079176 0.379384 0.042536

seq-08/frame-000570.color.png 0.653381 -0.140517 1.041034 0.920088 0.076168 0.381789 0.042542

seq-08/frame-000571.color.png 0.648580 -0.144955 1.059803 0.918906 0.074418 0.384722 0.044689

seq-08/frame-000572.color.png 0.645471 -0.149669 1.076631 0.917901 0.071916 0.387223 0.047742

seq-08/frame-000573.color.png 0.638354 -0.160901 1.113111 0.914548 0.072005 0.393985 0.055925

seq-08/frame-000574.color.png 0.637043 -0.163806 1.130659 0.913559 0.073255 0.396031 0.056011

seq-08/frame-000575.color.png 0.635841 -0.166395 1.146846 0.912036 0.072643 0.399275 0.058550

seq-08/frame-000576.color.png 0.634246 -0.172300 1.163293 0.910043 0.072320 0.403112 0.063454

seq-08/frame-000577.color.png 0.633823 -0.176977 1.179291 0.908640 0.072833 0.405868 0.065367

seq-08/frame-000578.color.png 0.633185 -0.186935 1.207815 0.906068 0.073076 0.410940 0.069015

seq-08/frame-000579.color.png 0.632062 -0.192442 1.225008 0.904713 0.076166 0.412422 0.074395

seq-08/frame-000580.color.png 0.631334 -0.196120 1.240997 0.904870 0.079085 0.411513 0.074476

seq-08/frame-000581.color.png 0.630457 -0.200795 1.255724 0.905364 0.080350 0.410401 0.073243

seq-08/frame-000582.color.png 0.624853 -0.207779 1.288619 0.905946 0.080365 0.408651 0.075767

seq-08/frame-000583.color.png 0.622636 -0.214032 1.304500 0.905832 0.079648 0.408817 0.076987

seq-08/frame-000584.color.png 0.619454 -0.217707 1.321560 0.905383 0.080956 0.408986 0.079943

seq-08/frame-000585.color.png 0.616621 -0.220982 1.337819 0.905501 0.081323 0.407561 0.085336

seq-08/frame-000586.color.png 0.612823 -0.225425 1.355363 0.906563 0.081210 0.404631 0.088062

seq-08/frame-000587.color.png 0.608898 -0.229373 1.371237 0.908587 0.081191 0.399927 0.088704

seq-08/frame-000588.color.png 0.605111 -0.229769 1.385487 0.910930 0.078512 0.395623 0.086362

seq-08/frame-000589.color.png 0.602261 -0.230319 1.398324 0.912998 0.072845 0.392418 0.084081

seq-08/frame-000590.color.png 0.597867 -0.239354 1.423706 0.915690 0.065235 0.386834 0.086883

seq-08/frame-000591.color.png 0.595057 -0.239239 1.437401 0.916936 0.065202 0.384049 0.086126

seq-08/frame-000592.color.png 0.593419 -0.240717 1.448402 0.918121 0.063812 0.381373 0.086430

seq-08/frame-000593.color.png 0.591594 -0.241442 1.459488 0.918534 0.061354 0.380299 0.088523

seq-08/frame-000594.color.png 0.590960 -0.243171 1.469634 0.918907 0.059704 0.379165 0.090621

seq-08/frame-000595.color.png 0.590143 -0.248622 1.479967 0.919539 0.058685 0.378156 0.089079

seq-08/frame-000596.color.png 0.588666 -0.248590 1.491078 0.919708 0.058834 0.377640 0.089421

seq-08/frame-000597.color.png 0.585477 -0.255346 1.513128 0.918939 0.057065 0.379142 0.092080

seq-08/frame-000598.color.png 0.583979 -0.259463 1.523710 0.919098 0.057577 0.378706 0.091971

seq-08/frame-000599.color.png 0.582286 -0.261322 1.534557 0.918977 0.058258 0.378790 0.092404

seq-08/frame-000600.color.png 0.579781 -0.263394 1.545466 0.918229 0.058045 0.380301 0.093754

seq-08/frame-000601.color.png 0.577136 -0.266858 1.556281 0.917143 0.058144 0.382241 0.096399

seq-08/frame-000602.color.png 0.573682 -0.270863 1.567805 0.916214 0.058661 0.383955 0.098093

seq-08/frame-000603.color.png 0.570504 -0.273448 1.579027 0.915488 0.059138 0.385675 0.097836

seq-08/frame-000604.color.png 0.566141 -0.275411 1.590272 0.914326 0.059355 0.388041 0.099202

seq-08/frame-000605.color.png 0.562785 -0.279433 1.600517 0.912880 0.060779 0.390021 0.103792

seq-08/frame-000606.color.png 0.558767 -0.282866 1.611309 0.911900 0.063278 0.391156 0.106602

seq-08/frame-000607.color.png 0.555490 -0.284197 1.621628 0.911937 0.065528 0.390745 0.106430

seq-08/frame-000608.color.png 0.552219 -0.284235 1.631082 0.911978 0.066560 0.390514 0.106282

seq-08/frame-000609.color.png 0.548202 -0.287533 1.640199 0.911422 0.067035 0.391383 0.107551

seq-08/frame-000610.color.png 0.544712 -0.288682 1.649609 0.910744 0.068861 0.392524 0.107983

seq-08/frame-000611.color.png 0.535320 -0.289152 1.669327 0.909469 0.070359 0.395182 0.108066

seq-08/frame-000612.color.png 0.530843 -0.291750 1.678947 0.909202 0.071479 0.395746 0.107516

seq-08/frame-000613.color.png 0.526121 -0.292544 1.688862 0.909152 0.072516 0.396237 0.105411

seq-08/frame-000614.color.png 0.520014 -0.293246 1.699007 0.908715 0.072891 0.397267 0.105048

seq-08/frame-000615.color.png 0.514902 -0.294400 1.707888 0.907974 0.073248 0.398916 0.104958

seq-08/frame-000616.color.png 0.509916 -0.296182 1.716473 0.907161 0.073543 0.401069 0.103559

seq-08/frame-000617.color.png 0.503788 -0.296402 1.725376 0.906675 0.073068 0.402866 0.101156

seq-08/frame-000618.color.png 0.496999 -0.296343 1.734682 0.906148 0.071987 0.404702 0.099306

seq-08/frame-000619.color.png 0.492595 -0.298980 1.741278 0.905661 0.071295 0.405826 0.099658

seq-08/frame-000620.color.png 0.486777 -0.303090 1.748528 0.904922 0.071353 0.407603 0.099077

seq-08/frame-000621.color.png 0.481208 -0.302458 1.755987 0.904420 0.071495 0.409401 0.096098

seq-08/frame-000622.color.png 0.474174 -0.303339 1.764689 0.903189 0.071207 0.412066 0.096492

seq-08/frame-000623.color.png 0.467837 -0.305478 1.772732 0.901889 0.071308 0.414396 0.098577

seq-08/frame-000624.color.png 0.461123 -0.310384 1.780821 0.901069 0.072611 0.415533 0.100327

seq-08/frame-000625.color.png 0.455620 -0.311318 1.788259 0.901279 0.074354 0.415074 0.099052

seq-08/frame-000626.color.png 0.448630 -0.311130 1.795945 0.900887 0.074183 0.416399 0.097167

seq-08/frame-000627.color.png 0.442832 -0.313015 1.801439 0.899965 0.073528 0.418231 0.098333

seq-08/frame-000628.color.png 0.437245 -0.316447 1.806208 0.898886 0.072567 0.420319 0.100005

seq-08/frame-000629.color.png 0.426492 -0.324092 1.813509 0.896949 0.072972 0.423813 0.102324

seq-08/frame-000630.color.png 0.420799 -0.324467 1.816329 0.896179 0.072928 0.425473 0.102212

seq-08/frame-000631.color.png 0.415053 -0.326418 1.818283 0.895406 0.071772 0.427159 0.102771

seq-08/frame-000632.color.png 0.409095 -0.327671 1.819910 0.894550 0.071180 0.428670 0.104330

seq-08/frame-000633.color.png 0.403134 -0.328928 1.819971 0.893758 0.069862 0.430094 0.106136

seq-08/frame-000634.color.png 0.397427 -0.332109 1.819771 0.892503 0.067979 0.432470 0.108242

seq-08/frame-000635.color.png 0.392051 -0.332756 1.819093 0.891048 0.067292 0.435086 0.110155

seq-08/frame-000636.color.png 0.386289 -0.332910 1.817424 0.889619 0.066963 0.437198 0.113493

seq-08/frame-000637.color.png 0.381336 -0.334115 1.815081 0.888690 0.065559 0.438492 0.116556

seq-08/frame-000638.color.png 0.376592 -0.334116 1.812109 0.887908 0.064458 0.439944 0.117654

seq-08/frame-000639.color.png 0.368198 -0.338637 1.803970 0.886351 0.065544 0.441447 0.123042

seq-08/frame-000640.color.png 0.364511 -0.340261 1.798671 0.886489 0.066410 0.440926 0.123445

seq-08/frame-000641.color.png 0.360026 -0.338746 1.793522 0.886876 0.066758 0.440280 0.122785

seq-08/frame-000642.color.png 0.355602 -0.336538 1.788163 0.887140 0.066154 0.439812 0.122886

seq-08/frame-000643.color.png 0.350835 -0.337568 1.782719 0.887150 0.065758 0.439477 0.124216

seq-08/frame-000644.color.png 0.345895 -0.338987 1.775975 0.887197 0.066411 0.438908 0.125535

seq-08/frame-000645.color.png 0.341676 -0.339549 1.767771 0.887850 0.066909 0.437572 0.125320

seq-08/frame-000646.color.png 0.337227 -0.336773 1.759129 0.888162 0.066094 0.437410 0.124099

seq-08/frame-000647.color.png 0.328989 -0.340208 1.739037 0.886297 0.066579 0.440449 0.126402

seq-08/frame-000648.color.png 0.325216 -0.337685 1.728284 0.885374 0.067828 0.442120 0.126379

seq-08/frame-000649.color.png 0.321750 -0.340510 1.716216 0.884467 0.068964 0.443140 0.128522

seq-08/frame-000650.color.png 0.319126 -0.347437 1.702144 0.884545 0.070196 0.442975 0.127884

seq-08/frame-000651.color.png 0.318744 -0.348885 1.686202 0.885312 0.072444 0.442637 0.122376

seq-08/frame-000652.color.png 0.317921 -0.343536 1.671768 0.884941 0.076402 0.443961 0.117763

seq-08/frame-000653.color.png 0.318161 -0.336882 1.656785 0.883896 0.079084 0.446020 0.116052

seq-08/frame-000654.color.png 0.317432 -0.334703 1.626442 0.881499 0.082320 0.449675 0.117913

seq-08/frame-000655.color.png 0.317723 -0.329075 1.612769 0.881681 0.085071 0.449558 0.115010

seq-08/frame-000656.color.png 0.316934 -0.325307 1.599525 0.881862 0.084560 0.450311 0.110979

seq-08/frame-000657.color.png 0.315461 -0.323578 1.586948 0.881429 0.083691 0.451898 0.108607

seq-08/frame-000658.color.png 0.312772 -0.321418 1.562460 0.879169 0.082892 0.457417 0.104343

seq-08/frame-000659.color.png 0.309569 -0.320539 1.551421 0.877573 0.081598 0.461010 0.102977

seq-08/frame-000660.color.png 0.307328 -0.319955 1.538762 0.876362 0.079647 0.463871 0.101962

seq-08/frame-000661.color.png 0.304242 -0.321703 1.527368 0.874813 0.079022 0.466838 0.102205

seq-08/frame-000662.color.png 0.296548 -0.320281 1.507547 0.873488 0.079104 0.469593 0.100848

seq-08/frame-000663.color.png 0.291237 -0.317915 1.498499 0.873264 0.078722 0.470285 0.099853

seq-08/frame-000664.color.png 0.286327 -0.315220 1.489588 0.873003 0.079026 0.471008 0.098479

seq-08/frame-000665.color.png 0.280744 -0.311271 1.480724 0.872388 0.078058 0.472480 0.097647

seq-08/frame-000666.color.png 0.273829 -0.308247 1.471888 0.871248 0.076764 0.474562 0.098743

seq-08/frame-000667.color.png 0.259226 -0.305650 1.455002 0.867962 0.075560 0.480020 0.102172

seq-08/frame-000668.color.png 0.251274 -0.303813 1.446873 0.866600 0.075589 0.482103 0.103888

seq-08/frame-000669.color.png 0.234246 -0.303401 1.429989 0.865043 0.076840 0.485799 0.098595

seq-08/frame-000670.color.png 0.224966 -0.299399 1.421766 0.864157 0.076873 0.488004 0.095399

seq-08/frame-000671.color.png 0.214889 -0.294594 1.413337 0.862258 0.076507 0.491495 0.094946

seq-08/frame-000672.color.png 0.204236 -0.295455 1.406024 0.859891 0.075940 0.495520 0.095942

seq-08/frame-000673.color.png 0.182351 -0.291337 1.389471 0.856689 0.076165 0.501932 0.090944

seq-08/frame-000674.color.png 0.170075 -0.291388 1.382662 0.854637 0.077959 0.505270 0.090244

seq-08/frame-000675.color.png 0.157979 -0.289190 1.375612 0.853765 0.079753 0.506686 0.088986

seq-08/frame-000676.color.png 0.144984 -0.283675 1.368753 0.853160 0.079809 0.508355 0.085134

seq-08/frame-000677.color.png 0.119377 -0.279547 1.354870 0.850102 0.079749 0.512804 0.089006

seq-08/frame-000678.color.png 0.107229 -0.283500 1.348595 0.849583 0.080450 0.513965 0.086608

seq-08/frame-000679.color.png 0.095870 -0.281047 1.342466 0.849943 0.082400 0.513682 0.082835

seq-08/frame-000680.color.png 0.075579 -0.274410 1.330121 0.850093 0.084100 0.514150 0.076433

seq-08/frame-000681.color.png 0.064957 -0.273754 1.323360 0.849503 0.084066 0.515465 0.074142

seq-08/frame-000682.color.png 0.055364 -0.271734 1.317551 0.848703 0.084723 0.517191 0.070436

seq-08/frame-000683.color.png 0.037019 -0.265622 1.305963 0.846563 0.085300 0.521189 0.065878

seq-08/frame-000684.color.png 0.027050 -0.264994 1.302069 0.844870 0.085748 0.523740 0.066787

seq-08/frame-000685.color.png 0.019014 -0.260839 1.298061 0.843360 0.084956 0.526403 0.065945

seq-08/frame-000686.color.png 0.002851 -0.251040 1.293476 0.838732 0.081263 0.533989 0.068578

seq-08/frame-000687.color.png -0.005769 -0.253483 1.292598 0.837280 0.078539 0.536242 0.071836

seq-08/frame-000688.color.png -0.017891 -0.249527 1.287446 0.838638 0.074902 0.535398 0.065933

seq-08/frame-000689.color.png -0.024523 -0.245925 1.285197 0.838411 0.071968 0.536390 0.063996

seq-08/frame-000690.color.png -0.031533 -0.245737 1.283085 0.836816 0.069538 0.539220 0.063784

seq-08/frame-000691.color.png -0.044487 -0.245461 1.279335 0.831999 0.068428 0.546476 0.066191

seq-08/frame-000692.color.png -0.051394 -0.244607 1.280467 0.829963 0.067849 0.549821 0.064623

seq-08/frame-000693.color.png -0.056931 -0.244450 1.278952 0.829846 0.066799 0.550480 0.061534

seq-08/frame-000694.color.png -0.069454 -0.241845 1.278825 0.829521 0.069975 0.550808 0.059408

seq-08/frame-000695.color.png -0.076256 -0.237336 1.280111 0.829226 0.069268 0.551660 0.056373

seq-08/frame-000696.color.png -0.083639 -0.234425 1.279505 0.828405 0.067386 0.553301 0.054616

seq-08/frame-000697.color.png -0.100394 -0.230914 1.284813 0.824759 0.065635 0.558724 0.056685

seq-08/frame-000698.color.png -0.108403 -0.231714 1.286539 0.823892 0.066025 0.559918 0.057062

seq-08/frame-000699.color.png -0.116578 -0.233411 1.290083 0.823355 0.067462 0.560830 0.054094

seq-08/frame-000700.color.png -0.133322 -0.226308 1.293205 0.822394 0.069810 0.562624 0.046579

seq-08/frame-000701.color.png -0.143190 -0.224752 1.295613 0.820341 0.070396 0.565500 0.047064

seq-08/frame-000702.color.png -0.161596 -0.223890 1.299588 0.813547 0.069338 0.575785 0.041519

seq-08/frame-000703.color.png -0.172094 -0.220508 1.301848 0.808762 0.067180 0.582876 0.039563

seq-08/frame-000704.color.png -0.182589 -0.220368 1.304514 0.802690 0.064642 0.591434 0.040421

seq-08/frame-000705.color.png -0.205706 -0.229578 1.310985 0.792640 0.064294 0.604847 0.040813

seq-08/frame-000706.color.png -0.217778 -0.231492 1.312389 0.789471 0.064324 0.609080 0.039191

seq-08/frame-000707.color.png -0.228917 -0.233166 1.314651 0.784814 0.064949 0.615109 0.037498

seq-08/frame-000708.color.png -0.252062 -0.228834 1.316393 0.775574 0.068299 0.626171 0.040567

seq-08/frame-000709.color.png -0.262748 -0.230245 1.315809 0.772987 0.068400 0.629210 0.042691

seq-08/frame-000710.color.png -0.274262 -0.226908 1.317204 0.772085 0.067447 0.630445 0.042308

seq-08/frame-000711.color.png -0.294804 -0.217463 1.320542 0.769604 0.063228 0.633614 0.046483

seq-08/frame-000712.color.png -0.303186 -0.217089 1.321838 0.767920 0.060866 0.635664 0.049399

seq-08/frame-000713.color.png -0.318620 -0.215083 1.324134 0.765215 0.056277 0.639311 0.049745

seq-08/frame-000714.color.png -0.326037 -0.213829 1.326139 0.763574 0.053132 0.641567 0.049377

seq-08/frame-000715.color.png -0.333034 -0.212860 1.327582 0.760631 0.053029 0.644904 0.051388

seq-08/frame-000716.color.png -0.348822 -0.210331 1.329124 0.751335 0.050948 0.655731 0.053196

seq-08/frame-000717.color.png -0.355928 -0.208744 1.328784 0.746141 0.048700 0.661766 0.053652

seq-08/frame-000718.color.png -0.363555 -0.205072 1.331404 0.739418 0.046623 0.669288 0.055245

seq-08/frame-000719.color.png -0.379994 -0.200145 1.336628 0.724169 0.041703 0.685346 0.063640

seq-08/frame-000720.color.png -0.388363 -0.201835 1.343195 0.714147 0.039036 0.695332 0.069941

seq-08/frame-000721.color.png -0.403693 -0.209272 1.359158 0.697318 0.037880 0.712034 0.072297

seq-08/frame-000722.color.png -0.411136 -0.207444 1.366311 0.693005 0.037127 0.716526 0.069741

seq-08/frame-000723.color.png -0.424581 -0.210018 1.377182 0.676975 0.042051 0.731469 0.069278

seq-08/frame-000724.color.png -0.431570 -0.208931 1.387816 0.665262 0.045103 0.741945 0.069428

seq-08/frame-000725.color.png -0.439474 -0.216777 1.393312 0.654450 0.046711 0.751232 0.071244

seq-08/frame-000726.color.png -0.454333 -0.216707 1.419607 0.632509 0.056886 0.769295 0.069245

seq-08/frame-000727.color.png -0.462295 -0.216048 1.428746 0.626380 0.060149 0.774251 0.066932

seq-08/frame-000728.color.png -0.470335 -0.217375 1.438449 0.621460 0.062841 0.777974 0.067152

seq-08/frame-000729.color.png -0.487348 -0.216246 1.457007 0.611166 0.071008 0.785121 0.070249

seq-08/frame-000730.color.png -0.494829 -0.219078 1.464887 0.607814 0.071514 0.787785 0.068975

seq-08/frame-000731.color.png -0.502720 -0.221189 1.468942 0.605154 0.069597 0.790515 0.062815

seq-08/frame-000732.color.png -0.508944 -0.214892 1.474794 0.603045 0.070494 0.792373 0.058537

seq-08/frame-000733.color.png -0.524944 -0.210539 1.485219 0.592371 0.073187 0.799811 0.062913

seq-08/frame-000734.color.png -0.532826 -0.210457 1.489748 0.585792 0.074648 0.804225 0.066429

seq-08/frame-000735.color.png -0.542390 -0.212424 1.491520 0.579316 0.076034 0.808367 0.071204

seq-08/frame-000736.color.png -0.560669 -0.217571 1.484499 0.566947 0.078556 0.816031 0.080064

seq-08/frame-000737.color.png -0.567448 -0.219502 1.491339 0.566007 0.075845 0.817258 0.076740

seq-08/frame-000738.color.png -0.573793 -0.221984 1.493847 0.567134 0.076566 0.816477 0.076013

seq-08/frame-000739.color.png -0.581987 -0.219058 1.491576 0.568373 0.079535 0.815357 0.075738

seq-08/frame-000740.color.png -0.593583 -0.215416 1.497131 0.565596 0.083501 0.816463 0.080209

seq-08/frame-000741.color.png -0.600096 -0.218120 1.499963 0.564448 0.084259 0.817067 0.081343

seq-08/frame-000742.color.png -0.610717 -0.220092 1.491340 0.565211 0.083047 0.816806 0.079894

seq-08/frame-000743.color.png -0.613037 -0.218100 1.498628 0.568162 0.085813 0.814586 0.078700

seq-08/frame-000744.color.png -0.618500 -0.216053 1.517907 0.574679 0.091838 0.809925 0.072439

seq-08/frame-000745.color.png -0.619970 -0.217087 1.528806 0.574138 0.092089 0.810848 0.065768

seq-08/frame-000746.color.png -0.624675 -0.216998 1.528953 0.574472 0.096643 0.810124 0.065247

seq-08/frame-000747.color.png -0.630269 -0.219317 1.530310 0.575912 0.100482 0.808611 0.065518

seq-08/frame-000748.color.png -0.639834 -0.224667 1.541124 0.574309 0.102970 0.809767 0.061313

seq-08/frame-000749.color.png -0.645174 -0.221832 1.543956 0.577479 0.105541 0.807310 0.059529

seq-08/frame-000750.color.png -0.650402 -0.222123 1.548952 0.580044 0.106236 0.805474 0.058216

seq-08/frame-000751.color.png -0.656136 -0.222839 1.550868 0.581956 0.106336 0.804068 0.058389

seq-08/frame-000752.color.png -0.669846 -0.229088 1.553441 0.591097 0.103526 0.797847 0.056917

seq-08/frame-000753.color.png -0.675398 -0.231183 1.557628 0.595625 0.104356 0.794313 0.057630

seq-08/frame-000754.color.png -0.684287 -0.235042 1.553627 0.605004 0.107028 0.786443 0.062727

seq-08/frame-000755.color.png -0.710322 -0.243101 1.500066 0.623538 0.097160 0.773226 0.061581

seq-08/frame-000756.color.png -0.712460 -0.243672 1.521720 0.631710 0.095749 0.766819 0.060609

seq-08/frame-000757.color.png -0.735623 -0.241380 1.471249 0.643268 0.096449 0.756413 0.068195

seq-08/frame-000758.color.png -0.738833 -0.244702 1.502152 0.647454 0.093959 0.753099 0.068737

seq-08/frame-000759.color.png -0.758927 -0.246867 1.471280 0.658246 0.087328 0.744244 0.071363

seq-08/frame-000760.color.png -0.759643 -0.258894 1.523681 0.663269 0.083673 0.740089 0.072436

seq-08/frame-000761.color.png -0.756965 -0.269523 1.582100 0.668081 0.082727 0.735618 0.074793

seq-08/frame-000762.color.png -0.766756 -0.275240 1.605827 0.674912 0.082276 0.728914 0.079455

seq-08/frame-000763.color.png -0.773801 -0.274660 1.611614 0.679166 0.081277 0.725146 0.078706

seq-08/frame-000764.color.png -0.786971 -0.278598 1.616650 0.683517 0.078438 0.721339 0.078892

seq-08/frame-000765.color.png -0.797900 -0.281481 1.630028 0.690367 0.075778 0.715083 0.078797

seq-08/frame-000766.color.png -0.805332 -0.284883 1.637599 0.694090 0.073316 0.711825 0.077899

seq-08/frame-000767.color.png -0.811487 -0.284998 1.639054 0.698222 0.072609 0.707774 0.078540

seq-08/frame-000768.color.png -0.825435 -0.292326 1.642551 0.704297 0.069087 0.701771 0.081289

seq-08/frame-000769.color.png -0.837564 -0.293589 1.646751 0.709773 0.069055 0.696196 0.081632

seq-08/frame-000770.color.png -0.842599 -0.293051 1.655817 0.711253 0.066997 0.694956 0.081028

seq-08/frame-000771.color.png -0.854222 -0.294932 1.673433 0.711933 0.065200 0.694108 0.083742

seq-08/frame-000772.color.png -0.859673 -0.294117 1.684362 0.710095 0.064391 0.695757 0.086248

seq-08/frame-000773.color.png -0.866529 -0.297394 1.690397 0.709934 0.062910 0.695789 0.088388

seq-08/frame-000774.color.png -0.878306 -0.302580 1.704561 0.713216 0.059963 0.692633 0.088795

seq-08/frame-000775.color.png -0.891367 -0.300435 1.721648 0.715005 0.058544 0.690849 0.089257

seq-08/frame-000776.color.png -0.898683 -0.303460 1.724935 0.715288 0.058175 0.690258 0.091766

seq-08/frame-000777.color.png -0.914403 -0.307305 1.738900 0.715812 0.056928 0.689510 0.094054

seq-08/frame-000778.color.png -0.922698 -0.310623 1.740025 0.717390 0.055744 0.687789 0.095334

seq-08/frame-000779.color.png -0.937095 -0.312766 1.746340 0.720366 0.054379 0.684632 0.096406

seq-08/frame-000780.color.png -0.945453 -0.311180 1.747168 0.721149 0.053751 0.683948 0.095754

seq-08/frame-000781.color.png -0.958501 -0.314126 1.757143 0.720870 0.054594 0.683599 0.099785

seq-08/frame-000782.color.png -0.963715 -0.313062 1.762782 0.721052 0.053995 0.683314 0.100748

seq-08/frame-000783.color.png -0.969971 -0.317287 1.765607 0.721975 0.053421 0.682107 0.102605

seq-08/frame-000784.color.png -0.976678 -0.320950 1.781221 0.722684 0.053188 0.681703 0.100395

seq-08/frame-000785.color.png -0.979981 -0.321820 1.791181 0.724374 0.052020 0.680219 0.098881

seq-08/frame-000786.color.png -0.989863 -0.326787 1.794684 0.727127 0.052146 0.677247 0.099006

seq-08/frame-000787.color.png -0.995673 -0.325440 1.798964 0.727933 0.053065 0.676230 0.099547

seq-08/frame-000788.color.png -1.004722 -0.333876 1.804552 0.731197 0.051271 0.672914 0.099034

seq-08/frame-000789.color.png -1.010541 -0.327415 1.809834 0.732654 0.053088 0.671525 0.096713

seq-08/frame-000790.color.png -1.022714 -0.328065 1.812153 0.734956 0.053562 0.668634 0.098986

seq-08/frame-000791.color.png -1.026314 -0.333457 1.813878 0.735735 0.051537 0.667924 0.099070

seq-08/frame-000792.color.png -1.038024 -0.328823 1.819153 0.735465 0.051200 0.668982 0.093982

seq-08/frame-000793.color.png -1.044056 -0.325952 1.821173 0.733936 0.051848 0.670399 0.095465

seq-08/frame-000794.color.png -1.055558 -0.324025 1.825849 0.731642 0.051826 0.672738 0.096624

seq-08/frame-000795.color.png -1.062002 -0.325423 1.827033 0.732116 0.047898 0.672769 0.094829

seq-08/frame-000796.color.png -1.072470 -0.328346 1.826644 0.732349 0.043977 0.672599 0.096119

seq-08/frame-000797.color.png -1.078361 -0.323514 1.828959 0.730256 0.047123 0.674407 0.097867

seq-08/frame-000798.color.png -1.087796 -0.324473 1.833582 0.728382 0.048503 0.676120 0.099322

seq-08/frame-000799.color.png -1.091371 -0.323828 1.838252 0.728702 0.048933 0.675753 0.099265

seq-08/frame-000800.color.png -1.098887 -0.326033 1.842262 0.731510 0.049044 0.673102 0.096535

seq-08/frame-000801.color.png -1.100951 -0.323927 1.844290 0.732063 0.050928 0.672294 0.096995

seq-08/frame-000802.color.png -1.112302 -0.323396 1.850101 0.729178 0.053715 0.674653 0.100769

seq-08/frame-000803.color.png -1.119832 -0.326165 1.853592 0.733399 0.044528 0.671130 0.098103

seq-08/frame-000804.color.png -1.122842 -0.325726 1.854432 0.735768 0.041037 0.669295 0.094353

seq-08/frame-000805.color.png -1.134224 -0.328536 1.856319 0.736464 0.042825 0.668169 0.096094

seq-08/frame-000806.color.png -1.137992 -0.330609 1.855242 0.735657 0.043190 0.668761 0.097976

seq-08/frame-000807.color.png -1.147424 -0.331437 1.854529 0.737541 0.036831 0.668056 0.090965

seq-08/frame-000808.color.png -1.154799 -0.333728 1.856306 0.737551 0.033344 0.668650 0.087810

seq-08/frame-000809.color.png -1.163260 -0.337057 1.857265 0.734345 0.037051 0.671624 0.090460

seq-08/frame-000810.color.png -1.176201 -0.334265 1.861802 0.732050 0.037542 0.674471 0.087627

seq-08/frame-000811.color.png -1.180408 -0.340277 1.860977 0.734465 0.035563 0.672129 0.086229

seq-08/frame-000812.color.png -1.187728 -0.341057 1.860419 0.736900 0.035957 0.669631 0.084709

seq-08/frame-000813.color.png -1.194093 -0.345055 1.860504 0.736488 0.035116 0.670164 0.084437

seq-08/frame-000814.color.png -1.204944 -0.338165 1.858178 0.735808 0.039360 0.670822 0.083251

seq-08/frame-000815.color.png -1.218051 -0.341631 1.863251 0.733775 0.036791 0.672600 0.087891

seq-08/frame-000816.color.png -1.227337 -0.335859 1.860000 0.734231 0.036818 0.672315 0.086240

seq-08/frame-000817.color.png -1.232721 -0.344923 1.858475 0.736536 0.033371 0.669294 0.091334

seq-08/frame-000818.color.png -1.234883 -0.347714 1.861461 0.737138 0.031927 0.668619 0.091933

seq-08/frame-000819.color.png -1.241353 -0.344624 1.858824 0.739929 0.032432 0.665663 0.090785

seq-08/frame-000820.color.png -1.246728 -0.349281 1.859151 0.741920 0.032300 0.663063 0.093566

seq-08/frame-000821.color.png -1.248499 -0.349224 1.858505 0.742444 0.031678 0.662501 0.093600

seq-08/frame-000822.color.png -1.249582 -0.347004 1.844024 0.748784 0.032804 0.654948 0.095847

seq-08/frame-000823.color.png -1.250202 -0.349406 1.838043 0.752513 0.031828 0.650970 0.094045

seq-08/frame-000824.color.png -1.253401 -0.347782 1.832557 0.756874 0.032377 0.645695 0.095230

seq-08/frame-000825.color.png -1.253445 -0.348846 1.829769 0.759253 0.030200 0.642677 0.097398

seq-08/frame-000826.color.png -1.255884 -0.350732 1.826431 0.764001 0.021526 0.637859 0.094189

seq-08/frame-000827.color.png -1.257213 -0.353164 1.825777 0.765734 0.017614 0.635885 0.094277

seq-08/frame-000828.color.png -1.258351 -0.353415 1.825297 0.768659 0.012682 0.632531 0.093833

seq-08/frame-000829.color.png -1.259023 -0.352419 1.826155 0.769367 0.008659 0.632061 0.091635

seq-08/frame-000830.color.png -1.260294 -0.354109 1.831882 0.767471 0.007904 0.633863 0.095081

seq-08/frame-000831.color.png -1.260994 -0.355447 1.836145 0.767650 0.008409 0.633400 0.096666

seq-08/frame-000832.color.png -1.260562 -0.355681 1.842648 0.772062 0.004284 0.628348 0.094749

seq-08/frame-000833.color.png -1.259362 -0.356928 1.842152 0.775724 0.003974 0.623508 0.096808

seq-08/frame-000834.color.png -1.258604 -0.362657 1.848089 0.779881 0.001666 0.618022 0.098641

seq-08/frame-000835.color.png -1.257373 -0.364495 1.853628 0.781656 0.001049 0.615644 0.099469

seq-08/frame-000836.color.png -1.250741 -0.380230 1.861988 0.787258 -0.008261 0.607635 0.104089

seq-08/frame-000837.color.png -1.251106 -0.382483 1.867051 0.791322 -0.008740 0.602123 0.105260

seq-08/frame-000838.color.png -1.244824 -0.394169 1.871587 0.797822 -0.010451 0.592792 0.108937

seq-08/frame-000839.color.png -1.243015 -0.399349 1.874707 0.799212 -0.011663 0.590631 0.110360

seq-08/frame-000840.color.png -1.238471 -0.406012 1.879971 0.800285 -0.014877 0.588736 0.112299

seq-08/frame-000841.color.png -1.235747 -0.424506 1.893256 0.806537 -0.019582 0.579734 0.113684

seq-08/frame-000842.color.png -1.234591 -0.428195 1.893722 0.812353 -0.022350 0.571825 0.111805

seq-08/frame-000843.color.png -1.233192 -0.438083 1.893332 0.815951 -0.026715 0.566410 0.112210

seq-08/frame-000844.color.png -1.231999 -0.452771 1.898545 0.818962 -0.027123 0.561725 0.113717

seq-08/frame-000845.color.png -1.232931 -0.461347 1.902007 0.819608 -0.029691 0.560293 0.115473

seq-08/frame-000846.color.png -1.232301 -0.467992 1.903894 0.821606 -0.032701 0.557469 0.114124

seq-08/frame-000847.color.png -1.232324 -0.473404 1.904238 0.824059 -0.037229 0.553581 0.113974

seq-08/frame-000848.color.png -1.231309 -0.488957 1.901484 0.827002 -0.043021 0.548433 0.115496

seq-08/frame-000849.color.png -1.232420 -0.494459 1.900565 0.827185 -0.043961 0.547765 0.116988

seq-08/frame-000850.color.png -1.232567 -0.503314 1.902223 0.826919 -0.046620 0.547573 0.118729

seq-08/frame-000851.color.png -1.234285 -0.509294 1.900619 0.828414 -0.048793 0.545045 0.119061

seq-08/frame-000852.color.png -1.232592 -0.521776 1.898715 0.829734 -0.050995 0.542128 0.122226

seq-08/frame-000853.color.png -1.233345 -0.527727 1.898719 0.830522 -0.052575 0.539752 0.126643

seq-08/frame-000854.color.png -1.233367 -0.539910 1.899126 0.831312 -0.056336 0.537728 0.128437

seq-08/frame-000855.color.png -1.231658 -0.546401 1.897947 0.832130 -0.057062 0.536411 0.128329

seq-08/frame-000856.color.png -1.232186 -0.549451 1.895966 0.832987 -0.058669 0.534585 0.129659

seq-08/frame-000857.color.png -1.231494 -0.556559 1.892850 0.833685 -0.060823 0.532345 0.133336

seq-08/frame-000858.color.png -1.231020 -0.567600 1.893159 0.833402 -0.063146 0.531657 0.136730

seq-08/frame-000859.color.png -1.230058 -0.584511 1.889504 0.833844 -0.063649 0.529375 0.142529

seq-08/frame-000860.color.png -1.228552 -0.591131 1.885371 0.834070 -0.066109 0.528496 0.143348

seq-08/frame-000861.color.png -1.229587 -0.598183 1.883087 0.833639 -0.067908 0.528781 0.143964

seq-08/frame-000862.color.png -1.228271 -0.606105 1.882025 0.834090 -0.068749 0.527438 0.145862

seq-08/frame-000863.color.png -1.226683 -0.614361 1.877075 0.834285 -0.070869 0.526162 0.148324

seq-08/frame-000864.color.png -1.230906 -0.622921 1.873862 0.833054 -0.073782 0.527372 0.149516

seq-08/frame-000865.color.png -1.226184 -0.630582 1.873539 0.831325 -0.076133 0.529485 0.150492

seq-08/frame-000866.color.png -1.226321 -0.646174 1.873663 0.829254 -0.079400 0.531483 0.153161

seq-08/frame-000867.color.png -1.226422 -0.647521 1.865462 0.831353 -0.078525 0.527924 0.154538

seq-08/frame-000868.color.png -1.225654 -0.659920 1.865787 0.831353 -0.081908 0.527383 0.154623

seq-08/frame-000869.color.png -1.224372 -0.667496 1.862940 0.831337 -0.083256 0.527480 0.153657

seq-08/frame-000870.color.png -1.225046 -0.675394 1.862404 0.830917 -0.084532 0.528000 0.153445

seq-08/frame-000871.color.png -1.225259 -0.682647 1.861478 0.831483 -0.084492 0.526856 0.154333

seq-08/frame-000872.color.png -1.223416 -0.692736 1.859950 0.832132 -0.084761 0.525388 0.155686

seq-08/frame-000873.color.png -1.222975 -0.701438 1.854732 0.832605 -0.085414 0.525315 0.153021

seq-08/frame-000874.color.png -1.223435 -0.710590 1.847861 0.832166 -0.088159 0.526204 0.150783

seq-08/frame-000875.color.png -1.221265 -0.721473 1.846960 0.831640 -0.091237 0.526726 0.150029

seq-08/frame-000876.color.png -1.220628 -0.733397 1.854008 0.829269 -0.091238 0.530507 0.149832

seq-08/frame-000877.color.png -1.222487 -0.736102 1.844192 0.830712 -0.087301 0.528865 0.149985

seq-08/frame-000878.color.png -1.223591 -0.744465 1.842702 0.829745 -0.086754 0.530110 0.151256

seq-08/frame-000879.color.png -1.219142 -0.753551 1.837810 0.829566 -0.089067 0.531312 0.146605

seq-08/frame-000880.color.png -1.217425 -0.758904 1.836629 0.829607 -0.091356 0.530975 0.146182

seq-08/frame-000881.color.png -1.217367 -0.767826 1.835199 0.830055 -0.094520 0.529467 0.147095

seq-08/frame-000882.color.png -1.216540 -0.778893 1.835906 0.830666 -0.097063 0.527947 0.147454

seq-08/frame-000883.color.png -1.215233 -0.787052 1.834667 0.830815 -0.095509 0.527854 0.147961

seq-08/frame-000884.color.png -1.214590 -0.793562 1.832215 0.830830 -0.093518 0.528143 0.148117

seq-08/frame-000885.color.png -1.215296 -0.794791 1.824572 0.831092 -0.093056 0.527894 0.147824

seq-08/frame-000886.color.png -1.213775 -0.807271 1.818609 0.832288 -0.102245 0.524748 0.146218

seq-08/frame-000887.color.png -1.211739 -0.815410 1.818366 0.831865 -0.104290 0.525276 0.145280

seq-08/frame-000888.color.png -1.210176 -0.823049 1.820662 0.831088 -0.104954 0.526781 0.143793

seq-08/frame-000889.color.png -1.211418 -0.826400 1.813927 0.831635 -0.104478 0.526006 0.143811

seq-08/frame-000890.color.png -1.209174 -0.831250 1.813063 0.831332 -0.104818 0.526370 0.143987

seq-08/frame-000891.color.png -1.207549 -0.848925 1.815785 0.832554 -0.105293 0.524633 0.142913

seq-08/frame-000892.color.png -1.208707 -0.855360 1.813923 0.832824 -0.106139 0.524148 0.142494

seq-08/frame-000893.color.png -1.208034 -0.862840 1.809030 0.834002 -0.109322 0.522082 0.140771

seq-08/frame-000894.color.png -1.204036 -0.870864 1.807229 0.834451 -0.112613 0.521026 0.139423

seq-08/frame-000895.color.png -1.204282 -0.881802 1.811168 0.833957 -0.115064 0.521624 0.138133

seq-08/frame-000896.color.png -1.204481 -0.891634 1.812868 0.833803 -0.114596 0.522131 0.137539

seq-08/frame-000897.color.png -1.205014 -0.897700 1.814752 0.834191 -0.113092 0.521888 0.137347

seq-08/frame-000898.color.png -1.205293 -0.912702 1.821518 0.832531 -0.116848 0.523962 0.136378

seq-08/frame-000899.color.png -1.203726 -0.920787 1.819652 0.831116 -0.118867 0.526256 0.134415

seq-08/frame-000900.color.png -1.203852 -0.925699 1.817828 0.830504 -0.119659 0.527154 0.133976

seq-08/frame-000901.color.png -1.204472 -0.936819 1.816806 0.831203 -0.123648 0.525385 0.132964

seq-08/frame-000902.color.png -1.201407 -0.948668 1.808990 0.833150 -0.126746 0.521998 0.131187

seq-08/frame-000903.color.png -1.196613 -0.958075 1.803511 0.833204 -0.127226 0.522127 0.129855

seq-08/frame-000904.color.png -1.193316 -0.968555 1.792304 0.832362 -0.123339 0.524640 0.128872

seq-08/frame-000905.color.png -1.192784 -0.975949 1.789473 0.832311 -0.125926 0.524089 0.128941

seq-08/frame-000906.color.png -1.189328 -0.984079 1.784173 0.832232 -0.130208 0.523583 0.127244

seq-08/frame-000907.color.png -1.186011 -0.991612 1.780363 0.831503 -0.132468 0.524359 0.126482

seq-08/frame-000908.color.png -1.183903 -0.998625 1.775778 0.831011 -0.133700 0.524913 0.126122

seq-08/frame-000909.color.png -1.179093 -1.014287 1.765592 0.829928 -0.137540 0.526054 0.124356

seq-08/frame-000910.color.png -1.174632 -1.021574 1.760270 0.830045 -0.137336 0.526054 0.123801

seq-08/frame-000911.color.png -1.170545 -1.028003 1.751468 0.830593 -0.135934 0.525406 0.124422

seq-08/frame-000912.color.png -1.168522 -1.034373 1.745350 0.830025 -0.137320 0.526152 0.123532

seq-08/frame-000913.color.png -1.160869 -1.045365 1.734740 0.828154 -0.141154 0.528608 0.121260

seq-08/frame-000914.color.png -1.156444 -1.054748 1.730546 0.827115 -0.142465 0.529858 0.121363

seq-08/frame-000915.color.png -1.152027 -1.059318 1.724898 0.826451 -0.141204 0.531303 0.121039

seq-08/frame-000916.color.png -1.150839 -1.063603 1.720065 0.825714 -0.141702 0.532584 0.119854

seq-08/frame-000917.color.png -1.145988 -1.068609 1.714692 0.825758 -0.143007 0.532221 0.119611

seq-08/frame-000918.color.png -1.140313 -1.075466 1.706106 0.826436 -0.143821 0.530736 0.120550

seq-08/frame-000919.color.png -1.135370 -1.085812 1.699331 0.826753 -0.144670 0.530210 0.119671

seq-08/frame-000920.color.png -1.126558 -1.092190 1.679731 0.827147 -0.140531 0.531103 0.117909

seq-08/frame-000921.color.png -1.123092 -1.099429 1.662183 0.827015 -0.144361 0.530547 0.116700

seq-08/frame-000922.color.png -1.117876 -1.101505 1.657441 0.825061 -0.146714 0.533269 0.115180

seq-08/frame-000923.color.png -1.113460 -1.107130 1.650248 0.823148 -0.148745 0.535821 0.114413

seq-08/frame-000924.color.png -1.106974 -1.117984 1.629121 0.821299 -0.147676 0.539216 0.113128

seq-08/frame-000925.color.png -1.101623 -1.120811 1.617763 0.820791 -0.146063 0.540503 0.112765

seq-08/frame-000926.color.png -1.097781 -1.123504 1.604524 0.820563 -0.145663 0.541065 0.112250

seq-08/frame-000927.color.png -1.093900 -1.128237 1.588072 0.819918 -0.147673 0.541821 0.110674

seq-08/frame-000928.color.png -1.088893 -1.138516 1.565859 0.815597 -0.146210 0.548978 0.109263

seq-08/frame-000929.color.png -1.086342 -1.140691 1.550624 0.814599 -0.143763 0.550830 0.110623

seq-08/frame-000930.color.png -1.083461 -1.145552 1.532062 0.813898 -0.145142 0.551960 0.108329

seq-08/frame-000931.color.png -1.077323 -1.148420 1.505788 0.809900 -0.145243 0.558629 0.103872

seq-08/frame-000932.color.png -1.075574 -1.152016 1.490109 0.808454 -0.144780 0.560965 0.103189

seq-08/frame-000933.color.png -1.072674 -1.153002 1.477709 0.807400 -0.142441 0.563230 0.102357

seq-08/frame-000934.color.png -1.068543 -1.151789 1.456444 0.807673 -0.140075 0.563467 0.102165

seq-08/frame-000935.color.png -1.065815 -1.153763 1.430876 0.804682 -0.137167 0.568247 0.103229

seq-08/frame-000936.color.png -1.063948 -1.151106 1.413532 0.803835 -0.135650 0.569995 0.102190

seq-08/frame-000937.color.png -1.061287 -1.152351 1.399069 0.802071 -0.135225 0.572601 0.102043

seq-08/frame-000938.color.png -1.058148 -1.146785 1.369255 0.801047 -0.131124 0.574622 0.104059

seq-08/frame-000939.color.png -1.052879 -1.147074 1.351556 0.800909 -0.132245 0.574617 0.103728

seq-08/frame-000940.color.png -1.047653 -1.145285 1.326536 0.798212 -0.133005 0.577932 0.105118

seq-08/frame-000941.color.png -1.042793 -1.146038 1.314346 0.797888 -0.132900 0.578368 0.105315

seq-08/frame-000942.color.png -1.038083 -1.142856 1.299512 0.797544 -0.131961 0.578924 0.106037

seq-08/frame-000943.color.png -1.028523 -1.143093 1.270918 0.795544 -0.130900 0.581253 0.109580

seq-08/frame-000944.color.png -1.024391 -1.142008 1.259005 0.793272 -0.129546 0.584711 0.109262

seq-08/frame-000945.color.png -1.014393 -1.139130 1.234504 0.791157 -0.127834 0.587806 0.110003

seq-08/frame-000946.color.png -1.005963 -1.138961 1.221865 0.790694 -0.127675 0.588758 0.108410

seq-08/frame-000947.color.png -0.992516 -1.129462 1.202259 0.789634 -0.126157 0.590273 0.109664

seq-08/frame-000948.color.png -0.985306 -1.128486 1.191864 0.789388 -0.129755 0.589707 0.110280

seq-08/frame-000949.color.png -0.977053 -1.126772 1.184237 0.787940 -0.133826 0.590746 0.110208

seq-08/frame-000950.color.png -0.957497 -1.122287 1.167212 0.787186 -0.134592 0.591301 0.111681

seq-08/frame-000951.color.png -0.948378 -1.120410 1.153334 0.787533 -0.137190 0.590153 0.112140

seq-08/frame-000952.color.png -0.936463 -1.121748 1.144734 0.787597 -0.138690 0.589977 0.110760

seq-08/frame-000953.color.png -0.914777 -1.110426 1.129124 0.784233 -0.135850 0.594838 0.112142

seq-08/frame-000954.color.png -0.902249 -1.110509 1.115385 0.784083 -0.138717 0.594271 0.112681

seq-08/frame-000955.color.png -0.877460 -1.114825 1.095716 0.782620 -0.139732 0.596474 0.109926

seq-08/frame-000956.color.png -0.864505 -1.104500 1.084737 0.783351 -0.135507 0.596463 0.110067

seq-08/frame-000957.color.png -0.837091 -1.112364 1.058303 0.783692 -0.137020 0.595977 0.108387

seq-08/frame-000958.color.png -0.824546 -1.107836 1.052078 0.781291 -0.133261 0.599768 0.109489

seq-08/frame-000959.color.png -0.813699 -1.101412 1.044789 0.781523 -0.131967 0.599596 0.110337

seq-08/frame-000960.color.png -0.789253 -1.102224 1.026137 0.781720 -0.131692 0.599363 0.110535

seq-08/frame-000961.color.png -0.778280 -1.095074 1.020438 0.780901 -0.129811 0.600820 0.110640

seq-08/frame-000962.color.png -0.754545 -1.093482 1.000835 0.781498 -0.130379 0.599496 0.112910

seq-08/frame-000963.color.png -0.743235 -1.089893 0.992397 0.780730 -0.130307 0.600441 0.113289

seq-08/frame-000964.color.png -0.731948 -1.090161 0.985704 0.780110 -0.131088 0.600997 0.113710

seq-08/frame-000965.color.png -0.708866 -1.089581 0.965673 0.782320 -0.127464 0.598958 0.113402

seq-08/frame-000966.color.png -0.696900 -1.084036 0.956623 0.783432 -0.125306 0.598214 0.112050

seq-08/frame-000967.color.png -0.685707 -1.079932 0.949119 0.784254 -0.124505 0.597267 0.112250

seq-08/frame-000968.color.png -0.662738 -1.071540 0.931911 0.787141 -0.125151 0.593430 0.111673

seq-08/frame-000969.color.png -0.650458 -1.073101 0.920279 0.788640 -0.126803 0.591092 0.111629

seq-08/frame-000970.color.png -0.626434 -1.067192 0.905320 0.791512 -0.125749 0.587677 0.110522

seq-08/frame-000971.color.png -0.613455 -1.061979 0.896361 0.793976 -0.127562 0.584305 0.108640

seq-08/frame-000972.color.png -0.584381 -1.067984 0.880149 0.800208 -0.130598 0.575767 0.104831

seq-08/frame-000973.color.png -0.570028 -1.061698 0.874418 0.804232 -0.128093 0.571152 0.102347

seq-08/frame-000974.color.png -0.553236 -1.059610 0.856728 0.809766 -0.129723 0.563178 0.100833

seq-08/frame-000975.color.png -0.524134 -1.059721 0.851235 0.818711 -0.128918 0.551115 0.096186

seq-08/frame-000976.color.png -0.510213 -1.056904 0.847503 0.822792 -0.126323 0.545779 0.095235

seq-08/frame-000977.color.png -0.494983 -1.053085 0.836804 0.827118 -0.127235 0.539522 0.092148

seq-08/frame-000978.color.png -0.468071 -1.056500 0.823301 0.831554 -0.130191 0.532753 0.087357

seq-08/frame-000979.color.png -0.454985 -1.057903 0.815767 0.834312 -0.129977 0.528786 0.085457

seq-08/frame-000980.color.png -0.442003 -1.059192 0.808857 0.837166 -0.129269 0.524788 0.083241

seq-08/frame-000981.color.png -0.419291 -1.058154 0.793980 0.841939 -0.123946 0.518808 0.080649

seq-08/frame-000982.color.png -0.407525 -1.057663 0.787070 0.843232 -0.122376 0.517559 0.077508

seq-08/frame-000983.color.png -0.386712 -1.054355 0.774398 0.845896 -0.120647 0.513688 0.076936

seq-08/frame-000984.color.png -0.375966 -1.054391 0.767389 0.847641 -0.118552 0.511414 0.076128

seq-08/frame-000985.color.png -0.365265 -1.051462 0.760746 0.848860 -0.114867 0.510174 0.076525

seq-08/frame-000986.color.png -0.344702 -1.045039 0.746850 0.850539 -0.110860 0.507897 0.078897

seq-08/frame-000987.color.png -0.334256 -1.044309 0.739210 0.850785 -0.108822 0.507957 0.078691

seq-08/frame-000988.color.png -0.323087 -1.042317 0.732508 0.850864 -0.104970 0.508614 0.078830

seq-08/frame-000989.color.png -0.301899 -1.036681 0.720554 0.852133 -0.097114 0.507932 0.079584

seq-08/frame-000990.color.png -0.291311 -1.035267 0.715177 0.852888 -0.094259 0.507346 0.078657

seq-08/frame-000991.color.png -0.280261 -1.032986 0.709140 0.853578 -0.089071 0.507075 0.078969

seq-08/frame-000992.color.png -0.259674 -1.025388 0.702106 0.855753 -0.077356 0.504921 0.081538

seq-08/frame-000993.color.png -0.248402 -1.017502 0.697480 0.857663 -0.074576 0.502243 0.080590

seq-08/frame-000994.color.png -0.236738 -1.014937 0.693584 0.858945 -0.074979 0.499968 0.080717

seq-08/frame-000995.color.png -0.214376 -1.010554 0.684663 0.860015 -0.069274 0.498924 0.080883

seq-08/frame-000996.color.png -0.202648 -1.009092 0.679174 0.859933 -0.065385 0.499444 0.081771

seq-08/frame-000997.color.png -0.190389 -1.008429 0.675911 0.860062 -0.062143 0.499725 0.081225

seq-08/frame-000998.color.png -0.166133 -1.004600 0.667664 0.860494 -0.051653 0.500301 0.080450

seq-08/frame-000999.color.png -0.153810 -1.002867 0.663731 0.860685 -0.043960 0.500655 0.080776

