seq-03/frame-000000.color.png -1.130930 -0.695143 0.959442 0.937743 -0.105744 0.299503 0.140496

seq-03/frame-000001.color.png -1.131234 -0.696346 0.960498 0.937866 -0.106631 0.298120 0.141934

seq-03/frame-000002.color.png -1.131008 -0.698312 0.962839 0.938635 -0.107073 0.295384 0.142244

seq-03/frame-000003.color.png -1.129390 -0.699911 0.964384 0.939277 -0.107451 0.293486 0.141647

seq-03/frame-000004.color.png -1.127998 -0.698887 0.966630 0.939818 -0.107374 0.292082 0.141017

seq-03/frame-000005.color.png -1.126526 -0.698231 0.969077 0.940744 -0.107614 0.289311 0.140372

seq-03/frame-000006.color.png -1.123172 -0.695100 0.969886 0.941871 -0.108409 0.285566 0.139863

seq-03/frame-000007.color.png -1.122109 -0.694034 0.972721 0.942296 -0.111439 0.282797 0.140247

seq-03/frame-000008.color.png -1.121067 -0.694900 0.976397 0.942503 -0.114543 0.279821 0.142312

seq-03/frame-000009.color.png -1.118102 -0.700689 0.981480 0.942792 -0.117170 0.276842 0.144074

seq-03/frame-000010.color.png -1.113464 -0.696334 0.984619 0.944227 -0.117362 0.272687 0.142430

seq-03/frame-000011.color.png -1.108819 -0.696983 0.988874 0.944785 -0.120465 0.269867 0.141512

seq-03/frame-000012.color.png -1.106551 -0.698153 0.994286 0.945012 -0.122650 0.268127 0.141425

seq-03/frame-000013.color.png -1.104440 -0.697314 0.999845 0.945708 -0.123965 0.265247 0.141058

seq-03/frame-000014.color.png -1.099417 -0.696578 1.005437 0.946057 -0.126649 0.262590 0.141301

seq-03/frame-000015.color.png -1.093264 -0.698732 1.011719 0.945965 -0.130571 0.260438 0.142326

seq-03/frame-000016.color.png -1.088982 -0.707554 1.021343 0.945763 -0.133472 0.259418 0.142841

seq-03/frame-000017.color.png -1.084863 -0.710230 1.029630 0.946631 -0.131457 0.258035 0.141458

seq-03/frame-000018.color.png -1.079944 -0.704698 1.035757 0.947726 -0.129847 0.255932 0.139416

seq-03/frame-000019.color.png -1.074538 -0.704386 1.043304 0.947667 -0.133331 0.254860 0.138489

seq-03/frame-000020.color.png -1.069064 -0.708219 1.053118 0.947100 -0.137382 0.254568 0.138949

seq-03/frame-000021.color.png -1.061860 -0.713189 1.063176 0.946813 -0.140087 0.253900 0.139421

seq-03/frame-000022.color.png -1.056217 -0.719826 1.074643 0.946563 -0.141016 0.254134 0.139756

seq-03/frame-000023.color.png -1.049352 -0.723700 1.085058 0.947090 -0.139345 0.253919 0.138241

seq-03/frame-000024.color.png -1.042733 -0.724791 1.094037 0.947527 -0.137058 0.254655 0.136165

seq-03/frame-000025.color.png -1.037200 -0.723039 1.102974 0.947200 -0.136361 0.256476 0.135727

seq-03/frame-000026.color.png -1.032694 -0.723254 1.111893 0.945982 -0.140470 0.258404 0.136370

seq-03/frame-000027.color.png -1.026608 -0.734055 1.124821 0.943830 -0.146833 0.262272 0.137189

seq-03/frame-000028.color.png -1.020479 -0.742778 1.137657 0.942323 -0.147735 0.266868 0.137719

seq-03/frame-000029.color.png -1.015471 -0.749189 1.148900 0.941702 -0.144931 0.270536 0.137784

seq-03/frame-000030.color.png -1.008602 -0.752944 1.158869 0.941382 -0.140737 0.274556 0.136360

seq-03/frame-000031.color.png -1.006434 -0.750399 1.166197 0.940611 -0.137045 0.279464 0.135471

seq-03/frame-000032.color.png -1.001828 -0.747353 1.172955 0.938796 -0.138094 0.283902 0.137750

seq-03/frame-000033.color.png -0.999985 -0.749300 1.182135 0.935853 -0.143486 0.288622 0.142371

seq-03/frame-000034.color.png -0.996931 -0.754839 1.192439 0.932748 -0.149596 0.292703 0.148018

seq-03/frame-000035.color.png -0.993538 -0.762004 1.203279 0.930020 -0.154170 0.296742 0.152383

seq-03/frame-000036.color.png -0.989569 -0.765651 1.211314 0.928214 -0.156848 0.298949 0.156299

seq-03/frame-000037.color.png -0.987598 -0.769789 1.219134 0.926430 -0.162731 0.300634 0.157628

seq-03/frame-000038.color.png -0.983482 -0.782580 1.231582 0.924401 -0.171628 0.302779 0.155991

seq-03/frame-000039.color.png -0.981369 -0.792997 1.244655 0.924269 -0.173605 0.302688 0.154754

seq-03/frame-000040.color.png -0.977095 -0.795344 1.252248 0.924869 -0.170018 0.301537 0.157378

seq-03/frame-000041.color.png -0.971851 -0.797345 1.257641 0.924256 -0.168368 0.301848 0.162086

seq-03/frame-000042.color.png -0.969335 -0.798746 1.262007 0.923131 -0.171184 0.302791 0.163783

seq-03/frame-000043.color.png -0.965233 -0.804083 1.268407 0.921416 -0.177182 0.303707 0.165357

seq-03/frame-000044.color.png -0.962821 -0.813558 1.277127 0.919110 -0.181413 0.306009 0.169311

seq-03/frame-000045.color.png -0.958772 -0.820896 1.283123 0.918201 -0.182392 0.307042 0.171307

seq-03/frame-000046.color.png -0.953283 -0.822247 1.285409 0.917634 -0.183786 0.308465 0.170300

seq-03/frame-000047.color.png -0.952446 -0.830716 1.292848 0.915763 -0.187213 0.311296 0.171478

seq-03/frame-000048.color.png -0.949015 -0.835147 1.298193 0.915472 -0.186579 0.311305 0.173694

seq-03/frame-000049.color.png -0.941335 -0.839193 1.300672 0.916464 -0.188121 0.307499 0.173578

seq-03/frame-000050.color.png -0.934673 -0.851599 1.308359 0.916158 -0.193862 0.306383 0.170827

seq-03/frame-000051.color.png -0.929434 -0.860234 1.315264 0.915937 -0.194029 0.308640 0.167733

seq-03/frame-000052.color.png -0.924223 -0.862153 1.316449 0.916301 -0.192098 0.309213 0.166910

seq-03/frame-000053.color.png -0.918178 -0.868189 1.319584 0.915277 -0.195226 0.310661 0.166211

seq-03/frame-000054.color.png -0.911576 -0.872487 1.322635 0.913889 -0.199170 0.313012 0.164748

seq-03/frame-000055.color.png -0.905210 -0.882533 1.328917 0.911980 -0.205029 0.314979 0.164391

seq-03/frame-000056.color.png -0.894758 -0.902471 1.340315 0.910105 -0.210428 0.318331 0.161476

seq-03/frame-000057.color.png -0.886063 -0.916512 1.349216 0.910122 -0.208834 0.322791 0.154441

seq-03/frame-000058.color.png -0.880424 -0.922212 1.352576 0.910896 -0.202350 0.327157 0.149236

seq-03/frame-000059.color.png -0.873323 -0.925566 1.354321 0.910671 -0.197229 0.331884 0.147014

seq-03/frame-000060.color.png -0.866787 -0.931182 1.357640 0.910137 -0.194616 0.335456 0.145687

seq-03/frame-000061.color.png -0.861865 -0.940644 1.364001 0.909086 -0.193771 0.338700 0.145866

seq-03/frame-000062.color.png -0.853867 -0.951956 1.371039 0.908512 -0.192839 0.341121 0.145038

seq-03/frame-000063.color.png -0.846452 -0.960419 1.375454 0.908457 -0.190875 0.343406 0.142565

seq-03/frame-000064.color.png -0.839300 -0.965355 1.377717 0.907528 -0.187664 0.347444 0.142960

seq-03/frame-000065.color.png -0.833673 -0.975204 1.383122 0.905024 -0.186156 0.353134 0.146816

seq-03/frame-000066.color.png -0.829716 -0.991218 1.393509 0.903198 -0.185880 0.358067 0.146453

seq-03/frame-000067.color.png -0.825673 -0.997121 1.396154 0.904037 -0.182355 0.359552 0.142009

seq-03/frame-000068.color.png -0.821215 -0.999057 1.395111 0.904625 -0.180649 0.359788 0.139829

seq-03/frame-000069.color.png -0.816089 -1.007094 1.400631 0.903318 -0.183131 0.361974 0.139407

seq-03/frame-000070.color.png -0.812199 -1.018293 1.408046 0.902531 -0.184864 0.363514 0.138206

seq-03/frame-000071.color.png -0.811100 -1.024620 1.411893 0.902500 -0.184514 0.364355 0.136648

seq-03/frame-000072.color.png -0.811132 -1.028552 1.416018 0.901606 -0.184407 0.366381 0.137276

seq-03/frame-000073.color.png -0.808286 -1.034428 1.419615 0.900855 -0.186398 0.366629 0.138848

seq-03/frame-000074.color.png -0.804232 -1.043213 1.425327 0.900175 -0.189396 0.366783 0.138795

seq-03/frame-000075.color.png -0.801625 -1.052772 1.431888 0.899515 -0.191422 0.367215 0.139147

seq-03/frame-000076.color.png -0.800058 -1.056776 1.434619 0.899879 -0.192411 0.366389 0.137604

seq-03/frame-000077.color.png -0.797107 -1.062377 1.439287 0.899510 -0.195534 0.366344 0.135719

seq-03/frame-000078.color.png -0.794097 -1.072050 1.447490 0.898711 -0.198530 0.366657 0.135813

seq-03/frame-000079.color.png -0.791329 -1.082537 1.454905 0.898159 -0.199972 0.367497 0.135077

seq-03/frame-000080.color.png -0.788971 -1.087500 1.459316 0.897925 -0.199450 0.368766 0.133938

seq-03/frame-000081.color.png -0.786742 -1.093457 1.463485 0.897421 -0.198930 0.370221 0.134078

seq-03/frame-000082.color.png -0.786696 -1.101612 1.470844 0.896287 -0.199222 0.372533 0.134825

seq-03/frame-000083.color.png -0.786039 -1.109222 1.477665 0.895903 -0.199841 0.373383 0.134109

seq-03/frame-000084.color.png -0.782974 -1.116478 1.482616 0.895722 -0.201272 0.373530 0.132764

seq-03/frame-000085.color.png -0.783661 -1.126306 1.492395 0.894233 -0.202746 0.376604 0.131865

seq-03/frame-000086.color.png -0.785260 -1.135482 1.502342 0.893357 -0.202587 0.378776 0.131825

seq-03/frame-000087.color.png -0.787294 -1.142974 1.511361 0.893746 -0.201564 0.378316 0.132076

seq-03/frame-000088.color.png -0.786166 -1.150861 1.518923 0.894129 -0.201870 0.376913 0.133029

seq-03/frame-000089.color.png -0.786777 -1.161697 1.528746 0.893717 -0.201938 0.377291 0.134614

seq-03/frame-000090.color.png -0.787625 -1.166644 1.535387 0.894121 -0.200310 0.377400 0.134055

seq-03/frame-000091.color.png -0.787387 -1.170856 1.541974 0.894107 -0.200159 0.377727 0.133446

seq-03/frame-000092.color.png -0.790466 -1.177400 1.551466 0.892953 -0.200572 0.379231 0.136257

seq-03/frame-000093.color.png -0.790156 -1.184791 1.556881 0.891841 -0.201819 0.380260 0.138810

seq-03/frame-000094.color.png -0.793022 -1.190088 1.563780 0.891343 -0.201445 0.380969 0.140598

seq-03/frame-000095.color.png -0.791579 -1.193091 1.562691 0.892064 -0.201816 0.378657 0.141731

seq-03/frame-000096.color.png -0.790116 -1.199057 1.566345 0.891896 -0.203226 0.377191 0.144654

seq-03/frame-000097.color.png -0.791293 -1.206507 1.571991 0.890717 -0.204628 0.378176 0.147346

seq-03/frame-000098.color.png -0.792769 -1.211426 1.573310 0.890409 -0.205763 0.378046 0.147956

seq-03/frame-000099.color.png -0.790563 -1.215872 1.574291 0.890083 -0.207388 0.377211 0.149771

seq-03/frame-000100.color.png -0.789560 -1.222204 1.573086 0.887892 -0.210370 0.380021 0.151502

seq-03/frame-000101.color.png -0.793136 -1.228472 1.578002 0.884461 -0.212836 0.386397 0.151995

seq-03/frame-000102.color.png -0.797488 -1.233180 1.581773 0.882362 -0.214470 0.390177 0.152245

seq-03/frame-000103.color.png -0.800518 -1.236386 1.579502 0.880588 -0.216671 0.392449 0.153552

seq-03/frame-000104.color.png -0.803439 -1.242855 1.581088 0.877823 -0.220729 0.395375 0.156077

seq-03/frame-000105.color.png -0.807020 -1.247493 1.579634 0.875821 -0.224016 0.397386 0.157529

seq-03/frame-000106.color.png -0.809445 -1.252266 1.581086 0.873470 -0.226501 0.399786 0.160916

seq-03/frame-000107.color.png -0.813225 -1.256760 1.576918 0.871863 -0.229615 0.400156 0.164267

seq-03/frame-000108.color.png -0.814472 -1.263067 1.574697 0.870203 -0.232789 0.400382 0.168008

seq-03/frame-000109.color.png -0.817515 -1.267318 1.570619 0.868558 -0.234676 0.401157 0.171995

seq-03/frame-000110.color.png -0.819926 -1.273262 1.567588 0.867323 -0.236719 0.400389 0.177140

seq-03/frame-000111.color.png -0.820661 -1.280006 1.562982 0.866769 -0.238966 0.398604 0.180819

seq-03/frame-000112.color.png -0.820550 -1.287396 1.556770 0.865590 -0.242578 0.398768 0.181296

seq-03/frame-000113.color.png -0.822438 -1.295298 1.555473 0.862710 -0.245398 0.403418 0.180943

seq-03/frame-000114.color.png -0.825063 -1.301013 1.550055 0.860540 -0.246551 0.407978 0.179478

seq-03/frame-000115.color.png -0.828476 -1.305216 1.547354 0.858433 -0.246370 0.412687 0.179045

seq-03/frame-000116.color.png -0.830392 -1.310981 1.541957 0.856646 -0.247302 0.415926 0.178828

seq-03/frame-000117.color.png -0.832532 -1.318041 1.535589 0.854211 -0.249400 0.420317 0.177288

seq-03/frame-000118.color.png -0.835518 -1.324189 1.528697 0.852107 -0.250639 0.424799 0.174966

seq-03/frame-000119.color.png -0.841082 -1.328102 1.522878 0.850858 -0.250701 0.427890 0.173418

seq-03/frame-000120.color.png -0.839758 -1.333719 1.510718 0.849649 -0.253854 0.429111 0.171731

seq-03/frame-000121.color.png -0.840031 -1.343938 1.505277 0.847566 -0.257432 0.431915 0.169657

seq-03/frame-000122.color.png -0.844592 -1.348286 1.495815 0.846791 -0.257476 0.434777 0.166110

seq-03/frame-000123.color.png -0.845078 -1.351200 1.486782 0.846930 -0.256673 0.435685 0.164253

seq-03/frame-000124.color.png -0.845374 -1.357540 1.477685 0.846811 -0.257193 0.436139 0.162845

seq-03/frame-000125.color.png -0.845336 -1.362978 1.468237 0.846004 -0.256435 0.438745 0.161223

seq-03/frame-000126.color.png -0.846949 -1.365109 1.458387 0.844657 -0.255091 0.442345 0.160582

seq-03/frame-000127.color.png -0.846517 -1.370669 1.450059 0.843886 -0.254935 0.444305 0.159470

seq-03/frame-000128.color.png -0.846131 -1.377135 1.441423 0.843581 -0.254386 0.446095 0.156939

seq-03/frame-000129.color.png -0.846401 -1.376164 1.426243 0.843938 -0.251629 0.447868 0.154390

seq-03/frame-000130.color.png -0.844925 -1.380306 1.413937 0.843990 -0.251107 0.448557 0.152950

seq-03/frame-000131.color.png -0.843554 -1.382148 1.401805 0.845335 -0.249734 0.447845 0.149826

seq-03/frame-000132.color.png -0.839095 -1.382003 1.386685 0.846924 -0.247889 0.446596 0.147630

seq-03/frame-000133.color.png -0.839804 -1.382911 1.377163 0.847215 -0.246765 0.446980 0.146678

seq-03/frame-000134.color.png -0.835059 -1.381948 1.363764 0.848169 -0.246442 0.446030 0.144585

seq-03/frame-000135.color.png -0.830907 -1.385960 1.357218 0.848299 -0.248102 0.445692 0.142002

seq-03/frame-000136.color.png -0.826118 -1.385932 1.343962 0.849912 -0.247917 0.444080 0.137665

seq-03/frame-000137.color.png -0.821395 -1.382077 1.330233 0.851353 -0.245910 0.442957 0.135970

seq-03/frame-000138.color.png -0.816079 -1.382101 1.321369 0.851425 -0.245450 0.443252 0.135385

seq-03/frame-000139.color.png -0.811461 -1.383447 1.313152 0.852395 -0.243932 0.442594 0.134172

seq-03/frame-000140.color.png -0.807100 -1.378300 1.302260 0.854398 -0.240606 0.440803 0.133332

seq-03/frame-000141.color.png -0.799763 -1.376797 1.292336 0.856845 -0.239627 0.436923 0.132153

seq-03/frame-000142.color.png -0.792073 -1.375742 1.282654 0.858753 -0.238512 0.434300 0.130421

seq-03/frame-000143.color.png -0.786083 -1.371015 1.272431 0.860106 -0.236504 0.432833 0.130037

seq-03/frame-000144.color.png -0.779095 -1.371132 1.263684 0.860833 -0.236859 0.431381 0.129406

seq-03/frame-000145.color.png -0.774467 -1.373240 1.258196 0.862058 -0.236929 0.429776 0.126428

seq-03/frame-000146.color.png -0.767508 -1.369355 1.249586 0.864504 -0.234479 0.426869 0.124126

seq-03/frame-000147.color.png -0.759553 -1.367132 1.240653 0.866927 -0.232151 0.423362 0.123610

seq-03/frame-000148.color.png -0.751618 -1.366543 1.233336 0.868981 -0.230624 0.420265 0.122611

seq-03/frame-000149.color.png -0.745791 -1.366991 1.227282 0.870446 -0.229229 0.417965 0.122695

seq-03/frame-000150.color.png -0.736722 -1.362685 1.221455 0.871963 -0.226687 0.416320 0.122239

seq-03/frame-000151.color.png -0.727332 -1.364318 1.217844 0.873703 -0.226855 0.413573 0.118780

seq-03/frame-000152.color.png -0.718637 -1.360673 1.211428 0.876671 -0.225348 0.409522 0.113705

seq-03/frame-000153.color.png -0.694020 -1.356369 1.198325 0.883004 -0.220883 0.398707 0.111888

seq-03/frame-000154.color.png -0.681787 -1.355021 1.193905 0.883797 -0.218115 0.398044 0.113406

seq-03/frame-000155.color.png -0.672604 -1.354966 1.189761 0.883950 -0.215706 0.398911 0.113773

seq-03/frame-000156.color.png -0.660443 -1.350298 1.184882 0.886220 -0.211541 0.396515 0.112300

seq-03/frame-000157.color.png -0.647973 -1.343424 1.179774 0.888650 -0.209335 0.392738 0.110488

seq-03/frame-000158.color.png -0.635321 -1.341897 1.175526 0.889774 -0.210121 0.390226 0.108838

seq-03/frame-000159.color.png -0.621923 -1.339767 1.172779 0.889876 -0.210227 0.390136 0.108123

seq-03/frame-000160.color.png -0.594931 -1.332620 1.165183 0.890868 -0.208258 0.388459 0.109784

seq-03/frame-000161.color.png -0.581054 -1.326891 1.161807 0.890863 -0.208374 0.388108 0.110844

seq-03/frame-000162.color.png -0.567302 -1.326291 1.158247 0.890838 -0.210785 0.386904 0.110698

seq-03/frame-000163.color.png -0.550772 -1.329591 1.156698 0.891139 -0.211414 0.386005 0.110207

seq-03/frame-000164.color.png -0.536835 -1.329644 1.154777 0.891018 -0.210186 0.387608 0.107890

seq-03/frame-000165.color.png -0.524329 -1.325479 1.153136 0.890826 -0.207912 0.389812 0.105920

seq-03/frame-000166.color.png -0.509469 -1.321409 1.152019 0.890961 -0.206362 0.390371 0.105754

seq-03/frame-000167.color.png -0.492721 -1.319241 1.149467 0.891154 -0.205687 0.389909 0.107140

seq-03/frame-000168.color.png -0.460666 -1.317719 1.148320 0.891309 -0.205458 0.389384 0.108192

seq-03/frame-000169.color.png -0.444557 -1.315525 1.146310 0.892095 -0.204104 0.389015 0.105571

seq-03/frame-000170.color.png -0.429028 -1.310746 1.146424 0.892229 -0.203001 0.389502 0.104770

seq-03/frame-000171.color.png -0.413752 -1.308452 1.146018 0.892016 -0.204316 0.389436 0.104275

seq-03/frame-000172.color.png -0.398395 -1.309896 1.146802 0.892262 -0.205773 0.388731 0.101910

seq-03/frame-000173.color.png -0.381003 -1.315235 1.148134 0.893361 -0.204576 0.387967 0.097506

seq-03/frame-000174.color.png -0.349391 -1.312480 1.145824 0.894612 -0.193637 0.391680 0.093441

seq-03/frame-000175.color.png -0.335427 -1.309019 1.144729 0.894911 -0.188510 0.393422 0.093738

seq-03/frame-000176.color.png -0.320047 -1.304347 1.141919 0.895647 -0.184619 0.393368 0.094679

seq-03/frame-000177.color.png -0.305991 -1.298976 1.140097 0.895731 -0.183112 0.393070 0.097990

seq-03/frame-000178.color.png -0.289270 -1.298901 1.139125 0.895479 -0.184720 0.392297 0.100344

seq-03/frame-000179.color.png -0.272460 -1.299847 1.138749 0.894917 -0.184997 0.393432 0.100402

seq-03/frame-000180.color.png -0.256561 -1.295556 1.136807 0.894205 -0.182479 0.395850 0.101839

seq-03/frame-000181.color.png -0.239825 -1.288458 1.136023 0.894329 -0.179968 0.395811 0.105315

seq-03/frame-000182.color.png -0.200973 -1.282128 1.134692 0.897351 -0.179774 0.386989 0.112483

seq-03/frame-000183.color.png -0.180350 -1.279615 1.135325 0.899543 -0.176561 0.383491 0.112037

seq-03/frame-000184.color.png -0.159730 -1.275831 1.135827 0.900406 -0.177324 0.381256 0.111526

seq-03/frame-000185.color.png -0.141410 -1.272984 1.136951 0.901232 -0.178066 0.379525 0.109564

seq-03/frame-000186.color.png -0.124678 -1.268820 1.137614 0.903210 -0.177123 0.375674 0.108069

seq-03/frame-000187.color.png -0.106374 -1.267523 1.138944 0.905554 -0.177373 0.370654 0.105342

seq-03/frame-000188.color.png -0.086208 -1.270516 1.140408 0.908223 -0.175936 0.366330 0.099747

seq-03/frame-000189.color.png -0.067980 -1.272366 1.140347 0.911717 -0.168648 0.363367 0.090910

seq-03/frame-000190.color.png -0.050204 -1.265686 1.140471 0.916508 -0.155135 0.359638 0.081094

seq-03/frame-000191.color.png -0.031419 -1.261771 1.144831 0.919172 -0.151675 0.355126 0.077284

seq-03/frame-000192.color.png 0.007490 -1.258644 1.146012 0.924117 -0.150006 0.343065 0.076041

seq-03/frame-000193.color.png 0.025332 -1.251103 1.148073 0.927887 -0.147465 0.334204 0.074549

seq-03/frame-000194.color.png 0.042646 -1.251017 1.152105 0.930871 -0.151681 0.324666 0.070948

seq-03/frame-000195.color.png 0.061515 -1.253430 1.157893 0.932709 -0.155851 0.318100 0.067432

seq-03/frame-000196.color.png 0.077373 -1.250673 1.163938 0.934066 -0.157774 0.313743 0.064529

seq-03/frame-000197.color.png 0.094171 -1.247778 1.170241 0.935606 -0.159494 0.308354 0.063957

seq-03/frame-000198.color.png 0.110931 -1.245638 1.179126 0.936724 -0.160937 0.303895 0.065315

seq-03/frame-000199.color.png 0.128765 -1.243815 1.189576 0.937442 -0.163523 0.300205 0.065651

seq-03/frame-000200.color.png 0.144917 -1.244141 1.200858 0.937421 -0.166026 0.299366 0.063462

seq-03/frame-000201.color.png 0.159497 -1.242929 1.211493 0.936872 -0.165583 0.301651 0.061881

seq-03/frame-000202.color.png 0.174699 -1.237794 1.222087 0.936781 -0.163205 0.303355 0.061246

seq-03/frame-000203.color.png 0.189296 -1.235397 1.234468 0.936739 -0.162326 0.304123 0.060407

seq-03/frame-000204.color.png 0.202289 -1.234109 1.247668 0.935904 -0.161366 0.306857 0.062071

seq-03/frame-000205.color.png 0.215019 -1.228252 1.261270 0.934744 -0.159679 0.310498 0.065696

seq-03/frame-000206.color.png 0.228034 -1.223949 1.276123 0.933666 -0.160399 0.313090 0.066969

seq-03/frame-000207.color.png 0.239241 -1.220911 1.290997 0.932018 -0.162478 0.316748 0.067703

seq-03/frame-000208.color.png 0.251240 -1.216378 1.304610 0.930138 -0.163135 0.321706 0.068598

seq-03/frame-000209.color.png 0.261535 -1.211915 1.319578 0.928321 -0.163702 0.327017 0.066711

seq-03/frame-000210.color.png 0.271842 -1.209326 1.335794 0.925524 -0.164977 0.334834 0.063587

seq-03/frame-000211.color.png 0.282314 -1.204796 1.351101 0.922306 -0.162638 0.344792 0.063147

seq-03/frame-000212.color.png 0.294476 -1.196327 1.364521 0.920264 -0.158424 0.351680 0.065623

seq-03/frame-000213.color.png 0.307227 -1.188893 1.379519 0.919442 -0.156105 0.353843 0.070861

seq-03/frame-000214.color.png 0.320390 -1.185661 1.394711 0.919124 -0.155785 0.353348 0.077824

seq-03/frame-000215.color.png 0.333012 -1.185926 1.412311 0.918202 -0.155674 0.355016 0.081264

seq-03/frame-000216.color.png 0.340514 -1.184751 1.433696 0.914944 -0.156750 0.363124 0.080105

seq-03/frame-000217.color.png 0.352193 -1.179921 1.450288 0.911022 -0.157703 0.372417 0.080265

seq-03/frame-000218.color.png 0.364195 -1.174950 1.465545 0.907391 -0.158313 0.380323 0.083075

seq-03/frame-000219.color.png 0.375529 -1.169752 1.480515 0.904532 -0.157406 0.386331 0.088105

seq-03/frame-000220.color.png 0.386448 -1.163907 1.495215 0.902323 -0.157464 0.390281 0.093102

seq-03/frame-000221.color.png 0.399052 -1.160541 1.509459 0.899850 -0.157876 0.394285 0.099261

seq-03/frame-000222.color.png 0.410055 -1.154729 1.522538 0.897640 -0.155423 0.398877 0.104652

seq-03/frame-000223.color.png 0.418811 -1.147331 1.536755 0.895068 -0.155296 0.403497 0.109064

seq-03/frame-000224.color.png 0.427881 -1.139574 1.548945 0.892183 -0.156332 0.408186 0.113675

seq-03/frame-000225.color.png 0.435671 -1.130424 1.559755 0.890025 -0.157191 0.411689 0.116731

seq-03/frame-000226.color.png 0.443000 -1.121131 1.571448 0.887359 -0.160545 0.415567 0.118701

seq-03/frame-000227.color.png 0.450076 -1.110150 1.579948 0.884022 -0.165241 0.419536 0.123110

seq-03/frame-000228.color.png 0.456548 -1.100089 1.588392 0.880582 -0.169288 0.423548 0.128419

seq-03/frame-000229.color.png 0.462646 -1.086669 1.595183 0.878195 -0.171528 0.426228 0.132847

seq-03/frame-000230.color.png 0.467736 -1.073566 1.602523 0.875978 -0.175089 0.427498 0.138631

seq-03/frame-000231.color.png 0.473504 -1.063615 1.608570 0.873782 -0.179538 0.428098 0.144807

seq-03/frame-000232.color.png 0.477812 -1.052887 1.614120 0.871761 -0.179248 0.430972 0.148773

seq-03/frame-000233.color.png 0.479930 -1.038444 1.619846 0.869168 -0.180608 0.434460 0.152112

seq-03/frame-000234.color.png 0.481062 -1.024381 1.623092 0.866290 -0.183794 0.437055 0.157193

seq-03/frame-000235.color.png 0.481382 -1.010153 1.626141 0.864024 -0.186584 0.437619 0.164635

seq-03/frame-000236.color.png 0.481335 -0.995572 1.628593 0.863178 -0.190397 0.435127 0.171179

seq-03/frame-000237.color.png 0.483594 -0.987855 1.630279 0.861472 -0.194490 0.433481 0.179164

seq-03/frame-000238.color.png 0.483832 -0.979825 1.632601 0.859902 -0.196441 0.433313 0.184893

seq-03/frame-000239.color.png 0.481294 -0.966990 1.632737 0.858365 -0.198318 0.434162 0.188010

seq-03/frame-000240.color.png 0.477217 -0.953302 1.632349 0.856377 -0.202444 0.434801 0.191173

seq-03/frame-000241.color.png 0.475932 -0.946705 1.631114 0.853989 -0.209346 0.434573 0.194903

seq-03/frame-000242.color.png 0.473740 -0.940299 1.630541 0.852202 -0.213057 0.435515 0.196594

seq-03/frame-000243.color.png 0.470705 -0.930018 1.627819 0.850992 -0.216703 0.436148 0.196451

seq-03/frame-000244.color.png 0.464815 -0.923393 1.628411 0.848224 -0.221292 0.439176 0.196557

seq-03/frame-000245.color.png 0.459100 -0.914187 1.627297 0.846244 -0.223227 0.440782 0.199291

seq-03/frame-000246.color.png 0.454420 -0.909841 1.628082 0.845184 -0.227063 0.439462 0.202346

seq-03/frame-000247.color.png 0.451020 -0.907572 1.627153 0.845105 -0.229425 0.438020 0.203137

seq-03/frame-000248.color.png 0.447651 -0.905954 1.625028 0.844704 -0.229824 0.438036 0.204315

seq-03/frame-000249.color.png 0.442286 -0.903819 1.624202 0.844456 -0.227698 0.438628 0.206438

seq-03/frame-000250.color.png 0.435130 -0.898962 1.621585 0.844828 -0.225056 0.438222 0.208666

seq-03/frame-000251.color.png 0.431783 -0.902885 1.620223 0.844250 -0.226855 0.437486 0.210591

seq-03/frame-000252.color.png 0.427684 -0.908510 1.617579 0.844150 -0.224885 0.439296 0.209332

seq-03/frame-000253.color.png 0.422410 -0.912009 1.614857 0.844283 -0.217497 0.443060 0.208667

seq-03/frame-000254.color.png 0.415696 -0.912189 1.612193 0.845695 -0.208285 0.443988 0.210368

seq-03/frame-000255.color.png 0.408565 -0.914473 1.611683 0.847781 -0.203021 0.442016 0.211269

seq-03/frame-000256.color.png 0.403616 -0.922909 1.609872 0.848806 -0.200392 0.441064 0.211655

seq-03/frame-000257.color.png 0.398037 -0.931964 1.606713 0.849982 -0.195814 0.442107 0.209025

seq-03/frame-000258.color.png 0.393080 -0.939333 1.603641 0.850991 -0.191557 0.443797 0.205250

seq-03/frame-000259.color.png 0.389396 -0.949603 1.599829 0.851457 -0.188147 0.445672 0.202389

seq-03/frame-000260.color.png 0.385032 -0.957493 1.596088 0.852250 -0.181838 0.447093 0.201684

seq-03/frame-000261.color.png 0.379516 -0.965916 1.592330 0.854074 -0.176515 0.446841 0.199241

seq-03/frame-000262.color.png 0.374723 -0.974484 1.588159 0.855546 -0.171768 0.448142 0.194085

seq-03/frame-000263.color.png 0.369433 -0.978770 1.585231 0.854821 -0.168137 0.452761 0.189691

seq-03/frame-000264.color.png 0.364552 -0.984610 1.581004 0.854557 -0.165541 0.455570 0.186406

seq-03/frame-000265.color.png 0.361600 -0.990274 1.576623 0.854649 -0.162524 0.457352 0.184260

seq-03/frame-000266.color.png 0.355774 -1.003042 1.566639 0.853601 -0.152987 0.460145 0.190237

seq-03/frame-000267.color.png 0.353621 -1.011355 1.561229 0.854565 -0.147709 0.459970 0.190501

seq-03/frame-000268.color.png 0.350575 -1.019321 1.556047 0.853947 -0.143634 0.463291 0.188331

seq-03/frame-000269.color.png 0.347482 -1.026890 1.550394 0.852977 -0.138134 0.467504 0.186418

seq-03/frame-000270.color.png 0.343665 -1.034228 1.546032 0.852666 -0.132196 0.470989 0.183348

seq-03/frame-000271.color.png 0.342035 -1.043476 1.542704 0.852665 -0.127043 0.473087 0.181585

seq-03/frame-000272.color.png 0.338908 -1.051373 1.540396 0.852980 -0.122223 0.474452 0.179845

seq-03/frame-000273.color.png 0.336724 -1.059170 1.537041 0.853271 -0.118258 0.475751 0.177670

seq-03/frame-000274.color.png 0.334719 -1.068307 1.534817 0.853660 -0.113875 0.477041 0.175186

seq-03/frame-000275.color.png 0.332603 -1.078424 1.532234 0.854357 -0.108426 0.478021 0.172554

seq-03/frame-000276.color.png 0.330688 -1.087092 1.529924 0.855161 -0.101037 0.478500 0.171729

seq-03/frame-000277.color.png 0.325490 -1.105563 1.529452 0.857838 -0.094151 0.477840 0.163951

seq-03/frame-000278.color.png 0.322243 -1.111713 1.529663 0.857188 -0.093201 0.481798 0.156123

seq-03/frame-000279.color.png 0.320799 -1.119370 1.528741 0.856206 -0.091614 0.485577 0.150649

seq-03/frame-000280.color.png 0.320522 -1.127226 1.529103 0.856123 -0.086485 0.487697 0.147264

seq-03/frame-000281.color.png 0.320208 -1.131485 1.529736 0.857007 -0.081791 0.487768 0.144544

seq-03/frame-000282.color.png 0.321586 -1.138802 1.531171 0.857674 -0.080131 0.488049 0.140514

seq-03/frame-000283.color.png 0.323048 -1.143971 1.534544 0.856913 -0.079946 0.491321 0.133691

seq-03/frame-000284.color.png 0.332809 -1.156920 1.535681 0.856207 -0.075977 0.493994 0.130643

seq-03/frame-000285.color.png 0.336735 -1.161146 1.540430 0.856590 -0.072481 0.494461 0.128333

seq-03/frame-000286.color.png 0.342541 -1.166886 1.543662 0.855836 -0.072239 0.496077 0.127263

seq-03/frame-000287.color.png 0.349200 -1.173869 1.545730 0.855014 -0.070960 0.497976 0.126086

seq-03/frame-000288.color.png 0.355130 -1.179763 1.549150 0.854085 -0.070693 0.500523 0.122389

seq-03/frame-000289.color.png 0.362341 -1.184268 1.551175 0.852638 -0.071198 0.503572 0.119646

seq-03/frame-000290.color.png 0.370065 -1.189318 1.552704 0.851319 -0.069984 0.505976 0.119611

seq-03/frame-000291.color.png 0.377052 -1.192965 1.556256 0.850160 -0.068152 0.508370 0.118762

seq-03/frame-000292.color.png 0.384691 -1.197893 1.558885 0.848911 -0.066950 0.510734 0.118235

seq-03/frame-000293.color.png 0.391600 -1.203141 1.561447 0.847902 -0.065714 0.513061 0.116075

seq-03/frame-000294.color.png 0.405113 -1.210931 1.566122 0.845001 -0.061532 0.519267 0.111844

seq-03/frame-000295.color.png 0.411570 -1.214786 1.568334 0.844768 -0.056709 0.520192 0.111861

seq-03/frame-000296.color.png 0.417443 -1.218093 1.570984 0.845015 -0.054433 0.520119 0.111463

seq-03/frame-000297.color.png 0.423726 -1.222011 1.574320 0.844986 -0.052916 0.520743 0.109479

seq-03/frame-000298.color.png 0.429458 -1.225696 1.577007 0.844486 -0.051388 0.522266 0.106774

seq-03/frame-000299.color.png 0.435297 -1.229672 1.580005 0.843824 -0.049754 0.523860 0.104957

seq-03/frame-000300.color.png 0.440897 -1.234518 1.583089 0.844094 -0.048582 0.524091 0.102146

seq-03/frame-000301.color.png 0.445800 -1.237032 1.586551 0.844010 -0.048320 0.525101 0.097678

seq-03/frame-000302.color.png 0.451217 -1.240356 1.589622 0.843368 -0.046607 0.526720 0.095307

seq-03/frame-000303.color.png 0.456502 -1.242533 1.594280 0.843321 -0.044226 0.527385 0.093160

seq-03/frame-000304.color.png 0.461734 -1.244794 1.598195 0.843408 -0.041816 0.527743 0.091435

seq-03/frame-000305.color.png 0.467478 -1.248234 1.601635 0.843508 -0.039714 0.528054 0.089648

seq-03/frame-000306.color.png 0.479057 -1.255184 1.609229 0.843111 -0.038207 0.529218 0.087137

seq-03/frame-000307.color.png 0.484706 -1.259243 1.612550 0.843453 -0.036998 0.529039 0.085416

seq-03/frame-000308.color.png 0.490296 -1.263883 1.615343 0.843425 -0.038263 0.529635 0.081340

seq-03/frame-000309.color.png 0.495167 -1.267963 1.619108 0.842294 -0.038917 0.531799 0.078592

seq-03/frame-000310.color.png 0.500970 -1.270819 1.620773 0.841982 -0.036852 0.532487 0.078260

seq-03/frame-000311.color.png 0.506560 -1.273792 1.623100 0.842912 -0.034503 0.531062 0.079002

seq-03/frame-000312.color.png 0.511984 -1.278226 1.625714 0.844468 -0.032972 0.528681 0.079009

seq-03/frame-000313.color.png 0.517542 -1.282196 1.627624 0.845531 -0.031945 0.527284 0.077380

seq-03/frame-000314.color.png 0.522915 -1.286445 1.629667 0.845900 -0.030077 0.527177 0.074781

seq-03/frame-000315.color.png 0.527900 -1.290538 1.630445 0.846178 -0.026321 0.527322 0.071976

seq-03/frame-000316.color.png 0.532353 -1.291905 1.631037 0.847023 -0.022427 0.526556 0.068902

seq-03/frame-000317.color.png 0.537330 -1.296099 1.632175 0.847843 -0.020867 0.525790 0.065056

seq-03/frame-000318.color.png 0.542796 -1.300613 1.632810 0.847668 -0.019838 0.526703 0.060072

seq-03/frame-000319.color.png 0.548565 -1.303035 1.632680 0.846696 -0.019208 0.528717 0.056169

seq-03/frame-000320.color.png 0.555278 -1.305879 1.631789 0.845981 -0.016309 0.530053 0.055265

seq-03/frame-000321.color.png 0.561562 -1.307983 1.630800 0.846319 -0.011149 0.529600 0.055703

seq-03/frame-000322.color.png 0.567967 -1.310846 1.629824 0.847338 -0.006365 0.528096 0.055238

seq-03/frame-000323.color.png 0.574518 -1.316456 1.628885 0.847727 -0.002175 0.527722 0.053141

seq-03/frame-000324.color.png 0.587824 -1.321834 1.625152 0.845802 0.002817 0.531664 0.043630

seq-03/frame-000325.color.png 0.594809 -1.325820 1.623820 0.844408 0.004441 0.534229 0.038893

seq-03/frame-000326.color.png 0.601754 -1.329600 1.622866 0.842631 0.004581 0.537433 0.032822

seq-03/frame-000327.color.png 0.609406 -1.334791 1.621025 0.840426 0.004083 0.541218 0.026610

seq-03/frame-000328.color.png 0.617280 -1.336948 1.619202 0.838590 0.008655 0.544092 0.024792

seq-03/frame-000329.color.png 0.625980 -1.336369 1.617064 0.838238 0.014013 0.544473 0.025862

seq-03/frame-000330.color.png 0.635764 -1.338775 1.615413 0.838499 0.016652 0.543968 0.026455

seq-03/frame-000331.color.png 0.645089 -1.344118 1.614387 0.837911 0.016672 0.544873 0.026437

seq-03/frame-000332.color.png 0.655157 -1.348089 1.612519 0.836634 0.017156 0.546763 0.027541

seq-03/frame-000333.color.png 0.665223 -1.352130 1.609748 0.835564 0.017152 0.548570 0.023817

seq-03/frame-000334.color.png 0.672993 -1.359366 1.609577 0.832849 0.015167 0.553029 0.015801

seq-03/frame-000335.color.png 0.680484 -1.361749 1.609219 0.829055 0.016568 0.558739 0.012707

seq-03/frame-000336.color.png 0.688574 -1.363511 1.608168 0.826835 0.019643 0.561923 0.012565

seq-03/frame-000337.color.png 0.696078 -1.368576 1.607320 0.825878 0.022957 0.563191 0.013123

seq-03/frame-000338.color.png 0.703092 -1.373305 1.606664 0.825680 0.025273 0.563379 0.013252

seq-03/frame-000339.color.png 0.710420 -1.378196 1.606408 0.825215 0.026504 0.564020 0.012551

seq-03/frame-000340.color.png 0.716961 -1.383862 1.606927 0.823711 0.029244 0.566136 0.009622

seq-03/frame-000341.color.png 0.722615 -1.391359 1.607414 0.821435 0.032499 0.569306 0.005966

seq-03/frame-000342.color.png 0.727658 -1.398113 1.608958 0.819726 0.033739 0.571719 0.002440

seq-03/frame-000343.color.png 0.732599 -1.404418 1.611125 0.818380 0.035772 0.573524 -0.001037

seq-03/frame-000344.color.png 0.736767 -1.412271 1.613285 0.817464 0.038742 0.574631 -0.002822

seq-03/frame-000345.color.png 0.740822 -1.417652 1.615468 0.817865 0.040988 0.573896 -0.004122

seq-03/frame-000346.color.png 0.744662 -1.423744 1.619426 0.817252 0.042707 0.574589 -0.008912

seq-03/frame-000347.color.png 0.748226 -1.430297 1.622794 0.814862 0.042865 0.577873 -0.013450

seq-03/frame-000348.color.png 0.752036 -1.434624 1.625912 0.814485 0.042325 0.578462 -0.012693

seq-03/frame-000349.color.png 0.756579 -1.437321 1.630597 0.816353 0.041965 0.575879 -0.011242

seq-03/frame-000350.color.png 0.760375 -1.441939 1.636185 0.817892 0.040081 0.573803 -0.012375

seq-03/frame-000351.color.png 0.764132 -1.443468 1.641467 0.818455 0.038688 0.573107 -0.011800

seq-03/frame-000352.color.png 0.767880 -1.445291 1.645666 0.818904 0.037571 0.572560 -0.010771

seq-03/frame-000353.color.png 0.771434 -1.446239 1.650009 0.818886 0.034156 0.572789 -0.011319

seq-03/frame-000354.color.png 0.775223 -1.445140 1.654401 0.818873 0.031876 0.572987 -0.008518

seq-03/frame-000355.color.png 0.778568 -1.444817 1.658035 0.819041 0.029120 0.572924 -0.006109

seq-03/frame-000356.color.png 0.781671 -1.441545 1.661039 0.819685 0.026131 0.572172 -0.002916

seq-03/frame-000357.color.png 0.784511 -1.437659 1.664599 0.820110 0.021213 0.571774 -0.000536

seq-03/frame-000358.color.png 0.787146 -1.437086 1.666914 0.818431 0.016306 0.574333 0.001531

seq-03/frame-000359.color.png 0.789263 -1.434164 1.668443 0.815473 0.010032 0.578661 0.003152

seq-03/frame-000360.color.png 0.790462 -1.430570 1.673219 0.810956 0.003136 0.585038 0.005142

seq-03/frame-000361.color.png 0.791840 -1.429386 1.672523 0.806592 -0.001767 0.591023 0.007247

seq-03/frame-000362.color.png 0.792339 -1.424435 1.671221 0.802340 -0.006003 0.596703 0.010704

seq-03/frame-000363.color.png 0.792194 -1.417884 1.668364 0.799478 -0.008601 0.600379 0.016109

seq-03/frame-000364.color.png 0.791667 -1.414375 1.666046 0.797460 -0.011545 0.602802 0.022551

seq-03/frame-000365.color.png 0.790212 -1.405907 1.662312 0.796049 -0.013420 0.604427 0.027358

seq-03/frame-000366.color.png 0.786781 -1.399312 1.659494 0.793785 -0.019016 0.607141 0.029622

seq-03/frame-000367.color.png 0.783547 -1.397274 1.655523 0.790448 -0.027763 0.610955 0.033292

seq-03/frame-000368.color.png 0.780212 -1.390732 1.652678 0.788393 -0.032794 0.613105 0.037632

seq-03/frame-000369.color.png 0.775165 -1.384745 1.650191 0.787512 -0.036363 0.613794 0.041383

seq-03/frame-000370.color.png 0.768743 -1.377531 1.646565 0.786451 -0.041824 0.614505 0.045629

seq-03/frame-000371.color.png 0.762142 -1.375335 1.642524 0.784831 -0.048376 0.615819 0.049202

seq-03/frame-000372.color.png 0.754671 -1.373487 1.638894 0.781868 -0.053312 0.618988 0.051441

seq-03/frame-000373.color.png 0.746181 -1.369642 1.633861 0.777255 -0.058428 0.623916 0.056044

seq-03/frame-000374.color.png 0.737526 -1.365030 1.626886 0.772389 -0.063349 0.628943 0.061513

seq-03/frame-000375.color.png 0.728960 -1.359905 1.620646 0.766358 -0.066810 0.635324 0.067429

seq-03/frame-000376.color.png 0.720465 -1.354732 1.613184 0.758679 -0.069656 0.643242 0.075792

seq-03/frame-000377.color.png 0.712379 -1.350612 1.606016 0.750047 -0.073537 0.651711 0.085113

seq-03/frame-000378.color.png 0.704737 -1.343483 1.598431 0.741808 -0.079086 0.659334 0.093235

seq-03/frame-000379.color.png 0.697165 -1.335792 1.590926 0.734499 -0.083889 0.665932 0.099783

seq-03/frame-000380.color.png 0.690482 -1.330067 1.583322 0.727477 -0.089480 0.671907 0.106109

seq-03/frame-000381.color.png 0.684262 -1.326167 1.576736 0.721186 -0.096281 0.676500 0.113650

seq-03/frame-000382.color.png 0.677341 -1.320279 1.568333 0.716776 -0.099106 0.679342 0.121868

seq-03/frame-000383.color.png 0.670142 -1.312591 1.560168 0.712467 -0.099960 0.682167 0.130359

seq-03/frame-000384.color.png 0.663566 -1.306458 1.552889 0.708542 -0.102339 0.684528 0.137340

seq-03/frame-000385.color.png 0.656379 -1.299792 1.547629 0.704429 -0.106640 0.687510 0.140300

seq-03/frame-000386.color.png 0.649995 -1.293006 1.544821 0.697787 -0.109950 0.693326 0.142296

seq-03/frame-000387.color.png 0.644590 -1.288640 1.539251 0.691370 -0.111602 0.698637 0.146301

seq-03/frame-000388.color.png 0.639003 -1.282568 1.534066 0.687069 -0.112456 0.701961 0.149952

seq-03/frame-000389.color.png 0.634918 -1.278204 1.529065 0.683538 -0.114897 0.703721 0.155873

seq-03/frame-000390.color.png 0.630437 -1.273958 1.526508 0.681283 -0.115416 0.704695 0.160884

seq-03/frame-000391.color.png 0.626435 -1.267852 1.522843 0.679445 -0.114112 0.705596 0.165566

seq-03/frame-000392.color.png 0.623351 -1.262077 1.519716 0.676782 -0.114724 0.706587 0.171710

seq-03/frame-000393.color.png 0.619925 -1.257155 1.517087 0.673837 -0.114709 0.707991 0.177423

seq-03/frame-000394.color.png 0.616931 -1.251048 1.515622 0.669669 -0.114488 0.711162 0.180637

seq-03/frame-000395.color.png 0.614570 -1.246128 1.514509 0.663862 -0.116014 0.715641 0.183390

seq-03/frame-000396.color.png 0.613126 -1.241561 1.513911 0.658078 -0.114584 0.720182 0.187317

seq-03/frame-000397.color.png 0.612670 -1.233577 1.512800 0.652114 -0.111808 0.724479 0.193192

seq-03/frame-000398.color.png 0.614010 -1.228561 1.514005 0.645316 -0.113010 0.728601 0.199708

seq-03/frame-000399.color.png 0.614528 -1.223734 1.514346 0.638149 -0.112470 0.733782 0.204028

seq-03/frame-000400.color.png 0.616046 -1.215292 1.513768 0.628418 -0.110020 0.741619 0.207207

seq-03/frame-000401.color.png 0.618641 -1.207548 1.509540 0.617646 -0.108777 0.749260 0.212694

seq-03/frame-000402.color.png 0.622180 -1.203174 1.505658 0.608506 -0.108024 0.755117 0.218626

seq-03/frame-000403.color.png 0.625810 -1.197275 1.498902 0.601030 -0.105608 0.760124 0.223092

seq-03/frame-000404.color.png 0.630767 -1.188871 1.494623 0.591383 -0.104996 0.766455 0.227461

seq-03/frame-000405.color.png 0.637540 -1.187870 1.498125 0.580403 -0.105752 0.772695 0.234181

seq-03/frame-000406.color.png 0.643740 -1.186664 1.500547 0.571933 -0.103509 0.778169 0.237868

seq-03/frame-000407.color.png 0.650953 -1.184324 1.501069 0.563697 -0.099541 0.783573 0.241458

seq-03/frame-000408.color.png 0.658151 -1.181917 1.506168 0.555234 -0.095039 0.789263 0.244329

seq-03/frame-000409.color.png 0.664883 -1.176789 1.509257 0.548559 -0.091817 0.793609 0.246553

seq-03/frame-000410.color.png 0.672531 -1.175484 1.512137 0.540573 -0.090152 0.797774 0.251320

seq-03/frame-000411.color.png 0.679270 -1.172839 1.514128 0.532128 -0.087940 0.802411 0.255333

seq-03/frame-000412.color.png 0.686578 -1.170534 1.517729 0.523708 -0.087548 0.806788 0.259056

seq-03/frame-000413.color.png 0.691929 -1.169323 1.519031 0.516063 -0.086667 0.810495 0.263090

seq-03/frame-000414.color.png 0.697569 -1.168534 1.517451 0.507513 -0.085570 0.814916 0.266405

seq-03/frame-000415.color.png 0.703114 -1.166380 1.524121 0.499224 -0.083674 0.818971 0.270210

seq-03/frame-000416.color.png 0.707992 -1.164360 1.528430 0.492016 -0.082432 0.821464 0.276176

seq-03/frame-000417.color.png 0.712646 -1.163703 1.530090 0.485480 -0.081793 0.823007 0.283249

seq-03/frame-000418.color.png 0.716527 -1.162083 1.531580 0.477851 -0.082985 0.825604 0.288273

seq-03/frame-000419.color.png 0.716790 -1.162207 1.531305 0.477656 -0.082938 0.825672 0.288417

seq-03/frame-000420.color.png 0.720208 -1.160871 1.532719 0.470585 -0.088529 0.828254 0.290962

seq-03/frame-000421.color.png 0.722180 -1.159288 1.532973 0.464246 -0.093292 0.830769 0.292483

seq-03/frame-000422.color.png 0.721858 -1.155103 1.538272 0.459500 -0.095641 0.832709 0.293699

seq-03/frame-000423.color.png 0.721893 -1.151872 1.546158 0.456897 -0.097105 0.833027 0.296368

seq-03/frame-000424.color.png 0.721860 -1.151682 1.545453 0.457003 -0.097259 0.832987 0.296264

seq-03/frame-000425.color.png 0.723075 -1.150877 1.548122 0.456722 -0.098304 0.831985 0.299155

seq-03/frame-000426.color.png 0.724277 -1.147297 1.554732 0.455308 -0.099833 0.832068 0.300571

seq-03/frame-000427.color.png 0.724942 -1.145798 1.558739 0.452895 -0.103323 0.831784 0.303805

seq-03/frame-000428.color.png 0.722206 -1.144150 1.561754 0.452789 -0.104965 0.830992 0.305561

seq-03/frame-000429.color.png 0.721590 -1.143013 1.565829 0.453320 -0.105500 0.830118 0.306963

seq-03/frame-000430.color.png 0.721585 -1.143694 1.564816 0.453845 -0.105896 0.829709 0.307156

seq-03/frame-000431.color.png 0.719143 -1.140472 1.573866 0.454166 -0.103307 0.828987 0.309503

seq-03/frame-000432.color.png 0.718759 -1.138933 1.580354 0.453235 -0.101993 0.828250 0.313254

seq-03/frame-000433.color.png 0.716766 -1.136464 1.586385 0.451742 -0.102703 0.828074 0.315635

seq-03/frame-000434.color.png 0.716820 -1.136622 1.584813 0.451763 -0.102857 0.827999 0.315752

seq-03/frame-000435.color.png 0.713489 -1.134857 1.594890 0.450824 -0.103816 0.827036 0.319283

seq-03/frame-000436.color.png 0.710245 -1.135527 1.593093 0.450857 -0.105186 0.825212 0.323480

seq-03/frame-000437.color.png 0.706705 -1.133059 1.604629 0.448714 -0.104818 0.825404 0.326077

seq-03/frame-000438.color.png 0.706620 -1.133489 1.604620 0.449093 -0.104978 0.825144 0.326164

seq-03/frame-000439.color.png 0.702811 -1.130925 1.612859 0.447353 -0.106452 0.824097 0.330693

seq-03/frame-000440.color.png 0.700717 -1.134136 1.618707 0.448990 -0.108641 0.820437 0.336806

seq-03/frame-000441.color.png 0.697566 -1.137470 1.624116 0.449289 -0.109290 0.818500 0.340885

seq-03/frame-000442.color.png 0.693418 -1.136710 1.637055 0.446260 -0.108191 0.818902 0.344232

seq-03/frame-000443.color.png 0.690048 -1.140963 1.639565 0.445981 -0.111202 0.816401 0.349533

seq-03/frame-000444.color.png 0.689536 -1.140788 1.638313 0.446096 -0.111258 0.816340 0.349511

seq-03/frame-000445.color.png 0.686953 -1.146603 1.643366 0.446107 -0.113569 0.814068 0.354024

seq-03/frame-000446.color.png 0.683181 -1.151659 1.655353 0.445978 -0.113710 0.812842 0.356944

seq-03/frame-000447.color.png 0.674458 -1.153320 1.656964 0.446013 -0.115201 0.811512 0.359442

seq-03/frame-000448.color.png 0.669584 -1.159254 1.657608 0.447119 -0.119278 0.808573 0.363338

seq-03/frame-000449.color.png 0.663339 -1.163595 1.663902 0.446735 -0.120432 0.807172 0.366531

seq-03/frame-000450.color.png 0.657686 -1.169665 1.666837 0.444951 -0.122610 0.806045 0.370438

seq-03/frame-000451.color.png 0.657793 -1.170062 1.666985 0.445162 -0.122785 0.805875 0.370497

seq-03/frame-000452.color.png 0.650803 -1.173855 1.671111 0.443722 -0.124831 0.805179 0.373043

seq-03/frame-000453.color.png 0.644205 -1.179533 1.675114 0.441483 -0.128453 0.803670 0.377696

seq-03/frame-000454.color.png 0.640782 -1.187649 1.675343 0.439229 -0.133054 0.801932 0.382396

seq-03/frame-000455.color.png 0.636629 -1.194452 1.679240 0.438431 -0.136922 0.799852 0.386282

seq-03/frame-000456.color.png 0.633988 -1.205318 1.677064 0.437350 -0.141935 0.797198 0.391154

seq-03/frame-000457.color.png 0.633942 -1.216889 1.677088 0.435691 -0.146437 0.796061 0.393653

seq-03/frame-000458.color.png 0.630803 -1.225672 1.677049 0.433915 -0.149987 0.796183 0.394030

seq-03/frame-000459.color.png 0.630128 -1.225504 1.675983 0.434348 -0.150123 0.795963 0.393947

seq-03/frame-000460.color.png 0.624789 -1.232206 1.678209 0.431115 -0.153222 0.797261 0.393679

seq-03/frame-000461.color.png 0.622145 -1.240349 1.681267 0.426560 -0.156930 0.798422 0.394826

seq-03/frame-000462.color.png 0.618387 -1.248650 1.682191 0.426453 -0.159853 0.797484 0.395663

seq-03/frame-000463.color.png 0.614684 -1.256709 1.684540 0.429064 -0.159937 0.795378 0.397044

seq-03/frame-000464.color.png 0.615182 -1.267442 1.687304 0.427117 -0.159690 0.795085 0.399820

seq-03/frame-000465.color.png 0.613834 -1.266793 1.686532 0.427669 -0.159680 0.794934 0.399532

seq-03/frame-000466.color.png 0.610190 -1.273902 1.687301 0.428977 -0.160754 0.794363 0.398836

seq-03/frame-000467.color.png 0.606754 -1.279646 1.690890 0.430662 -0.162173 0.793550 0.398062

seq-03/frame-000468.color.png 0.605281 -1.286361 1.693041 0.431168 -0.164476 0.792744 0.398175

seq-03/frame-000469.color.png 0.604817 -1.294988 1.693536 0.431063 -0.167251 0.791849 0.398914

seq-03/frame-000470.color.png 0.604129 -1.302355 1.695095 0.429617 -0.170202 0.792362 0.398205

seq-03/frame-000471.color.png 0.602884 -1.307997 1.699265 0.429455 -0.172365 0.792366 0.397441

seq-03/frame-000472.color.png 0.607277 -1.320539 1.698792 0.429301 -0.174689 0.791206 0.398901

seq-03/frame-000473.color.png 0.609477 -1.331121 1.702829 0.427563 -0.177185 0.793055 0.395984

seq-03/frame-000474.color.png 0.609200 -1.330844 1.701518 0.427657 -0.177218 0.793029 0.395920

seq-03/frame-000475.color.png 0.599411 -1.330714 1.705655 0.428703 -0.178424 0.794819 0.390624

seq-03/frame-000476.color.png 0.600147 -1.341639 1.706675 0.431968 -0.178028 0.792280 0.392359

seq-03/frame-000477.color.png 0.603642 -1.356335 1.704676 0.434564 -0.175566 0.791477 0.392224

seq-03/frame-000478.color.png 0.594092 -1.357590 1.706694 0.436108 -0.173748 0.793869 0.386443

seq-03/frame-000479.color.png 0.587526 -1.360560 1.709769 0.439113 -0.174589 0.793418 0.383576

seq-03/frame-000480.color.png 0.584466 -1.367971 1.708995 0.445416 -0.175053 0.789940 0.383276

seq-03/frame-000481.color.png 0.580453 -1.372641 1.708563 0.450650 -0.173246 0.787283 0.383444

seq-03/frame-000482.color.png 0.580972 -1.372575 1.709263 0.450403 -0.173093 0.787439 0.383485

seq-03/frame-000483.color.png 0.577269 -1.378152 1.708283 0.456001 -0.173353 0.783739 0.384330

seq-03/frame-000484.color.png 0.580580 -1.388223 1.708100 0.459143 -0.174435 0.780804 0.386068

seq-03/frame-000485.color.png 0.583185 -1.396064 1.711071 0.457283 -0.173752 0.781925 0.386315

seq-03/frame-000486.color.png 0.578960 -1.397727 1.706266 0.456667 -0.172484 0.783243 0.384940

seq-03/frame-000487.color.png 0.578772 -1.401607 1.706546 0.455163 -0.172169 0.784159 0.384996

seq-03/frame-000488.color.png 0.583938 -1.409504 1.704272 0.451401 -0.173639 0.786169 0.384667

seq-03/frame-000489.color.png 0.580727 -1.409701 1.709648 0.448536 -0.174213 0.789359 0.381209

seq-03/frame-000490.color.png 0.578166 -1.410138 1.712696 0.448237 -0.174342 0.789105 0.382028

seq-03/frame-000491.color.png 0.580881 -1.416139 1.709982 0.454797 -0.175206 0.784034 0.384313

seq-03/frame-000492.color.png 0.581643 -1.420488 1.711959 0.465940 -0.174074 0.777500 0.384751

seq-03/frame-000493.color.png 0.584260 -1.425593 1.708918 0.476929 -0.173568 0.770606 0.385385

seq-03/frame-000494.color.png 0.586839 -1.427509 1.710146 0.486542 -0.171576 0.765679 0.384077

seq-03/frame-000495.color.png 0.588421 -1.426645 1.713086 0.492345 -0.169553 0.762818 0.383272

seq-03/frame-000496.color.png 0.588356 -1.426511 1.712069 0.492292 -0.169483 0.762844 0.383319

seq-03/frame-000497.color.png 0.593236 -1.426833 1.714090 0.494431 -0.170239 0.761371 0.383160

seq-03/frame-000498.color.png 0.598726 -1.426811 1.715467 0.496967 -0.172372 0.759716 0.382208

seq-03/frame-000499.color.png 0.603897 -1.427512 1.718146 0.501100 -0.172867 0.756454 0.383056

seq-03/frame-000500.color.png 0.611267 -1.429454 1.718171 0.506641 -0.171597 0.751881 0.385335

seq-03/frame-000501.color.png 0.617222 -1.429738 1.717735 0.514334 -0.170632 0.746614 0.385812

seq-03/frame-000502.color.png 0.623068 -1.429187 1.717002 0.519009 -0.171932 0.743190 0.385586

seq-03/frame-000503.color.png 0.632392 -1.432700 1.716586 0.521097 -0.174902 0.741601 0.384491

seq-03/frame-000504.color.png 0.637068 -1.431779 1.718970 0.524020 -0.175982 0.741051 0.381071

seq-03/frame-000505.color.png 0.641470 -1.430711 1.725112 0.527052 -0.177211 0.739386 0.379549

seq-03/frame-000506.color.png 0.650448 -1.432905 1.723850 0.532157 -0.179952 0.734576 0.380475

seq-03/frame-000507.color.png 0.659394 -1.435195 1.722974 0.538989 -0.183197 0.729317 0.379424

seq-03/frame-000508.color.png 0.666258 -1.437045 1.725446 0.546246 -0.185884 0.724428 0.377097

seq-03/frame-000509.color.png 0.673315 -1.438018 1.725460 0.552753 -0.186782 0.719727 0.376173

seq-03/frame-000510.color.png 0.680331 -1.439875 1.726723 0.557525 -0.187594 0.716399 0.375076

seq-03/frame-000511.color.png 0.687215 -1.441052 1.727124 0.561910 -0.189442 0.714065 0.372042

seq-03/frame-000512.color.png 0.694779 -1.444234 1.726672 0.567382 -0.191263 0.710881 0.368888

seq-03/frame-000513.color.png 0.701960 -1.445560 1.727675 0.572304 -0.190410 0.708378 0.366533

seq-03/frame-000514.color.png 0.708640 -1.448141 1.725791 0.576762 -0.189924 0.705891 0.364588

seq-03/frame-000515.color.png 0.714479 -1.450872 1.725578 0.580210 -0.188717 0.705733 0.360022

seq-03/frame-000516.color.png 0.717690 -1.450934 1.728621 0.581186 -0.186964 0.709222 0.352427

seq-03/frame-000517.color.png 0.720786 -1.451968 1.729401 0.580483 -0.185102 0.713218 0.346454

seq-03/frame-000518.color.png 0.719826 -1.451270 1.731101 0.580292 -0.180447 0.717831 0.339637

seq-03/frame-000519.color.png 0.720735 -1.452135 1.736172 0.578799 -0.175164 0.723224 0.333452

seq-03/frame-000520.color.png 0.723550 -1.453018 1.735889 0.576731 -0.172223 0.727639 0.328933

seq-03/frame-000521.color.png 0.724323 -1.452605 1.731964 0.574314 -0.169386 0.731940 0.325069

seq-03/frame-000522.color.png 0.725870 -1.453329 1.727401 0.567963 -0.167313 0.738753 0.321876

seq-03/frame-000523.color.png 0.725894 -1.454133 1.722340 0.561659 -0.165708 0.745674 0.317783

seq-03/frame-000524.color.png 0.724779 -1.453432 1.718584 0.556078 -0.162544 0.752201 0.313826

seq-03/frame-000525.color.png 0.723322 -1.453454 1.712676 0.551626 -0.158110 0.757324 0.311619

seq-03/frame-000526.color.png 0.721626 -1.454036 1.704880 0.550052 -0.154274 0.759265 0.311604

seq-03/frame-000527.color.png 0.719846 -1.456491 1.700370 0.549075 -0.149780 0.761140 0.310945

seq-03/frame-000528.color.png 0.715971 -1.456033 1.689082 0.549579 -0.144781 0.762602 0.308832

seq-03/frame-000529.color.png 0.711761 -1.454004 1.677845 0.548197 -0.142558 0.764302 0.308121

seq-03/frame-000530.color.png 0.706786 -1.453301 1.669593 0.544411 -0.141719 0.767233 0.307935

seq-03/frame-000531.color.png 0.700448 -1.451798 1.661026 0.541509 -0.140875 0.769559 0.307637

seq-03/frame-000532.color.png 0.693022 -1.449154 1.652170 0.539887 -0.139794 0.771077 0.307177

seq-03/frame-000533.color.png 0.685582 -1.447134 1.642323 0.538590 -0.138714 0.771951 0.307749

seq-03/frame-000534.color.png 0.685034 -1.446816 1.641646 0.538639 -0.138606 0.771958 0.307695

seq-03/frame-000535.color.png 0.676510 -1.444327 1.631450 0.538259 -0.138201 0.772164 0.308022

seq-03/frame-000536.color.png 0.666040 -1.439484 1.618942 0.538302 -0.137397 0.772265 0.308055

seq-03/frame-000537.color.png 0.655189 -1.435708 1.605565 0.537478 -0.137225 0.772565 0.308815

seq-03/frame-000538.color.png 0.642968 -1.430910 1.588337 0.536134 -0.137150 0.773345 0.309234

seq-03/frame-000539.color.png 0.630365 -1.425892 1.573366 0.534524 -0.137653 0.774268 0.309486

seq-03/frame-000540.color.png 0.616951 -1.420057 1.559091 0.532141 -0.139774 0.775056 0.310669

seq-03/frame-000541.color.png 0.602632 -1.414563 1.542358 0.530620 -0.140821 0.774573 0.313984

seq-03/frame-000542.color.png 0.589045 -1.409847 1.525302 0.530180 -0.140312 0.773623 0.317279

seq-03/frame-000543.color.png 0.575328 -1.402963 1.506286 0.529357 -0.140894 0.772949 0.320027

seq-03/frame-000544.color.png 0.559616 -1.396085 1.489545 0.527183 -0.142628 0.773333 0.321914

seq-03/frame-000545.color.png 0.560663 -1.396543 1.489736 0.526521 -0.142516 0.773663 0.322253

seq-03/frame-000546.color.png 0.545417 -1.389851 1.474854 0.525449 -0.142580 0.773096 0.325319

seq-03/frame-000547.color.png 0.531096 -1.383881 1.457930 0.525855 -0.141994 0.771446 0.328819

seq-03/frame-000548.color.png 0.516797 -1.378913 1.443314 0.529944 -0.142090 0.768113 0.330012

seq-03/frame-000549.color.png 0.503498 -1.373623 1.425005 0.533028 -0.143898 0.765491 0.330353

seq-03/frame-000550.color.png 0.491358 -1.367690 1.408777 0.532340 -0.146603 0.764968 0.331484

seq-03/frame-000551.color.png 0.479886 -1.362957 1.393214 0.532060 -0.149481 0.764086 0.332679

seq-03/frame-000552.color.png 0.468377 -1.356909 1.379593 0.533173 -0.151080 0.762086 0.334756

seq-03/frame-000553.color.png 0.458622 -1.352888 1.363790 0.535435 -0.152163 0.758900 0.337877

seq-03/frame-000554.color.png 0.450877 -1.349336 1.347896 0.537712 -0.153027 0.756192 0.339937

seq-03/frame-000555.color.png 0.441360 -1.343155 1.334200 0.539450 -0.153258 0.754398 0.341063

seq-03/frame-000556.color.png 0.432991 -1.336150 1.318634 0.543406 -0.155115 0.750760 0.341968

seq-03/frame-000557.color.png 0.426842 -1.332534 1.300986 0.547394 -0.156605 0.746537 0.344167

seq-03/frame-000558.color.png 0.418963 -1.325625 1.288573 0.550133 -0.155348 0.743971 0.345921

seq-03/frame-000559.color.png 0.415462 -1.322179 1.270503 0.552229 -0.156783 0.741107 0.348073

seq-03/frame-000560.color.png 0.410495 -1.317138 1.253048 0.555292 -0.157947 0.738303 0.348631

seq-03/frame-000561.color.png 0.404479 -1.310131 1.235962 0.558899 -0.157737 0.735665 0.348538

seq-03/frame-000562.color.png 0.400666 -1.304307 1.219978 0.562193 -0.157473 0.733039 0.348892

seq-03/frame-000563.color.png 0.400443 -1.304277 1.219790 0.562365 -0.157427 0.732921 0.348883

seq-03/frame-000564.color.png 0.396343 -1.297533 1.202371 0.565918 -0.157321 0.730511 0.348240

seq-03/frame-000565.color.png 0.392125 -1.289633 1.184533 0.569464 -0.157936 0.727904 0.347639

seq-03/frame-000566.color.png 0.388628 -1.282137 1.166265 0.572727 -0.158288 0.725171 0.347830

seq-03/frame-000567.color.png 0.386604 -1.275248 1.147272 0.575320 -0.158787 0.723007 0.347828

seq-03/frame-000568.color.png 0.382877 -1.266047 1.126046 0.576119 -0.161355 0.722296 0.346797

seq-03/frame-000569.color.png 0.382243 -1.259403 1.105673 0.575463 -0.165487 0.722146 0.346251

seq-03/frame-000570.color.png 0.382221 -1.253606 1.084093 0.574757 -0.165981 0.722163 0.347152

seq-03/frame-000571.color.png 0.379634 -1.245071 1.064579 0.574340 -0.162931 0.722614 0.348346

seq-03/frame-000572.color.png 0.377566 -1.236233 1.044329 0.574801 -0.161379 0.722250 0.349063

seq-03/frame-000573.color.png 0.374375 -1.226318 1.023691 0.575521 -0.160198 0.721392 0.350192

seq-03/frame-000574.color.png 0.374479 -1.220490 0.998958 0.575351 -0.161859 0.720515 0.351510

seq-03/frame-000575.color.png 0.373275 -1.214292 0.975047 0.577439 -0.164464 0.719528 0.348890

seq-03/frame-000576.color.png 0.370761 -1.206386 0.953269 0.581573 -0.163604 0.717502 0.346592

seq-03/frame-000577.color.png 0.370892 -1.206538 0.953131 0.581661 -0.163604 0.717401 0.346653

seq-03/frame-000578.color.png 0.368322 -1.198282 0.929919 0.586312 -0.158767 0.714711 0.346622

seq-03/frame-000579.color.png 0.363932 -1.187879 0.909801 0.589288 -0.154229 0.713820 0.345460

seq-03/frame-000580.color.png 0.361260 -1.179673 0.888226 0.592676 -0.156444 0.712264 0.341860

seq-03/frame-000581.color.png 0.359974 -1.173650 0.864602 0.594278 -0.159359 0.712764 0.336650

seq-03/frame-000582.color.png 0.355342 -1.163615 0.847174 0.594642 -0.158343 0.714950 0.331815

seq-03/frame-000583.color.png 0.352461 -1.155967 0.828475 0.596989 -0.155142 0.715346 0.328242

seq-03/frame-000584.color.png 0.346967 -1.145040 0.812069 0.601042 -0.147424 0.715977 0.322985

seq-03/frame-000585.color.png 0.340682 -1.133270 0.796581 0.605146 -0.141234 0.715677 0.318723

seq-03/frame-000586.color.png 0.340641 -1.133339 0.796097 0.605348 -0.141359 0.715518 0.318641

seq-03/frame-000587.color.png 0.335388 -1.122519 0.781631 0.608210 -0.137739 0.714761 0.316471

seq-03/frame-000588.color.png 0.331983 -1.113873 0.765411 0.610692 -0.134031 0.714455 0.313961

seq-03/frame-000589.color.png 0.325521 -1.103177 0.750189 0.613336 -0.130629 0.715829 0.307036

seq-03/frame-000590.color.png 0.319192 -1.093148 0.737839 0.614349 -0.130619 0.717695 0.300592

seq-03/frame-000591.color.png 0.313174 -1.082633 0.726994 0.614243 -0.133554 0.719757 0.294527

seq-03/frame-000592.color.png 0.308113 -1.072596 0.716997 0.614774 -0.136663 0.721646 0.287283

seq-03/frame-000593.color.png 0.301752 -1.062419 0.705208 0.618674 -0.138607 0.720878 0.279809

seq-03/frame-000594.color.png 0.301599 -1.062082 0.705267 0.618707 -0.138586 0.720902 0.279685

seq-03/frame-000595.color.png 0.295542 -1.051078 0.694684 0.622677 -0.139245 0.719364 0.274459

seq-03/frame-000596.color.png 0.290278 -1.041019 0.684187 0.628058 -0.139709 0.716349 0.269804

seq-03/frame-000597.color.png 0.281891 -1.028081 0.671524 0.633718 -0.138362 0.713080 0.265895

seq-03/frame-000598.color.png 0.281908 -1.028070 0.671482 0.633676 -0.138298 0.713108 0.265955

seq-03/frame-000599.color.png 0.275780 -1.016646 0.660867 0.636865 -0.139764 0.711059 0.263039

seq-03/frame-000600.color.png 0.269247 -1.004935 0.651137 0.638723 -0.140417 0.710661 0.259233

seq-03/frame-000601.color.png 0.261077 -0.994347 0.639735 0.642679 -0.140286 0.709091 0.253769

seq-03/frame-000602.color.png 0.251416 -0.982051 0.629263 0.649573 -0.141243 0.704871 0.247361

seq-03/frame-000603.color.png 0.241580 -0.970003 0.619873 0.656593 -0.138922 0.700303 0.243077

seq-03/frame-000604.color.png 0.229834 -0.955850 0.605181 0.663822 -0.136953 0.694884 0.240091

seq-03/frame-000605.color.png 0.219488 -0.946134 0.595446 0.670980 -0.137213 0.689690 0.234964

seq-03/frame-000606.color.png 0.206753 -0.933775 0.584854 0.678559 -0.138138 0.684529 0.227634

seq-03/frame-000607.color.png 0.194496 -0.923375 0.573415 0.686345 -0.139934 0.678094 0.222396

seq-03/frame-000608.color.png 0.194541 -0.923750 0.573926 0.686059 -0.139967 0.678342 0.222498

seq-03/frame-000609.color.png 0.183677 -0.917027 0.562705 0.695713 -0.141154 0.669099 0.219745

seq-03/frame-000610.color.png 0.170575 -0.907318 0.551747 0.707249 -0.140164 0.658743 0.214790

seq-03/frame-000611.color.png 0.156942 -0.896137 0.542054 0.717797 -0.140101 0.649732 0.207151

seq-03/frame-000612.color.png 0.145037 -0.887990 0.534221 0.724967 -0.139157 0.643563 0.202014

seq-03/frame-000613.color.png 0.133450 -0.880333 0.527384 0.731522 -0.134399 0.637181 0.201839

seq-03/frame-000614.color.png 0.122379 -0.872585 0.518272 0.741018 -0.127618 0.627212 0.202823

seq-03/frame-000615.color.png 0.108147 -0.856882 0.509302 0.749146 -0.119927 0.619103 0.202577

seq-03/frame-000616.color.png 0.096782 -0.845078 0.504185 0.754139 -0.114848 0.612160 0.208021

seq-03/frame-000617.color.png 0.088360 -0.839135 0.493941 0.759769 -0.107982 0.604787 0.212727

seq-03/frame-000618.color.png 0.076000 -0.824067 0.488010 0.763572 -0.098759 0.600975 0.214388

seq-03/frame-000619.color.png 0.066088 -0.813447 0.482265 0.767053 -0.093669 0.596996 0.215362

seq-03/frame-000620.color.png 0.056474 -0.801095 0.473126 0.770912 -0.087542 0.593977 0.212488

seq-03/frame-000621.color.png 0.045095 -0.786134 0.471479 0.770703 -0.081974 0.595269 0.211853

seq-03/frame-000622.color.png 0.037183 -0.777890 0.468863 0.770528 -0.076741 0.594395 0.216845

seq-03/frame-000623.color.png 0.028871 -0.763754 0.463814 0.772567 -0.069187 0.591312 0.220530

seq-03/frame-000624.color.png 0.021905 -0.750778 0.460412 0.774274 -0.065833 0.589337 0.220856

seq-03/frame-000625.color.png 0.015904 -0.741379 0.455923 0.776798 -0.065130 0.587350 0.217469

seq-03/frame-000626.color.png 0.009425 -0.728337 0.454706 0.777892 -0.062630 0.587663 0.213409

seq-03/frame-000627.color.png 0.001981 -0.717312 0.456701 0.777492 -0.062446 0.588650 0.212199

seq-03/frame-000628.color.png -0.004212 -0.707535 0.453730 0.779315 -0.063355 0.586601 0.210914

seq-03/frame-000629.color.png -0.011036 -0.696060 0.452359 0.779989 -0.062537 0.585919 0.210559

seq-03/frame-000630.color.png -0.018481 -0.686725 0.453522 0.779009 -0.061852 0.586231 0.213500

seq-03/frame-000631.color.png -0.024466 -0.680832 0.450639 0.779733 -0.060136 0.584477 0.216141

seq-03/frame-000632.color.png -0.032830 -0.668574 0.451260 0.779501 -0.056523 0.584904 0.216796

seq-03/frame-000633.color.png -0.041929 -0.658756 0.454124 0.778749 -0.055380 0.585895 0.217116

seq-03/frame-000634.color.png -0.050835 -0.650270 0.452586 0.780853 -0.054598 0.583102 0.217276

seq-03/frame-000635.color.png -0.060625 -0.638846 0.452570 0.782239 -0.051619 0.581223 0.218055

seq-03/frame-000636.color.png -0.070580 -0.629311 0.454876 0.782477 -0.051463 0.581071 0.217640

seq-03/frame-000637.color.png -0.080776 -0.621546 0.456272 0.782557 -0.054424 0.581706 0.214921

seq-03/frame-000638.color.png -0.090423 -0.614809 0.458420 0.782085 -0.057741 0.582698 0.213075

seq-03/frame-000639.color.png -0.099922 -0.609349 0.455423 0.785493 -0.058797 0.578409 0.211935

seq-03/frame-000640.color.png -0.121663 -0.584685 0.455433 0.788714 -0.054578 0.573995 0.213099

seq-03/frame-000641.color.png -0.130884 -0.581786 0.453997 0.790641 -0.055139 0.570580 0.214976

seq-03/frame-000642.color.png -0.141914 -0.566200 0.455027 0.792525 -0.053781 0.568463 0.213990

seq-03/frame-000643.color.png -0.151132 -0.560574 0.453451 0.793408 -0.057951 0.566621 0.214513

seq-03/frame-000644.color.png -0.159703 -0.553913 0.452189 0.794749 -0.061182 0.565788 0.210817

seq-03/frame-000645.color.png -0.177683 -0.535086 0.447371 0.799871 -0.060887 0.558317 0.211451

seq-03/frame-000646.color.png -0.185771 -0.521708 0.446819 0.802022 -0.059030 0.554905 0.212808

seq-03/frame-000647.color.png -0.192798 -0.511845 0.445043 0.804162 -0.059595 0.550837 0.215132

seq-03/frame-000648.color.png -0.198819 -0.502807 0.442503 0.807094 -0.060412 0.545928 0.216434

seq-03/frame-000649.color.png -0.211413 -0.481325 0.439938 0.813618 -0.060804 0.536224 0.216159

seq-03/frame-000650.color.png -0.217193 -0.472366 0.439188 0.816967 -0.063414 0.531433 0.214600

seq-03/frame-000651.color.png -0.223042 -0.462658 0.435118 0.821019 -0.064891 0.526323 0.211263

seq-03/frame-000652.color.png -0.227897 -0.453761 0.434609 0.824855 -0.065326 0.521060 0.209223

seq-03/frame-000653.color.png -0.238644 -0.433381 0.424984 0.835454 -0.065777 0.507208 0.200904

seq-03/frame-000654.color.png -0.245009 -0.421665 0.426990 0.838985 -0.067828 0.502971 0.196102

seq-03/frame-000655.color.png -0.250938 -0.416221 0.424191 0.842419 -0.071325 0.497580 0.193884

seq-03/frame-000656.color.png -0.255871 -0.408647 0.424395 0.844685 -0.071386 0.494374 0.192193

seq-03/frame-000657.color.png -0.260837 -0.401579 0.425374 0.848275 -0.072235 0.489000 0.189798

seq-03/frame-000658.color.png -0.265483 -0.392819 0.423462 0.853385 -0.073039 0.481857 0.184788

seq-03/frame-000659.color.png -0.274960 -0.377225 0.430277 0.860342 -0.079223 0.472961 0.172559

seq-03/frame-000660.color.png -0.277241 -0.372344 0.433935 0.864733 -0.081442 0.465915 0.168704

seq-03/frame-000661.color.png -0.281720 -0.367547 0.437852 0.868240 -0.081349 0.460610 0.165270

seq-03/frame-000662.color.png -0.283361 -0.361611 0.442279 0.872232 -0.080776 0.454093 0.162543

seq-03/frame-000663.color.png -0.285074 -0.356847 0.445458 0.875638 -0.079453 0.448628 0.160043

seq-03/frame-000664.color.png -0.288171 -0.345002 0.455901 0.883166 -0.073734 0.436417 0.155102

seq-03/frame-000665.color.png -0.289233 -0.338602 0.464424 0.886361 -0.073391 0.431212 0.151555

seq-03/frame-000666.color.png -0.290022 -0.335295 0.471108 0.888730 -0.074104 0.428130 0.145968

seq-03/frame-000667.color.png -0.292474 -0.331160 0.476167 0.890661 -0.073486 0.425447 0.142315

seq-03/frame-000668.color.png -0.290515 -0.323182 0.486646 0.895032 -0.073803 0.418204 0.136055

seq-03/frame-000669.color.png -0.290551 -0.322964 0.491171 0.896062 -0.072915 0.416563 0.134784

seq-03/frame-000670.color.png -0.289659 -0.321492 0.493434 0.898458 -0.070943 0.411823 0.134451

seq-03/frame-000671.color.png -0.288469 -0.321937 0.497465 0.900839 -0.068346 0.407181 0.134001

seq-03/frame-000672.color.png -0.288138 -0.321876 0.501066 0.902481 -0.064037 0.404511 0.133165

seq-03/frame-000673.color.png -0.286173 -0.321411 0.503620 0.904678 -0.058671 0.400408 0.133131

seq-03/frame-000674.color.png -0.283752 -0.320982 0.504607 0.907533 -0.052745 0.395005 0.132319

seq-03/frame-000675.color.png -0.279812 -0.314597 0.509707 0.912051 -0.042591 0.387507 0.126973

seq-03/frame-000676.color.png -0.278050 -0.312578 0.510094 0.914051 -0.039587 0.384473 0.122717

seq-03/frame-000677.color.png -0.274930 -0.309228 0.512928 0.915792 -0.037569 0.381909 0.118298

seq-03/frame-000678.color.png -0.270532 -0.308713 0.515129 0.918513 -0.036784 0.376542 0.114600

seq-03/frame-000679.color.png -0.261668 -0.301721 0.520316 0.922665 -0.035403 0.369568 0.103880

seq-03/frame-000680.color.png -0.258035 -0.300317 0.523880 0.923984 -0.034936 0.366638 0.102695

seq-03/frame-000681.color.png -0.253254 -0.298208 0.526815 0.925919 -0.033424 0.362191 0.101545

seq-03/frame-000682.color.png -0.248745 -0.289608 0.531684 0.928089 -0.033205 0.357526 0.098280

seq-03/frame-000683.color.png -0.242558 -0.287957 0.535392 0.929800 -0.035475 0.353817 0.094674

seq-03/frame-000684.color.png -0.228223 -0.285629 0.540616 0.933708 -0.033094 0.344869 0.089974

seq-03/frame-000685.color.png -0.214448 -0.282592 0.538431 0.937289 -0.029667 0.336247 0.086512

seq-03/frame-000686.color.png -0.203013 -0.278665 0.540227 0.939918 -0.024735 0.329777 0.084411

seq-03/frame-000687.color.png -0.192260 -0.275234 0.543577 0.942916 -0.020049 0.321859 0.082767

seq-03/frame-000688.color.png -0.176630 -0.273391 0.547912 0.946373 -0.016831 0.312488 0.079890

seq-03/frame-000689.color.png -0.169132 -0.269662 0.554298 0.949506 -0.012840 0.304098 0.075724

seq-03/frame-000690.color.png -0.160679 -0.266716 0.571105 0.955259 -0.006034 0.287585 0.068370

seq-03/frame-000691.color.png -0.158321 -0.266333 0.582155 0.957921 -0.004400 0.279767 0.063525

seq-03/frame-000692.color.png -0.154478 -0.269840 0.590795 0.960219 -0.002530 0.272538 0.060272

seq-03/frame-000693.color.png -0.151311 -0.269151 0.600550 0.962772 0.001247 0.263834 0.058279

seq-03/frame-000694.color.png -0.147016 -0.270168 0.609378 0.965924 0.003817 0.252604 0.055719

seq-03/frame-000695.color.png -0.143178 -0.270967 0.617732 0.968482 0.006851 0.243250 0.052555

seq-03/frame-000696.color.png -0.142259 -0.271015 0.626490 0.970281 0.008570 0.236857 0.048145

seq-03/frame-000697.color.png -0.139576 -0.271233 0.634547 0.972361 0.010372 0.228847 0.044408

seq-03/frame-000698.color.png -0.134016 -0.273387 0.642289 0.974740 0.015314 0.218342 0.043732

seq-03/frame-000699.color.png -0.127629 -0.270756 0.650851 0.977174 0.022762 0.206304 0.044609

seq-03/frame-000700.color.png -0.129376 -0.269819 0.658204 0.979558 0.026475 0.194542 0.043089

seq-03/frame-000701.color.png -0.128957 -0.271820 0.672092 0.982585 0.030255 0.178831 0.039603

seq-03/frame-000702.color.png -0.130791 -0.267461 0.678197 0.984701 0.034220 0.166126 0.039147

seq-03/frame-000703.color.png -0.134146 -0.266843 0.684320 0.986800 0.037151 0.152848 0.037689

seq-03/frame-000704.color.png -0.133054 -0.272141 0.691357 0.988315 0.038021 0.143028 0.035617

seq-03/frame-000705.color.png -0.135690 -0.272213 0.697726 0.989424 0.039205 0.135011 0.034824

seq-03/frame-000706.color.png -0.137383 -0.273127 0.704194 0.990686 0.040030 0.125236 0.034528

seq-03/frame-000707.color.png -0.140065 -0.275320 0.709758 0.992091 0.041159 0.113746 0.032574

seq-03/frame-000708.color.png -0.139952 -0.276771 0.715997 0.993199 0.040464 0.104218 0.031544

seq-03/frame-000709.color.png -0.138961 -0.278187 0.722330 0.994177 0.039250 0.095720 0.029101

seq-03/frame-000710.color.png -0.138950 -0.280276 0.727646 0.994942 0.039173 0.087623 0.028551

seq-03/frame-000711.color.png -0.140120 -0.279710 0.733279 0.995775 0.038637 0.077743 0.028870

seq-03/frame-000712.color.png -0.138919 -0.280989 0.738737 0.996570 0.037330 0.068702 0.025939

seq-03/frame-000713.color.png -0.136574 -0.284201 0.744882 0.997054 0.037701 0.062111 0.023257

seq-03/frame-000714.color.png -0.139681 -0.281851 0.749767 0.997436 0.039583 0.054127 0.023706

seq-03/frame-000715.color.png -0.142133 -0.283667 0.754431 0.997986 0.040297 0.042418 0.023211

seq-03/frame-000716.color.png -0.139793 -0.285965 0.759688 0.998260 0.043079 0.031717 0.023527

seq-03/frame-000717.color.png -0.140181 -0.286214 0.764813 0.998458 0.044385 0.024135 0.021608

seq-03/frame-000718.color.png -0.142662 -0.286835 0.770188 0.998643 0.044463 0.017862 0.018800

seq-03/frame-000719.color.png -0.145918 -0.287759 0.775615 0.998728 0.045056 0.010638 0.018339

seq-03/frame-000720.color.png -0.146135 -0.286483 0.781525 0.998718 0.046414 0.002002 0.018475

seq-03/frame-000721.color.png -0.148034 -0.287969 0.786564 0.998751 0.045773 -0.006286 0.017271

seq-03/frame-000722.color.png -0.148551 -0.289388 0.791483 0.998682 0.046013 -0.014881 0.015275

seq-03/frame-000723.color.png -0.147821 -0.289545 0.797233 0.998537 0.046558 -0.022789 0.013212

seq-03/frame-000724.color.png -0.151808 -0.290969 0.801987 0.998475 0.045334 -0.028614 0.010548

seq-03/frame-000725.color.png -0.151174 -0.293531 0.807851 0.998255 0.044818 -0.036556 0.008896

seq-03/frame-000726.color.png -0.153790 -0.294398 0.813592 0.997947 0.044986 -0.044161 0.008050

seq-03/frame-000727.color.png -0.153826 -0.294204 0.813613 0.997937 0.045052 -0.044284 0.008237

seq-03/frame-000728.color.png -0.157838 -0.293530 0.819202 0.997518 0.044589 -0.053709 0.004694

seq-03/frame-000729.color.png -0.158470 -0.294658 0.825315 0.997057 0.043977 -0.062207 0.003320

seq-03/frame-000730.color.png -0.161477 -0.296494 0.830218 0.996635 0.043002 -0.069273 0.002931

seq-03/frame-000731.color.png -0.165088 -0.297417 0.835103 0.996079 0.042433 -0.077154 0.003084

seq-03/frame-000732.color.png -0.164889 -0.296966 0.835194 0.996064 0.042574 -0.077270 0.003055

seq-03/frame-000733.color.png -0.167869 -0.295828 0.840432 0.995485 0.042289 -0.084538 0.003227

seq-03/frame-000734.color.png -0.168887 -0.295452 0.845571 0.995015 0.041123 -0.090476 0.002074

seq-03/frame-000735.color.png -0.170480 -0.295243 0.850231 0.994613 0.040288 -0.095177 0.000227

seq-03/frame-000736.color.png -0.170485 -0.295238 0.850270 0.994621 0.040281 -0.095101 0.000162

seq-03/frame-000737.color.png -0.173893 -0.297148 0.854186 0.994143 0.040031 -0.100069 -0.000328

seq-03/frame-000738.color.png -0.177035 -0.298887 0.858518 0.993335 0.040104 -0.107765 0.000350

seq-03/frame-000739.color.png -0.179353 -0.298297 0.863035 0.992370 0.040201 -0.116265 -0.001916

seq-03/frame-000740.color.png -0.181725 -0.298738 0.867415 0.991647 0.040859 -0.121975 -0.004953

seq-03/frame-000741.color.png -0.182165 -0.298705 0.867432 0.991640 0.040869 -0.122030 -0.004921

seq-03/frame-000742.color.png -0.186392 -0.299905 0.871381 0.990955 0.041701 -0.127094 -0.007247

seq-03/frame-000743.color.png -0.190323 -0.301649 0.875686 0.989920 0.042708 -0.134498 -0.008955

seq-03/frame-000744.color.png -0.192989 -0.300982 0.880625 0.988676 0.042997 -0.143100 -0.011385

seq-03/frame-000745.color.png -0.196292 -0.299962 0.885715 0.987507 0.042807 -0.150901 -0.012748

seq-03/frame-000746.color.png -0.201663 -0.300210 0.890492 0.986589 0.042391 -0.156931 -0.012381

seq-03/frame-000747.color.png -0.208127 -0.302323 0.894921 0.985355 0.041044 -0.164928 -0.011247

seq-03/frame-000748.color.png -0.208096 -0.302502 0.894825 0.985346 0.041014 -0.164980 -0.011356

seq-03/frame-000749.color.png -0.212096 -0.303912 0.899686 0.983585 0.041041 -0.175214 -0.010603

seq-03/frame-000750.color.png -0.217455 -0.303018 0.903683 0.982206 0.041856 -0.182483 -0.012473

seq-03/frame-000751.color.png -0.221140 -0.304717 0.907139 0.981090 0.042344 -0.187990 -0.016260

seq-03/frame-000752.color.png -0.227721 -0.305509 0.910406 0.980077 0.043190 -0.192977 -0.016691

seq-03/frame-000753.color.png -0.232144 -0.306838 0.913837 0.978592 0.043596 -0.200478 -0.014148

seq-03/frame-000754.color.png -0.236237 -0.301411 0.917811 0.976466 0.046407 -0.210138 -0.011729

seq-03/frame-000755.color.png -0.239751 -0.299363 0.921258 0.974690 0.048441 -0.217857 -0.010315

seq-03/frame-000756.color.png -0.243582 -0.295326 0.924493 0.973126 0.049946 -0.224492 -0.008324

seq-03/frame-000757.color.png -0.246804 -0.294855 0.927689 0.971629 0.050585 -0.230740 -0.008540

seq-03/frame-000758.color.png -0.249929 -0.293062 0.931333 0.970275 0.050808 -0.236267 -0.009862

seq-03/frame-000759.color.png -0.253552 -0.291835 0.934451 0.969387 0.050314 -0.239869 -0.012402

seq-03/frame-000760.color.png -0.257874 -0.294438 0.937543 0.968320 0.048750 -0.244509 -0.011330

seq-03/frame-000761.color.png -0.260511 -0.292462 0.942105 0.966266 0.047239 -0.252984 -0.005625

seq-03/frame-000762.color.png -0.262833 -0.294464 0.945507 0.963908 0.045937 -0.262088 -0.003768

seq-03/frame-000763.color.png -0.268190 -0.292871 0.948550 0.962403 0.046569 -0.267451 -0.003912

seq-03/frame-000764.color.png -0.272855 -0.291403 0.951482 0.961594 0.047185 -0.270240 -0.003848

seq-03/frame-000765.color.png -0.276254 -0.290873 0.954733 0.960261 0.045983 -0.275168 -0.000448

seq-03/frame-000766.color.png -0.281314 -0.290307 0.957853 0.958003 0.045021 -0.283081 0.000528

seq-03/frame-000767.color.png -0.287141 -0.292851 0.959922 0.956508 0.045733 -0.287957 -0.003800

seq-03/frame-000768.color.png -0.290913 -0.292361 0.962745 0.955567 0.045441 -0.291066 -0.006251

seq-03/frame-000769.color.png -0.294986 -0.294427 0.964900 0.954514 0.044058 -0.294652 -0.008621

seq-03/frame-000770.color.png -0.298243 -0.298597 0.967289 0.953008 0.043743 -0.299431 -0.011623

seq-03/frame-000771.color.png -0.303198 -0.300122 0.968686 0.951665 0.044201 -0.303471 -0.014751

seq-03/frame-000772.color.png -0.306893 -0.300076 0.969998 0.950323 0.044355 -0.307544 -0.016348

seq-03/frame-000773.color.png -0.311478 -0.303725 0.970729 0.948997 0.044980 -0.311465 -0.017390

seq-03/frame-000774.color.png -0.315928 -0.301700 0.972115 0.947297 0.046302 -0.316347 -0.018467

seq-03/frame-000775.color.png -0.320281 -0.303430 0.973256 0.945723 0.046504 -0.320792 -0.021635

seq-03/frame-000776.color.png -0.325014 -0.305827 0.975029 0.944259 0.047069 -0.324883 -0.023292

seq-03/frame-000777.color.png -0.329258 -0.303634 0.976819 0.942147 0.047719 -0.330912 -0.022578

seq-03/frame-000778.color.png -0.332555 -0.303914 0.979964 0.939549 0.047198 -0.338217 -0.023684

seq-03/frame-000779.color.png -0.337284 -0.305681 0.981666 0.937471 0.048565 -0.343584 -0.025902

seq-03/frame-000780.color.png -0.341492 -0.304768 0.983069 0.935794 0.049071 -0.348095 -0.025330

seq-03/frame-000781.color.png -0.344908 -0.303301 0.985230 0.933740 0.048469 -0.353651 -0.025312

seq-03/frame-000782.color.png -0.348556 -0.305470 0.987137 0.932198 0.047853 -0.357763 -0.025560

seq-03/frame-000783.color.png -0.351299 -0.304402 0.989727 0.930591 0.047118 -0.362188 -0.023008

seq-03/frame-000784.color.png -0.354559 -0.304007 0.991727 0.928578 0.047585 -0.367344 -0.021614

seq-03/frame-000785.color.png -0.358247 -0.303282 0.992907 0.926850 0.047811 -0.371740 -0.020062

seq-03/frame-000786.color.png -0.361284 -0.303092 0.994836 0.924890 0.047571 -0.376597 -0.020472

seq-03/frame-000787.color.png -0.364990 -0.303965 0.996141 0.923110 0.048292 -0.380803 -0.021304

seq-03/frame-000788.color.png -0.368802 -0.302836 0.997302 0.921540 0.048875 -0.384525 -0.021057

seq-03/frame-000789.color.png -0.372325 -0.301672 0.999071 0.919845 0.048312 -0.388611 -0.021469

seq-03/frame-000790.color.png -0.375006 -0.300933 1.001853 0.917943 0.047252 -0.393180 -0.022037

seq-03/frame-000791.color.png -0.378454 -0.301342 1.004145 0.916194 0.046854 -0.397260 -0.022463

seq-03/frame-000792.color.png -0.381757 -0.299923 1.006391 0.914434 0.045972 -0.401418 -0.022088

seq-03/frame-000793.color.png -0.385010 -0.296694 1.009915 0.912250 0.045140 -0.406459 -0.021908

seq-03/frame-000794.color.png -0.389440 -0.297384 1.011377 0.910694 0.042944 -0.410210 -0.021141

seq-03/frame-000795.color.png -0.392112 -0.295880 1.015799 0.907990 0.041638 -0.416347 -0.020086

seq-03/frame-000796.color.png -0.395384 -0.294023 1.021057 0.905134 0.041874 -0.422430 -0.021428

seq-03/frame-000797.color.png -0.399365 -0.294519 1.023923 0.903026 0.040464 -0.427022 -0.022036

seq-03/frame-000798.color.png -0.404266 -0.296092 1.026056 0.900664 0.038204 -0.432153 -0.022684

seq-03/frame-000799.color.png -0.409271 -0.296699 1.028101 0.897759 0.036721 -0.438339 -0.021550

seq-03/frame-000800.color.png -0.415181 -0.297147 1.029249 0.894685 0.035752 -0.444736 -0.019892

seq-03/frame-000801.color.png -0.422050 -0.297130 1.029755 0.892065 0.034654 -0.449998 -0.021112

seq-03/frame-000802.color.png -0.428194 -0.298324 1.031199 0.889700 0.034136 -0.454573 -0.023616

seq-03/frame-000803.color.png -0.434986 -0.297899 1.031221 0.887185 0.033220 -0.459610 -0.021962

seq-03/frame-000804.color.png -0.441205 -0.297342 1.032651 0.883674 0.031153 -0.466578 -0.019473

seq-03/frame-000805.color.png -0.446348 -0.302204 1.033577 0.880049 0.028072 -0.473594 -0.018941

seq-03/frame-000806.color.png -0.451473 -0.299940 1.036681 0.877632 0.028081 -0.478052 -0.019064

seq-03/frame-000807.color.png -0.456692 -0.302208 1.034123 0.875476 0.026372 -0.482088 -0.019008

seq-03/frame-000808.color.png -0.461588 -0.302338 1.034775 0.872496 0.024802 -0.487537 -0.019174

seq-03/frame-000809.color.png -0.465668 -0.303467 1.036625 0.869330 0.023321 -0.493217 -0.019541

seq-03/frame-000810.color.png -0.470114 -0.304093 1.037096 0.866556 0.021096 -0.498202 -0.018759

seq-03/frame-000811.color.png -0.474214 -0.303078 1.036367 0.863735 0.018844 -0.503151 -0.019186

seq-03/frame-000812.color.png -0.477556 -0.305478 1.037640 0.860878 0.016732 -0.508074 -0.019832

seq-03/frame-000813.color.png -0.481323 -0.302720 1.037688 0.858382 0.014833 -0.512361 -0.019201

seq-03/frame-000814.color.png -0.484914 -0.302386 1.036353 0.855475 0.012806 -0.517234 -0.019731

seq-03/frame-000815.color.png -0.487825 -0.301720 1.037076 0.852902 0.011866 -0.521423 -0.021373

seq-03/frame-000816.color.png -0.493362 -0.300799 1.037419 0.848686 0.009354 -0.528170 -0.024526

seq-03/frame-000817.color.png -0.495635 -0.299364 1.036058 0.846679 0.008084 -0.531380 -0.025021

seq-03/frame-000818.color.png -0.497691 -0.300900 1.036480 0.844736 0.005454 -0.534430 -0.026397

seq-03/frame-000819.color.png -0.499917 -0.301222 1.037231 0.842935 0.004018 -0.537247 -0.027037

seq-03/frame-000820.color.png -0.502108 -0.299195 1.036777 0.841021 0.003168 -0.540229 -0.027325

seq-03/frame-000821.color.png -0.504216 -0.299373 1.035465 0.838960 0.001137 -0.543357 -0.028768

seq-03/frame-000822.color.png -0.508735 -0.297550 1.035403 0.834470 -0.000785 -0.550110 -0.030951

seq-03/frame-000823.color.png -0.510925 -0.295710 1.035910 0.831383 -0.001459 -0.554623 -0.033365

seq-03/frame-000824.color.png -0.514038 -0.296034 1.034552 0.828519 -0.003121 -0.558721 -0.035989

seq-03/frame-000825.color.png -0.517494 -0.296626 1.033962 0.825737 -0.004417 -0.562693 -0.037871

seq-03/frame-000826.color.png -0.521379 -0.296957 1.032760 0.823040 -0.005473 -0.566370 -0.041447

seq-03/frame-000827.color.png -0.525808 -0.298432 1.030201 0.820822 -0.006954 -0.569265 -0.045369

seq-03/frame-000828.color.png -0.530861 -0.299466 1.028578 0.818609 -0.009164 -0.572171 -0.048299

seq-03/frame-000829.color.png -0.535292 -0.302375 1.028481 0.815871 -0.012221 -0.575666 -0.052255

seq-03/frame-000830.color.png -0.539876 -0.307012 1.028190 0.813448 -0.015357 -0.578669 -0.055911

seq-03/frame-000831.color.png -0.544074 -0.311145 1.026479 0.811546 -0.018557 -0.581104 -0.057309

seq-03/frame-000832.color.png -0.547894 -0.314938 1.025467 0.808943 -0.019675 -0.584502 -0.059145

seq-03/frame-000833.color.png -0.554329 -0.327453 1.024680 0.806426 -0.024244 -0.587587 -0.061213

seq-03/frame-000834.color.png -0.556533 -0.331585 1.023761 0.805937 -0.024337 -0.588208 -0.061641

seq-03/frame-000835.color.png -0.558752 -0.337846 1.022504 0.805372 -0.024996 -0.588780 -0.063294

seq-03/frame-000836.color.png -0.560377 -0.345977 1.020925 0.806109 -0.026395 -0.587609 -0.064210

seq-03/frame-000837.color.png -0.561608 -0.350365 1.019309 0.806451 -0.024820 -0.587303 -0.063340

seq-03/frame-000838.color.png -0.562650 -0.358330 1.018956 0.806411 -0.025315 -0.587297 -0.063708

seq-03/frame-000839.color.png -0.563730 -0.366112 1.018499 0.808172 -0.027265 -0.584895 -0.062678

seq-03/frame-000840.color.png -0.564563 -0.371777 1.016001 0.810281 -0.026805 -0.582145 -0.061238

seq-03/frame-000841.color.png -0.565572 -0.379763 1.015914 0.811848 -0.026291 -0.579913 -0.061876

seq-03/frame-000842.color.png -0.566748 -0.387676 1.015894 0.814808 -0.028512 -0.575515 -0.063033

seq-03/frame-000843.color.png -0.568125 -0.397423 1.014526 0.817785 -0.029207 -0.571150 -0.063877

seq-03/frame-000844.color.png -0.569578 -0.404950 1.013733 0.819860 -0.026272 -0.568273 -0.064200

seq-03/frame-000845.color.png -0.571510 -0.414701 1.013974 0.822574 -0.026173 -0.564280 -0.064744

seq-03/frame-000846.color.png -0.574432 -0.424895 1.014626 0.827279 -0.027713 -0.557397 -0.063777

seq-03/frame-000847.color.png -0.577279 -0.430360 1.014874 0.831651 -0.025357 -0.551150 -0.062168

seq-03/frame-000848.color.png -0.581043 -0.439043 1.015844 0.835186 -0.024392 -0.545736 -0.062934

seq-03/frame-000849.color.png -0.585179 -0.447491 1.017449 0.840359 -0.025066 -0.537688 -0.063080

seq-03/frame-000850.color.png -0.589286 -0.452477 1.017323 0.845649 -0.023021 -0.529586 -0.061687

seq-03/frame-000851.color.png -0.592878 -0.459305 1.018643 0.849240 -0.021052 -0.523982 -0.060918

seq-03/frame-000852.color.png -0.598072 -0.470434 1.017418 0.858814 -0.021875 -0.508637 -0.056297

seq-03/frame-000853.color.png -0.600376 -0.474756 1.019717 0.862267 -0.021124 -0.503007 -0.054346

seq-03/frame-000854.color.png -0.602313 -0.480571 1.022547 0.865766 -0.021889 -0.497060 -0.053127

seq-03/frame-000855.color.png -0.604344 -0.484182 1.024155 0.870034 -0.023048 -0.489678 -0.051432

seq-03/frame-000856.color.png -0.605716 -0.487961 1.026489 0.874080 -0.022287 -0.482502 -0.050992

seq-03/frame-000857.color.png -0.607422 -0.491856 1.026922 0.878256 -0.020451 -0.474922 -0.051183

seq-03/frame-000858.color.png -0.609449 -0.496575 1.026743 0.883024 -0.021318 -0.465922 -0.051503

seq-03/frame-000859.color.png -0.610755 -0.500093 1.027213 0.888004 -0.021164 -0.456497 -0.050346

seq-03/frame-000860.color.png -0.611456 -0.502547 1.027789 0.891845 -0.018489 -0.449132 -0.049727

seq-03/frame-000861.color.png -0.611877 -0.506850 1.028977 0.895604 -0.016832 -0.441682 -0.049491

seq-03/frame-000862.color.png -0.612307 -0.509362 1.028787 0.899755 -0.016474 -0.433599 -0.045658

seq-03/frame-000863.color.png -0.612946 -0.509669 1.029520 0.902414 -0.016764 -0.428363 -0.042371

seq-03/frame-000864.color.png -0.613850 -0.512975 1.030500 0.903789 -0.016496 -0.425511 -0.041923

seq-03/frame-000865.color.png -0.614819 -0.517248 1.030116 0.905658 -0.017120 -0.421358 -0.043248

seq-03/frame-000866.color.png -0.615997 -0.520091 1.030451 0.907831 -0.015739 -0.416368 -0.046434

seq-03/frame-000867.color.png -0.617830 -0.523302 1.029029 0.909790 -0.013555 -0.412140 -0.046513

seq-03/frame-000868.color.png -0.619559 -0.524766 1.027472 0.911325 -0.012200 -0.408811 -0.046203

seq-03/frame-000869.color.png -0.621114 -0.529927 1.027747 0.912631 -0.010672 -0.405716 -0.048043

seq-03/frame-000870.color.png -0.623046 -0.534487 1.026547 0.914664 -0.008616 -0.401230 -0.047468

seq-03/frame-000871.color.png -0.625602 -0.540826 1.025375 0.918393 -0.008136 -0.393135 -0.043083

seq-03/frame-000872.color.png -0.626460 -0.545334 1.025579 0.920486 -0.008326 -0.388577 -0.039594

seq-03/frame-000873.color.png -0.627846 -0.547413 1.023853 0.922746 -0.007431 -0.383470 -0.036868

seq-03/frame-000874.color.png -0.628835 -0.549253 1.022758 0.924174 -0.005909 -0.380088 -0.036390

seq-03/frame-000875.color.png -0.629955 -0.553496 1.022074 0.926395 -0.005457 -0.374583 -0.037063

seq-03/frame-000876.color.png -0.631332 -0.554556 1.020403 0.928996 -0.005224 -0.368168 -0.036278

seq-03/frame-000877.color.png -0.632854 -0.557232 1.019167 0.930836 -0.004267 -0.363705 -0.034203

seq-03/frame-000878.color.png -0.633908 -0.557647 1.017783 0.932616 -0.002015 -0.359225 -0.033248

seq-03/frame-000879.color.png -0.636251 -0.560480 1.015458 0.935115 0.000021 -0.352511 -0.034929

seq-03/frame-000880.color.png -0.638441 -0.561286 1.013863 0.938198 0.000425 -0.344514 -0.031921

seq-03/frame-000881.color.png -0.640409 -0.563613 1.012792 0.939878 0.000869 -0.340187 -0.028763

seq-03/frame-000882.color.png -0.641818 -0.566223 1.012860 0.940623 0.002300 -0.338057 -0.029405

seq-03/frame-000883.color.png -0.643879 -0.571841 1.012266 0.942264 0.001498 -0.333238 -0.031828

seq-03/frame-000884.color.png -0.646211 -0.575753 1.012181 0.944254 0.001664 -0.327466 -0.032757

seq-03/frame-000885.color.png -0.648091 -0.576978 1.012991 0.945257 0.002337 -0.324822 -0.029987

seq-03/frame-000886.color.png -0.650305 -0.579542 1.012709 0.945697 0.001516 -0.323681 -0.028454

seq-03/frame-000887.color.png -0.652643 -0.583867 1.012186 0.946640 0.001151 -0.320589 -0.031916

seq-03/frame-000888.color.png -0.656118 -0.587530 1.011511 0.948520 0.001533 -0.314659 -0.034960

seq-03/frame-000889.color.png -0.659253 -0.589629 1.010781 0.950032 0.002476 -0.309768 -0.037444

seq-03/frame-000890.color.png -0.661366 -0.593206 1.009684 0.951344 0.003145 -0.305512 -0.039030

seq-03/frame-000891.color.png -0.662302 -0.595709 1.008732 0.952883 0.002376 -0.300548 -0.040048

seq-03/frame-000892.color.png -0.663297 -0.598555 1.008042 0.954215 0.001275 -0.296783 -0.036292

seq-03/frame-000893.color.png -0.663013 -0.602334 1.007518 0.954649 0.001775 -0.295568 -0.034750

seq-03/frame-000894.color.png -0.663587 -0.604578 1.006152 0.955946 0.001910 -0.291137 -0.036434

seq-03/frame-000895.color.png -0.664378 -0.606673 1.005531 0.957576 0.002175 -0.285682 -0.036790

seq-03/frame-000896.color.png -0.664836 -0.609056 1.004762 0.958595 0.002999 -0.282375 -0.035726

seq-03/frame-000897.color.png -0.664863 -0.611403 1.004056 0.958831 0.003593 -0.281600 -0.035439

seq-03/frame-000898.color.png -0.664866 -0.613946 1.002642 0.959732 0.003372 -0.278273 -0.037310

seq-03/frame-000899.color.png -0.663737 -0.618426 1.002249 0.961189 0.005808 -0.272969 -0.038664

seq-03/frame-000900.color.png -0.663341 -0.618717 1.000089 0.962974 0.008291 -0.266735 -0.037277

seq-03/frame-000901.color.png -0.661542 -0.619812 0.999142 0.964366 0.006368 -0.262196 -0.033698

seq-03/frame-000902.color.png -0.660453 -0.621216 0.998451 0.965460 0.002957 -0.258521 -0.031157

seq-03/frame-000903.color.png -0.658464 -0.622563 0.999148 0.966831 -0.000938 -0.253492 -0.030065

seq-03/frame-000904.color.png -0.655559 -0.625513 0.999923 0.968530 -0.004911 -0.247001 -0.029008

seq-03/frame-000905.color.png -0.653733 -0.628000 1.000573 0.969899 -0.006493 -0.241616 -0.028280

seq-03/frame-000906.color.png -0.651784 -0.629452 1.000826 0.970952 -0.008190 -0.237197 -0.029106

seq-03/frame-000907.color.png -0.649486 -0.630516 1.001292 0.971911 -0.011013 -0.232983 -0.030204

seq-03/frame-000908.color.png -0.647554 -0.633806 1.001704 0.973098 -0.013193 -0.227816 -0.030495

seq-03/frame-000909.color.png -0.646647 -0.636212 1.001341 0.974301 -0.017342 -0.222424 -0.029824

seq-03/frame-000910.color.png -0.645491 -0.637127 1.000962 0.975188 -0.021685 -0.218062 -0.030201

seq-03/frame-000911.color.png -0.642918 -0.639216 1.001321 0.976362 -0.024609 -0.212349 -0.030739

seq-03/frame-000912.color.png -0.640645 -0.640901 1.001008 0.977968 -0.028455 -0.204293 -0.030943

seq-03/frame-000913.color.png -0.640664 -0.644451 1.000783 0.979395 -0.034336 -0.196463 -0.030552

seq-03/frame-000914.color.png -0.639549 -0.646747 1.000429 0.980540 -0.037944 -0.190094 -0.029838

seq-03/frame-000915.color.png -0.637490 -0.647998 0.999932 0.981739 -0.039832 -0.183193 -0.031110

seq-03/frame-000916.color.png -0.633997 -0.649141 0.999330 0.983274 -0.041853 -0.173977 -0.032819

seq-03/frame-000917.color.png -0.630063 -0.652455 0.998869 0.984765 -0.044568 -0.164415 -0.033832

seq-03/frame-000918.color.png -0.626945 -0.655868 0.998546 0.985802 -0.046878 -0.157586 -0.032981

seq-03/frame-000919.color.png -0.623153 -0.658126 0.997823 0.986529 -0.049370 -0.152526 -0.031384

seq-03/frame-000920.color.png -0.618984 -0.660352 0.997810 0.987030 -0.051447 -0.148669 -0.030794

seq-03/frame-000921.color.png -0.615907 -0.661649 0.996812 0.987628 -0.053327 -0.143823 -0.031416

seq-03/frame-000922.color.png -0.613793 -0.663306 0.997012 0.988287 -0.055870 -0.138409 -0.030579

seq-03/frame-000923.color.png -0.612370 -0.664019 0.996208 0.988804 -0.058606 -0.133896 -0.028785

seq-03/frame-000924.color.png -0.608440 -0.664707 0.996406 0.989245 -0.062167 -0.129108 -0.028032

seq-03/frame-000925.color.png -0.605753 -0.666323 0.996461 0.989866 -0.064299 -0.123251 -0.027672

seq-03/frame-000926.color.png -0.605603 -0.665296 0.996342 0.989877 -0.063956 -0.123314 -0.027788

seq-03/frame-000927.color.png -0.604919 -0.665906 0.996639 0.990336 -0.067979 -0.117375 -0.027581

seq-03/frame-000928.color.png -0.602869 -0.668516 0.997298 0.990436 -0.073224 -0.113870 -0.025156

seq-03/frame-000929.color.png -0.598361 -0.668813 0.997781 0.990493 -0.077057 -0.111380 -0.022462

seq-03/frame-000930.color.png -0.593517 -0.668576 0.998378 0.990738 -0.079995 -0.107212 -0.021668

seq-03/frame-000931.color.png -0.593386 -0.669548 0.998560 0.990713 -0.080340 -0.107201 -0.021555

seq-03/frame-000932.color.png -0.588104 -0.670637 0.999399 0.991065 -0.081405 -0.102815 -0.022757

seq-03/frame-000933.color.png -0.584963 -0.670662 0.998555 0.991588 -0.082126 -0.096949 -0.023117

seq-03/frame-000934.color.png -0.582889 -0.671839 0.998966 0.991964 -0.083898 -0.091401 -0.023205

seq-03/frame-000935.color.png -0.583205 -0.671268 0.998819 0.991985 -0.083703 -0.091316 -0.023332

seq-03/frame-000936.color.png -0.580636 -0.673917 0.998723 0.992038 -0.086924 -0.088206 -0.021178

seq-03/frame-000937.color.png -0.574806 -0.675868 0.999028 0.991978 -0.089351 -0.087199 -0.017773

seq-03/frame-000938.color.png -0.570696 -0.675736 0.999002 0.992166 -0.090308 -0.084556 -0.015039

seq-03/frame-000939.color.png -0.568160 -0.675637 0.998960 0.992296 -0.092482 -0.080813 -0.013757

seq-03/frame-000940.color.png -0.567824 -0.675201 0.998869 0.992311 -0.092304 -0.080822 -0.013788

seq-03/frame-000941.color.png -0.561728 -0.675664 0.999052 0.992410 -0.094339 -0.077301 -0.013123

seq-03/frame-000942.color.png -0.559373 -0.675988 0.999097 0.992621 -0.095308 -0.073393 -0.012524

seq-03/frame-000943.color.png -0.558944 -0.675774 0.999010 0.992627 -0.095284 -0.073358 -0.012441

seq-03/frame-000944.color.png -0.555259 -0.675732 0.998922 0.992689 -0.097924 -0.069270 -0.010209

seq-03/frame-000945.color.png -0.551580 -0.676804 0.999715 0.992488 -0.101885 -0.066661 -0.008221

seq-03/frame-000946.color.png -0.547086 -0.677434 1.000508 0.992410 -0.104407 -0.063873 -0.008120

seq-03/frame-000947.color.png -0.546573 -0.677596 1.000513 0.992405 -0.104449 -0.063868 -0.008152

seq-03/frame-000948.color.png -0.539638 -0.677135 1.000772 0.992667 -0.105040 -0.058537 -0.008771

seq-03/frame-000949.color.png -0.537771 -0.679048 1.001098 0.992807 -0.107250 -0.051599 -0.009649

seq-03/frame-000950.color.png -0.534148 -0.682540 1.001799 0.992722 -0.109988 -0.047410 -0.008993

seq-03/frame-000951.color.png -0.533416 -0.682988 1.001965 0.992697 -0.110161 -0.047536 -0.009029

seq-03/frame-000952.color.png -0.531371 -0.682060 1.001986 0.992686 -0.111933 -0.043757 -0.007319

seq-03/frame-000953.color.png -0.527708 -0.680980 1.002218 0.992513 -0.115083 -0.039765 -0.004053

seq-03/frame-000954.color.png -0.523831 -0.681961 1.003513 0.992049 -0.119712 -0.037829 -0.000224

seq-03/frame-000955.color.png -0.524287 -0.681734 1.003481 0.992058 -0.119624 -0.037874 -0.000261

seq-03/frame-000956.color.png -0.517320 -0.683120 1.004805 0.991734 -0.122575 -0.036867 0.001626

seq-03/frame-000957.color.png -0.512278 -0.681897 1.004403 0.991935 -0.122367 -0.031619 0.003890

seq-03/frame-000958.color.png -0.509577 -0.682080 1.004239 0.992151 -0.122485 -0.022953 0.005468

seq-03/frame-000959.color.png -0.508649 -0.682220 1.004212 0.992142 -0.122544 -0.022998 0.005563

seq-03/frame-000960.color.png -0.507067 -0.683399 1.004144 0.992237 -0.122733 -0.017244 0.005322

seq-03/frame-000961.color.png -0.502870 -0.684318 1.004022 0.992375 -0.122137 -0.013074 0.005252

seq-03/frame-000962.color.png -0.500825 -0.684383 1.003246 0.992424 -0.122291 -0.005916 0.005290

seq-03/frame-000963.color.png -0.499962 -0.684434 1.003235 0.992426 -0.122270 -0.005940 0.005260

seq-03/frame-000964.color.png -0.499193 -0.686361 1.003044 0.992286 -0.123504 0.000280 0.006123

seq-03/frame-000965.color.png -0.496127 -0.687945 1.002416 0.992239 -0.123709 0.002840 0.008585

seq-03/frame-000966.color.png -0.493463 -0.688234 1.001754 0.992168 -0.123848 0.005935 0.012356

seq-03/frame-000967.color.png -0.493314 -0.688089 1.001084 0.991920 -0.125456 0.009859 0.013432

seq-03/frame-000968.color.png -0.492350 -0.688139 1.001127 0.991925 -0.125437 0.009770 0.013368

seq-03/frame-000969.color.png -0.490141 -0.688121 1.000978 0.991685 -0.126895 0.013116 0.014493

seq-03/frame-000970.color.png -0.488127 -0.688706 1.000981 0.991478 -0.127832 0.018307 0.014739

seq-03/frame-000971.color.png -0.488099 -0.688747 1.000966 0.991480 -0.127839 0.018216 0.014686

seq-03/frame-000972.color.png -0.486491 -0.688801 1.000619 0.991395 -0.127704 0.023642 0.013851

seq-03/frame-000973.color.png -0.486961 -0.688611 1.000125 0.991195 -0.127838 0.029931 0.014733

seq-03/frame-000974.color.png -0.486326 -0.688843 1.000257 0.991183 -0.127928 0.029882 0.014807

seq-03/frame-000975.color.png -0.486353 -0.688670 1.000063 0.990917 -0.128281 0.035165 0.017723

seq-03/frame-000976.color.png -0.484801 -0.688011 1.000421 0.990511 -0.129867 0.039725 0.019138

seq-03/frame-000977.color.png -0.484893 -0.687607 1.000321 0.990535 -0.129709 0.039686 0.019084

seq-03/frame-000978.color.png -0.481577 -0.689036 1.001465 0.990059 -0.131883 0.043253 0.021015

seq-03/frame-000979.color.png -0.479928 -0.689448 1.002060 0.989777 -0.132028 0.047862 0.023280

seq-03/frame-000980.color.png -0.479221 -0.690071 1.002581 0.989553 -0.131760 0.052311 0.024692

seq-03/frame-000981.color.png -0.477394 -0.690810 1.003105 0.989358 -0.131663 0.055370 0.026301

seq-03/frame-000982.color.png -0.477717 -0.690238 1.002994 0.989381 -0.131478 0.055405 0.026273

seq-03/frame-000983.color.png -0.474333 -0.690705 1.002842 0.989166 -0.131280 0.058614 0.028349

seq-03/frame-000984.color.png -0.473610 -0.692571 1.003295 0.988878 -0.131162 0.061902 0.031736

seq-03/frame-000985.color.png -0.472166 -0.692419 1.003159 0.988683 -0.131081 0.063024 0.035697

seq-03/frame-000986.color.png -0.470255 -0.694138 1.003455 0.988399 -0.132231 0.063513 0.038342

seq-03/frame-000987.color.png -0.470381 -0.694037 1.003376 0.988398 -0.132195 0.063525 0.038481

seq-03/frame-000988.color.png -0.465995 -0.694338 1.003794 0.988084 -0.132783 0.065697 0.040799

seq-03/frame-000989.color.png -0.463791 -0.694696 1.004540 0.987576 -0.133477 0.070212 0.043246

seq-03/frame-000990.color.png -0.462492 -0.695655 1.005299 0.987203 -0.133975 0.073521 0.044690

seq-03/frame-000991.color.png -0.462454 -0.695592 1.005249 0.987216 -0.133921 0.073470 0.044651

seq-03/frame-000992.color.png -0.459985 -0.696357 1.005834 0.986729 -0.135303 0.075648 0.047522

seq-03/frame-000993.color.png -0.457693 -0.697948 1.006689 0.986260 -0.136172 0.077787 0.051177

seq-03/frame-000994.color.png -0.454928 -0.698898 1.006623 0.985848 -0.136783 0.079187 0.055177

seq-03/frame-000995.color.png -0.451673 -0.699532 1.006852 0.985333 -0.138130 0.080387 0.059157

seq-03/frame-000996.color.png -0.449729 -0.700284 1.007003 0.984941 -0.139309 0.080997 0.062010

seq-03/frame-000997.color.png -0.449683 -0.700102 1.007054 0.984950 -0.139233 0.081017 0.062019

seq-03/frame-000998.color.png -0.444087 -0.701193 1.007199 0.984575 -0.139834 0.082071 0.065158

seq-03/frame-000999.color.png -0.442951 -0.702297 1.006910 0.983877 -0.140870 0.086556 0.067605

