seq-04/frame-000000.color.png -0.722726 -0.700344 0.528219 0.818056 -0.071807 0.557752 0.120354

seq-04/frame-000001.color.png -0.719413 -0.702650 0.530867 0.818828 -0.070434 0.556946 0.119650

seq-04/frame-000002.color.png -0.719367 -0.697849 0.534362 0.818447 -0.070773 0.557597 0.119022

seq-04/frame-000003.color.png -0.716310 -0.700801 0.530270 0.817918 -0.075610 0.557476 0.120240

seq-04/frame-000004.color.png -0.714484 -0.703758 0.533624 0.817586 -0.077199 0.558027 0.118930

seq-04/frame-000005.color.png -0.711668 -0.706638 0.535117 0.817628 -0.077024 0.558180 0.118031

seq-04/frame-000006.color.png -0.710787 -0.699565 0.536264 0.817795 -0.076330 0.558451 0.116022

seq-04/frame-000007.color.png -0.702102 -0.701893 0.530757 0.816513 -0.084943 0.558922 0.116801

seq-04/frame-000008.color.png -0.700045 -0.701242 0.541167 0.815927 -0.086451 0.559357 0.117700

seq-04/frame-000009.color.png -0.695482 -0.695378 0.546398 0.817171 -0.089937 0.556971 0.117773

seq-04/frame-000010.color.png -0.690674 -0.698753 0.549809 0.816785 -0.096630 0.556183 0.118871

seq-04/frame-000011.color.png -0.676709 -0.706891 0.549265 0.815676 -0.104894 0.555488 0.122668

seq-04/frame-000012.color.png -0.671537 -0.709723 0.556976 0.814633 -0.108486 0.555913 0.124535

seq-04/frame-000013.color.png -0.663529 -0.714892 0.556176 0.813552 -0.110628 0.556615 0.126564

seq-04/frame-000014.color.png -0.651379 -0.712529 0.562032 0.811180 -0.114180 0.559305 0.126771

seq-04/frame-000015.color.png -0.645848 -0.707914 0.567519 0.807994 -0.116254 0.562436 0.131302

seq-04/frame-000016.color.png -0.639060 -0.713463 0.574578 0.803867 -0.121999 0.565777 0.136945

seq-04/frame-000017.color.png -0.629628 -0.723212 0.576994 0.801394 -0.127151 0.567488 0.139646

seq-04/frame-000018.color.png -0.615302 -0.728715 0.586273 0.797406 -0.129674 0.572129 0.141201

seq-04/frame-000019.color.png -0.608184 -0.725863 0.591205 0.794876 -0.130488 0.575057 0.142819

seq-04/frame-000020.color.png -0.601378 -0.725183 0.599184 0.791420 -0.133917 0.578323 0.145621

seq-04/frame-000021.color.png -0.591896 -0.733701 0.605872 0.788531 -0.138525 0.579934 0.150494

seq-04/frame-000022.color.png -0.582486 -0.735844 0.610027 0.786809 -0.140466 0.581004 0.153548

seq-04/frame-000023.color.png -0.573569 -0.737467 0.614776 0.784811 -0.145159 0.582167 0.154994

seq-04/frame-000024.color.png -0.563313 -0.747197 0.622880 0.781739 -0.151585 0.584220 0.156635

seq-04/frame-000025.color.png -0.545017 -0.747545 0.633463 0.778613 -0.160059 0.585597 0.158615

seq-04/frame-000026.color.png -0.535029 -0.754059 0.642794 0.775860 -0.167393 0.586210 0.162229

seq-04/frame-000027.color.png -0.521210 -0.767064 0.649371 0.774105 -0.173256 0.585951 0.165366

seq-04/frame-000028.color.png -0.510809 -0.767403 0.652866 0.774585 -0.173824 0.584587 0.167336

seq-04/frame-000029.color.png -0.499547 -0.771627 0.661400 0.773886 -0.177481 0.583724 0.169728

seq-04/frame-000030.color.png -0.489157 -0.777352 0.667531 0.772897 -0.181573 0.583109 0.172001

seq-04/frame-000031.color.png -0.465677 -0.793903 0.676364 0.772057 -0.187364 0.580911 0.176931

seq-04/frame-000032.color.png -0.455156 -0.799615 0.680985 0.771730 -0.188567 0.580568 0.178201

seq-04/frame-000033.color.png -0.446034 -0.805689 0.684716 0.771286 -0.190253 0.580428 0.178786

seq-04/frame-000034.color.png -0.435857 -0.813414 0.686362 0.770396 -0.191381 0.580860 0.180011

seq-04/frame-000035.color.png -0.425273 -0.819903 0.688630 0.768904 -0.190042 0.582399 0.182815

seq-04/frame-000036.color.png -0.407256 -0.830104 0.692897 0.767934 -0.187250 0.583749 0.185447

seq-04/frame-000037.color.png -0.398068 -0.834221 0.694571 0.766487 -0.185254 0.585481 0.187961

seq-04/frame-000038.color.png -0.387095 -0.842528 0.695367 0.766025 -0.184037 0.585971 0.189506

seq-04/frame-000039.color.png -0.378434 -0.842357 0.694191 0.767224 -0.181190 0.585647 0.188396

seq-04/frame-000040.color.png -0.369412 -0.844184 0.695936 0.766694 -0.180449 0.586482 0.188671

seq-04/frame-000041.color.png -0.358968 -0.847759 0.694556 0.767018 -0.180624 0.586034 0.188573

seq-04/frame-000042.color.png -0.349265 -0.847719 0.692911 0.767045 -0.179960 0.585974 0.189286

seq-04/frame-000043.color.png -0.336627 -0.858884 0.692680 0.765801 -0.181615 0.586480 0.191167

seq-04/frame-000044.color.png -0.325781 -0.861165 0.689536 0.766704 -0.179581 0.586611 0.189054

seq-04/frame-000045.color.png -0.308378 -0.856825 0.687918 0.764175 -0.180494 0.589606 0.189108

seq-04/frame-000046.color.png -0.297608 -0.861290 0.684535 0.762319 -0.182660 0.590775 0.190860

seq-04/frame-000047.color.png -0.286747 -0.866273 0.681361 0.759795 -0.184217 0.592776 0.193207

seq-04/frame-000048.color.png -0.273333 -0.876406 0.675351 0.757347 -0.185421 0.595010 0.194794

seq-04/frame-000049.color.png -0.263307 -0.878319 0.672378 0.756223 -0.182317 0.597623 0.194089

seq-04/frame-000050.color.png -0.254647 -0.877622 0.668574 0.754330 -0.178405 0.600738 0.195469

seq-04/frame-000051.color.png -0.244426 -0.881991 0.664299 0.750490 -0.175423 0.605211 0.199113

seq-04/frame-000052.color.png -0.234548 -0.885141 0.662876 0.747796 -0.171042 0.608937 0.201686

seq-04/frame-000053.color.png -0.226208 -0.886719 0.657681 0.746135 -0.169048 0.611553 0.201601

seq-04/frame-000054.color.png -0.216712 -0.890545 0.655677 0.742389 -0.166432 0.616520 0.202477

seq-04/frame-000055.color.png -0.204689 -0.879762 0.655476 0.734767 -0.162497 0.625851 0.204833

seq-04/frame-000056.color.png -0.192886 -0.887236 0.654202 0.729277 -0.163563 0.630057 0.210629

seq-04/frame-000057.color.png -0.183930 -0.887990 0.649660 0.727977 -0.162980 0.631273 0.211929

seq-04/frame-000058.color.png -0.177998 -0.885408 0.647380 0.726277 -0.164329 0.633268 0.210767

seq-04/frame-000059.color.png -0.168964 -0.887535 0.641789 0.723070 -0.164828 0.635823 0.213689

seq-04/frame-000060.color.png -0.158258 -0.891485 0.634604 0.722539 -0.162690 0.635996 0.216589

seq-04/frame-000061.color.png -0.154635 -0.880201 0.633220 0.722546 -0.158809 0.637264 0.215718

seq-04/frame-000062.color.png -0.147677 -0.877632 0.627202 0.719594 -0.160223 0.639040 0.219255

seq-04/frame-000063.color.png -0.133301 -0.887097 0.621208 0.717457 -0.163458 0.639435 0.222690

seq-04/frame-000064.color.png -0.122964 -0.888427 0.614743 0.717955 -0.163295 0.639439 0.221191

seq-04/frame-000065.color.png -0.115344 -0.885597 0.611845 0.717739 -0.161723 0.640652 0.219527

seq-04/frame-000066.color.png -0.106974 -0.883008 0.607934 0.716663 -0.161211 0.642246 0.218760

seq-04/frame-000067.color.png -0.096988 -0.884661 0.605685 0.715749 -0.160469 0.642900 0.220370

seq-04/frame-000068.color.png -0.087773 -0.882364 0.601996 0.715735 -0.158714 0.643289 0.220551

seq-04/frame-000069.color.png -0.079793 -0.877890 0.601461 0.714609 -0.158865 0.644709 0.219945

seq-04/frame-000070.color.png -0.068527 -0.877694 0.598946 0.713999 -0.161353 0.644581 0.220489

seq-04/frame-000071.color.png -0.057069 -0.879174 0.594648 0.712715 -0.162788 0.645021 0.222295

seq-04/frame-000072.color.png -0.045308 -0.881411 0.594484 0.711174 -0.163128 0.646038 0.224023

seq-04/frame-000073.color.png -0.033589 -0.884297 0.594594 0.710243 -0.163296 0.646948 0.224225

seq-04/frame-000074.color.png -0.024390 -0.881617 0.594427 0.709535 -0.162135 0.648495 0.222838

seq-04/frame-000075.color.png -0.013605 -0.881938 0.594294 0.707211 -0.162460 0.650810 0.223238

seq-04/frame-000076.color.png 0.001269 -0.887523 0.591899 0.707426 -0.162436 0.650174 0.224423

seq-04/frame-000077.color.png 0.012036 -0.887349 0.590615 0.706789 -0.160377 0.651818 0.223138

seq-04/frame-000078.color.png 0.023131 -0.886321 0.593964 0.704981 -0.158850 0.654528 0.222014

seq-04/frame-000079.color.png 0.035755 -0.887748 0.595180 0.704922 -0.158616 0.654952 0.221116

seq-04/frame-000080.color.png 0.047994 -0.887978 0.595233 0.703713 -0.157799 0.656628 0.220580

seq-04/frame-000081.color.png 0.062036 -0.890301 0.596399 0.702848 -0.157323 0.657753 0.220327

seq-04/frame-000082.color.png 0.075868 -0.891307 0.600878 0.702993 -0.156471 0.658228 0.219047

seq-04/frame-000083.color.png 0.090626 -0.893959 0.601547 0.703259 -0.155249 0.658241 0.219025

seq-04/frame-000084.color.png 0.103677 -0.893183 0.604895 0.703737 -0.152034 0.658674 0.218440

seq-04/frame-000085.color.png 0.117168 -0.893135 0.607974 0.704030 -0.150759 0.659257 0.216615

seq-04/frame-000086.color.png 0.130855 -0.894269 0.611178 0.703160 -0.150688 0.660918 0.214415

seq-04/frame-000087.color.png 0.146733 -0.899066 0.611748 0.701847 -0.150818 0.662459 0.213872

seq-04/frame-000088.color.png 0.159614 -0.900139 0.616623 0.701999 -0.149857 0.663259 0.211554

seq-04/frame-000089.color.png 0.171614 -0.898222 0.620892 0.702672 -0.148926 0.663808 0.208231

seq-04/frame-000090.color.png 0.185497 -0.900563 0.623293 0.702826 -0.148761 0.664082 0.206951

seq-04/frame-000091.color.png 0.196802 -0.900266 0.627415 0.703754 -0.147524 0.663955 0.205079

seq-04/frame-000092.color.png 0.208216 -0.900086 0.631338 0.704720 -0.146652 0.663761 0.203006

seq-04/frame-000093.color.png 0.220919 -0.901680 0.634014 0.705591 -0.146558 0.663307 0.201529

seq-04/frame-000094.color.png 0.232636 -0.902924 0.639800 0.706376 -0.145590 0.663225 0.199741

seq-04/frame-000095.color.png 0.243480 -0.903046 0.643980 0.708136 -0.146022 0.661893 0.197602

seq-04/frame-000096.color.png 0.255381 -0.904143 0.648279 0.709358 -0.147416 0.660412 0.197138

seq-04/frame-000097.color.png 0.267013 -0.905578 0.652203 0.710494 -0.147897 0.658844 0.197930

seq-04/frame-000098.color.png 0.277082 -0.906328 0.656791 0.712575 -0.148284 0.656794 0.196974

seq-04/frame-000099.color.png 0.287676 -0.908087 0.660771 0.714591 -0.149361 0.654897 0.195163

seq-04/frame-000100.color.png 0.297633 -0.909971 0.665089 0.716484 -0.149361 0.653213 0.193864

seq-04/frame-000101.color.png 0.306845 -0.910949 0.671878 0.719562 -0.149094 0.650442 0.191977

seq-04/frame-000102.color.png 0.315617 -0.910457 0.675766 0.722479 -0.150252 0.647760 0.189166

seq-04/frame-000103.color.png 0.325793 -0.913441 0.679400 0.725094 -0.151382 0.645066 0.187459

seq-04/frame-000104.color.png 0.333705 -0.913925 0.684230 0.728856 -0.150546 0.641670 0.185186

seq-04/frame-000105.color.png 0.341326 -0.913206 0.686113 0.732453 -0.150796 0.638166 0.182884

seq-04/frame-000106.color.png 0.349380 -0.914223 0.688436 0.734832 -0.151696 0.635326 0.182482

seq-04/frame-000107.color.png 0.358131 -0.917487 0.693765 0.737936 -0.151612 0.631943 0.181779

seq-04/frame-000108.color.png 0.365895 -0.918709 0.697117 0.742089 -0.150735 0.628194 0.178565

seq-04/frame-000109.color.png 0.373398 -0.918988 0.698869 0.745828 -0.150710 0.624596 0.175606

seq-04/frame-000110.color.png 0.381058 -0.920904 0.704189 0.748927 -0.150520 0.621462 0.173690

seq-04/frame-000111.color.png 0.388721 -0.922158 0.707978 0.753107 -0.150063 0.617282 0.170897

seq-04/frame-000112.color.png 0.396744 -0.923934 0.712060 0.757200 -0.149868 0.613063 0.168145

seq-04/frame-000113.color.png 0.404227 -0.925081 0.715116 0.761313 -0.149161 0.608932 0.165191

seq-04/frame-000114.color.png 0.411635 -0.925505 0.717738 0.765355 -0.148724 0.604775 0.162149

seq-04/frame-000115.color.png 0.418826 -0.926813 0.721401 0.769222 -0.149018 0.600555 0.159239

seq-04/frame-000116.color.png 0.425199 -0.927999 0.724741 0.773050 -0.149661 0.596563 0.155052

seq-04/frame-000117.color.png 0.432589 -0.930217 0.727303 0.776692 -0.149304 0.592634 0.152239

seq-04/frame-000118.color.png 0.438795 -0.929574 0.728991 0.780581 -0.149018 0.588374 0.149117

seq-04/frame-000119.color.png 0.444908 -0.929140 0.732389 0.783127 -0.151723 0.584876 0.146785

seq-04/frame-000120.color.png 0.451755 -0.931526 0.735577 0.785210 -0.154283 0.581437 0.146655

seq-04/frame-000121.color.png 0.457609 -0.933431 0.739953 0.788075 -0.155285 0.577618 0.145313

seq-04/frame-000122.color.png 0.462981 -0.933951 0.741322 0.791625 -0.156531 0.573138 0.142390

seq-04/frame-000123.color.png 0.468631 -0.937761 0.744498 0.794834 -0.158142 0.568629 0.140807

seq-04/frame-000124.color.png 0.473473 -0.940168 0.747542 0.798800 -0.158956 0.563810 0.136768

seq-04/frame-000125.color.png 0.477605 -0.941798 0.751037 0.802725 -0.159630 0.559015 0.132621

seq-04/frame-000126.color.png 0.482463 -0.944237 0.754121 0.807014 -0.161159 0.553040 0.129765

seq-04/frame-000127.color.png 0.486369 -0.946077 0.757858 0.811710 -0.161112 0.546639 0.127639

seq-04/frame-000128.color.png 0.489892 -0.949137 0.761866 0.815837 -0.160606 0.541155 0.125314

seq-04/frame-000129.color.png 0.492694 -0.951687 0.766968 0.820800 -0.160294 0.534669 0.121071

seq-04/frame-000130.color.png 0.494970 -0.952001 0.770941 0.827001 -0.159265 0.526352 0.116597

seq-04/frame-000131.color.png 0.496614 -0.950621 0.775657 0.832254 -0.159456 0.518724 0.113092

seq-04/frame-000132.color.png 0.497913 -0.953128 0.782080 0.836881 -0.160154 0.511153 0.112428

seq-04/frame-000133.color.png 0.498295 -0.953616 0.787551 0.842105 -0.159745 0.503382 0.109018

seq-04/frame-000134.color.png 0.498145 -0.953750 0.792421 0.846406 -0.158316 0.497064 0.106764

seq-04/frame-000135.color.png 0.496134 -0.954318 0.799365 0.849480 -0.156786 0.492546 0.105535

seq-04/frame-000136.color.png 0.494447 -0.956593 0.805702 0.851708 -0.155787 0.489206 0.104597

seq-04/frame-000137.color.png 0.490811 -0.956676 0.813104 0.853805 -0.154858 0.486522 0.101346

seq-04/frame-000138.color.png 0.486902 -0.955020 0.820273 0.855359 -0.155141 0.484211 0.098840

seq-04/frame-000139.color.png 0.483151 -0.954506 0.826763 0.856188 -0.156223 0.482392 0.098857

seq-04/frame-000140.color.png 0.479729 -0.958081 0.834512 0.856559 -0.157188 0.481394 0.098977

seq-04/frame-000141.color.png 0.474558 -0.959932 0.843547 0.856879 -0.156694 0.481087 0.098485

seq-04/frame-000142.color.png 0.468710 -0.960508 0.851955 0.857756 -0.155142 0.479916 0.099016

seq-04/frame-000143.color.png 0.464106 -0.963806 0.859039 0.858547 -0.153363 0.478794 0.100354

seq-04/frame-000144.color.png 0.457979 -0.967946 0.869075 0.858854 -0.150661 0.478993 0.100873

seq-04/frame-000145.color.png 0.451226 -0.968275 0.878102 0.859491 -0.147900 0.478827 0.100321

seq-04/frame-000146.color.png 0.444255 -0.968511 0.886714 0.859613 -0.147228 0.478884 0.099993

seq-04/frame-000147.color.png 0.436712 -0.969545 0.895952 0.858592 -0.147381 0.480585 0.100368

seq-04/frame-000148.color.png 0.429589 -0.973331 0.905277 0.857258 -0.147265 0.482701 0.101779

seq-04/frame-000149.color.png 0.421132 -0.974553 0.914669 0.856908 -0.145981 0.483799 0.101362

seq-04/frame-000150.color.png 0.412112 -0.973858 0.922773 0.856036 -0.145417 0.485351 0.102116

seq-04/frame-000151.color.png 0.403758 -0.976957 0.930084 0.854293 -0.144327 0.488005 0.105550

seq-04/frame-000152.color.png 0.395466 -0.981408 0.938651 0.852813 -0.142001 0.491079 0.106417

seq-04/frame-000153.color.png 0.385495 -0.978153 0.946770 0.851678 -0.140991 0.493857 0.103965

seq-04/frame-000154.color.png 0.375574 -0.978872 0.954559 0.849009 -0.142421 0.497558 0.106169

seq-04/frame-000155.color.png 0.367175 -0.984397 0.962037 0.846821 -0.142171 0.500653 0.109381

seq-04/frame-000156.color.png 0.358184 -0.987525 0.968974 0.845885 -0.139243 0.502847 0.110319

seq-04/frame-000157.color.png 0.348139 -0.987934 0.977107 0.845130 -0.137387 0.504438 0.111172

seq-04/frame-000158.color.png 0.338470 -0.990198 0.983636 0.843933 -0.137328 0.506245 0.112119

seq-04/frame-000159.color.png 0.329900 -0.996550 0.990545 0.843430 -0.135953 0.507072 0.113829

seq-04/frame-000160.color.png 0.319170 -0.996909 0.996973 0.844406 -0.133845 0.506277 0.112621

seq-04/frame-000161.color.png 0.308445 -0.999547 1.002862 0.844721 -0.134977 0.506275 0.108858

seq-04/frame-000162.color.png 0.298450 -1.004387 1.009649 0.843931 -0.134700 0.508173 0.106457

seq-04/frame-000163.color.png 0.288394 -1.007179 1.016236 0.844479 -0.133172 0.507968 0.104999

seq-04/frame-000164.color.png 0.278245 -1.007897 1.021050 0.845683 -0.133436 0.506531 0.101868

seq-04/frame-000165.color.png 0.268935 -1.012769 1.025998 0.845313 -0.132382 0.507591 0.101038

seq-04/frame-000166.color.png 0.259226 -1.014183 1.031107 0.845615 -0.129341 0.507986 0.100462

seq-04/frame-000167.color.png 0.249252 -1.014085 1.033852 0.847007 -0.129004 0.506238 0.097959

seq-04/frame-000168.color.png 0.239178 -1.014569 1.036782 0.847252 -0.129718 0.505981 0.096209

seq-04/frame-000169.color.png 0.220893 -1.019501 1.043509 0.847339 -0.129473 0.506348 0.093809

seq-04/frame-000170.color.png 0.210729 -1.017823 1.045609 0.848179 -0.129307 0.505729 0.089704

seq-04/frame-000171.color.png 0.200162 -1.017926 1.049357 0.847158 -0.130052 0.507278 0.089527

seq-04/frame-000172.color.png 0.190150 -1.018402 1.050980 0.846673 -0.130545 0.507763 0.090643

seq-04/frame-000173.color.png 0.179664 -1.018048 1.052398 0.846733 -0.131972 0.507408 0.089993

seq-04/frame-000174.color.png 0.170521 -1.019106 1.051170 0.846161 -0.133242 0.507943 0.090485

seq-04/frame-000175.color.png 0.160179 -1.020696 1.053721 0.846206 -0.132845 0.507782 0.091540

seq-04/frame-000176.color.png 0.149148 -1.018633 1.054732 0.847093 -0.133443 0.506532 0.089372

seq-04/frame-000177.color.png 0.137567 -1.018817 1.055837 0.847043 -0.134244 0.506602 0.088237

seq-04/frame-000178.color.png 0.112808 -1.015394 1.060178 0.848083 -0.135156 0.504484 0.088985

seq-04/frame-000179.color.png 0.101310 -1.014372 1.059924 0.848503 -0.137998 0.502928 0.089438

seq-04/frame-000180.color.png 0.089907 -1.016936 1.060938 0.848842 -0.139228 0.501723 0.091060

seq-04/frame-000181.color.png 0.078010 -1.017902 1.060924 0.850133 -0.139236 0.499587 0.090752

seq-04/frame-000182.color.png 0.065401 -1.016771 1.060365 0.851528 -0.139407 0.497582 0.088391

seq-04/frame-000183.color.png 0.052889 -1.015554 1.061183 0.852656 -0.139174 0.495857 0.087574

seq-04/frame-000184.color.png 0.039891 -1.012715 1.061533 0.853922 -0.139475 0.493533 0.087895

seq-04/frame-000185.color.png 0.015922 -1.010887 1.065081 0.856420 -0.140212 0.489137 0.086985

seq-04/frame-000186.color.png 0.003460 -1.007062 1.065862 0.858160 -0.139723 0.486023 0.088069

seq-04/frame-000187.color.png -0.007283 -1.007527 1.065770 0.859543 -0.140242 0.483140 0.089612

seq-04/frame-000188.color.png -0.018589 -1.006377 1.065391 0.860952 -0.139876 0.480788 0.089304

seq-04/frame-000189.color.png -0.030308 -1.001228 1.065335 0.862368 -0.140162 0.478268 0.088718

seq-04/frame-000190.color.png -0.040909 -0.999548 1.064782 0.862921 -0.142717 0.476286 0.089923

seq-04/frame-000191.color.png -0.052535 -0.999355 1.064627 0.863490 -0.143713 0.474564 0.091955

seq-04/frame-000192.color.png -0.074383 -1.000293 1.062958 0.866121 -0.146102 0.469105 0.091463

seq-04/frame-000193.color.png -0.084216 -1.000631 1.062250 0.867460 -0.144582 0.467096 0.091467

seq-04/frame-000194.color.png -0.094274 -0.998369 1.060697 0.869162 -0.143258 0.464459 0.090824

seq-04/frame-000195.color.png -0.104540 -0.996537 1.059992 0.870168 -0.143665 0.462425 0.090926

seq-04/frame-000196.color.png -0.113683 -1.000711 1.059803 0.870472 -0.144217 0.461489 0.091887

seq-04/frame-000197.color.png -0.122531 -1.002454 1.059472 0.871379 -0.141137 0.460787 0.091595

seq-04/frame-000198.color.png -0.141326 -0.999122 1.058846 0.873628 -0.138582 0.458003 0.087971

seq-04/frame-000199.color.png -0.150555 -0.999792 1.058926 0.874243 -0.137369 0.457186 0.088016

seq-04/frame-000200.color.png -0.158337 -0.996943 1.057739 0.875584 -0.136669 0.454992 0.087140

seq-04/frame-000201.color.png -0.166070 -0.999470 1.057985 0.876447 -0.137777 0.453445 0.084746

seq-04/frame-000202.color.png -0.184162 -0.999743 1.061598 0.877905 -0.137739 0.451358 0.080765

seq-04/frame-000203.color.png -0.191880 -1.000486 1.061431 0.878974 -0.138024 0.449570 0.078591

seq-04/frame-000204.color.png -0.202059 -0.999168 1.063860 0.879545 -0.138972 0.448542 0.076377

seq-04/frame-000205.color.png -0.211603 -0.998490 1.064388 0.879572 -0.141573 0.447670 0.076406

seq-04/frame-000206.color.png -0.219523 -1.001393 1.065599 0.880074 -0.143283 0.446169 0.076219

seq-04/frame-000207.color.png -0.229629 -1.000339 1.068145 0.880653 -0.144210 0.445102 0.073990

seq-04/frame-000208.color.png -0.250040 -0.999764 1.071082 0.881018 -0.145987 0.443474 0.075909

seq-04/frame-000209.color.png -0.260679 -0.997549 1.072838 0.881277 -0.147143 0.442447 0.076656

seq-04/frame-000210.color.png -0.272731 -0.996486 1.076047 0.881131 -0.148411 0.441926 0.078867

seq-04/frame-000211.color.png -0.281979 -0.995510 1.075747 0.881439 -0.149469 0.440596 0.080842

seq-04/frame-000212.color.png -0.292135 -0.995341 1.076910 0.881563 -0.149488 0.439929 0.083058

seq-04/frame-000213.color.png -0.311195 -0.988706 1.076479 0.882331 -0.148325 0.437921 0.087484

seq-04/frame-000214.color.png -0.321666 -0.987177 1.077641 0.882634 -0.149272 0.436944 0.087691

seq-04/frame-000215.color.png -0.332165 -0.984064 1.079199 0.882928 -0.149410 0.435901 0.089670

seq-04/frame-000216.color.png -0.340469 -0.983099 1.080105 0.884034 -0.150478 0.432859 0.091704

seq-04/frame-000217.color.png -0.347958 -0.983458 1.080723 0.884651 -0.153655 0.430613 0.091048

seq-04/frame-000218.color.png -0.358529 -0.983534 1.083150 0.884349 -0.155598 0.430348 0.091938

seq-04/frame-000219.color.png -0.377613 -0.986126 1.085245 0.885145 -0.158526 0.427499 0.092562

seq-04/frame-000220.color.png -0.387737 -0.985990 1.084632 0.885862 -0.159866 0.426070 0.089954

seq-04/frame-000221.color.png -0.397345 -0.986802 1.085594 0.886072 -0.160739 0.425347 0.089745

seq-04/frame-000222.color.png -0.408234 -0.991188 1.087300 0.886388 -0.160939 0.424890 0.088421

seq-04/frame-000223.color.png -0.418468 -0.987751 1.085394 0.887523 -0.158933 0.423782 0.085953

seq-04/frame-000224.color.png -0.429361 -0.989559 1.086442 0.887281 -0.159842 0.424107 0.085154

seq-04/frame-000225.color.png -0.450983 -0.991819 1.087009 0.887462 -0.160316 0.423782 0.083988

seq-04/frame-000226.color.png -0.462187 -0.992038 1.086952 0.888017 -0.159428 0.423235 0.082558

seq-04/frame-000227.color.png -0.471583 -0.990549 1.086165 0.888756 -0.157792 0.422407 0.081993

seq-04/frame-000228.color.png -0.481694 -0.988775 1.085901 0.889710 -0.157127 0.420704 0.081676

seq-04/frame-000229.color.png -0.491460 -0.986862 1.085077 0.890795 -0.158697 0.418037 0.080498

seq-04/frame-000230.color.png -0.501839 -0.989532 1.086327 0.891169 -0.160553 0.416567 0.080297

seq-04/frame-000231.color.png -0.513280 -0.987254 1.085912 0.892298 -0.159832 0.414519 0.079796

seq-04/frame-000232.color.png -0.533243 -0.985366 1.085306 0.895392 -0.160497 0.408009 0.077321

seq-04/frame-000233.color.png -0.545726 -0.983723 1.085838 0.896737 -0.160786 0.405210 0.075841

seq-04/frame-000234.color.png -0.556188 -0.980548 1.086247 0.898758 -0.160618 0.400920 0.075069

seq-04/frame-000235.color.png -0.566441 -0.976617 1.084852 0.901090 -0.161642 0.395331 0.074562

seq-04/frame-000236.color.png -0.578041 -0.975516 1.086348 0.902001 -0.165624 0.391666 0.074136

seq-04/frame-000237.color.png -0.590201 -0.977973 1.088087 0.903175 -0.168854 0.387513 0.074379

seq-04/frame-000238.color.png -0.599088 -0.977961 1.088793 0.905487 -0.169421 0.382081 0.073081

seq-04/frame-000239.color.png -0.619824 -0.978339 1.089439 0.907998 -0.171081 0.375509 0.072119

seq-04/frame-000240.color.png -0.628689 -0.977259 1.087435 0.910520 -0.170044 0.369958 0.071463

seq-04/frame-000241.color.png -0.636275 -0.971763 1.085653 0.912484 -0.168673 0.365604 0.072059

seq-04/frame-000242.color.png -0.646361 -0.969063 1.085217 0.913800 -0.169866 0.361417 0.073685

seq-04/frame-000243.color.png -0.655892 -0.970296 1.085659 0.915485 -0.172110 0.355980 0.074036

seq-04/frame-000244.color.png -0.663422 -0.971330 1.086488 0.916951 -0.172707 0.351973 0.073661

seq-04/frame-000245.color.png -0.672381 -0.970473 1.086494 0.918797 -0.171477 0.347804 0.073336

seq-04/frame-000246.color.png -0.680203 -0.968976 1.085114 0.920507 -0.170698 0.343791 0.072619

seq-04/frame-000247.color.png -0.688107 -0.969591 1.085692 0.921724 -0.170492 0.340479 0.073262

seq-04/frame-000248.color.png -0.695240 -0.969822 1.086657 0.923255 -0.170305 0.336460 0.072992

seq-04/frame-000249.color.png -0.703139 -0.968367 1.087098 0.924968 -0.170002 0.332045 0.072233

seq-04/frame-000250.color.png -0.709211 -0.969550 1.088436 0.926265 -0.171122 0.327873 0.072028

seq-04/frame-000251.color.png -0.716573 -0.972501 1.091478 0.927333 -0.172431 0.324278 0.071431

seq-04/frame-000252.color.png -0.731517 -0.972967 1.095113 0.930348 -0.170442 0.316958 0.069842

seq-04/frame-000253.color.png -0.736665 -0.971086 1.095237 0.931622 -0.171269 0.313007 0.068635

seq-04/frame-000254.color.png -0.744080 -0.975813 1.101146 0.932113 -0.173892 0.310575 0.066393

seq-04/frame-000255.color.png -0.751086 -0.975855 1.104349 0.933437 -0.173098 0.307435 0.064451

seq-04/frame-000256.color.png -0.757573 -0.974444 1.105538 0.935056 -0.172828 0.302995 0.062698

seq-04/frame-000257.color.png -0.763595 -0.975631 1.109309 0.935729 -0.174009 0.300457 0.061610

seq-04/frame-000258.color.png -0.769832 -0.977096 1.113380 0.936563 -0.174205 0.297744 0.061541

seq-04/frame-000259.color.png -0.775184 -0.976183 1.114991 0.937701 -0.174156 0.294288 0.060986

seq-04/frame-000260.color.png -0.780430 -0.978593 1.119466 0.938207 -0.175976 0.291905 0.059403

seq-04/frame-000261.color.png -0.787666 -0.980664 1.124470 0.938875 -0.176100 0.289894 0.058328

seq-04/frame-000262.color.png -0.794662 -0.980038 1.127255 0.939729 -0.175238 0.287753 0.057764

seq-04/frame-000263.color.png -0.800658 -0.980657 1.130742 0.940341 -0.175577 0.285811 0.056404

seq-04/frame-000264.color.png -0.805633 -0.979665 1.132613 0.940627 -0.175815 0.284665 0.056687

seq-04/frame-000265.color.png -0.812533 -0.981364 1.137118 0.940517 -0.177183 0.284008 0.057544

seq-04/frame-000266.color.png -0.819817 -0.980990 1.140445 0.940988 -0.177576 0.282188 0.057586

seq-04/frame-000267.color.png -0.826233 -0.981635 1.144552 0.941431 -0.178443 0.280109 0.057801

seq-04/frame-000268.color.png -0.832974 -0.981312 1.148415 0.942199 -0.178304 0.277336 0.059085

seq-04/frame-000269.color.png -0.838733 -0.981777 1.152210 0.942971 -0.178638 0.274503 0.058989

seq-04/frame-000270.color.png -0.844392 -0.980288 1.155544 0.943820 -0.179314 0.271052 0.059308

seq-04/frame-000271.color.png -0.849977 -0.980586 1.159111 0.944551 -0.181453 0.266724 0.060770

seq-04/frame-000272.color.png -0.854228 -0.984722 1.165815 0.945072 -0.183985 0.263123 0.060758

seq-04/frame-000273.color.png -0.861913 -0.984325 1.169668 0.946353 -0.183815 0.259034 0.058872

seq-04/frame-000274.color.png -0.871246 -0.982188 1.172356 0.947908 -0.183970 0.253582 0.057084

seq-04/frame-000275.color.png -0.874691 -0.983142 1.176697 0.948800 -0.185902 0.248719 0.057402

seq-04/frame-000276.color.png -0.881120 -0.982161 1.180587 0.949705 -0.186741 0.244540 0.057671

seq-04/frame-000277.color.png -0.885231 -0.981643 1.183567 0.950982 -0.187116 0.239056 0.058403

seq-04/frame-000278.color.png -0.886927 -0.982280 1.186361 0.952141 -0.188237 0.233373 0.058900

seq-04/frame-000279.color.png -0.887971 -0.982564 1.188359 0.953154 -0.189505 0.228231 0.058591

seq-04/frame-000280.color.png -0.891561 -0.982354 1.190457 0.954221 -0.190864 0.222941 0.057159

seq-04/frame-000281.color.png -0.891444 -0.982757 1.191663 0.955551 -0.192297 0.216267 0.055775

seq-04/frame-000282.color.png -0.890700 -0.982312 1.192967 0.956636 -0.193548 0.210418 0.055210

seq-04/frame-000283.color.png -0.892208 -0.984059 1.194423 0.957794 -0.195886 0.203339 0.053391

seq-04/frame-000284.color.png -0.889436 -0.983907 1.195259 0.959483 -0.197304 0.194975 0.048844

seq-04/frame-000285.color.png -0.887617 -0.983070 1.196375 0.960883 -0.198509 0.187765 0.044489

seq-04/frame-000286.color.png -0.888500 -0.982178 1.197231 0.961869 -0.201372 0.180292 0.041103

seq-04/frame-000287.color.png -0.884706 -0.982845 1.198290 0.962807 -0.204991 0.171833 0.037303

seq-04/frame-000288.color.png -0.881098 -0.984319 1.199073 0.964360 -0.205395 0.163113 0.033963

seq-04/frame-000289.color.png -0.878133 -0.983818 1.198683 0.966017 -0.204178 0.155181 0.031283

seq-04/frame-000290.color.png -0.872576 -0.986179 1.198764 0.967108 -0.205655 0.146828 0.028050

seq-04/frame-000291.color.png -0.866397 -0.985605 1.197064 0.968568 -0.204984 0.138592 0.024222

seq-04/frame-000292.color.png -0.861410 -0.986893 1.196359 0.969775 -0.204825 0.130810 0.020238

seq-04/frame-000293.color.png -0.856767 -0.986491 1.194914 0.970498 -0.206743 0.122882 0.015096

seq-04/frame-000294.color.png -0.848827 -0.986453 1.192828 0.971053 -0.209489 0.113992 0.010647

seq-04/frame-000295.color.png -0.841490 -0.986426 1.190484 0.971698 -0.211046 0.105552 0.007653

seq-04/frame-000296.color.png -0.835875 -0.987290 1.188404 0.972367 -0.212120 0.097123 0.003537

seq-04/frame-000297.color.png -0.835464 -0.987114 1.188440 0.972371 -0.212065 0.097201 0.003608

seq-04/frame-000298.color.png -0.828307 -0.987187 1.185117 0.973048 -0.213134 0.087671 -0.001579

seq-04/frame-000299.color.png -0.822632 -0.984768 1.180892 0.973519 -0.213944 0.079920 -0.006174

seq-04/frame-000300.color.png -0.815831 -0.984943 1.177238 0.973887 -0.215332 0.070694 -0.010713

seq-04/frame-000301.color.png -0.815901 -0.984704 1.177226 0.973881 -0.215290 0.070917 -0.010689

seq-04/frame-000302.color.png -0.809126 -0.984236 1.173507 0.974362 -0.216086 0.060058 -0.015998

seq-04/frame-000303.color.png -0.804974 -0.982989 1.169365 0.974303 -0.218099 0.050938 -0.022560

seq-04/frame-000304.color.png -0.804946 -0.982892 1.169391 0.974292 -0.218081 0.051235 -0.022534

seq-04/frame-000305.color.png -0.798066 -0.982508 1.165476 0.974024 -0.220824 0.040991 -0.027759

seq-04/frame-000306.color.png -0.789111 -0.982313 1.161186 0.974037 -0.221922 0.029913 -0.032314

seq-04/frame-000307.color.png -0.789697 -0.982441 1.161326 0.974021 -0.221971 0.030124 -0.032270

seq-04/frame-000308.color.png -0.781324 -0.982306 1.157213 0.974066 -0.222158 0.019804 -0.037222

seq-04/frame-000309.color.png -0.773490 -0.983356 1.153838 0.974011 -0.222245 0.009142 -0.041992

seq-04/frame-000310.color.png -0.773784 -0.983526 1.154092 0.973996 -0.222312 0.009030 -0.042003

seq-04/frame-000311.color.png -0.766148 -0.982147 1.149990 0.974071 -0.221151 -0.001248 -0.047033

seq-04/frame-000312.color.png -0.762743 -0.980728 1.146225 0.973883 -0.220897 -0.009056 -0.051086

seq-04/frame-000313.color.png -0.758303 -0.979565 1.143140 0.973430 -0.221382 -0.018595 -0.054910

seq-04/frame-000314.color.png -0.758304 -0.979402 1.143126 0.973443 -0.221336 -0.018503 -0.054882

seq-04/frame-000315.color.png -0.751945 -0.977052 1.140086 0.972847 -0.221905 -0.028253 -0.058851

seq-04/frame-000316.color.png -0.747690 -0.976495 1.137838 0.972244 -0.222689 -0.036065 -0.061536

seq-04/frame-000317.color.png -0.746938 -0.976195 1.137917 0.972260 -0.222548 -0.036235 -0.061693

seq-04/frame-000318.color.png -0.742348 -0.976095 1.136316 0.971925 -0.222449 -0.044120 -0.062177

seq-04/frame-000319.color.png -0.735285 -0.976842 1.135703 0.971499 -0.222126 -0.051883 -0.063982

seq-04/frame-000320.color.png -0.731100 -0.975717 1.134339 0.971180 -0.221075 -0.058843 -0.066400

seq-04/frame-000321.color.png -0.729665 -0.975709 1.134373 0.971166 -0.221055 -0.059067 -0.066467

seq-04/frame-000322.color.png -0.722916 -0.975102 1.133724 0.970863 -0.219021 -0.067265 -0.069747

seq-04/frame-000323.color.png -0.719215 -0.974965 1.134210 0.970406 -0.216976 -0.075149 -0.074310

seq-04/frame-000324.color.png -0.718431 -0.975095 1.134341 0.970385 -0.216996 -0.075309 -0.074358

seq-04/frame-000325.color.png -0.714947 -0.974499 1.135139 0.969673 -0.215804 -0.082827 -0.078977

seq-04/frame-000326.color.png -0.709480 -0.973212 1.136070 0.968715 -0.216066 -0.089941 -0.082172

seq-04/frame-000327.color.png -0.702725 -0.973156 1.139131 0.967536 -0.216775 -0.097965 -0.084965

seq-04/frame-000328.color.png -0.702599 -0.972858 1.138935 0.967554 -0.216650 -0.098022 -0.085020

seq-04/frame-000329.color.png -0.695676 -0.971431 1.141858 0.966473 -0.216382 -0.105005 -0.089535

seq-04/frame-000330.color.png -0.690684 -0.970519 1.145148 0.965149 -0.216716 -0.111577 -0.094900

seq-04/frame-000331.color.png -0.683279 -0.970837 1.150262 0.963490 -0.217780 -0.120389 -0.098486

seq-04/frame-000332.color.png -0.683261 -0.970722 1.150308 0.963514 -0.217742 -0.120307 -0.098434

seq-04/frame-000333.color.png -0.677093 -0.969616 1.154942 0.961934 -0.217115 -0.129998 -0.102844

seq-04/frame-000334.color.png -0.669759 -0.969144 1.160816 0.960359 -0.217075 -0.137621 -0.107624

seq-04/frame-000335.color.png -0.661795 -0.969141 1.167212 0.958870 -0.216788 -0.145941 -0.110476

seq-04/frame-000336.color.png -0.656636 -0.969366 1.173205 0.957355 -0.215295 -0.155323 -0.113701

seq-04/frame-000337.color.png -0.656165 -0.969767 1.173461 0.957281 -0.215363 -0.155573 -0.113851

seq-04/frame-000338.color.png -0.649545 -0.969397 1.179670 0.955680 -0.213597 -0.164250 -0.118347

seq-04/frame-000339.color.png -0.643651 -0.969510 1.185811 0.954041 -0.212291 -0.172053 -0.122753

seq-04/frame-000340.color.png -0.637702 -0.970564 1.192430 0.952119 -0.211692 -0.180460 -0.126579

seq-04/frame-000341.color.png -0.637191 -0.970633 1.192525 0.952076 -0.211662 -0.180651 -0.126683

seq-04/frame-000342.color.png -0.630531 -0.970384 1.198723 0.950145 -0.210590 -0.189289 -0.130298

seq-04/frame-000343.color.png -0.623724 -0.970508 1.204644 0.947957 -0.209844 -0.197786 -0.134740

seq-04/frame-000344.color.png -0.617854 -0.972675 1.210798 0.945482 -0.209622 -0.206601 -0.139181

seq-04/frame-000345.color.png -0.612049 -0.975555 1.216893 0.942928 -0.208514 -0.216600 -0.142912

seq-04/frame-000346.color.png -0.612014 -0.975147 1.216596 0.942982 -0.208366 -0.216522 -0.142892

seq-04/frame-000347.color.png -0.606386 -0.976276 1.221542 0.940478 -0.206165 -0.226781 -0.146622

seq-04/frame-000348.color.png -0.599329 -0.976540 1.226058 0.937867 -0.203515 -0.236078 -0.152268

seq-04/frame-000349.color.png -0.594679 -0.981249 1.231595 0.935118 -0.201924 -0.244649 -0.157667

seq-04/frame-000350.color.png -0.590108 -0.985006 1.236082 0.932565 -0.199275 -0.254700 -0.160220

seq-04/frame-000351.color.png -0.589971 -0.984547 1.235798 0.932631 -0.199141 -0.254640 -0.160096

seq-04/frame-000352.color.png -0.584058 -0.985685 1.239133 0.930610 -0.195575 -0.263430 -0.162022

seq-04/frame-000353.color.png -0.579944 -0.989666 1.242909 0.928946 -0.193139 -0.270652 -0.162587

seq-04/frame-000354.color.png -0.576993 -0.991976 1.245699 0.927318 -0.190182 -0.278608 -0.161927

seq-04/frame-000355.color.png -0.573105 -0.992732 1.247465 0.925906 -0.186930 -0.285383 -0.161992

seq-04/frame-000356.color.png -0.570879 -0.996750 1.250077 0.924172 -0.184390 -0.292449 -0.162205

seq-04/frame-000357.color.png -0.566832 -0.996865 1.251050 0.922064 -0.179828 -0.301563 -0.162634

seq-04/frame-000358.color.png -0.561959 -0.994662 1.251156 0.920341 -0.176013 -0.308321 -0.163886

seq-04/frame-000359.color.png -0.559046 -0.998521 1.252713 0.917819 -0.174829 -0.315872 -0.164914

seq-04/frame-000360.color.png -0.553430 -0.998871 1.254018 0.914521 -0.170923 -0.326676 -0.166278

seq-04/frame-000361.color.png -0.548895 -0.995635 1.253520 0.911791 -0.165957 -0.334939 -0.169822

seq-04/frame-000362.color.png -0.549061 -0.995952 1.253520 0.911791 -0.166074 -0.334878 -0.169827

seq-04/frame-000363.color.png -0.546006 -0.994890 1.252728 0.908939 -0.163524 -0.342514 -0.172342

seq-04/frame-000364.color.png -0.538146 -0.993670 1.254678 0.904628 -0.162064 -0.354016 -0.173158

seq-04/frame-000365.color.png -0.531791 -0.992359 1.255813 0.900291 -0.159270 -0.363850 -0.177905

seq-04/frame-000366.color.png -0.526710 -0.994034 1.256830 0.896580 -0.157149 -0.372264 -0.181093

seq-04/frame-000367.color.png -0.520676 -0.993217 1.257698 0.892676 -0.154296 -0.382965 -0.180519

seq-04/frame-000368.color.png -0.511539 -0.989578 1.259347 0.888593 -0.150312 -0.393540 -0.181276

seq-04/frame-000369.color.png -0.503131 -0.987062 1.260295 0.884906 -0.148083 -0.402241 -0.182047

seq-04/frame-000370.color.png -0.493582 -0.984405 1.261629 0.880376 -0.146557 -0.412827 -0.181544

seq-04/frame-000371.color.png -0.481732 -0.980021 1.263710 0.875236 -0.144025 -0.423566 -0.183671

seq-04/frame-000372.color.png -0.473024 -0.983234 1.265133 0.870390 -0.142389 -0.432456 -0.187225

seq-04/frame-000373.color.png -0.462145 -0.982450 1.266339 0.865402 -0.137596 -0.443142 -0.188934

seq-04/frame-000374.color.png -0.449934 -0.980611 1.268284 0.860432 -0.132627 -0.453127 -0.191483

seq-04/frame-000375.color.png -0.438120 -0.975332 1.267474 0.856492 -0.129271 -0.460955 -0.192753

seq-04/frame-000376.color.png -0.426325 -0.972989 1.265741 0.851199 -0.127982 -0.469503 -0.196395

seq-04/frame-000377.color.png -0.415569 -0.973097 1.265295 0.845576 -0.127763 -0.477653 -0.201115

seq-04/frame-000378.color.png -0.404569 -0.971567 1.262488 0.841143 -0.129399 -0.483583 -0.204457

seq-04/frame-000379.color.png -0.396361 -0.975142 1.259621 0.836321 -0.131737 -0.490049 -0.207328

seq-04/frame-000380.color.png -0.388609 -0.977359 1.257381 0.831306 -0.130943 -0.497859 -0.209382

seq-04/frame-000381.color.png -0.380748 -0.976365 1.254987 0.826635 -0.128777 -0.505295 -0.211396

seq-04/frame-000382.color.png -0.369116 -0.982004 1.255657 0.821459 -0.129519 -0.512593 -0.213537

seq-04/frame-000383.color.png -0.360141 -0.984056 1.254734 0.816605 -0.127111 -0.520379 -0.214764

seq-04/frame-000384.color.png -0.350135 -0.981519 1.254388 0.811303 -0.123931 -0.528544 -0.216768

seq-04/frame-000385.color.png -0.341162 -0.981880 1.254734 0.807008 -0.124747 -0.534192 -0.218476

seq-04/frame-000386.color.png -0.334060 -0.986210 1.254192 0.803397 -0.127082 -0.539438 -0.217548

seq-04/frame-000387.color.png -0.326525 -0.983823 1.252327 0.799861 -0.125342 -0.545800 -0.215711

seq-04/frame-000388.color.png -0.319639 -0.981257 1.250145 0.796501 -0.124218 -0.550317 -0.217309

seq-04/frame-000389.color.png -0.314240 -0.983159 1.247061 0.794158 -0.125899 -0.552594 -0.219132

seq-04/frame-000390.color.png -0.308872 -0.983634 1.243537 0.790740 -0.126008 -0.557706 -0.218475

seq-04/frame-000391.color.png -0.304185 -0.982657 1.241005 0.787470 -0.124393 -0.562133 -0.219861

seq-04/frame-000392.color.png -0.299013 -0.979739 1.237080 0.785356 -0.123674 -0.565061 -0.220322

seq-04/frame-000393.color.png -0.295331 -0.979596 1.233541 0.782763 -0.124513 -0.568529 -0.220155

seq-04/frame-000394.color.png -0.291955 -0.980006 1.229457 0.779788 -0.124400 -0.572742 -0.219854

seq-04/frame-000395.color.png -0.288079 -0.977567 1.225936 0.777262 -0.122788 -0.577052 -0.218431

seq-04/frame-000396.color.png -0.284252 -0.974544 1.219634 0.774474 -0.121042 -0.581811 -0.216677

seq-04/frame-000397.color.png -0.280347 -0.970314 1.213915 0.771475 -0.120160 -0.586596 -0.214954

seq-04/frame-000398.color.png -0.277886 -0.969928 1.209779 0.768580 -0.119403 -0.590483 -0.215104

seq-04/frame-000399.color.png -0.275268 -0.967918 1.204151 0.766517 -0.116780 -0.593883 -0.214543

seq-04/frame-000400.color.png -0.271672 -0.964432 1.201724 0.763974 -0.115773 -0.598031 -0.212627

seq-04/frame-000401.color.png -0.269885 -0.964183 1.195081 0.762176 -0.114928 -0.600581 -0.212353

seq-04/frame-000402.color.png -0.266709 -0.959562 1.191246 0.760318 -0.113646 -0.603842 -0.210443

seq-04/frame-000403.color.png -0.264562 -0.958397 1.184861 0.757756 -0.115026 -0.606938 -0.210026

seq-04/frame-000404.color.png -0.263235 -0.958325 1.178413 0.755769 -0.115951 -0.608926 -0.210922

seq-04/frame-000405.color.png -0.260180 -0.955432 1.173236 0.753698 -0.114932 -0.612170 -0.209492

seq-04/frame-000406.color.png -0.257892 -0.952918 1.168589 0.751233 -0.114848 -0.615314 -0.209182

seq-04/frame-000407.color.png -0.255636 -0.952328 1.161347 0.750595 -0.115506 -0.615635 -0.210164

seq-04/frame-000408.color.png -0.251946 -0.948625 1.154689 0.749890 -0.114980 -0.616888 -0.209294

seq-04/frame-000409.color.png -0.248497 -0.944330 1.146905 0.748064 -0.115311 -0.619138 -0.209003

seq-04/frame-000410.color.png -0.245309 -0.941630 1.140725 0.746896 -0.116839 -0.619735 -0.210556

seq-04/frame-000411.color.png -0.241390 -0.939716 1.132024 0.746777 -0.119085 -0.619477 -0.210477

seq-04/frame-000412.color.png -0.237422 -0.936636 1.131715 0.746763 -0.119704 -0.620003 -0.208618

seq-04/frame-000413.color.png -0.232451 -0.935589 1.113241 0.747307 -0.120111 -0.619152 -0.208962

seq-04/frame-000414.color.png -0.226810 -0.932425 1.110975 0.748112 -0.119015 -0.619234 -0.206451

seq-04/frame-000415.color.png -0.219987 -0.924734 1.100048 0.748960 -0.118496 -0.619361 -0.203269

seq-04/frame-000416.color.png -0.214768 -0.920812 1.091554 0.750028 -0.120163 -0.617932 -0.202700

seq-04/frame-000417.color.png -0.208827 -0.916600 1.083317 0.751290 -0.120929 -0.616295 -0.202556

seq-04/frame-000418.color.png -0.201452 -0.908059 1.075672 0.752114 -0.121613 -0.615315 -0.202065

seq-04/frame-000419.color.png -0.196209 -0.903403 1.070409 0.752611 -0.125922 -0.613377 -0.203464

seq-04/frame-000420.color.png -0.191456 -0.901347 1.062945 0.753125 -0.130665 -0.611297 -0.204828

seq-04/frame-000421.color.png -0.186124 -0.898007 1.053231 0.753797 -0.132836 -0.609746 -0.205582

seq-04/frame-000422.color.png -0.180730 -0.893058 1.045528 0.753854 -0.134711 -0.609165 -0.205876

seq-04/frame-000423.color.png -0.175906 -0.887866 1.039374 0.753090 -0.137182 -0.609202 -0.206929

seq-04/frame-000424.color.png -0.170843 -0.881908 1.029252 0.752881 -0.139744 -0.608134 -0.209104

seq-04/frame-000425.color.png -0.167507 -0.881249 1.023807 0.752670 -0.143932 -0.606471 -0.211834

seq-04/frame-000426.color.png -0.165022 -0.880518 1.015629 0.753772 -0.147551 -0.604000 -0.212484

seq-04/frame-000427.color.png -0.162389 -0.880584 1.010815 0.754332 -0.149493 -0.603043 -0.211858

seq-04/frame-000428.color.png -0.159690 -0.878110 1.006875 0.753052 -0.149454 -0.604664 -0.211819

seq-04/frame-000429.color.png -0.156739 -0.873440 1.000759 0.752107 -0.148763 -0.605559 -0.213102

seq-04/frame-000430.color.png -0.151542 -0.864699 0.993876 0.749423 -0.152962 -0.607184 -0.214952

seq-04/frame-000431.color.png -0.151514 -0.866152 0.992579 0.745260 -0.157991 -0.610186 -0.217271

seq-04/frame-000432.color.png -0.151843 -0.867010 0.991188 0.741371 -0.160532 -0.613550 -0.219231

seq-04/frame-000433.color.png -0.150466 -0.862996 0.989278 0.736600 -0.162301 -0.618614 -0.219776

seq-04/frame-000434.color.png -0.149667 -0.857314 0.989528 0.731041 -0.165909 -0.623440 -0.221993

seq-04/frame-000435.color.png -0.150906 -0.858532 0.988512 0.726960 -0.172252 -0.624731 -0.226882

seq-04/frame-000436.color.png -0.154600 -0.866220 0.985425 0.722492 -0.178086 -0.627113 -0.230053

seq-04/frame-000437.color.png -0.156097 -0.866592 0.982028 0.717844 -0.177988 -0.631969 -0.231384

seq-04/frame-000438.color.png -0.156346 -0.863391 0.980056 0.715197 -0.176433 -0.635187 -0.231957

seq-04/frame-000439.color.png -0.157112 -0.861391 0.978488 0.712257 -0.177173 -0.638410 -0.231588

seq-04/frame-000440.color.png -0.158284 -0.858646 0.977658 0.707640 -0.177914 -0.643331 -0.231559

seq-04/frame-000441.color.png -0.159774 -0.855562 0.976118 0.703249 -0.178754 -0.647377 -0.233006

seq-04/frame-000442.color.png -0.163122 -0.856653 0.974149 0.700333 -0.181257 -0.649243 -0.234655

seq-04/frame-000443.color.png -0.165731 -0.855519 0.972349 0.698084 -0.182983 -0.651275 -0.234386

seq-04/frame-000444.color.png -0.168293 -0.853799 0.968679 0.695952 -0.184827 -0.653122 -0.234136

seq-04/frame-000445.color.png -0.173360 -0.854461 0.964229 0.693532 -0.185299 -0.654948 -0.235837

seq-04/frame-000446.color.png -0.177805 -0.851546 0.963179 0.690789 -0.184386 -0.657564 -0.237319

seq-04/frame-000447.color.png -0.190086 -0.855551 0.956690 0.689706 -0.188451 -0.656071 -0.241373

seq-04/frame-000448.color.png -0.197235 -0.858380 0.950648 0.688781 -0.186956 -0.657014 -0.242603

seq-04/frame-000449.color.png -0.204291 -0.856354 0.951209 0.687166 -0.184203 -0.659504 -0.242533

seq-04/frame-000450.color.png -0.212469 -0.856500 0.947588 0.687552 -0.184374 -0.659172 -0.242212

seq-04/frame-000451.color.png -0.221711 -0.857168 0.943006 0.687524 -0.185120 -0.659156 -0.241766

seq-04/frame-000452.color.png -0.231331 -0.858279 0.938079 0.688427 -0.184614 -0.658118 -0.242412

seq-04/frame-000453.color.png -0.241499 -0.860638 0.931795 0.689355 -0.183633 -0.657208 -0.242987

seq-04/frame-000454.color.png -0.252275 -0.861062 0.926026 0.688647 -0.181830 -0.658883 -0.241811

seq-04/frame-000455.color.png -0.274711 -0.857026 0.919831 0.685925 -0.181075 -0.662099 -0.241327

seq-04/frame-000456.color.png -0.287869 -0.859292 0.912481 0.686258 -0.183690 -0.660973 -0.241492

seq-04/frame-000457.color.png -0.302871 -0.862950 0.905362 0.686034 -0.184585 -0.660646 -0.242338

seq-04/frame-000458.color.png -0.318214 -0.867910 0.898973 0.686785 -0.185265 -0.660043 -0.241333

seq-04/frame-000459.color.png -0.330318 -0.866931 0.892583 0.687579 -0.184492 -0.660790 -0.237593

seq-04/frame-000460.color.png -0.342808 -0.865054 0.890154 0.687385 -0.185281 -0.661941 -0.234312

seq-04/frame-000461.color.png -0.357125 -0.867427 0.883121 0.689389 -0.187811 -0.659309 -0.233832

seq-04/frame-000462.color.png -0.384751 -0.875302 0.868516 0.694098 -0.190414 -0.654551 -0.231150

seq-04/frame-000463.color.png -0.397580 -0.877529 0.861649 0.697097 -0.190039 -0.652231 -0.228981

seq-04/frame-000464.color.png -0.409502 -0.880291 0.855229 0.699438 -0.189656 -0.651031 -0.225552

seq-04/frame-000465.color.png -0.421188 -0.881300 0.849392 0.701508 -0.188579 -0.650100 -0.222693

seq-04/frame-000466.color.png -0.432649 -0.881576 0.845195 0.703682 -0.187848 -0.648753 -0.220369

seq-04/frame-000467.color.png -0.443971 -0.881421 0.840534 0.705773 -0.188012 -0.646831 -0.219192

seq-04/frame-000468.color.png -0.456354 -0.884155 0.834696 0.708268 -0.189783 -0.643319 -0.219949

seq-04/frame-000469.color.png -0.468738 -0.888425 0.830687 0.710951 -0.190923 -0.640322 -0.219053

seq-04/frame-000470.color.png -0.479940 -0.889769 0.826004 0.713550 -0.191386 -0.638426 -0.215705

seq-04/frame-000471.color.png -0.490786 -0.891946 0.822380 0.715097 -0.192177 -0.636825 -0.214613

seq-04/frame-000472.color.png -0.502566 -0.896067 0.818583 0.716507 -0.192919 -0.634732 -0.215442

seq-04/frame-000473.color.png -0.513811 -0.899523 0.816029 0.718503 -0.192814 -0.632592 -0.215184

seq-04/frame-000474.color.png -0.525085 -0.902030 0.811327 0.721234 -0.192646 -0.629804 -0.214375

seq-04/frame-000475.color.png -0.535992 -0.904604 0.808537 0.723000 -0.194035 -0.627688 -0.213380

seq-04/frame-000476.color.png -0.547624 -0.907656 0.804537 0.724671 -0.194536 -0.625684 -0.213137

seq-04/frame-000477.color.png -0.558484 -0.908947 0.802485 0.726214 -0.194435 -0.624160 -0.212450

seq-04/frame-000478.color.png -0.570718 -0.912671 0.799815 0.727476 -0.196264 -0.622448 -0.211468

seq-04/frame-000479.color.png -0.581229 -0.913198 0.797506 0.728206 -0.197059 -0.621745 -0.210282

seq-04/frame-000480.color.png -0.593998 -0.915611 0.796711 0.729105 -0.198820 -0.620504 -0.209174

seq-04/frame-000481.color.png -0.605777 -0.915934 0.794042 0.730746 -0.199115 -0.618933 -0.207815

seq-04/frame-000482.color.png -0.618210 -0.917455 0.792269 0.731425 -0.199703 -0.618224 -0.206972

seq-04/frame-000483.color.png -0.630499 -0.917651 0.790832 0.732002 -0.200950 -0.617264 -0.206588

seq-04/frame-000484.color.png -0.643522 -0.917389 0.789912 0.733698 -0.203088 -0.614017 -0.208155

seq-04/frame-000485.color.png -0.657677 -0.919381 0.788696 0.735414 -0.205745 -0.610719 -0.209189

seq-04/frame-000486.color.png -0.670559 -0.920238 0.788456 0.737063 -0.206649 -0.608418 -0.209200

seq-04/frame-000487.color.png -0.683830 -0.920666 0.787574 0.739750 -0.207857 -0.604973 -0.208509

seq-04/frame-000488.color.png -0.696735 -0.921561 0.785657 0.741127 -0.209436 -0.602786 -0.208374

seq-04/frame-000489.color.png -0.709248 -0.921321 0.786795 0.741682 -0.211229 -0.600613 -0.210850

seq-04/frame-000490.color.png -0.722938 -0.922759 0.786348 0.742985 -0.214497 -0.596410 -0.214854

seq-04/frame-000491.color.png -0.737081 -0.926508 0.786898 0.744027 -0.218128 -0.592863 -0.217396

seq-04/frame-000492.color.png -0.751408 -0.930830 0.787746 0.744383 -0.219898 -0.591522 -0.218045

seq-04/frame-000493.color.png -0.764238 -0.933207 0.786875 0.745524 -0.220249 -0.589415 -0.219496

seq-04/frame-000494.color.png -0.776736 -0.937108 0.787677 0.746217 -0.223289 -0.586351 -0.222256

seq-04/frame-000495.color.png -0.789625 -0.942587 0.789090 0.747201 -0.226043 -0.583233 -0.224361

seq-04/frame-000496.color.png -0.802377 -0.947984 0.788948 0.747889 -0.227058 -0.582096 -0.223999

seq-04/frame-000497.color.png -0.814392 -0.953333 0.789552 0.747857 -0.228425 -0.582219 -0.222388

seq-04/frame-000498.color.png -0.827109 -0.960867 0.791021 0.747798 -0.228255 -0.582653 -0.221625

seq-04/frame-000499.color.png -0.837395 -0.965195 0.789973 0.748133 -0.226407 -0.582955 -0.221592

seq-04/frame-000500.color.png -0.847958 -0.970559 0.790345 0.748877 -0.227987 -0.581196 -0.222080

seq-04/frame-000501.color.png -0.856981 -0.975101 0.791508 0.750441 -0.229834 -0.578276 -0.222519

seq-04/frame-000502.color.png -0.866525 -0.981201 0.791014 0.751135 -0.230791 -0.576937 -0.222663

seq-04/frame-000503.color.png -0.875530 -0.986082 0.790034 0.751688 -0.229434 -0.576863 -0.222390

seq-04/frame-000504.color.png -0.884225 -0.991189 0.791384 0.751453 -0.230847 -0.576609 -0.222380

seq-04/frame-000505.color.png -0.892818 -0.996294 0.792335 0.750821 -0.234014 -0.576165 -0.222358

seq-04/frame-000506.color.png -0.901321 -1.001123 0.792115 0.751002 -0.234731 -0.575637 -0.222360

seq-04/frame-000507.color.png -0.908908 -1.005073 0.792771 0.751313 -0.235539 -0.575083 -0.221887

seq-04/frame-000508.color.png -0.916397 -1.007987 0.792764 0.751379 -0.237661 -0.573663 -0.223070

seq-04/frame-000509.color.png -0.916175 -1.007693 0.792372 0.751324 -0.237612 -0.573793 -0.222975

seq-04/frame-000510.color.png -0.924325 -1.011934 0.792836 0.752435 -0.239089 -0.571494 -0.223553

seq-04/frame-000511.color.png -0.930808 -1.013867 0.791752 0.754053 -0.238219 -0.570097 -0.222595

seq-04/frame-000512.color.png -0.936977 -1.015494 0.791965 0.754773 -0.238577 -0.569358 -0.221662

seq-04/frame-000513.color.png -0.943756 -1.017068 0.791081 0.756184 -0.239084 -0.567388 -0.221359

seq-04/frame-000514.color.png -0.950000 -1.017988 0.791284 0.757619 -0.239147 -0.565906 -0.220172

seq-04/frame-000515.color.png -0.957071 -1.019574 0.789886 0.759200 -0.239709 -0.563810 -0.219493

seq-04/frame-000516.color.png -0.963497 -1.019467 0.788177 0.761845 -0.239580 -0.560478 -0.219004

seq-04/frame-000517.color.png -0.963512 -1.019730 0.789181 0.761791 -0.239658 -0.560541 -0.218942

seq-04/frame-000518.color.png -0.969651 -1.019449 0.788086 0.764810 -0.240591 -0.556736 -0.217098

seq-04/frame-000519.color.png -0.976799 -1.020615 0.787392 0.767578 -0.241331 -0.553592 -0.214533

seq-04/frame-000520.color.png -0.984600 -1.021886 0.787040 0.770640 -0.240744 -0.550240 -0.212831

seq-04/frame-000521.color.png -0.992235 -1.023496 0.786524 0.774571 -0.240802 -0.545485 -0.210729

seq-04/frame-000522.color.png -0.999469 -1.024571 0.785777 0.778867 -0.240839 -0.540530 -0.207598

seq-04/frame-000523.color.png -0.999491 -1.024447 0.786261 0.778854 -0.240671 -0.540565 -0.207751

seq-04/frame-000524.color.png -1.007456 -1.026272 0.786290 0.782381 -0.241042 -0.536685 -0.204092

seq-04/frame-000525.color.png -1.016550 -1.028535 0.783637 0.786585 -0.240627 -0.531979 -0.200721

seq-04/frame-000526.color.png -1.024030 -1.029428 0.783388 0.792268 -0.238516 -0.526442 -0.195418

seq-04/frame-000527.color.png -1.023975 -1.029546 0.784252 0.792237 -0.238540 -0.526500 -0.195356

seq-04/frame-000528.color.png -1.031439 -1.030271 0.783931 0.796405 -0.238408 -0.522588 -0.188972

seq-04/frame-000529.color.png -1.039899 -1.031520 0.782750 0.800383 -0.239383 -0.518039 -0.183379

seq-04/frame-000530.color.png -1.048905 -1.034087 0.782617 0.805461 -0.240974 -0.511255 -0.178021

seq-04/frame-000531.color.png -1.057903 -1.036881 0.782803 0.810593 -0.241409 -0.504912 -0.172147

seq-04/frame-000532.color.png -1.057879 -1.036672 0.782743 0.810672 -0.241323 -0.504864 -0.172036

seq-04/frame-000533.color.png -1.066488 -1.038915 0.782100 0.815451 -0.240634 -0.499088 -0.167200

seq-04/frame-000534.color.png -1.074435 -1.040398 0.781452 0.820113 -0.239786 -0.493243 -0.162913

seq-04/frame-000535.color.png -1.083883 -1.044077 0.780812 0.825637 -0.240260 -0.485021 -0.158948

seq-04/frame-000536.color.png -1.091301 -1.045927 0.779878 0.830808 -0.239987 -0.477898 -0.153918

seq-04/frame-000537.color.png -1.097934 -1.046512 0.778721 0.835341 -0.239462 -0.471575 -0.149643

seq-04/frame-000538.color.png -1.097647 -1.046282 0.778449 0.835383 -0.239482 -0.471575 -0.149376

seq-04/frame-000539.color.png -1.104961 -1.048061 0.778874 0.840214 -0.239605 -0.463856 -0.146219

seq-04/frame-000540.color.png -1.110169 -1.047758 0.780265 0.844485 -0.238469 -0.457798 -0.142519

seq-04/frame-000541.color.png -1.117097 -1.048985 0.779587 0.848538 -0.238789 -0.450998 -0.139560

seq-04/frame-000542.color.png -1.121855 -1.046878 0.779197 0.851945 -0.238131 -0.445983 -0.135997

seq-04/frame-000543.color.png -1.121694 -1.046920 0.778642 0.851936 -0.238186 -0.445976 -0.135982

seq-04/frame-000544.color.png -1.127810 -1.047083 0.778888 0.855508 -0.237735 -0.439649 -0.134948

seq-04/frame-000545.color.png -1.133789 -1.047562 0.778666 0.858907 -0.237057 -0.433727 -0.133706

seq-04/frame-000546.color.png -1.137236 -1.044782 0.780180 0.861309 -0.235850 -0.430581 -0.130524

seq-04/frame-000547.color.png -1.143309 -1.046156 0.782022 0.864169 -0.236313 -0.424901 -0.129390

seq-04/frame-000548.color.png -1.150052 -1.049462 0.782561 0.867505 -0.236822 -0.418079 -0.128358

seq-04/frame-000549.color.png -1.154368 -1.049171 0.784075 0.871320 -0.234566 -0.412458 -0.124794

seq-04/frame-000550.color.png -1.154381 -1.049019 0.783874 0.871400 -0.234597 -0.412329 -0.124607

seq-04/frame-000551.color.png -1.158559 -1.049464 0.785353 0.874853 -0.232869 -0.407074 -0.120876

seq-04/frame-000552.color.png -1.162130 -1.050413 0.786624 0.877484 -0.232248 -0.402690 -0.117637

seq-04/frame-000553.color.png -1.164859 -1.052411 0.788352 0.880100 -0.231233 -0.398351 -0.114834

seq-04/frame-000554.color.png -1.167412 -1.054680 0.790438 0.883309 -0.229638 -0.393047 -0.111631

seq-04/frame-000555.color.png -1.168118 -1.054169 0.791571 0.886397 -0.226922 -0.388931 -0.107029

seq-04/frame-000556.color.png -1.169002 -1.054971 0.793450 0.888990 -0.225700 -0.384541 -0.103926

seq-04/frame-000557.color.png -1.168641 -1.054528 0.793878 0.888981 -0.225590 -0.384698 -0.103662

seq-04/frame-000558.color.png -1.169270 -1.057033 0.796539 0.891740 -0.225124 -0.379120 -0.101509

seq-04/frame-000559.color.png -1.169725 -1.057922 0.798770 0.894667 -0.223742 -0.373853 -0.098292

seq-04/frame-000560.color.png -1.170138 -1.059269 0.800248 0.897125 -0.222580 -0.369537 -0.094781

seq-04/frame-000561.color.png -1.169539 -1.059316 0.802477 0.899735 -0.221179 -0.364934 -0.091089

seq-04/frame-000562.color.png -1.168117 -1.060201 0.805412 0.902269 -0.219916 -0.360301 -0.087456

seq-04/frame-000563.color.png -1.167004 -1.062615 0.807892 0.905324 -0.218600 -0.354036 -0.084726

seq-04/frame-000564.color.png -1.165363 -1.063689 0.809753 0.909012 -0.216326 -0.346872 -0.080603

seq-04/frame-000565.color.png -1.163084 -1.063261 0.813114 0.912076 -0.213834 -0.341410 -0.075821

seq-04/frame-000566.color.png -1.163338 -1.063691 0.813443 0.912082 -0.214063 -0.341249 -0.075826

seq-04/frame-000567.color.png -1.160154 -1.064350 0.815738 0.914665 -0.211836 -0.336264 -0.073192

seq-04/frame-000568.color.png -1.157422 -1.063757 0.817964 0.917613 -0.208853 -0.330831 -0.069539

seq-04/frame-000569.color.png -1.154629 -1.064793 0.820906 0.919988 -0.206341 -0.326357 -0.066745

seq-04/frame-000570.color.png -1.150413 -1.065146 0.824619 0.921981 -0.203918 -0.322825 -0.063810

seq-04/frame-000571.color.png -1.147925 -1.065868 0.827302 0.924162 -0.202036 -0.318254 -0.061139

seq-04/frame-000572.color.png -1.144068 -1.064617 0.829754 0.926080 -0.199819 -0.314739 -0.057506

seq-04/frame-000573.color.png -1.141196 -1.066040 0.833530 0.927954 -0.197512 -0.310998 -0.055582

seq-04/frame-000574.color.png -1.141006 -1.066615 0.834011 0.927833 -0.197737 -0.311210 -0.055610

seq-04/frame-000575.color.png -1.136745 -1.063710 0.837681 0.929560 -0.195137 -0.308329 -0.051874

seq-04/frame-000576.color.png -1.131509 -1.063063 0.841982 0.930725 -0.194049 -0.305866 -0.049604

seq-04/frame-000577.color.png -1.127183 -1.065921 0.846716 0.932086 -0.193958 -0.301900 -0.048685

seq-04/frame-000578.color.png -1.121172 -1.063764 0.851866 0.933300 -0.192802 -0.299506 -0.044637

seq-04/frame-000579.color.png -1.115715 -1.065546 0.856356 0.934266 -0.191644 -0.297548 -0.042476

seq-04/frame-000580.color.png -1.110984 -1.071767 0.861706 0.935620 -0.189316 -0.294886 -0.041657

seq-04/frame-000581.color.png -1.103615 -1.071535 0.866953 0.937032 -0.183931 -0.294351 -0.037642

seq-04/frame-000582.color.png -1.103123 -1.071658 0.867653 0.936960 -0.184065 -0.294509 -0.037525

seq-04/frame-000583.color.png -1.095405 -1.071717 0.873739 0.938108 -0.179971 -0.293639 -0.035487

seq-04/frame-000584.color.png -1.088290 -1.073043 0.879528 0.939583 -0.176613 -0.291111 -0.034132

seq-04/frame-000585.color.png -1.080868 -1.072666 0.884810 0.941112 -0.172785 -0.288702 -0.031976

seq-04/frame-000586.color.png -1.073732 -1.073151 0.891051 0.942272 -0.169140 -0.287312 -0.029753

seq-04/frame-000587.color.png -1.064050 -1.073841 0.899596 0.943277 -0.165484 -0.286295 -0.028226

seq-04/frame-000588.color.png -1.054168 -1.071319 0.907202 0.944436 -0.162218 -0.284592 -0.025541

seq-04/frame-000589.color.png -1.045832 -1.071351 0.914129 0.945842 -0.159127 -0.281725 -0.024743

seq-04/frame-000590.color.png -1.036326 -1.068171 0.921987 0.947566 -0.153459 -0.279236 -0.022710

seq-04/frame-000591.color.png -1.027682 -1.068612 0.930320 0.949096 -0.149446 -0.276285 -0.021646

seq-04/frame-000592.color.png -1.027578 -1.068417 0.930335 0.949086 -0.149415 -0.276344 -0.021553

seq-04/frame-000593.color.png -1.019190 -1.066180 0.938280 0.950047 -0.145713 -0.275209 -0.018912

seq-04/frame-000594.color.png -1.010608 -1.065795 0.947407 0.950878 -0.142203 -0.274262 -0.017574

seq-04/frame-000595.color.png -1.002618 -1.062412 0.955344 0.952343 -0.136072 -0.272378 -0.016042

seq-04/frame-000596.color.png -0.995663 -1.057192 0.963649 0.953848 -0.130125 -0.270080 -0.014767

seq-04/frame-000597.color.png -0.988291 -1.052491 0.973753 0.954437 -0.128205 -0.268969 -0.013750

seq-04/frame-000598.color.png -0.983235 -1.051142 0.982631 0.954859 -0.126559 -0.268243 -0.013832

seq-04/frame-000599.color.png -0.977302 -1.048896 0.992396 0.955131 -0.121366 -0.269666 -0.013930

seq-04/frame-000600.color.png -0.971545 -1.045224 1.003459 0.955416 -0.118968 -0.269674 -0.014887

seq-04/frame-000601.color.png -0.970643 -1.044574 1.003826 0.955352 -0.118794 -0.269983 -0.014782

seq-04/frame-000602.color.png -0.967036 -1.044870 1.014140 0.955899 -0.119910 -0.267453 -0.016307

seq-04/frame-000603.color.png -0.964252 -1.045033 1.023194 0.956685 -0.117746 -0.265526 -0.017426

seq-04/frame-000604.color.png -0.959853 -1.039525 1.033334 0.957452 -0.113286 -0.264758 -0.016570

seq-04/frame-000605.color.png -0.956873 -1.039041 1.044353 0.957951 -0.113783 -0.262721 -0.016721

seq-04/frame-000606.color.png -0.955816 -1.036749 1.053258 0.958608 -0.112688 -0.260772 -0.016999

seq-04/frame-000607.color.png -0.954879 -1.034025 1.064027 0.959186 -0.109689 -0.259973 -0.016236

seq-04/frame-000608.color.png -0.955506 -1.033441 1.075136 0.959747 -0.108264 -0.258369 -0.018145

seq-04/frame-000609.color.png -0.954557 -1.032593 1.075133 0.959701 -0.107985 -0.258654 -0.018169

seq-04/frame-000610.color.png -0.956192 -1.030391 1.085067 0.960633 -0.106866 -0.255611 -0.018573

seq-04/frame-000611.color.png -0.957717 -1.027384 1.095678 0.961267 -0.103655 -0.254676 -0.016750

seq-04/frame-000612.color.png -0.960272 -1.024430 1.105431 0.961568 -0.100394 -0.254898 -0.015892

seq-04/frame-000613.color.png -0.963548 -1.020621 1.114863 0.962282 -0.097918 -0.253209 -0.015128

seq-04/frame-000614.color.png -0.966694 -1.018280 1.126276 0.962691 -0.097902 -0.251782 -0.012846

seq-04/frame-000615.color.png -0.970702 -1.015642 1.136936 0.962651 -0.096692 -0.252492 -0.010913

seq-04/frame-000616.color.png -0.976352 -1.013866 1.147001 0.963159 -0.093854 -0.251597 -0.011542

seq-04/frame-000617.color.png -0.982965 -1.010544 1.158405 0.963907 -0.092552 -0.249295 -0.009352

seq-04/frame-000618.color.png -0.988988 -1.008602 1.170300 0.963960 -0.092039 -0.249347 -0.007349

seq-04/frame-000619.color.png -0.989065 -1.008717 1.170247 0.963969 -0.092060 -0.249304 -0.007362

seq-04/frame-000620.color.png -0.997893 -1.008318 1.180258 0.964399 -0.089361 -0.248636 -0.006869

seq-04/frame-000621.color.png -1.005054 -1.007837 1.190878 0.965142 -0.085579 -0.247089 -0.006581

seq-04/frame-000622.color.png -1.013887 -1.007799 1.201170 0.966027 -0.082499 -0.244682 -0.005946

seq-04/frame-000623.color.png -1.022671 -1.008777 1.211585 0.966661 -0.080338 -0.242917 -0.004734

seq-04/frame-000624.color.png -1.031879 -1.009628 1.221825 0.967492 -0.076314 -0.240916 -0.003775

seq-04/frame-000625.color.png -1.040039 -1.010815 1.232796 0.968126 -0.073092 -0.239386 -0.001292

seq-04/frame-000626.color.png -1.039777 -1.010804 1.232917 0.968100 -0.073058 -0.239502 -0.001205

seq-04/frame-000627.color.png -1.049025 -1.010680 1.242901 0.968345 -0.071010 -0.239130 0.000459

seq-04/frame-000628.color.png -1.058696 -1.012284 1.252499 0.969021 -0.068752 -0.237036 -0.002110

seq-04/frame-000629.color.png -1.065590 -1.013117 1.262460 0.969510 -0.066657 -0.235631 -0.001870

seq-04/frame-000630.color.png -1.074097 -1.013145 1.272122 0.969692 -0.066092 -0.235049 -0.000081

seq-04/frame-000631.color.png -1.082076 -1.013577 1.281767 0.970025 -0.064837 -0.234016 -0.001852

seq-04/frame-000632.color.png -1.081903 -1.013313 1.281900 0.970020 -0.064787 -0.234052 -0.001577

seq-04/frame-000633.color.png -1.089293 -1.012312 1.292098 0.970272 -0.060287 -0.234205 -0.001876

seq-04/frame-000634.color.png -1.096116 -1.011415 1.301612 0.970079 -0.057414 -0.235725 -0.001602

seq-04/frame-000635.color.png -1.103627 -1.010986 1.311295 0.969750 -0.057299 -0.237087 -0.003115

seq-04/frame-000636.color.png -1.111372 -1.010391 1.321152 0.969298 -0.058256 -0.238676 -0.004354

seq-04/frame-000637.color.png -1.118931 -1.009966 1.331208 0.968782 -0.058649 -0.240637 -0.005711

seq-04/frame-000638.color.png -1.126143 -1.009297 1.340691 0.968399 -0.057897 -0.242319 -0.007144

seq-04/frame-000639.color.png -1.132499 -1.008771 1.350754 0.967716 -0.059294 -0.244692 -0.007276

seq-04/frame-000640.color.png -1.132164 -1.008152 1.350891 0.967707 -0.059194 -0.244760 -0.006959

seq-04/frame-000641.color.png -1.139387 -1.007011 1.360743 0.966741 -0.061555 -0.247945 -0.007958

seq-04/frame-000642.color.png -1.145133 -1.005559 1.371553 0.965850 -0.062913 -0.251029 -0.008859

seq-04/frame-000643.color.png -1.148903 -1.002554 1.383696 0.964708 -0.063791 -0.255154 -0.009096

seq-04/frame-000644.color.png -1.154484 -1.001090 1.395027 0.963630 -0.067129 -0.258251 -0.011626

seq-04/frame-000645.color.png -1.153852 -1.000426 1.395109 0.963594 -0.066913 -0.258451 -0.011394

seq-04/frame-000646.color.png -1.158371 -1.000694 1.406888 0.962547 -0.070329 -0.261344 -0.013180

seq-04/frame-000647.color.png -1.161166 -0.999990 1.418598 0.961366 -0.069968 -0.265696 -0.014252

seq-04/frame-000648.color.png -1.164373 -0.999586 1.430273 0.960478 -0.069456 -0.268869 -0.016831

seq-04/frame-000649.color.png -1.167310 -0.999110 1.442210 0.959552 -0.070706 -0.271745 -0.018192

seq-04/frame-000650.color.png -1.166919 -0.998683 1.442146 0.959522 -0.070527 -0.271901 -0.018193

seq-04/frame-000651.color.png -1.168776 -0.998190 1.454365 0.958245 -0.071016 -0.276271 -0.017719

seq-04/frame-000652.color.png -1.170803 -0.997782 1.466294 0.957120 -0.070026 -0.280330 -0.018660

seq-04/frame-000653.color.png -1.172184 -0.997692 1.478628 0.956206 -0.070584 -0.283233 -0.019593

seq-04/frame-000654.color.png -1.173288 -0.998096 1.491524 0.955130 -0.070731 -0.286803 -0.019599

seq-04/frame-000655.color.png -1.172619 -0.998076 1.491895 0.955039 -0.070763 -0.287095 -0.019621

seq-04/frame-000656.color.png -1.173386 -0.998267 1.504777 0.954020 -0.068064 -0.291096 -0.019807

seq-04/frame-000657.color.png -1.173796 -0.998472 1.517402 0.953272 -0.064538 -0.294185 -0.021873

seq-04/frame-000658.color.png -1.174268 -0.999185 1.531096 0.952589 -0.063227 -0.296650 -0.022140

seq-04/frame-000659.color.png -1.173856 -1.000782 1.543872 0.951545 -0.062015 -0.300192 -0.022741

seq-04/frame-000660.color.png -1.173587 -1.000747 1.543892 0.951516 -0.061935 -0.300299 -0.022745

seq-04/frame-000661.color.png -1.173886 -1.003050 1.556384 0.951072 -0.060550 -0.301919 -0.023591

seq-04/frame-000662.color.png -1.173115 -1.003885 1.569548 0.950636 -0.059499 -0.303566 -0.022669

seq-04/frame-000663.color.png -1.172249 -1.006140 1.582913 0.950019 -0.058801 -0.305638 -0.022526

seq-04/frame-000664.color.png -1.171542 -1.007788 1.595683 0.949568 -0.057723 -0.307272 -0.022058

seq-04/frame-000665.color.png -1.170193 -1.009316 1.608723 0.948884 -0.057190 -0.309538 -0.021178

seq-04/frame-000666.color.png -1.169739 -1.009359 1.608899 0.948835 -0.057194 -0.309693 -0.021117

seq-04/frame-000667.color.png -1.169226 -1.010989 1.621461 0.948463 -0.056073 -0.310984 -0.021854

seq-04/frame-000668.color.png -1.168978 -1.013951 1.633829 0.948632 -0.055725 -0.310435 -0.023177

seq-04/frame-000669.color.png -1.167567 -1.015629 1.646811 0.948489 -0.055824 -0.310906 -0.022457

seq-04/frame-000670.color.png -1.167768 -1.015584 1.646732 0.948523 -0.055885 -0.310791 -0.022472

seq-04/frame-000671.color.png -1.166232 -1.016902 1.659580 0.948065 -0.056010 -0.312219 -0.021665

seq-04/frame-000672.color.png -1.165471 -1.019061 1.671110 0.947982 -0.056363 -0.312242 -0.023948

seq-04/frame-000673.color.png -1.164056 -1.021208 1.682854 0.948117 -0.057433 -0.311600 -0.024413

seq-04/frame-000674.color.png -1.163809 -1.020935 1.682723 0.948102 -0.057265 -0.311676 -0.024386

seq-04/frame-000675.color.png -1.162179 -1.022938 1.694275 0.947971 -0.058273 -0.311907 -0.024145

seq-04/frame-000676.color.png -1.160485 -1.024834 1.704555 0.948156 -0.058055 -0.311296 -0.025295

seq-04/frame-000677.color.png -1.158353 -1.026195 1.714622 0.948394 -0.059131 -0.310387 -0.025035

seq-04/frame-000678.color.png -1.155997 -1.026996 1.724141 0.948237 -0.060819 -0.310527 -0.025180

seq-04/frame-000679.color.png -1.153645 -1.028892 1.732968 0.948355 -0.062151 -0.309756 -0.026927

seq-04/frame-000680.color.png -1.153385 -1.029123 1.733208 0.948313 -0.062234 -0.309874 -0.026865

seq-04/frame-000681.color.png -1.150784 -1.030350 1.741669 0.948843 -0.063858 -0.307900 -0.027028

seq-04/frame-000682.color.png -1.147079 -1.030996 1.750316 0.949191 -0.065006 -0.306638 -0.026409

seq-04/frame-000683.color.png -1.144105 -1.033180 1.757563 0.949865 -0.066696 -0.304154 -0.026682

seq-04/frame-000684.color.png -1.140434 -1.034162 1.764251 0.950737 -0.068569 -0.301041 -0.026181

seq-04/frame-000685.color.png -1.139888 -1.034054 1.764510 0.950666 -0.068560 -0.301272 -0.026132

seq-04/frame-000686.color.png -1.136506 -1.035002 1.770255 0.951734 -0.070109 -0.297574 -0.025513

seq-04/frame-000687.color.png -1.133045 -1.035951 1.774901 0.952821 -0.072170 -0.293620 -0.025003

seq-04/frame-000688.color.png -1.129735 -1.036520 1.778421 0.954315 -0.073928 -0.288289 -0.024921

seq-04/frame-000689.color.png -1.125089 -1.037193 1.782280 0.955819 -0.075607 -0.282936 -0.023558

seq-04/frame-000690.color.png -1.125166 -1.036865 1.781959 0.955833 -0.075356 -0.282958 -0.023521

seq-04/frame-000691.color.png -1.120485 -1.037041 1.785393 0.957048 -0.077230 -0.278422 -0.022127

seq-04/frame-000692.color.png -1.116661 -1.038153 1.787814 0.958352 -0.079160 -0.273186 -0.024046

seq-04/frame-000693.color.png -1.112886 -1.039735 1.789738 0.959822 -0.080875 -0.267351 -0.025282

seq-04/frame-000694.color.png -1.108315 -1.040292 1.791065 0.961216 -0.080939 -0.262319 -0.024813

seq-04/frame-000695.color.png -1.109069 -1.041090 1.791064 0.961269 -0.081289 -0.262011 -0.024868

seq-04/frame-000696.color.png -1.104459 -1.041783 1.791830 0.962814 -0.081230 -0.256242 -0.025395

seq-04/frame-000697.color.png -1.099922 -1.043672 1.792349 0.964551 -0.081922 -0.249346 -0.025922

seq-04/frame-000698.color.png -1.094295 -1.043924 1.792622 0.966281 -0.081261 -0.242922 -0.024517

seq-04/frame-000699.color.png -1.094494 -1.044337 1.792622 0.966274 -0.081361 -0.242893 -0.024740

seq-04/frame-000700.color.png -1.087707 -1.043039 1.793258 0.967981 -0.081475 -0.236169 -0.022636

seq-04/frame-000701.color.png -1.081237 -1.042764 1.793595 0.969517 -0.082500 -0.229490 -0.021902

seq-04/frame-000702.color.png -1.075275 -1.042272 1.793556 0.971027 -0.083437 -0.222688 -0.021656

seq-04/frame-000703.color.png -1.075314 -1.042322 1.793401 0.971029 -0.083318 -0.222695 -0.021964

seq-04/frame-000704.color.png -1.069028 -1.040626 1.793039 0.972585 -0.084166 -0.215569 -0.020980

seq-04/frame-000705.color.png -1.062239 -1.039996 1.792915 0.973964 -0.085915 -0.208623 -0.020097

seq-04/frame-000706.color.png -1.054877 -1.038290 1.792616 0.975121 -0.087966 -0.202427 -0.018399

seq-04/frame-000707.color.png -1.054398 -1.038874 1.792715 0.975088 -0.088017 -0.202523 -0.018866

seq-04/frame-000708.color.png -1.049215 -1.038910 1.790730 0.976346 -0.089598 -0.195616 -0.019242

seq-04/frame-000709.color.png -1.041886 -1.035146 1.789763 0.977582 -0.090985 -0.188968 -0.016138

seq-04/frame-000710.color.png -1.035796 -1.034234 1.787505 0.978663 -0.093171 -0.182382 -0.013748

seq-04/frame-000711.color.png -1.036077 -1.034758 1.787490 0.978678 -0.093305 -0.182213 -0.014013

seq-04/frame-000712.color.png -1.031279 -1.034233 1.784203 0.979617 -0.096208 -0.175644 -0.012596

seq-04/frame-000713.color.png -1.026978 -1.035174 1.780155 0.980730 -0.099773 -0.167156 -0.013704

seq-04/frame-000714.color.png -1.027329 -1.035726 1.780050 0.980757 -0.099932 -0.166874 -0.014053

seq-04/frame-000715.color.png -1.019214 -1.034707 1.776466 0.981771 -0.102441 -0.159341 -0.012505

seq-04/frame-000716.color.png -1.012327 -1.033757 1.772480 0.982634 -0.104657 -0.152459 -0.012150

seq-04/frame-000717.color.png -1.005947 -1.034054 1.768648 0.983287 -0.108133 -0.145572 -0.013301

seq-04/frame-000718.color.png -1.005649 -1.034526 1.768457 0.983300 -0.108121 -0.145470 -0.013559

seq-04/frame-000719.color.png -1.000662 -1.033108 1.764668 0.983960 -0.111074 -0.138524 -0.014503

seq-04/frame-000720.color.png -0.996410 -1.032586 1.760323 0.984671 -0.113155 -0.131493 -0.015609

seq-04/frame-000721.color.png -0.996258 -1.032405 1.760382 0.984654 -0.113023 -0.131722 -0.015697

seq-04/frame-000722.color.png -0.990420 -1.031536 1.756740 0.985248 -0.115609 -0.124970 -0.014779

seq-04/frame-000723.color.png -0.985222 -1.031100 1.753308 0.985637 -0.118316 -0.119336 -0.013952

seq-04/frame-000724.color.png -0.978564 -1.030204 1.750187 0.985961 -0.120647 -0.114362 -0.012712

seq-04/frame-000725.color.png -0.978562 -1.030345 1.750253 0.985966 -0.120741 -0.114211 -0.012785

seq-04/frame-000726.color.png -0.972102 -1.030540 1.747234 0.986143 -0.124253 -0.108945 -0.011361

seq-04/frame-000727.color.png -0.964779 -1.030448 1.744437 0.986058 -0.129570 -0.103417 -0.010991

seq-04/frame-000728.color.png -0.964710 -1.030533 1.744541 0.986049 -0.129642 -0.103407 -0.010994

seq-04/frame-000729.color.png -0.956798 -1.028913 1.741631 0.985853 -0.134349 -0.099211 -0.010720

seq-04/frame-000730.color.png -0.947595 -1.026483 1.738735 0.985806 -0.137248 -0.095648 -0.010722

seq-04/frame-000731.color.png -0.947751 -1.026170 1.738828 0.985802 -0.137306 -0.095576 -0.010977

seq-04/frame-000732.color.png -0.938392 -1.026018 1.736413 0.985573 -0.141547 -0.091789 -0.009910

seq-04/frame-000733.color.png -0.938026 -1.026141 1.736558 0.985561 -0.141657 -0.091782 -0.009607

seq-04/frame-000734.color.png -0.929017 -1.024346 1.734515 0.985090 -0.146754 -0.088869 -0.008728

seq-04/frame-000735.color.png -0.920949 -1.020744 1.732129 0.984900 -0.149885 -0.085618 -0.009430

seq-04/frame-000736.color.png -0.921058 -1.020598 1.732211 0.984894 -0.149897 -0.085674 -0.009364

seq-04/frame-000737.color.png -0.912938 -1.018949 1.730403 0.984717 -0.153073 -0.082137 -0.008254

seq-04/frame-000738.color.png -0.904275 -1.018336 1.729319 0.984164 -0.157842 -0.079817 -0.007054

seq-04/frame-000739.color.png -0.904728 -1.017822 1.728893 0.984222 -0.157493 -0.079783 -0.007179

seq-04/frame-000740.color.png -0.895426 -1.015848 1.727721 0.983649 -0.161935 -0.077956 -0.006902

seq-04/frame-000741.color.png -0.887072 -1.014418 1.727201 0.982962 -0.166994 -0.075938 -0.006782

seq-04/frame-000742.color.png -0.886875 -1.014298 1.727222 0.982958 -0.167035 -0.075893 -0.006838

seq-04/frame-000743.color.png -0.877314 -1.013323 1.726820 0.982083 -0.172851 -0.074110 -0.007479

seq-04/frame-000744.color.png -0.868787 -1.010395 1.725304 0.981578 -0.176840 -0.071207 -0.008689

seq-04/frame-000745.color.png -0.869004 -1.010407 1.725179 0.981589 -0.176782 -0.071208 -0.008564

seq-04/frame-000746.color.png -0.859455 -1.010895 1.724769 0.981023 -0.180455 -0.069858 -0.007959

seq-04/frame-000747.color.png -0.860212 -1.010917 1.724674 0.981031 -0.180422 -0.069836 -0.007890

seq-04/frame-000748.color.png -0.850692 -1.010316 1.724479 0.980213 -0.184897 -0.069660 -0.007418

seq-04/frame-000749.color.png -0.838204 -1.008708 1.723487 0.979485 -0.188675 -0.069838 -0.006807

seq-04/frame-000750.color.png -0.838699 -1.008738 1.723446 0.979487 -0.188663 -0.069855 -0.006716

seq-04/frame-000751.color.png -0.825973 -1.008123 1.723069 0.978646 -0.193249 -0.069103 -0.006700

seq-04/frame-000752.color.png -0.814205 -1.007165 1.722168 0.977776 -0.197873 -0.068294 -0.006937

seq-04/frame-000753.color.png -0.813782 -1.007304 1.722260 0.977756 -0.197975 -0.068277 -0.006974

seq-04/frame-000754.color.png -0.801093 -1.006620 1.721069 0.977044 -0.201536 -0.068170 -0.005851

seq-04/frame-000755.color.png -0.787370 -1.006903 1.719769 0.976402 -0.204760 -0.067897 -0.003790

seq-04/frame-000756.color.png -0.786548 -1.006721 1.719706 0.976418 -0.204670 -0.067940 -0.003911

seq-04/frame-000757.color.png -0.772461 -1.005369 1.717321 0.976187 -0.206067 -0.067068 -0.003207

seq-04/frame-000758.color.png -0.771206 -1.005091 1.717255 0.976201 -0.205944 -0.067231 -0.003273

seq-04/frame-000759.color.png -0.756143 -1.005233 1.714645 0.976111 -0.207069 -0.065050 -0.003148

seq-04/frame-000760.color.png -0.756457 -1.005055 1.714613 0.976122 -0.206986 -0.065150 -0.003066

seq-04/frame-000761.color.png -0.740012 -1.005838 1.712087 0.976027 -0.208346 -0.062172 -0.003206

seq-04/frame-000762.color.png -0.738128 -1.005745 1.712110 0.976020 -0.208372 -0.062181 -0.003285

seq-04/frame-000763.color.png -0.722158 -1.006995 1.709477 0.975616 -0.210720 -0.060644 -0.002066

seq-04/frame-000764.color.png -0.707432 -1.007382 1.706262 0.975319 -0.212160 -0.060412 -0.001308

seq-04/frame-000765.color.png -0.707974 -1.007918 1.706368 0.975272 -0.212427 -0.060242 -0.001292

seq-04/frame-000766.color.png -0.691477 -1.008496 1.702799 0.975223 -0.213001 -0.059002 -0.000632

seq-04/frame-000767.color.png -0.691639 -1.008605 1.702824 0.975207 -0.213056 -0.059072 -0.000576

seq-04/frame-000768.color.png -0.674327 -1.008434 1.699278 0.975221 -0.213403 -0.057573 0.000086

seq-04/frame-000769.color.png -0.676148 -1.008901 1.699362 0.975173 -0.213641 -0.057501 0.000182

seq-04/frame-000770.color.png -0.661598 -1.009840 1.695914 0.974794 -0.215667 -0.056348 0.000641

seq-04/frame-000771.color.png -0.660942 -1.010427 1.696228 0.974715 -0.216029 -0.056318 0.000859

seq-04/frame-000772.color.png -0.648146 -1.010349 1.691679 0.974293 -0.218266 -0.054971 0.001513

seq-04/frame-000773.color.png -0.648456 -1.010803 1.691657 0.974236 -0.218541 -0.054866 0.001854

seq-04/frame-000774.color.png -0.633285 -1.011057 1.687386 0.973749 -0.221079 -0.053255 0.003197

seq-04/frame-000775.color.png -0.632964 -1.011594 1.687449 0.973675 -0.221434 -0.053119 0.003605

seq-04/frame-000776.color.png -0.617834 -1.012115 1.682800 0.973146 -0.223884 -0.052449 0.004595

seq-04/frame-000777.color.png -0.617187 -1.012279 1.682774 0.973122 -0.223998 -0.052390 0.004796

seq-04/frame-000778.color.png -0.606118 -1.011267 1.677460 0.972853 -0.225724 -0.050062 0.002898

seq-04/frame-000779.color.png -0.605398 -1.010906 1.677317 0.972895 -0.225545 -0.050055 0.002991

seq-04/frame-000780.color.png -0.592897 -1.010830 1.672242 0.972180 -0.229521 -0.045764 0.001416

seq-04/frame-000781.color.png -0.580293 -1.010386 1.667404 0.971314 -0.233449 -0.044233 0.002132

seq-04/frame-000782.color.png -0.580327 -1.010355 1.667486 0.971319 -0.233399 -0.044385 0.001980

seq-04/frame-000783.color.png -0.568562 -1.008760 1.661305 0.971119 -0.234546 -0.042673 0.002309

seq-04/frame-000784.color.png -0.568562 -1.008804 1.661459 0.971100 -0.234580 -0.042913 0.002224

seq-04/frame-000785.color.png -0.559739 -1.006786 1.655008 0.970879 -0.236247 -0.038527 0.002485

seq-04/frame-000786.color.png -0.551529 -1.006456 1.649719 0.970038 -0.239969 -0.036420 0.004816

seq-04/frame-000787.color.png -0.551313 -1.006510 1.649800 0.970004 -0.240089 -0.036506 0.004973

seq-04/frame-000788.color.png -0.541206 -1.005852 1.643849 0.969239 -0.243166 -0.036053 0.007441

seq-04/frame-000789.color.png -0.541712 -1.005702 1.643536 0.969254 -0.243114 -0.035974 0.007498

seq-04/frame-000790.color.png -0.534140 -1.003907 1.637767 0.969196 -0.243506 -0.034605 0.008717

seq-04/frame-000791.color.png -0.528074 -1.003073 1.631523 0.969207 -0.243657 -0.032774 0.010185

seq-04/frame-000792.color.png -0.528060 -1.003304 1.631689 0.969178 -0.243779 -0.032690 0.010300

seq-04/frame-000793.color.png -0.521834 -1.002409 1.625522 0.969238 -0.243576 -0.031599 0.012608

seq-04/frame-000794.color.png -0.521829 -1.002383 1.625661 0.969237 -0.243559 -0.031795 0.012493

seq-04/frame-000795.color.png -0.516739 -1.001587 1.619072 0.969227 -0.243350 -0.031789 0.016680

seq-04/frame-000796.color.png -0.511243 -1.001225 1.612789 0.968879 -0.244511 -0.031898 0.019448

seq-04/frame-000797.color.png -0.510903 -1.001210 1.612874 0.968879 -0.244512 -0.031872 0.019494

seq-04/frame-000798.color.png -0.504247 -0.999938 1.606341 0.968819 -0.244735 -0.030818 0.021253

seq-04/frame-000799.color.png -0.499471 -0.998451 1.598539 0.969060 -0.243778 -0.028345 0.024474

seq-04/frame-000800.color.png -0.499776 -0.998379 1.598542 0.969063 -0.243768 -0.028413 0.024382

seq-04/frame-000801.color.png -0.493861 -0.997366 1.590868 0.969239 -0.242960 -0.026702 0.027223

seq-04/frame-000802.color.png -0.494098 -0.997242 1.590633 0.969256 -0.242902 -0.026554 0.027294

seq-04/frame-000803.color.png -0.489045 -0.995807 1.582209 0.969207 -0.243284 -0.022652 0.029092

seq-04/frame-000804.color.png -0.484035 -0.995917 1.575022 0.969271 -0.243280 -0.018572 0.029850

seq-04/frame-000805.color.png -0.483781 -0.995731 1.574835 0.969298 -0.243170 -0.018507 0.029902

seq-04/frame-000806.color.png -0.478557 -0.995468 1.565524 0.970079 -0.239885 -0.015877 0.032530

seq-04/frame-000807.color.png -0.478727 -0.995419 1.565345 0.970083 -0.239871 -0.015814 0.032540

seq-04/frame-000808.color.png -0.473404 -0.995290 1.554781 0.970835 -0.236357 -0.012890 0.036827

seq-04/frame-000809.color.png -0.469783 -0.994578 1.544007 0.971256 -0.234267 -0.008756 0.040154

seq-04/frame-000810.color.png -0.470078 -0.994532 1.543882 0.971260 -0.234256 -0.008714 0.040114

seq-04/frame-000811.color.png -0.465911 -0.994513 1.533203 0.971620 -0.232509 -0.005357 0.042111

seq-04/frame-000812.color.png -0.462109 -0.994323 1.522049 0.971887 -0.231231 -0.000446 0.043289

seq-04/frame-000813.color.png -0.462545 -0.994374 1.521946 0.971878 -0.231268 -0.000269 0.043308

seq-04/frame-000814.color.png -0.459677 -0.993739 1.509900 0.972112 -0.230177 0.005161 0.043559

seq-04/frame-000815.color.png -0.460044 -0.993672 1.509673 0.972111 -0.230157 0.005419 0.043652

seq-04/frame-000816.color.png -0.456268 -0.993325 1.497997 0.972457 -0.228557 0.009752 0.043604

seq-04/frame-000817.color.png -0.453311 -0.992726 1.484866 0.973011 -0.225826 0.014570 0.044122

seq-04/frame-000818.color.png -0.453967 -0.992390 1.484464 0.973033 -0.225697 0.014845 0.044205

seq-04/frame-000819.color.png -0.452517 -0.990496 1.470314 0.973343 -0.224019 0.017816 0.044818

seq-04/frame-000820.color.png -0.449494 -0.986721 1.455935 0.973251 -0.224177 0.019952 0.045127

seq-04/frame-000821.color.png -0.450092 -0.986562 1.455805 0.973253 -0.224134 0.020112 0.045213

seq-04/frame-000822.color.png -0.447154 -0.982365 1.441719 0.972593 -0.226516 0.023356 0.045988

seq-04/frame-000823.color.png -0.447268 -0.982454 1.441702 0.972578 -0.226580 0.023374 0.045980

seq-04/frame-000824.color.png -0.443982 -0.981595 1.429963 0.971752 -0.229534 0.024784 0.048011

seq-04/frame-000825.color.png -0.439140 -0.978832 1.416293 0.971267 -0.230857 0.025834 0.050846

seq-04/frame-000826.color.png -0.438437 -0.979148 1.416713 0.971252 -0.230966 0.025534 0.050772

seq-04/frame-000827.color.png -0.434192 -0.976861 1.403287 0.970929 -0.232128 0.026782 0.051003

seq-04/frame-000828.color.png -0.429772 -0.974339 1.390096 0.970574 -0.233543 0.029123 0.050017

seq-04/frame-000829.color.png -0.429646 -0.974755 1.390478 0.970546 -0.233710 0.028919 0.049902

seq-04/frame-000830.color.png -0.424392 -0.972214 1.378002 0.970167 -0.235087 0.031785 0.049038

seq-04/frame-000831.color.png -0.418785 -0.970515 1.366001 0.969753 -0.236444 0.034642 0.048782

seq-04/frame-000832.color.png -0.418330 -0.970766 1.366048 0.969713 -0.236566 0.034696 0.048939

seq-04/frame-000833.color.png -0.413361 -0.968475 1.354029 0.969303 -0.237872 0.038087 0.048198

seq-04/frame-000834.color.png -0.407442 -0.965753 1.341462 0.968641 -0.239825 0.042618 0.048030

seq-04/frame-000835.color.png -0.407318 -0.965497 1.341420 0.968677 -0.239700 0.042471 0.048070

seq-04/frame-000836.color.png -0.399552 -0.963559 1.330412 0.968014 -0.242062 0.043950 0.048260

seq-04/frame-000837.color.png -0.399953 -0.963495 1.330099 0.967992 -0.242063 0.044235 0.048433

seq-04/frame-000838.color.png -0.392883 -0.962576 1.320732 0.967474 -0.243630 0.046661 0.048649

seq-04/frame-000839.color.png -0.385528 -0.960578 1.311238 0.967037 -0.244677 0.049386 0.049370

seq-04/frame-000840.color.png -0.386093 -0.960580 1.311200 0.967022 -0.244684 0.049520 0.049503

seq-04/frame-000841.color.png -0.378658 -0.959374 1.303135 0.966787 -0.244886 0.051954 0.050588

seq-04/frame-000842.color.png -0.371132 -0.957257 1.294644 0.966397 -0.244900 0.056794 0.052730

seq-04/frame-000843.color.png -0.371367 -0.957378 1.294565 0.966370 -0.244987 0.056862 0.052740

seq-04/frame-000844.color.png -0.363873 -0.957139 1.288093 0.966136 -0.244899 0.060023 0.053919

seq-04/frame-000845.color.png -0.363921 -0.956972 1.287990 0.966146 -0.244859 0.059994 0.053955

seq-04/frame-000846.color.png -0.355631 -0.956643 1.281732 0.966119 -0.243961 0.063385 0.054621

seq-04/frame-000847.color.png -0.348705 -0.955612 1.275309 0.966264 -0.242222 0.066694 0.055849

seq-04/frame-000848.color.png -0.348510 -0.955581 1.275256 0.966277 -0.242220 0.066555 0.055792

seq-04/frame-000849.color.png -0.340447 -0.954523 1.269686 0.966606 -0.240057 0.067681 0.058046

seq-04/frame-000850.color.png -0.331107 -0.952691 1.264375 0.966963 -0.238249 0.068796 0.058233

seq-04/frame-000851.color.png -0.323275 -0.951043 1.260291 0.967032 -0.237500 0.070132 0.058550

seq-04/frame-000852.color.png -0.323455 -0.950855 1.260354 0.967058 -0.237418 0.070107 0.058488

seq-04/frame-000853.color.png -0.314572 -0.949592 1.257241 0.967208 -0.236543 0.070001 0.059663

seq-04/frame-000854.color.png -0.303396 -0.947539 1.254613 0.967517 -0.235217 0.069776 0.060156

seq-04/frame-000855.color.png -0.303455 -0.947389 1.254467 0.967546 -0.235129 0.069705 0.060115

seq-04/frame-000856.color.png -0.293836 -0.946850 1.253397 0.967812 -0.233979 0.069852 0.060159

seq-04/frame-000857.color.png -0.282899 -0.945142 1.252599 0.968398 -0.231856 0.068798 0.060165

seq-04/frame-000858.color.png -0.283263 -0.944796 1.252416 0.968430 -0.231715 0.068800 0.060191

seq-04/frame-000859.color.png -0.270668 -0.940236 1.250628 0.969152 -0.228950 0.067953 0.060103

seq-04/frame-000860.color.png -0.257149 -0.936449 1.250098 0.969675 -0.227520 0.066984 0.058161

seq-04/frame-000861.color.png -0.243823 -0.931229 1.249795 0.970013 -0.226689 0.066598 0.056172

seq-04/frame-000862.color.png -0.243923 -0.931623 1.249992 0.969963 -0.226849 0.066731 0.056227

seq-04/frame-000863.color.png -0.229159 -0.927868 1.250766 0.970289 -0.226263 0.063997 0.056152

seq-04/frame-000864.color.png -0.211622 -0.923981 1.251946 0.971034 -0.224164 0.061029 0.054979

seq-04/frame-000865.color.png -0.212007 -0.923873 1.252026 0.971058 -0.224110 0.060903 0.054919

seq-04/frame-000866.color.png -0.194452 -0.917347 1.251583 0.972091 -0.220962 0.058268 0.052193

seq-04/frame-000867.color.png -0.179791 -0.909878 1.249927 0.972326 -0.220932 0.055853 0.050545

seq-04/frame-000868.color.png -0.161970 -0.911184 1.256002 0.972180 -0.222559 0.054744 0.047330

seq-04/frame-000869.color.png -0.162579 -0.910730 1.255679 0.972217 -0.222407 0.054762 0.047280

seq-04/frame-000870.color.png -0.147170 -0.908229 1.258270 0.973878 -0.216237 0.052614 0.044029

seq-04/frame-000871.color.png -0.128683 -0.898840 1.255990 0.975789 -0.208737 0.047791 0.043412

seq-04/frame-000872.color.png -0.128837 -0.898617 1.255830 0.975814 -0.208653 0.047742 0.043317

seq-04/frame-000873.color.png -0.113758 -0.893934 1.256888 0.976477 -0.206402 0.045438 0.041586

seq-04/frame-000874.color.png -0.098860 -0.888847 1.258090 0.977536 -0.202745 0.041362 0.038864

seq-04/frame-000875.color.png -0.082359 -0.882879 1.258239 0.978426 -0.199659 0.035447 0.038283

seq-04/frame-000876.color.png -0.082266 -0.882773 1.258298 0.978440 -0.199632 0.035370 0.038136

seq-04/frame-000877.color.png -0.066702 -0.877024 1.258655 0.978592 -0.199692 0.032183 0.036717

seq-04/frame-000878.color.png -0.056546 -0.872817 1.259921 0.978679 -0.200147 0.030950 0.032781

seq-04/frame-000879.color.png -0.046549 -0.868968 1.260426 0.979556 -0.197223 0.025448 0.028796

seq-04/frame-000880.color.png -0.046759 -0.868927 1.260377 0.979549 -0.197225 0.025581 0.028912

seq-04/frame-000881.color.png -0.032171 -0.863353 1.259152 0.980471 -0.193684 0.019300 0.026354

seq-04/frame-000882.color.png -0.022145 -0.859056 1.257938 0.980648 -0.193326 0.017021 0.023849

seq-04/frame-000883.color.png -0.015404 -0.857269 1.257307 0.980599 -0.193876 0.015745 0.022205

seq-04/frame-000884.color.png -0.015209 -0.856821 1.257269 0.980641 -0.193695 0.015587 0.022038

seq-04/frame-000885.color.png -0.007594 -0.853736 1.255186 0.981192 -0.191146 0.012782 0.021562

seq-04/frame-000886.color.png 0.001608 -0.851889 1.252489 0.981611 -0.189113 0.010156 0.021829

seq-04/frame-000887.color.png 0.007386 -0.847969 1.249582 0.982088 -0.186631 0.009177 0.022173

seq-04/frame-000888.color.png 0.007429 -0.848415 1.249698 0.982058 -0.186766 0.009251 0.022324

seq-04/frame-000889.color.png 0.013212 -0.844569 1.245302 0.982995 -0.181997 0.005937 0.021571

seq-04/frame-000890.color.png 0.021977 -0.840028 1.240701 0.983718 -0.178253 0.003150 0.020462

seq-04/frame-000891.color.png 0.026348 -0.836784 1.236371 0.983884 -0.177354 0.003564 0.020238

seq-04/frame-000892.color.png 0.026226 -0.836671 1.236323 0.983890 -0.177328 0.003516 0.020162

seq-04/frame-000893.color.png 0.028686 -0.834032 1.231303 0.984451 -0.174376 0.002714 0.018564

seq-04/frame-000894.color.png 0.033554 -0.829338 1.225381 0.985495 -0.168669 0.001950 0.015795

seq-04/frame-000895.color.png 0.037586 -0.824735 1.219451 0.986196 -0.164661 0.002515 0.014198

seq-04/frame-000896.color.png 0.037357 -0.824095 1.219121 0.986233 -0.164441 0.002494 0.014148

seq-04/frame-000897.color.png 0.039940 -0.819653 1.212673 0.986794 -0.161140 0.001213 0.013181

seq-04/frame-000898.color.png 0.044057 -0.814507 1.205475 0.987475 -0.157066 -0.000161 0.011281

seq-04/frame-000899.color.png 0.043497 -0.814741 1.205300 0.987458 -0.157179 -0.000058 0.011207

seq-04/frame-000900.color.png 0.046478 -0.811264 1.197951 0.987942 -0.154113 0.001953 0.010950

seq-04/frame-000901.color.png 0.046980 -0.807339 1.189781 0.988700 -0.149162 0.002891 0.010843

seq-04/frame-000902.color.png 0.050232 -0.801403 1.180605 0.989822 -0.141524 0.002266 0.010995

seq-04/frame-000903.color.png 0.055946 -0.796101 1.170605 0.990693 -0.135275 0.002063 0.011289

seq-04/frame-000904.color.png 0.057453 -0.789970 1.160950 0.991059 -0.132488 0.003430 0.011873

seq-04/frame-000905.color.png 0.059284 -0.786649 1.152629 0.991097 -0.132293 0.003880 0.010670

seq-04/frame-000906.color.png 0.061490 -0.779297 1.144428 0.991394 -0.130187 0.005069 0.008197

seq-04/frame-000907.color.png 0.062339 -0.771735 1.135999 0.991787 -0.127097 0.007212 0.007505

seq-04/frame-000908.color.png 0.064743 -0.765360 1.127582 0.992183 -0.123941 0.007126 0.007991

seq-04/frame-000909.color.png 0.069088 -0.758497 1.120049 0.992482 -0.121585 0.005756 0.008164

seq-04/frame-000910.color.png 0.068707 -0.758345 1.120002 0.992484 -0.121579 0.005783 0.008046

seq-04/frame-000911.color.png 0.073115 -0.752095 1.113202 0.992473 -0.121725 0.004503 0.007945

seq-04/frame-000912.color.png 0.074910 -0.744153 1.107104 0.992608 -0.120809 0.002620 0.005635

seq-04/frame-000913.color.png 0.075057 -0.743841 1.107071 0.992625 -0.120674 0.002439 0.005565

seq-04/frame-000914.color.png 0.079395 -0.740002 1.101789 0.992947 -0.118101 -0.001429 0.002983

seq-04/frame-000915.color.png 0.086039 -0.734039 1.096876 0.993275 -0.115296 -0.003927 0.000632

seq-04/frame-000916.color.png 0.090628 -0.729076 1.092694 0.993260 -0.115383 -0.004878 -0.000910

seq-04/frame-000917.color.png 0.093930 -0.721240 1.089110 0.993522 -0.112866 -0.008338 -0.002873

seq-04/frame-000918.color.png 0.093670 -0.721417 1.089108 0.993517 -0.112911 -0.008316 -0.002906

seq-04/frame-000919.color.png 0.101362 -0.716310 1.085820 0.993863 -0.109364 -0.012923 -0.003439

seq-04/frame-000920.color.png 0.109867 -0.711300 1.083387 0.994081 -0.106608 -0.017904 -0.004436

seq-04/frame-000921.color.png 0.119285 -0.705382 1.081631 0.994234 -0.104080 -0.023120 -0.005959

seq-04/frame-000922.color.png 0.118721 -0.705843 1.081650 0.994213 -0.104288 -0.023042 -0.005996

seq-04/frame-000923.color.png 0.128244 -0.700622 1.080678 0.994347 -0.101764 -0.027540 -0.007940

seq-04/frame-000924.color.png 0.137621 -0.695472 1.079569 0.994611 -0.097385 -0.032774 -0.009687

seq-04/frame-000925.color.png 0.148351 -0.690627 1.078909 0.994876 -0.092160 -0.038691 -0.011624

seq-04/frame-000926.color.png 0.148013 -0.690896 1.078915 0.994869 -0.092303 -0.038489 -0.011748

seq-04/frame-000927.color.png 0.159279 -0.685777 1.078849 0.995002 -0.088445 -0.043182 -0.013637

seq-04/frame-000928.color.png 0.170257 -0.682510 1.078079 0.995076 -0.085592 -0.046671 -0.014932

seq-04/frame-000929.color.png 0.180175 -0.677803 1.077965 0.995189 -0.080856 -0.051638 -0.017259

seq-04/frame-000930.color.png 0.179813 -0.677673 1.077991 0.995186 -0.080842 -0.051647 -0.017485

seq-04/frame-000931.color.png 0.191557 -0.671084 1.077190 0.995412 -0.075846 -0.054313 -0.018852

seq-04/frame-000932.color.png 0.199503 -0.664828 1.076652 0.995607 -0.071901 -0.055902 -0.019344

seq-04/frame-000933.color.png 0.210841 -0.658808 1.076218 0.995730 -0.067426 -0.059300 -0.019044

seq-04/frame-000934.color.png 0.211164 -0.658736 1.076221 0.995732 -0.067362 -0.059334 -0.019034

seq-04/frame-000935.color.png 0.218772 -0.650522 1.076118 0.995858 -0.064001 -0.061294 -0.017793

seq-04/frame-000936.color.png 0.227760 -0.643511 1.075997 0.995744 -0.064361 -0.063114 -0.016455

seq-04/frame-000937.color.png 0.234234 -0.634110 1.076735 0.995602 -0.064560 -0.064926 -0.017224

seq-04/frame-000938.color.png 0.234216 -0.634281 1.076763 0.995588 -0.064558 -0.065108 -0.017324

seq-04/frame-000939.color.png 0.240444 -0.626540 1.076719 0.995593 -0.063757 -0.065631 -0.017994

seq-04/frame-000940.color.png 0.246470 -0.619038 1.076289 0.995557 -0.061971 -0.067973 -0.017542

seq-04/frame-000941.color.png 0.255005 -0.610210 1.075801 0.995403 -0.060905 -0.071145 -0.017425

seq-04/frame-000942.color.png 0.262993 -0.602195 1.075965 0.995493 -0.060686 -0.070235 -0.016754

seq-04/frame-000943.color.png 0.262793 -0.602026 1.075783 0.995499 -0.060606 -0.070223 -0.016713

seq-04/frame-000944.color.png 0.267382 -0.593946 1.075049 0.995695 -0.059839 -0.068511 -0.014786

seq-04/frame-000945.color.png 0.274925 -0.585368 1.073992 0.995775 -0.058720 -0.068816 -0.012246

seq-04/frame-000946.color.png 0.282577 -0.576491 1.072402 0.995913 -0.058863 -0.066854 -0.011202

seq-04/frame-000947.color.png 0.282437 -0.577007 1.072362 0.995914 -0.059081 -0.066676 -0.011029

seq-04/frame-000948.color.png 0.288639 -0.569251 1.070914 0.996156 -0.060288 -0.062035 -0.009606

seq-04/frame-000949.color.png 0.293527 -0.560287 1.069845 0.996406 -0.060054 -0.058183 -0.009247

seq-04/frame-000950.color.png 0.301696 -0.551983 1.069312 0.996625 -0.060067 -0.054437 -0.008334

seq-04/frame-000951.color.png 0.301317 -0.551959 1.069279 0.996623 -0.060061 -0.054442 -0.008597

seq-04/frame-000952.color.png 0.307086 -0.543331 1.069469 0.996746 -0.062187 -0.049743 -0.007581

seq-04/frame-000953.color.png 0.313417 -0.533974 1.069867 0.996870 -0.062686 -0.046819 -0.005440

seq-04/frame-000954.color.png 0.313283 -0.534184 1.069889 0.996859 -0.062811 -0.046870 -0.005549

seq-04/frame-000955.color.png 0.320771 -0.525795 1.070350 0.997087 -0.060607 -0.045062 -0.003893

seq-04/frame-000956.color.png 0.326309 -0.518229 1.070812 0.997250 -0.059910 -0.042195 -0.004961

seq-04/frame-000957.color.png 0.326136 -0.518140 1.070893 0.997243 -0.059975 -0.042260 -0.005028

seq-04/frame-000958.color.png 0.331595 -0.510460 1.071444 0.997255 -0.061446 -0.039902 -0.003966

seq-04/frame-000959.color.png 0.335916 -0.501449 1.072141 0.997307 -0.061234 -0.039010 -0.002901

seq-04/frame-000960.color.png 0.341328 -0.494085 1.073190 0.997424 -0.060936 -0.036453 -0.002172

seq-04/frame-000961.color.png 0.341846 -0.494191 1.073140 0.997413 -0.060944 -0.036738 -0.002276

seq-04/frame-000962.color.png 0.346090 -0.486635 1.073939 0.997534 -0.060661 -0.033854 -0.000206

seq-04/frame-000963.color.png 0.350777 -0.478842 1.074767 0.997652 -0.059956 -0.031503 0.002066

seq-04/frame-000964.color.png 0.355407 -0.470996 1.075455 0.997740 -0.059909 -0.028323 0.004864

seq-04/frame-000965.color.png 0.355272 -0.471489 1.075600 0.997735 -0.060081 -0.028145 0.004807

seq-04/frame-000966.color.png 0.359051 -0.461490 1.075886 0.997856 -0.059273 -0.024963 0.006872

seq-04/frame-000967.color.png 0.363456 -0.453954 1.076429 0.997902 -0.059428 -0.022096 0.008440

seq-04/frame-000968.color.png 0.363604 -0.453381 1.076350 0.997911 -0.059200 -0.022253 0.008623

seq-04/frame-000969.color.png 0.367898 -0.446218 1.077004 0.997876 -0.060700 -0.018659 0.010529

seq-04/frame-000970.color.png 0.371889 -0.436241 1.077282 0.997839 -0.061678 -0.015775 0.012820

seq-04/frame-000971.color.png 0.372091 -0.435872 1.077167 0.997843 -0.061534 -0.016035 0.012913

seq-04/frame-000972.color.png 0.376252 -0.428376 1.077830 0.997792 -0.062908 -0.012251 0.014270

seq-04/frame-000973.color.png 0.381689 -0.421048 1.078152 0.997766 -0.063592 -0.008710 0.015602

seq-04/frame-000974.color.png 0.381932 -0.421096 1.078123 0.997766 -0.063529 -0.008911 0.015724

seq-04/frame-000975.color.png 0.387806 -0.414425 1.078520 0.997737 -0.063875 -0.004557 0.017882

seq-04/frame-000976.color.png 0.391638 -0.405786 1.078583 0.997795 -0.062466 0.000289 0.020085

seq-04/frame-000977.color.png 0.396808 -0.398435 1.078833 0.997770 -0.061891 0.003946 0.022549

seq-04/frame-000978.color.png 0.396900 -0.398236 1.078680 0.997777 -0.061759 0.003672 0.022657

seq-04/frame-000979.color.png 0.400599 -0.391438 1.079606 0.997627 -0.063191 0.008163 0.024099

seq-04/frame-000980.color.png 0.404554 -0.385391 1.080136 0.997507 -0.064032 0.011292 0.025508

seq-04/frame-000981.color.png 0.404427 -0.385056 1.079959 0.997518 -0.063887 0.011040 0.025561

seq-04/frame-000982.color.png 0.409030 -0.379659 1.080852 0.997421 -0.064596 0.013994 0.026120

seq-04/frame-000983.color.png 0.412316 -0.373987 1.081128 0.997327 -0.065121 0.016665 0.026834

seq-04/frame-000984.color.png 0.412550 -0.374195 1.081030 0.997326 -0.065153 0.016493 0.026898

seq-04/frame-000985.color.png 0.416423 -0.368413 1.081436 0.997361 -0.063754 0.017377 0.028353

seq-04/frame-000986.color.png 0.419148 -0.361724 1.082143 0.997453 -0.062579 0.014919 0.029112

seq-04/frame-000987.color.png 0.421586 -0.356380 1.083128 0.997447 -0.062736 0.012323 0.030195

seq-04/frame-000988.color.png 0.423399 -0.350774 1.083899 0.997467 -0.062479 0.008331 0.031386

seq-04/frame-000989.color.png 0.423892 -0.351561 1.083875 0.997454 -0.062691 0.008133 0.031445

seq-04/frame-000990.color.png 0.424921 -0.344742 1.085340 0.997469 -0.062629 0.003145 0.031972

seq-04/frame-000991.color.png 0.425946 -0.339471 1.087424 0.997422 -0.063725 -0.002525 0.031305

seq-04/frame-000992.color.png 0.427047 -0.335358 1.088999 0.997341 -0.064361 -0.008919 0.031435

seq-04/frame-000993.color.png 0.427716 -0.335559 1.089087 0.997337 -0.064406 -0.009010 0.031453

seq-04/frame-000994.color.png 0.427266 -0.330578 1.090157 0.997344 -0.062538 -0.017518 0.031410

seq-04/frame-000995.color.png 0.427312 -0.325199 1.091897 0.997288 -0.060779 -0.026379 0.030420

seq-04/frame-000996.color.png 0.427572 -0.325525 1.091849 0.997281 -0.060869 -0.026432 0.030431

seq-04/frame-000997.color.png 0.427583 -0.321451 1.093420 0.997086 -0.060099 -0.034901 0.029809

seq-04/frame-000998.color.png 0.426418 -0.316917 1.095363 0.996721 -0.059657 -0.044457 0.030182

seq-04/frame-000999.color.png 0.426403 -0.317117 1.095173 0.996703 -0.059744 -0.044668 0.030273

