seq10/frame00001.png 40.135909 -1.516047 -1.191298 0.769742 -0.029028 0.636541 -0.038351

seq10/frame00002.png 40.111994 -1.524798 -1.188585 0.769869 -0.028920 0.636348 -0.039094

seq10/frame00003.png 40.116272 -1.529669 -1.181463 0.769762 -0.030510 0.636312 -0.040527

seq10/frame00004.png 40.130336 -1.537493 -1.188420 0.770132 -0.042504 0.634591 -0.048836

seq10/frame00005.png 40.162396 -1.541494 -1.179914 0.770396 -0.059166 0.631654 -0.063266

seq10/frame00006.png 40.195321 -1.579422 -1.138660 0.767349 -0.088171 0.629771 -0.082402

seq10/frame00007.png 40.267414 -1.586416 -1.164394 0.762695 -0.110660 0.628973 -0.102196

seq10/frame00008.png 40.377516 -1.528746 -1.281499 0.760118 -0.134456 0.623576 -0.123677

seq10/frame00009.png 40.317437 -1.566463 -1.239380 0.756866 -0.164700 0.614991 -0.147693

seq10/frame00010.png 40.285653 -1.598565 -1.242474 0.750045 -0.195530 0.606731 -0.176289

seq10/frame00011.png 40.345972 -1.595135 -1.258162 0.747318 -0.217164 0.598520 -0.190076

seq10/frame00012.png 40.174241 -1.683490 -1.079848 0.779135 -0.212854 0.562891 -0.175489

seq10/frame00013.png 40.249577 -1.600399 -0.772504 0.822398 -0.227873 0.499615 -0.148727

seq10/frame00014.png 40.154407 -1.549137 -0.595158 0.900669 -0.166262 0.391799 -0.087444

seq10/frame00015.png 39.649342 -1.434037 -0.289864 0.935242 -0.089093 0.339056 -0.049253

seq10/frame00016.png 39.562098 -1.431976 -0.087371 0.946012 -0.033029 0.320658 -0.033912

seq10/frame00017.png 39.293427 -1.379151 0.346807 0.946546 -0.021022 0.321540 -0.014871

seq10/frame00018.png 39.124126 -1.396172 0.653255 0.943253 -0.013808 0.330968 -0.023314

seq10/frame00019.png 38.457084 -0.586289 1.086468 0.895327 -0.025528 0.441298 -0.054722

seq10/frame00020.png 38.236895 -0.832156 1.246183 0.844689 -0.025496 0.532741 -0.045147

seq10/frame00021.png 38.011811 -1.274983 1.279445 0.780587 0.008649 0.623907 -0.036734

seq10/frame00022.png 37.952963 -1.318445 1.944856 0.762261 -0.026404 0.644838 -0.049444

seq10/frame00023.png 37.817211 -1.531918 2.727208 0.817361 -0.058106 0.570451 -0.055958

seq10/frame00024.png 37.764962 -1.301100 3.273584 0.824240 -0.088750 0.554438 -0.073157

seq10/frame00025.png 37.661888 -1.293246 3.957933 0.835456 -0.092210 0.535460 -0.082425

seq10/frame00026.png 37.525782 -1.242540 4.647375 0.854077 -0.082444 0.505934 -0.088243

seq10/frame00027.png 37.552637 -1.167994 5.215808 0.824312 -0.107577 0.549788 -0.081674

seq10/frame00028.png 37.475453 -1.312558 5.889595 0.801190 -0.105458 0.579543 -0.105373

seq10/frame00029.png 37.568337 -1.284837 6.660191 0.786886 -0.116825 0.598097 -0.097174

seq10/frame00030.png 37.528516 -1.459984 7.346509 0.795662 -0.121964 0.585716 -0.094783

seq10/frame00031.png 37.658234 -1.363661 7.995388 0.773984 -0.138036 0.610407 -0.096424

seq10/frame00032.png 37.762117 -1.463772 8.776908 0.798440 -0.146865 0.574459 -0.104503

seq10/frame00033.png 37.803196 -1.398548 9.448930 0.831161 -0.145159 0.529628 -0.087151

seq10/frame00034.png 37.824016 -1.488344 10.205880 0.875434 -0.114827 0.464581 -0.067778

seq10/frame00035.png 38.106537 -1.444418 10.936591 0.907983 -0.058026 0.411178 -0.055981

seq10/frame00036.png 38.335295 -1.599365 11.478635 0.940471 -0.055788 0.334740 -0.018724

seq10/frame00037.png 37.850486 -0.732857 12.266635 0.916640 -0.050478 0.391417 -0.063373

seq10/frame00038.png 37.856023 -0.458200 12.719600 0.819571 -0.062094 0.564556 -0.075661

seq10/frame00039.png 38.650024 -2.542292 13.020601 0.652267 -0.001579 0.755531 -0.060978

seq10/frame00040.png 38.348231 -1.507905 13.693573 0.533522 -0.017765 0.841488 -0.083287

seq10/frame00041.png 38.074068 -1.489789 14.287801 0.561175 -0.064797 0.814804 -0.130306

seq10/frame00042.png 37.866619 -1.227401 14.928952 0.606088 -0.074711 0.784836 -0.105398

seq10/frame00043.png 37.964171 -1.454013 15.496484 0.738250 -0.059275 0.670085 -0.049601

seq10/frame00044.png 37.924694 -1.603846 16.404651 0.832268 -0.052826 0.550677 -0.035982

seq10/frame00045.png 38.226103 -1.590547 17.139427 0.888341 -0.039478 0.456672 -0.027261

seq10/frame00046.png 37.786089 -0.967887 17.523617 0.899896 -0.046549 0.428599 -0.065748

seq10/frame00047.png 37.848685 -0.972928 18.060142 0.855838 -0.038873 0.512334 -0.059527

seq10/frame00048.png 38.074175 -1.152646 18.663723 0.835645 -0.026155 0.544855 -0.064398

seq10/frame00049.png 38.137541 -1.010341 19.189413 0.787796 -0.026652 0.611939 -0.064790

seq10/frame00050.png 38.137276 -1.056110 19.796327 0.762588 -0.028066 0.644133 -0.052588

seq10/frame00051.png 38.227750 -1.001571 20.345688 0.702461 -0.016943 0.708691 -0.063395

seq10/frame00052.png 38.219631 -1.387899 20.975709 0.652142 -0.039697 0.753063 -0.077662

seq10/frame00053.png 38.169596 -1.197838 21.755415 0.655082 -0.055209 0.748775 -0.084593

seq10/frame00054.png 38.021731 -1.336637 22.487077 0.626787 -0.046820 0.771356 -0.099783

seq10/frame00055.png 38.060101 -1.361765 23.162476 0.612403 -0.093996 0.772916 -0.136857

seq10/frame00056.png 38.002443 -1.394339 23.650781 0.591552 -0.107716 0.785442 -0.146780

seq10/frame00057.png 37.813346 -1.545383 24.340711 0.514458 -0.088243 0.831876 -0.188493

seq10/frame00058.png 37.695149 -1.300154 25.075153 0.471305 -0.116250 0.843761 -0.228969

seq10/frame00059.png 37.258047 -1.187036 25.643305 0.553246 -0.143093 0.791394 -0.217114

seq10/frame00060.png 37.194566 -1.240793 26.139995 0.593216 -0.124206 0.770537 -0.197334

seq10/frame00061.png 36.700689 -1.192661 26.751954 0.647251 -0.110719 0.737046 -0.159906

seq10/frame00062.png 36.393442 -1.007752 27.289634 0.683799 -0.100437 0.707486 -0.147635

seq10/frame00063.png 36.053532 -1.362443 27.519097 0.651103 -0.074114 0.740766 -0.147778

seq10/frame00064.png 36.052980 -1.248295 27.854379 0.487042 -0.040104 0.856134 -0.167975

seq10/frame00065.png 35.671539 -1.105807 28.268828 0.343123 -0.002406 0.927495 -0.148368

seq10/frame00066.png 35.203827 -1.227835 28.541425 0.320825 -0.029208 0.928859 -0.182864

seq10/frame00067.png 35.087921 -1.007430 29.066105 0.349055 -0.060691 0.917696 -0.179755

seq10/frame00068.png 35.006534 -0.944824 29.660990 0.470978 -0.072661 0.866765 -0.147036

seq10/frame00069.png 35.294633 -0.826457 30.236647 0.493939 -0.044641 0.854956 -0.151929

seq10/frame00070.png 35.351382 -1.080047 31.126922 0.541240 -0.066586 0.828451 -0.127653

seq10/frame00071.png 35.540907 -1.144000 31.782989 0.554763 -0.077561 0.820993 -0.110424

seq10/frame00072.png 35.712792 -1.197147 32.487074 0.547721 -0.051063 0.829576 -0.095900

seq10/frame00073.png 36.035458 -1.248880 33.142669 0.544312 -0.056894 0.824780 -0.142216

seq10/frame00074.png 36.373012 -1.255155 33.809517 0.480910 -0.034571 0.864973 -0.139118

seq10/frame00075.png 36.487837 -1.226391 34.598707 0.540477 -0.050861 0.830194 -0.126791

seq10/frame00076.png 36.899910 -1.172613 35.222407 0.486877 -0.041357 0.863353 -0.125947

seq10/frame00077.png 36.822160 -1.313234 35.943242 0.462828 -0.031934 0.876175 -0.130724

seq10/frame00078.png 36.997674 -1.161249 36.550078 0.423978 -0.035294 0.891586 -0.155146

seq10/frame00079.png 37.058466 -1.477275 37.263714 0.461337 -0.022391 0.874002 -0.150956

seq10/frame00080.png 37.444227 -1.241054 37.814579 0.367505 -0.017718 0.913727 -0.172422

seq10/frame00081.png 37.077291 -1.182682 38.056037 0.375033 -0.015030 0.912342 -0.163577

seq10/frame00082.png 37.308925 -1.401947 38.387465 0.363495 0.011375 0.913930 -0.180203

seq10/frame00083.png 37.886835 -1.232238 38.378143 0.355870 0.000638 0.917724 -0.176463

seq10/frame00084.png 37.966422 -1.309995 38.291861 0.322692 -0.005756 0.938337 -0.123944

seq10/frame00085.png 37.794229 -1.241543 38.255917 0.316292 0.011322 0.944989 -0.082642

seq10/frame00086.png 37.846188 -1.272911 38.249789 0.329643 0.008799 0.941080 -0.075031

seq10/frame00087.png 37.848720 -1.199477 38.251742 0.350720 0.010395 0.935065 -0.050401

seq10/frame00088.png 37.750371 -1.208408 38.257191 0.406042 0.015366 0.912219 -0.052457

