seq2/frame00001.png 12.511986 -0.379618 -17.473881 0.993545 -0.098618 0.054928 -0.011187

seq2/frame00002.png 12.572627 -0.497386 -17.503233 0.993248 -0.098756 0.059070 -0.014738

seq2/frame00003.png 12.620107 -0.550448 -17.518222 0.992852 -0.100621 0.061811 -0.017322

seq2/frame00004.png 12.731573 -0.468018 -17.492718 0.990132 -0.118442 0.074694 0.005671

seq2/frame00005.png 13.203245 -0.267959 -17.573640 0.987005 -0.130400 0.090716 0.024270

seq2/frame00006.png 13.662704 -0.437744 -17.581101 0.984621 -0.140160 0.095511 0.041892

seq2/frame00007.png 14.418787 -0.506887 -17.650494 0.982724 -0.125585 0.126146 0.050688

seq2/frame00008.png 15.065065 -0.451980 -17.613336 0.979672 -0.134938 0.135431 0.060771

seq2/frame00009.png 15.785697 -0.426609 -17.536907 0.981227 -0.115773 0.144232 0.054658

seq2/frame00010.png 16.470453 -0.444871 -17.400860 0.979959 -0.111465 0.140455 0.086773

seq2/frame00011.png 17.177895 -0.520808 -17.258035 0.972364 -0.124330 0.170324 0.100198

seq2/frame00012.png 17.853355 -0.619417 -16.841615 0.967942 -0.127268 0.200266 0.082369

seq2/frame00013.png 18.423495 -0.743151 -16.600379 0.962277 -0.144911 0.225028 0.048843

seq2/frame00014.png 19.223076 -0.392568 -16.115726 0.953658 -0.145514 0.256218 0.060947

seq2/frame00015.png 19.793356 -0.575982 -16.117835 0.972571 -0.156326 0.154118 0.076915

seq2/frame00016.png 20.469732 -0.520553 -15.965573 0.971840 -0.149630 0.163999 0.079010

seq2/frame00017.png 21.324348 -0.696654 -15.690810 0.974776 -0.136525 0.157797 0.079204

seq2/frame00018.png 22.029791 -0.577152 -15.857170 0.970630 -0.129786 0.193900 0.058627

seq2/frame00019.png 22.760777 -0.838275 -15.646221 0.962998 -0.127396 0.229322 0.061784

seq2/frame00020.png 23.503258 -0.625639 -15.688116 0.955826 -0.141513 0.255988 0.029007

seq2/frame00021.png 24.186969 -0.754566 -15.440504 0.966391 -0.129269 0.220862 0.024455

seq2/frame00022.png 25.010152 -0.827618 -15.274432 0.967218 -0.110230 0.227668 0.022531

seq2/frame00023.png 25.677560 -0.866556 -15.103720 0.971193 -0.114696 0.206493 0.031461

seq2/frame00024.png 26.503625 -0.867823 -15.036580 0.971990 -0.106994 0.206679 0.032737

seq2/frame00025.png 27.078146 -0.930258 -14.719806 0.970956 -0.105793 0.206374 0.058842

seq2/frame00026.png 27.965688 -0.897241 -14.650913 0.969741 -0.122887 0.202579 0.058849

seq2/frame00027.png 28.503055 -0.923281 -14.302053 0.968919 -0.115987 0.213016 0.048659

seq2/frame00028.png 29.358228 -0.942155 -14.097808 0.971486 -0.118665 0.202033 0.036277

seq2/frame00029.png 29.962268 -1.021207 -13.722197 0.957082 -0.116237 0.260541 0.050997

seq2/frame00030.png 30.629427 -1.083839 -13.510637 0.942517 -0.150308 0.296208 0.036463

seq2/frame00031.png 31.395528 -1.065307 -13.377323 0.934085 -0.133349 0.330586 0.020423

seq2/frame00032.png 32.084843 -1.147543 -13.112473 0.944139 -0.127520 0.303482 0.015474

seq2/frame00033.png 32.847590 -1.147817 -13.020760 0.938802 -0.105313 0.327831 0.009365

seq2/frame00034.png 33.434301 -1.223932 -12.631779 0.929697 -0.111371 0.350548 0.019397

seq2/frame00035.png 34.214090 -1.223792 -12.506982 0.899947 -0.094484 0.425412 0.013915

seq2/frame00036.png 34.732052 -1.294393 -12.099205 0.897169 -0.087201 0.432637 0.017572

seq2/frame00037.png 35.472238 -1.321648 -11.635959 0.874758 -0.102687 0.473526 0.005261

seq2/frame00038.png 36.011291 -1.360136 -11.123585 0.866395 -0.112257 0.486402 -0.013105

seq2/frame00039.png 36.705125 -1.348018 -10.913356 0.835618 -0.116035 0.536382 -0.023963

seq2/frame00040.png 37.091553 -1.247254 -10.375914 0.825502 -0.112084 0.551750 -0.039438

seq2/frame00041.png 37.692013 -1.315364 -9.750660 0.837609 -0.111811 0.533846 -0.030286

seq2/frame00042.png 37.861691 -1.330664 -9.118388 0.825109 -0.087305 0.557945 -0.016480

seq2/frame00043.png 38.015955 -1.340528 -8.392614 0.840652 -0.074977 0.535690 -0.026814

seq2/frame00044.png 38.399265 -1.371444 -7.819807 0.833888 -0.058594 0.548633 -0.014135

seq2/frame00045.png 38.426605 -1.409695 -7.109022 0.817045 -0.052415 0.573685 -0.023988

seq2/frame00046.png 38.644440 -1.388307 -6.549884 0.778620 -0.043769 0.625499 -0.024218

seq2/frame00047.png 38.584206 -1.400070 -5.852625 0.766026 -0.035945 0.641449 -0.021338

seq2/frame00048.png 38.672244 -1.381690 -5.191255 0.723160 -0.031554 0.689282 -0.030590

seq2/frame00049.png 38.446795 -1.347916 -4.504888 0.718609 -0.033945 0.693985 -0.028865

seq2/frame00050.png 38.354100 -1.330846 -3.836606 0.707106 -0.044689 0.705036 -0.030469

seq2/frame00051.png 38.406610 -1.308882 -3.193553 0.706974 -0.031624 0.705134 -0.044439

seq2/frame00052.png 38.338209 -1.305021 -2.603420 0.678989 -0.032814 0.731772 -0.049067

seq2/frame00053.png 38.134478 -1.238998 -1.926430 0.679085 -0.051750 0.730896 -0.044236

seq2/frame00054.png 38.407341 -1.278329 -1.273779 0.711970 -0.079620 0.694014 -0.071448

seq2/frame00055.png 38.492885 -1.231575 -0.626351 0.742292 -0.086616 0.662492 -0.051037

seq2/frame00056.png 38.517559 -1.333271 0.118010 0.761469 -0.101756 0.637950 -0.053201

seq2/frame00057.png 38.478991 -1.318095 0.773073 0.750009 -0.089622 0.652661 -0.059055

seq2/frame00058.png 38.353114 -1.294951 1.407623 0.775054 -0.092850 0.621648 -0.064994

seq2/frame00059.png 38.219555 -1.346541 2.201678 0.797478 -0.047952 0.599157 -0.052360

seq2/frame00060.png 38.085161 -1.286470 2.804438 0.794398 -0.079683 0.599980 -0.051048

seq2/frame00061.png 38.046197 -1.130640 3.477523 0.762734 -0.075196 0.640140 -0.052948

seq2/frame00062.png 37.821228 -1.247974 4.070509 0.767877 -0.069580 0.633415 -0.065650

seq2/frame00063.png 37.897658 -1.278216 4.687470 0.766090 -0.099822 0.631333 -0.067545

seq2/frame00064.png 37.827158 -1.263948 5.584189 0.772084 -0.100558 0.626737 -0.031241

seq2/frame00065.png 37.865307 -1.263318 6.205489 0.780964 -0.138240 0.608915 -0.014393

seq2/frame00066.png 37.834212 -1.341174 6.775358 0.805037 -0.136655 0.577202 0.008912

seq2/frame00067.png 37.745456 -1.409270 7.435691 0.783594 -0.105981 0.612160 0.002953

seq2/frame00068.png 37.908456 -1.296767 8.023551 0.769292 -0.091999 0.632230 -0.003405

seq2/frame00069.png 37.939471 -1.451578 8.795675 0.793940 -0.073241 0.602405 -0.037459

seq2/frame00070.png 38.162071 -1.329882 9.596252 0.783183 -0.061155 0.617557 -0.038835

seq2/frame00071.png 38.180940 -1.458008 10.415145 0.803308 -0.053065 0.592627 -0.025958

seq2/frame00072.png 38.257730 -1.250344 11.025327 0.787137 -0.069911 0.611718 -0.036454

seq2/frame00073.png 38.328241 -1.423594 11.666298 0.762321 -0.071320 0.641837 -0.042734

seq2/frame00074.png 38.460561 -1.343106 12.533783 0.753857 -0.077749 0.650299 -0.052588

seq2/frame00075.png 38.558668 -1.393894 13.250560 0.747632 -0.055882 0.659859 -0.050108

seq2/frame00076.png 38.805582 -1.277436 13.974674 0.754314 -0.081639 0.650273 -0.038610

seq2/frame00077.png 38.910168 -1.368752 14.730351 0.728534 -0.077846 0.679788 -0.032653

seq2/frame00078.png 39.157636 -1.255637 15.486971 0.704762 -0.077120 0.703167 -0.054028

seq2/frame00079.png 39.033344 -1.455449 16.023918 0.711117 -0.093324 0.695635 -0.041170

seq2/frame00080.png 39.014299 -1.637655 16.933088 0.762663 -0.122020 0.635115 -0.009179

seq2/frame00081.png 38.911521 -1.693685 17.444035 0.781738 -0.088292 0.617114 0.016131

seq2/frame00082.png 38.756646 -1.521206 18.292329 0.796801 -0.081070 0.598467 -0.019283

seq2/frame00083.png 38.811985 -1.821888 18.931789 0.778911 -0.081069 0.621708 -0.014294

seq2/frame00084.png 38.570976 -1.520804 19.787681 0.763176 -0.093335 0.639407 -0.003036

seq2/frame00085.png 38.716066 -1.937567 20.519621 0.764304 -0.093081 0.637958 0.013636

seq2/frame00086.png 38.503193 -1.492542 21.381359 0.786146 -0.099505 0.609719 0.017765

seq2/frame00087.png 38.672124 -1.555262 22.218305 0.788259 -0.104338 0.605951 0.024163

seq2/frame00088.png 38.581046 -1.527234 22.909837 0.795821 -0.091852 0.597986 0.025404

seq2/frame00089.png 38.778253 -1.436067 23.576420 0.778653 -0.109274 0.617308 0.026249

seq2/frame00090.png 38.792762 -1.487346 24.465693 0.772575 -0.113879 0.624169 0.023928

seq2/frame00091.png 38.825726 -1.342051 24.895424 0.744381 -0.110189 0.658560 -0.007325

seq2/frame00092.png 38.790951 -1.310581 25.796311 0.716712 -0.108560 0.688789 -0.010434

seq2/frame00093.png 38.659257 -1.436010 26.593929 0.725832 -0.123342 0.676658 -0.009425

seq2/frame00094.png 38.479881 -1.232234 27.408816 0.723025 -0.122388 0.679885 -0.003617

seq2/frame00095.png 38.597644 -1.455801 28.039983 0.725791 -0.110787 0.678915 -0.005297

seq2/frame00096.png 38.471593 -1.481078 28.827165 0.703715 -0.112416 0.701472 -0.009202

seq2/frame00097.png 38.272518 -1.220727 29.466119 0.699955 -0.116554 0.704609 -0.002162

seq2/frame00098.png 38.269886 -1.067299 30.333458 0.675525 -0.094083 0.731242 -0.009982

seq2/frame00099.png 38.297982 -1.359453 31.314350 0.704944 -0.074828 0.705094 -0.017221

seq2/frame00100.png 38.200875 -1.138377 31.753651 0.712922 -0.084344 0.696099 -0.008606

seq2/frame00101.png 38.230235 -1.326456 32.584411 0.698968 -0.092425 0.709147 0.003411

seq2/frame00102.png 38.319730 -1.231568 33.253669 0.697337 -0.082307 0.712002 0.000488

seq2/frame00103.png 38.273499 -1.377670 34.148030 0.701173 -0.068411 0.709674 0.006343

seq2/frame00104.png 38.541972 -1.431344 34.900965 0.690480 -0.063056 0.720586 -0.004116

seq2/frame00105.png 38.384756 -1.405681 35.612684 0.675608 -0.058515 0.734935 -0.000289

seq2/frame00106.png 38.534691 -1.449179 36.321133 0.672176 -0.071502 0.736925 -0.003041

seq2/frame00107.png 38.445356 -1.398527 37.101244 0.680249 -0.061153 0.730240 0.016460

seq2/frame00108.png 38.584832 -1.410870 37.861275 0.648519 -0.065242 0.758385 0.004223

seq2/frame00109.png 38.382263 -1.363279 38.657459 0.645652 -0.080777 0.759257 0.011729

seq2/frame00110.png 38.412128 -1.362435 39.409709 0.649836 -0.094762 0.753844 0.021279

seq2/frame00111.png 38.380597 -1.349212 40.153719 0.639273 -0.093787 0.762959 0.020661

seq2/frame00112.png 38.366715 -1.347256 40.907622 0.644132 -0.090866 0.759472 -0.006327

seq2/frame00113.png 38.213286 -1.316027 41.681354 0.609258 -0.096419 0.787084 -0.002764

seq2/frame00114.png 38.385373 -1.097343 42.115430 0.648280 -0.091951 0.755799 -0.006794

seq2/frame00115.png 38.428553 -1.134804 42.861567 0.629648 -0.089360 0.771724 0.000817

seq2/frame00116.png 38.275061 -1.117549 43.536978 0.649369 -0.100815 0.753672 -0.011561

seq2/frame00117.png 38.334599 -1.152935 44.310043 0.615228 -0.105217 0.780813 -0.027488

seq2/frame00118.png 38.146831 -1.107717 44.989947 0.623138 -0.087936 0.776801 -0.023389

seq2/frame00119.png 38.082040 -1.089902 45.637959 0.575787 -0.087497 0.812598 -0.022320

seq2/frame00120.png 37.904551 -1.072047 46.355823 0.588983 -0.069604 0.804844 -0.021932

seq2/frame00121.png 37.795544 -1.040540 47.084668 0.568566 -0.074510 0.818783 -0.027852

seq2/frame00122.png 37.497491 -0.994122 47.759381 0.534182 -0.068235 0.842242 -0.024954

seq2/frame00123.png 37.249899 -0.955700 48.576143 0.514679 -0.070226 0.853631 -0.038569

seq2/frame00124.png 36.843448 -0.891801 49.169263 0.472544 -0.078006 0.877606 -0.020624

seq2/frame00125.png 36.513668 -0.814103 49.919283 0.407268 -0.100595 0.905817 -0.059237

seq2/frame00126.png 36.163691 -0.876193 50.560615 0.388132 -0.100149 0.913900 -0.064120

seq2/frame00127.png 35.747467 -0.751491 51.214840 0.378298 -0.096520 0.915080 -0.101012

seq2/frame00128.png 35.397444 -0.784894 51.804738 0.350524 -0.107824 0.924855 -0.100754

seq2/frame00129.png 35.054829 -0.814118 52.351785 0.307298 -0.113364 0.937727 -0.115681

seq2/frame00130.png 34.655466 -0.754490 52.939237 0.286062 -0.103558 0.945537 -0.115776

seq2/frame00131.png 34.214290 -0.831541 53.261993 0.278498 -0.101997 0.949125 -0.105802

seq2/frame00132.png 33.776566 -0.784951 53.689671 0.261327 -0.088475 0.956907 -0.090618

seq2/frame00133.png 33.352914 -0.781241 54.193974 0.289977 -0.085927 0.948893 -0.090190

seq2/frame00134.png 33.067739 -0.634833 54.617502 0.274551 -0.101023 0.951597 -0.094226

seq2/frame00135.png 32.508694 -0.590280 55.106913 0.251994 -0.075962 0.961811 -0.075180

seq2/frame00136.png 32.099433 -0.490443 55.747331 0.215037 -0.068348 0.968571 -0.104656

seq2/frame00137.png 31.533978 -0.551459 56.198290 0.195618 -0.061301 0.970277 -0.128569

seq2/frame00138.png 30.944177 -0.458026 56.597698 0.216012 -0.047259 0.965373 -0.138407

seq2/frame00139.png 30.446991 -0.424733 56.916505 0.218947 -0.021867 0.966938 -0.128949

seq2/frame00140.png 29.816430 -0.299696 57.347386 0.252693 -0.012971 0.954701 -0.156615

seq2/frame00141.png 29.356460 -0.541872 57.477755 0.267741 -0.011138 0.953807 -0.135816

seq2/frame00142.png 28.780491 -0.447982 57.626401 0.284485 -0.016553 0.948589 -0.137764

seq2/frame00143.png 28.279347 -0.447682 57.952249 0.254373 -0.013240 0.957384 -0.136139

seq2/frame00144.png 27.625128 -0.409982 57.990375 0.279742 0.005721 0.950150 -0.137590

seq2/frame00145.png 27.030745 -0.336450 58.092908 0.226421 0.012030 0.965681 -0.126741

seq2/frame00146.png 26.479501 -0.356362 58.335829 0.231628 -0.001919 0.966592 -0.109767

seq2/frame00147.png 25.772443 -0.064314 58.213198 0.228706 -0.007322 0.964006 -0.135451

seq2/frame00148.png 25.232855 -0.086272 58.234738 0.146832 -0.001609 0.982981 -0.110513

seq2/frame00149.png 24.639025 -0.164009 58.430431 0.133918 0.005928 0.985142 -0.107467

seq2/frame00150.png 24.079988 -0.219353 58.612242 0.073777 0.009473 0.993357 -0.087563

seq2/frame00151.png 23.434914 -0.162897 58.644595 0.063691 0.007450 0.993265 -0.096286

seq2/frame00152.png 22.646954 -0.294159 58.816611 0.081774 0.007040 0.990374 -0.111429

seq2/frame00153.png 21.965393 -0.298484 58.878734 0.145687 -0.005732 0.980811 -0.129519

seq2/frame00154.png 21.225433 -0.109814 58.757071 0.182428 -0.015497 0.976899 -0.110286

seq2/frame00155.png 20.577795 -0.100613 58.591670 0.219704 -0.030575 0.966130 -0.131869

seq2/frame00156.png 19.867835 -0.033588 58.344611 0.232785 -0.036077 0.962429 -0.135096

seq2/frame00157.png 19.078599 -0.002550 58.316870 0.201897 -0.061400 0.968130 -0.134951

seq2/frame00158.png 18.481953 0.137072 58.133926 0.160327 -0.064137 0.972707 -0.155016

seq2/frame00159.png 17.771389 0.093542 58.156322 0.133047 -0.088058 0.975758 -0.149981

seq2/frame00160.png 17.113266 0.227459 58.027029 0.106778 -0.082790 0.977369 -0.162914

seq2/frame00161.png 16.390372 0.096422 58.025204 0.103567 -0.087971 0.978818 -0.153460

seq2/frame00162.png 15.589299 0.109400 57.871301 0.114081 -0.072842 0.979213 -0.151326

seq2/frame00163.png 14.949350 0.229715 57.685020 0.098535 -0.060440 0.982254 -0.147864

seq2/frame00164.png 14.056399 0.134974 57.667887 0.103650 -0.048639 0.982575 -0.146577

seq2/frame00165.png 13.470393 0.127942 57.605393 0.084319 -0.045740 0.984597 -0.146297

seq2/frame00166.png 12.733365 0.167992 57.528967 0.099391 -0.055114 0.982018 -0.151117

seq2/frame00167.png 12.102752 0.227050 57.449295 0.067156 -0.067260 0.978176 -0.185400

seq2/frame00168.png 11.461501 0.183597 57.275790 0.096898 -0.062987 0.981818 -0.150805

seq2/frame00169.png 11.084223 0.153417 57.424764 0.080188 -0.068967 0.983064 -0.149939

seq2/frame00170.png 10.401985 0.168384 57.316542 0.061735 -0.066685 0.985361 -0.144644

seq2/frame00171.png 9.719095 0.238745 57.393334 0.023137 -0.067896 0.988571 -0.135665

seq2/frame00172.png 8.946248 0.202378 57.350715 0.057273 -0.041172 0.990469 -0.118951

seq2/frame00173.png 8.571188 0.272594 57.256890 0.042172 -0.017063 0.989137 -0.140701

seq2/frame00174.png 7.955500 0.484677 57.194326 0.006233 0.024421 -1.000792 0.136386

seq2/frame00175.png 7.045318 0.338311 57.005809 0.002051 0.022717 -1.034951 0.118491

seq2/frame00176.png 6.639072 0.289077 57.164792 0.054073 0.034150 -0.990077 0.125628

seq2/frame00177.png 5.788157 0.329755 57.052814 0.105600 0.014560 -0.983858 0.143934

seq2/frame00178.png 5.197824 0.562140 57.100626 0.132166 0.023795 -0.982426 0.129805

seq2/frame00179.png 4.422121 0.517344 56.909782 0.137742 0.007015 -0.983515 0.117034

seq2/frame00180.png 3.738789 0.543859 56.919985 0.149366 -0.004636 -0.980778 0.125467

seq2/frame00181.png 2.957081 0.703316 56.573822 0.111447 0.001649 -0.983806 0.140449

seq2/frame00182.png 2.289188 0.448265 57.057288 0.127458 -0.019599 -0.984892 0.115718

seq2/frame00183.png 1.593782 0.692049 56.530913 0.158419 -0.025862 -0.981385 0.105575

seq2/frame00184.png 0.823476 0.812183 56.538802 0.155454 -0.039622 -0.978471 0.129833

seq2/frame00185.png 0.105620 0.791283 56.436619 0.149467 -0.033178 -0.981768 0.112679

seq2/frame00186.png -0.548423 0.801100 56.362325 0.120045 -0.038515 -0.985717 0.111547

seq2/frame00187.png -1.284354 0.845135 56.251315 0.152241 -0.052358 -0.981931 0.099457

seq2/frame00188.png -1.997678 0.853715 56.133856 0.145790 -0.061287 -0.981963 0.103559

seq2/frame00189.png -2.656682 0.961105 56.031328 0.206938 -0.070791 -0.970751 0.099043

seq2/frame00190.png -3.427479 0.943991 55.795491 0.190654 -0.108211 -0.971510 0.090048

seq2/frame00191.png -4.061993 0.985869 55.760823 0.238725 -0.078567 -0.964749 0.078114

seq2/frame00192.png -4.817674 0.949719 55.467549 0.212916 -0.081872 -0.970322 0.080319

seq2/frame00193.png -5.489092 1.025275 55.301314 0.290252 -0.095041 -0.947613 0.093611

seq2/frame00194.png -6.139019 1.103342 54.886786 0.312401 -0.089155 -0.942230 0.081626

seq2/frame00195.png -6.790432 1.116493 54.590132 0.329551 -0.091750 -0.935970 0.083345

seq2/frame00196.png -7.327687 1.118322 54.090515 0.366309 -0.100101 -0.920145 0.095581

seq2/frame00197.png -7.934558 1.139122 53.857268 0.360788 -0.087650 -0.922449 0.106024

seq2/frame00198.png -8.434555 1.182329 53.500916 0.401652 -0.090742 -0.906662 0.091700

seq2/frame00199.png -9.019041 1.213272 53.036127 0.389538 -0.113911 -0.909578 0.089187

seq2/frame00200.png -9.448779 1.173430 52.613494 0.379168 -0.085211 -0.919509 0.058971

seq2/frame00201.png -9.925956 1.118750 52.156689 0.481666 -0.083124 -0.868968 0.077348

seq2/frame00202.png -10.548222 1.209856 51.633234 0.526768 -0.065190 -0.841649 0.099463

seq2/frame00203.png -11.020318 1.097044 50.983345 0.481995 -0.099258 -0.866032 0.088422

seq2/frame00204.png -11.344192 1.258174 50.548089 0.492582 -0.077896 -0.860366 0.105193

seq2/frame00205.png -11.800786 1.244400 49.982798 0.530906 -0.080679 -0.838927 0.088491

seq2/frame00206.png -12.188626 1.339964 49.452569 0.550354 -0.071037 -0.826091 0.098179

seq2/frame00207.png -12.571893 1.417578 48.732332 0.553813 -0.077081 -0.823919 0.092243

seq2/frame00208.png -12.816474 1.427058 48.140394 0.581083 -0.077414 -0.802210 0.113176

seq2/frame00209.png -13.275902 1.375565 47.253911 0.584189 -0.082760 -0.798721 0.117980

seq2/frame00210.png -13.578863 1.466903 46.615646 0.508795 -0.089721 -0.843935 0.144401

seq2/frame00211.png -13.582710 1.417702 46.036990 0.520438 -0.081778 -0.838019 0.142058

seq2/frame00212.png -13.880497 1.385254 45.360207 0.495230 -0.088459 -0.852502 0.141999

seq2/frame00213.png -13.918777 1.408591 44.749797 0.511845 -0.073895 -0.846535 0.126225

seq2/frame00214.png -13.909535 1.389665 44.039215 0.530499 -0.093858 -0.834275 0.117245

seq2/frame00215.png -13.802070 1.374341 43.259977 0.548389 -0.087810 -0.823406 0.116460

seq2/frame00216.png -14.022682 1.365499 42.528905 0.531692 -0.090755 -0.831448 0.133270

seq2/frame00217.png -14.036153 1.461386 41.823143 0.533774 -0.089717 -0.828178 0.145453

seq2/frame00218.png -14.290258 1.592365 41.042857 0.526507 -0.072077 -0.836228 0.135340

seq2/frame00219.png -14.323556 1.502177 40.401399 0.553600 -0.088891 -0.814306 0.150105

seq2/frame00220.png -14.447191 1.248150 39.515122 0.521460 -0.072752 -0.838489 0.140438

seq2/frame00221.png -14.475596 1.514780 38.925084 0.454039 -0.090891 -0.877324 0.126063

seq2/frame00222.png -14.142659 1.268667 38.165050 0.388771 -0.070354 -0.911290 0.116019

seq2/frame00223.png -14.185470 1.372200 37.636294 0.363018 -0.062096 -0.918697 0.142685

seq2/frame00224.png -13.860332 1.399530 36.829714 0.374623 -0.049691 -0.919687 0.106615

seq2/frame00225.png -13.723037 1.167107 36.142594 0.363787 -0.042329 -0.925559 0.095969

seq2/frame00226.png -13.861518 1.285132 35.493667 0.388982 -0.054825 -0.914200 0.099627

seq2/frame00227.png -13.551768 1.171740 34.758627 0.404191 -0.063276 -0.907112 0.098874

seq2/frame00228.png -13.721932 1.283483 33.997573 0.418620 -0.081547 -0.898971 0.099807

seq2/frame00229.png -13.695367 1.032517 33.351136 0.442044 -0.053505 -0.889268 0.104590

seq2/frame00230.png -13.726787 1.199440 32.600018 0.466061 -0.061703 -0.870764 0.144054

seq2/frame00231.png -13.864687 1.085515 31.749363 0.427251 -0.105315 -0.887363 0.137673

seq2/frame00232.png -14.073745 1.079565 30.959942 0.415033 -0.103609 -0.893355 0.137597

seq2/frame00233.png -13.799052 1.095381 30.442948 0.412792 -0.086120 -0.889301 0.177007

seq2/frame00234.png -13.783702 1.226982 29.732306 0.415690 -0.087251 -0.885107 0.190199

seq2/frame00235.png -13.965738 1.057503 29.032602 0.435375 -0.056741 -0.880150 0.180457

seq2/frame00236.png -13.881455 1.013336 28.338120 0.426088 -0.077658 -0.885359 0.168992

seq2/frame00237.png -14.016950 0.986696 27.583089 0.428973 -0.080732 -0.886791 0.151878

seq2/frame00238.png -13.846895 0.973483 26.774511 0.420057 -0.092999 -0.892711 0.134062

seq2/frame00239.png -13.870596 1.004158 26.052698 0.439758 -0.085707 -0.883623 0.135939

seq2/frame00240.png -13.741986 0.933124 25.383046 0.446385 -0.092214 -0.881769 0.121336

seq2/frame00241.png -13.818416 0.906057 24.706864 0.462880 -0.074664 -0.869715 0.154157

seq2/frame00242.png -13.883991 0.973148 23.999451 0.457074 -0.079191 -0.868123 0.176571

seq2/frame00243.png -13.853895 1.000716 23.339354 0.487593 -0.088616 -0.852517 0.166188

seq2/frame00244.png -13.792087 0.906998 22.584125 0.488468 -0.098027 -0.854268 0.148387

seq2/frame00245.png -13.816330 0.935479 21.876891 0.512307 -0.085543 -0.841090 0.150977

seq2/frame00246.png -13.607847 0.912982 21.214974 0.526001 -0.078390 -0.832549 0.155053

seq2/frame00247.png -13.695535 1.153385 20.529505 0.526686 -0.093489 -0.827599 0.170130

seq2/frame00248.png -13.679242 0.781321 19.972348 0.524887 -0.075753 -0.832466 0.160486

seq2/frame00249.png -13.553975 1.005087 19.186371 0.523459 -0.105137 -0.833473 0.142344

seq2/frame00250.png -13.523371 0.797656 18.492585 0.541202 -0.110507 -0.824227 0.124658

seq2/frame00251.png -13.579519 0.885631 17.664785 0.532725 -0.116166 -0.829997 0.117538

seq2/frame00252.png -13.582832 0.938280 16.908802 0.555338 -0.124992 -0.813511 0.119075

seq2/frame00253.png -13.487823 0.838957 16.229021 0.583963 -0.115977 -0.794166 0.121813

seq2/frame00254.png -13.440525 0.860408 15.562870 0.614689 -0.114307 -0.774006 0.100036

seq2/frame00255.png -13.281416 0.785486 14.954659 0.612964 -0.101294 -0.776130 0.107880

seq2/frame00256.png -13.271937 0.823843 14.156560 0.627110 -0.104038 -0.763109 0.116509

seq2/frame00257.png -13.364160 0.739212 13.454654 0.626939 -0.101957 -0.762718 0.121719

seq2/frame00258.png -13.285149 1.074199 12.651492 0.651457 -0.104982 -0.744170 0.103903

seq2/frame00259.png -13.226485 0.751285 11.878827 0.643240 -0.070511 -0.758074 0.081213

seq2/frame00260.png -13.224594 0.965439 11.303969 0.680995 -0.097399 -0.715929 0.119192

seq2/frame00261.png -13.315905 0.704585 10.661505 0.710998 -0.086579 -0.691854 0.091239

seq2/frame00262.png -13.335367 0.805073 9.656936 0.714905 -0.110992 -0.682580 0.103331

seq2/frame00263.png -13.177961 0.763419 8.995213 0.724317 -0.103899 -0.674508 0.098028

seq2/frame00264.png -13.149763 0.801694 8.281878 0.710219 -0.113287 -0.686423 0.107609

seq2/frame00265.png -13.152392 0.836382 7.485435 0.722076 -0.106211 -0.676465 0.098590

seq2/frame00266.png -13.123412 0.785602 6.608814 0.703212 -0.115394 -0.693231 0.107745

seq2/frame00267.png -13.085735 0.853388 5.957032 0.713334 -0.107145 -0.687487 0.083885

seq2/frame00268.png -13.019505 0.866260 5.379349 0.700039 -0.105480 -0.700563 0.089620

seq2/frame00269.png -13.286121 0.475578 4.761576 0.712522 -0.099398 -0.690977 0.070589

seq2/frame00270.png -12.980942 0.828238 4.036337 0.719020 -0.104181 -0.675792 0.124351

seq2/frame00271.png -13.396900 0.814218 3.764036 0.736838 -0.119726 -0.644229 0.166449

seq2/frame00272.png -13.475052 0.754623 3.206216 0.729333 -0.094314 -0.656121 0.169367

seq2/frame00273.png -13.527731 0.655168 2.797296 0.780879 -0.128104 -0.594882 0.141185

seq2/frame00274.png -13.198126 0.708261 2.140411 0.760516 -0.113041 -0.615786 0.172178

seq2/frame00275.png -13.499076 0.777738 1.497566 0.759770 -0.101917 -0.613451 0.189846

seq2/frame00276.png -13.539229 0.653521 0.848465 0.780571 -0.114643 -0.590837 0.168754

seq2/frame00277.png -14.065840 0.730893 0.014895 0.766922 -0.108256 -0.612230 0.159015

seq2/frame00278.png -14.091631 0.692481 -0.654816 0.744169 -0.116150 -0.640557 0.149694

seq2/frame00279.png -14.075509 0.770846 -1.552318 0.740778 -0.105148 -0.640093 0.174565

seq2/frame00280.png -14.388435 0.728658 -2.379792 0.748674 -0.137932 -0.629696 0.154740

seq2/frame00281.png -14.473488 0.680255 -3.193446 0.739530 -0.143508 -0.640488 0.149254

seq2/frame00282.png -14.363853 0.567362 -3.949466 0.780067 -0.137059 -0.594472 0.138976

seq2/frame00283.png -14.334322 0.575465 -4.816812 0.772504 -0.171073 -0.594236 0.144412

seq2/frame00284.png -14.288599 0.587584 -5.603658 0.802238 -0.167532 -0.556790 0.135400

seq2/frame00285.png -14.125299 0.558162 -6.316452 0.815031 -0.178710 -0.537948 0.119995

seq2/frame00286.png -14.145328 0.621537 -7.159554 0.829635 -0.160552 -0.523755 0.107753

seq2/frame00287.png -13.950008 0.653584 -7.966209 0.824896 -0.146289 -0.538188 0.092200

seq2/frame00288.png -13.838054 0.673592 -8.643752 0.859541 -0.098676 -0.492473 0.094460

seq2/frame00289.png -13.569804 0.615977 -9.303465 0.884423 -0.078559 -0.452636 0.082131

seq2/frame00290.png -13.950746 0.597028 -10.393288 0.903898 -0.086830 -0.407420 0.097154

seq2/frame00291.png -13.439036 0.711428 -11.073784 0.918047 -0.103760 -0.377660 0.061613

seq2/frame00292.png -13.083374 0.675217 -11.634573 0.923686 -0.114682 -0.362885 0.044350

seq2/frame00293.png -12.873324 0.673608 -12.365968 0.931735 -0.127080 -0.337916 0.039165

seq2/frame00294.png -12.467951 0.682842 -13.040961 0.924280 -0.139550 -0.352418 0.045099

seq2/frame00295.png -12.139248 0.706258 -13.664491 0.929458 -0.150007 -0.335543 0.031883

seq2/frame00296.png -11.547102 0.608576 -14.158958 0.939429 -0.154034 -0.305969 0.011375

seq2/frame00297.png -11.148141 0.598649 -14.775662 0.955704 -0.142776 -0.257060 0.012832

seq2/frame00298.png -10.525047 0.629257 -15.195401 0.924244 -0.166087 -0.341946 0.035520

seq2/frame00299.png -9.955810 0.640576 -15.524142 0.931186 -0.122548 -0.340981 0.040085

seq2/frame00300.png -9.215322 0.498246 -15.661728 0.908019 -0.100392 -0.404172 0.045494

seq2/frame00301.png -8.560498 0.656598 -15.828961 0.913301 -0.098517 -0.394709 0.019502

seq2/frame00302.png -7.888645 0.629740 -15.885372 0.926244 -0.100418 -0.358068 0.061451

seq2/frame00303.png -7.198593 0.615095 -16.104574 0.939554 -0.076582 -0.327210 0.065641

seq2/frame00304.png -6.582813 0.588196 -16.058045 0.951454 -0.103179 -0.279805 0.076155

seq2/frame00305.png -5.822096 0.581003 -16.268587 0.961495 -0.130503 -0.235913 0.053298

seq2/frame00306.png -5.147711 0.315628 -16.149788 0.961210 -0.101408 -0.248349 0.064142

seq2/frame00307.png -4.419797 0.513852 -16.303477 0.954980 -0.119888 -0.259736 0.078597

seq2/frame00308.png -3.855719 0.285185 -16.161528 0.963843 -0.106211 -0.232602 0.074986

seq2/frame00309.png -2.922592 0.285708 -16.227765 0.960062 -0.115794 -0.245971 0.066114

seq2/frame00310.png -2.244078 0.222925 -16.344136 0.960809 -0.105939 -0.241694 0.084897

seq2/frame00311.png -1.523798 0.344307 -16.340175 0.969339 -0.110394 -0.209514 0.065572

seq2/frame00312.png -0.693510 0.070595 -16.541668 0.968695 -0.115014 -0.212742 0.056058

seq2/frame00313.png -0.001083 0.156928 -16.639416 0.966579 -0.114329 -0.226728 0.035342

seq2/frame00314.png 0.757618 0.356525 -16.835001 0.967349 -0.111601 -0.223892 0.040677

seq2/frame00315.png 1.397087 0.092893 -16.877784 0.973453 -0.102957 -0.199772 0.043357

seq2/frame00316.png 2.287935 0.093202 -17.264975 0.979109 -0.088706 -0.172878 0.059919

seq2/frame00317.png 2.826821 0.011339 -17.384192 0.983759 -0.094407 -0.145847 0.045110

seq2/frame00318.png 3.606125 -0.105637 -17.522785 0.982228 -0.105454 -0.152465 0.029373

seq2/frame00319.png 4.520159 0.184802 -17.343481 0.978525 -0.161495 -0.117045 0.052042

seq2/frame00320.png 5.161718 0.058640 -17.585784 0.975291 -0.184745 -0.108390 0.054109

seq2/frame00321.png 5.808646 -0.044923 -17.625158 0.980263 -0.172905 -0.083890 0.046383

seq2/frame00322.png 6.549019 -0.146649 -17.656893 0.978267 -0.179643 -0.090768 0.049835

seq2/frame00323.png 7.220643 -0.069308 -17.784304 0.979981 -0.184403 -0.056912 0.048935

seq2/frame00324.png 8.028416 -0.165220 -17.788567 0.978088 -0.190996 -0.070921 0.042833

seq2/frame00325.png 8.615895 -0.392723 -17.863207 0.982723 -0.175714 -0.042891 0.039248

seq2/frame00326.png 9.557175 -0.335898 -17.920506 0.979072 -0.184598 -0.058997 0.062139

seq2/frame00327.png 10.350404 -0.227872 -18.054653 0.977737 -0.198695 -0.040210 0.054173

seq2/frame00328.png 10.941667 -0.454480 -17.927822 0.982874 -0.177520 -0.022612 0.043981

seq2/frame00329.png 11.844099 -0.288519 -17.946307 0.986170 -0.164485 0.010728 0.017271

seq2/frame00330.png 12.519210 -0.259348 -17.945217 0.989567 -0.144035 0.003427 0.000508

seq2/frame00331.png 13.181803 -0.133606 -17.913096 0.990805 -0.134494 0.013365 -0.006290

seq2/frame00332.png 13.946167 -0.303470 -17.850226 0.989932 -0.133190 0.047892 -0.000831

seq2/frame00333.png 14.735792 -0.502442 -17.796105 0.986549 -0.154574 0.053025 0.004037

seq2/frame00334.png 15.216301 -0.365100 -17.908064 0.985784 -0.139937 0.092362 -0.010843

seq2/frame00335.png 16.114953 -0.452877 -17.824742 0.983027 -0.132483 0.126338 -0.012053

seq2/frame00336.png 16.700818 -0.398659 -17.913307 0.975940 -0.122883 0.179508 -0.014777

seq2/frame00337.png 17.370460 -0.413501 -17.566758 0.976548 -0.131083 0.170091 -0.015505

seq2/frame00338.png 18.028360 -0.622015 -17.284072 0.968467 -0.110360 0.221825 -0.026200

seq2/frame00339.png 18.482686 -0.419534 -16.645834 0.959743 -0.158925 0.228196 -0.039546

seq2/frame00340.png 18.955113 -0.290398 -16.469039 0.954185 -0.153331 0.255256 -0.029417

seq2/frame00341.png 19.672154 -0.237425 -15.970086 0.971678 -0.156440 0.177087 -0.002757

seq2/frame00342.png 20.334743 -0.590539 -16.234439 0.977779 -0.151594 0.143519 -0.019264

seq2/frame00343.png 20.838148 -0.633240 -16.236969 0.974418 -0.149749 0.165226 -0.028016

seq2/frame00344.png 21.615352 -0.660868 -16.349353 0.975227 -0.157947 0.154726 -0.006774

seq2/frame00345.png 22.302542 -0.615568 -16.187619 0.975516 -0.162503 0.146875 0.019746

seq2/frame00346.png 22.952960 -0.782533 -16.442150 0.975385 -0.171951 0.137130 0.015898

seq2/frame00347.png 23.667483 -0.772094 -16.312323 0.976612 -0.149565 0.154072 0.011008

seq2/frame00348.png 24.357838 -0.739806 -16.357804 0.972933 -0.151823 0.173683 -0.013604

seq2/frame00349.png 24.910018 -0.847257 -16.525766 0.955949 -0.156358 0.246624 -0.029839

seq2/frame00350.png 25.398918 -0.864472 -16.371027 0.948731 -0.149730 0.277623 -0.020413

seq2/frame00351.png 25.712848 -0.834670 -16.527282 0.939256 -0.132314 0.314903 -0.033571

seq2/frame00352.png 25.725959 -0.866483 -16.410547 0.961715 -0.104824 0.251444 -0.029876

