seq8/frame00001.png -7.975869 0.247071 -14.058630 0.843265 -0.154860 -0.507043 0.088487

seq8/frame00002.png -7.976288 0.369049 -13.963433 0.837079 -0.163532 -0.514971 0.085794

seq8/frame00003.png -7.966533 0.612534 -14.000986 0.835547 -0.173468 -0.515373 0.078491

seq8/frame00004.png -8.129863 0.628412 -13.694312 0.841877 -0.184265 -0.501763 0.074321

seq8/frame00005.png -8.553902 0.609651 -13.349713 0.825937 -0.244621 -0.496080 0.109054

seq8/frame00006.png -9.365072 0.865661 -13.388180 0.865872 -0.239972 -0.416802 0.137676

seq8/frame00007.png -9.831160 0.394973 -13.066487 0.850679 -0.284686 -0.416523 0.147676

seq8/frame00008.png -10.549751 0.650328 -12.712685 0.845139 -0.321140 -0.400518 0.148977

seq8/frame00009.png -11.109781 0.624928 -12.471190 0.857933 -0.299166 -0.392615 0.142493

seq8/frame00010.png -11.713616 0.666067 -12.109064 0.846839 -0.308780 -0.411780 0.134001

seq8/frame00011.png -12.424642 0.601590 -11.886081 0.843326 -0.297898 -0.432932 0.112372

seq8/frame00012.png -12.878741 0.604750 -11.689964 0.861157 -0.276925 -0.417313 0.087014

seq8/frame00013.png -13.913779 0.950772 -11.884541 0.868936 -0.249601 -0.410571 0.118663

seq8/frame00014.png -14.417225 0.920909 -12.119732 0.923557 -0.143889 -0.349643 0.063952

seq8/frame00015.png -14.769999 0.868112 -12.174173 0.932878 -0.071199 -0.351261 0.035852

seq8/frame00016.png -15.169775 0.832437 -12.247238 0.946164 -0.061890 -0.316939 0.022210

seq8/frame00017.png -15.663581 0.863957 -12.478351 0.949277 -0.056543 -0.307161 0.036433

seq8/frame00018.png -16.143708 0.883582 -12.592192 0.954976 -0.024639 -0.295537 0.008434

seq8/frame00019.png -16.282000 0.877461 -12.819628 0.922107 -0.022282 -0.385918 0.017057

seq8/frame00020.png -16.477224 0.874116 -12.955994 0.852631 -0.036093 -0.520397 0.030088

seq8/frame00021.png -16.610495 0.729728 -13.233959 0.792791 -0.018102 -0.609107 0.012025

seq8/frame00022.png -16.620430 1.092945 -13.217517 0.779378 -0.024986 -0.625976 0.010056

