seq9/frame00001.png -14.585029 0.802112 -17.150710 0.884647 -0.102828 -0.453880 0.028603

seq9/frame00002.png -14.574898 0.819390 -17.195743 0.884663 -0.105138 -0.453139 0.031337

seq9/frame00003.png -14.551629 0.828566 -17.220978 0.884724 -0.106677 -0.452589 0.032341

seq9/frame00004.png -14.301559 0.937975 -17.281828 0.891532 -0.101813 -0.440501 0.027637

seq9/frame00005.png -13.666547 0.823947 -17.382154 0.898581 -0.090337 -0.427645 0.038891

seq9/frame00006.png -12.934457 0.741079 -17.227572 0.899931 -0.098630 -0.422904 0.039356

seq9/frame00007.png -12.370916 0.734323 -17.403016 0.914760 -0.101549 -0.388099 0.047758

seq9/frame00008.png -11.695381 0.659412 -17.371004 0.901979 -0.129327 -0.408900 0.050098

seq9/frame00009.png -11.028247 0.712112 -17.437778 0.911251 -0.126723 -0.389174 0.045891

seq9/frame00010.png -10.324647 0.530995 -17.440968 0.907515 -0.121641 -0.399708 0.043060

seq9/frame00011.png -9.600283 0.713859 -17.403127 0.912331 -0.124667 -0.387700 0.042424

seq9/frame00012.png -8.972527 0.575178 -17.115607 0.919027 -0.119541 -0.371001 0.058813

seq9/frame00013.png -8.295116 0.673117 -16.869688 0.932662 -0.132127 -0.330787 0.057147

seq9/frame00014.png -7.729559 0.660144 -16.327892 0.938091 -0.125542 -0.319845 0.043858

seq9/frame00015.png -7.007198 0.609000 -15.831316 0.934521 -0.144989 -0.321304 0.049112

seq9/frame00016.png -6.644214 0.622774 -15.311360 0.940900 -0.116586 -0.314110 0.049491

seq9/frame00017.png -6.145131 0.550795 -14.924224 0.924883 -0.121017 -0.359325 0.028824

seq9/frame00018.png -5.647888 0.510211 -14.336439 0.933863 -0.109807 -0.336979 0.047826

seq9/frame00019.png -5.119433 0.409640 -13.814077 0.929608 -0.134862 -0.340433 0.041800

seq9/frame00020.png -4.576311 0.460926 -13.607893 0.928995 -0.161560 -0.328165 0.056341

seq9/frame00021.png -4.047081 0.323844 -13.235790 0.933830 -0.193113 -0.296924 0.050052

seq9/frame00022.png -3.371505 0.239134 -13.080740 0.924908 -0.234883 -0.286340 0.085939

seq9/frame00023.png -2.731497 0.200314 -12.904029 0.908548 -0.283710 -0.293251 0.089737

seq9/frame00024.png -1.968151 0.364026 -12.875492 0.910838 -0.303080 -0.267297 0.084077

seq9/frame00025.png -1.262360 0.341436 -12.680851 0.926551 -0.269401 -0.250203 0.079528

seq9/frame00026.png -0.559098 0.349823 -12.788572 0.932021 -0.260043 -0.245835 0.057263

seq9/frame00027.png 0.181335 0.335498 -12.833211 0.937131 -0.202908 -0.277141 0.061707

seq9/frame00028.png 0.866863 0.355576 -12.771648 0.939794 -0.156483 -0.302400 0.029253

seq9/frame00029.png 1.609752 0.246680 -12.581256 0.953637 -0.101209 -0.283072 0.014266

seq9/frame00030.png 2.279454 0.139922 -12.415386 0.963652 -0.094300 -0.249963 -0.001051

seq9/frame00031.png 2.979407 0.125977 -12.360144 0.975609 -0.089312 -0.200249 0.010495

seq9/frame00032.png 3.620958 0.078150 -12.381865 0.976673 -0.088955 -0.195109 -0.011348

seq9/frame00033.png 4.319953 0.116259 -12.792012 0.989529 -0.072535 -0.124450 -0.009177

seq9/frame00034.png 5.129302 0.081205 -13.098909 0.993545 -0.056861 -0.095574 -0.022400

seq9/frame00035.png 5.616681 -0.102132 -13.649778 0.990321 -0.097373 -0.098708 0.006361

seq9/frame00036.png 6.202789 -0.168678 -13.991801 0.990498 -0.105856 -0.086718 0.013740

seq9/frame00037.png 6.998604 0.112852 -14.481530 0.991276 -0.117723 -0.055673 -0.020336

seq9/frame00038.png 7.728503 0.032131 -14.780070 0.990650 -0.129184 -0.041767 -0.013438

seq9/frame00039.png 8.444984 -0.081544 -15.193042 0.989502 -0.142970 -0.020509 -0.005072

seq9/frame00040.png 9.257172 0.061345 -15.200238 0.991096 -0.131046 0.010261 -0.021221

seq9/frame00041.png 9.915171 -0.041931 -15.715260 0.986942 -0.159264 -0.018342 -0.015620

seq9/frame00042.png 10.468330 -0.175769 -15.727632 0.990902 -0.133056 -0.019217 -0.006326

seq9/frame00043.png 11.230383 -0.205897 -15.906843 0.986753 -0.159690 -0.028562 -0.001774

seq9/frame00044.png 11.822755 -0.141363 -16.019201 0.989342 -0.142761 0.018027 -0.022321

seq9/frame00045.png 12.653519 -0.268256 -16.001849 0.985711 -0.157877 0.039868 -0.043126

seq9/frame00046.png 13.406824 -0.286061 -16.043239 0.984908 -0.153703 0.067758 -0.041730

seq9/frame00047.png 14.134496 -0.334024 -15.908756 0.984845 -0.161833 0.051975 -0.034483

seq9/frame00048.png 14.823634 -0.293295 -15.786319 0.981939 -0.166689 0.083623 -0.031910

seq9/frame00049.png 15.443581 -0.396701 -15.641475 0.976842 -0.183372 0.107172 -0.025874

seq9/frame00050.png 16.257612 -0.408135 -15.438728 0.969681 -0.202375 0.133252 -0.031727

seq9/frame00051.png 16.999016 -0.428523 -15.060396 0.964681 -0.205276 0.162051 -0.031488

seq9/frame00052.png 17.604988 -0.614891 -14.841825 0.954783 -0.223241 0.190084 -0.049198

seq9/frame00053.png 18.329414 -0.501701 -14.366982 0.937099 -0.232472 0.256905 -0.042446

seq9/frame00054.png 19.003446 -0.409330 -14.072331 0.937272 -0.210448 0.265939 -0.080684

seq9/frame00055.png 19.674815 -0.590952 -13.566577 0.928239 -0.229265 0.284776 -0.068642

seq9/frame00056.png 20.332164 -0.636627 -13.274270 0.938610 -0.241583 0.235270 -0.072780

seq9/frame00057.png 21.027703 -0.623295 -12.898305 0.940206 -0.193857 0.271385 -0.069162

seq9/frame00058.png 21.706388 -0.652782 -12.606378 0.956158 -0.154706 0.241027 -0.061102

seq9/frame00059.png 22.490210 -0.752349 -12.423459 0.946977 -0.136076 0.285830 -0.054941

seq9/frame00060.png 23.183640 -0.638179 -12.130524 0.948108 -0.148979 0.273150 -0.065471

seq9/frame00061.png 23.886783 -0.680509 -12.195031 0.943875 -0.123101 0.301626 -0.054480

seq9/frame00062.png 24.617080 -0.818353 -12.124385 0.952239 -0.134486 0.264927 -0.070483

seq9/frame00063.png 25.479950 -0.867227 -12.006759 0.945883 -0.119886 0.297336 -0.050229

seq9/frame00064.png 26.095418 -0.916589 -11.913172 0.948566 -0.143127 0.275479 -0.062038

seq9/frame00065.png 27.031795 -0.873095 -11.941586 0.934897 -0.104208 0.332996 -0.064984

seq9/frame00066.png 27.662003 -0.888935 -11.843307 0.932291 -0.099611 0.342086 -0.062360

seq9/frame00067.png 28.546551 -0.911445 -11.721287 0.924918 -0.097140 0.361712 -0.065233

seq9/frame00068.png 29.207672 -0.934148 -11.572588 0.919040 -0.107079 0.374113 -0.062766

seq9/frame00069.png 29.879466 -0.964711 -11.477824 0.918137 -0.109672 0.374913 -0.066605

seq9/frame00070.png 30.561144 -0.993766 -11.244580 0.934876 -0.073628 0.344472 -0.043865

seq9/frame00071.png 31.137748 -1.022557 -10.910912 0.935217 -0.073663 0.340687 -0.062252

seq9/frame00072.png 31.806055 -1.048146 -10.809888 0.912656 -0.037335 0.401875 -0.064506

seq9/frame00073.png 32.250972 -1.121726 -10.287960 0.900451 -0.021751 0.428804 -0.069587

seq9/frame00074.png 32.977319 -1.156060 -10.079664 0.894685 -0.016763 0.443235 -0.052912

seq9/frame00075.png 33.482364 -1.126436 -9.652257 0.914817 -0.023031 0.398781 -0.059603

seq9/frame00076.png 34.056552 -1.142365 -9.255439 0.908553 -0.029036 0.412325 -0.060630

seq9/frame00077.png 34.631704 -1.130777 -8.884184 0.895403 -0.044373 0.439301 -0.057448

seq9/frame00078.png 35.230460 -1.144650 -8.500014 0.882842 -0.050709 0.465694 -0.033862

seq9/frame00079.png 35.902394 -1.184033 -8.254120 0.863685 -0.051709 0.498210 -0.056221

seq9/frame00080.png 36.393190 -1.234402 -7.864381 0.874561 -0.068716 0.475055 -0.068880

seq9/frame00081.png 36.951870 -1.234268 -7.537262 0.875539 -0.055684 0.476640 -0.056080

seq9/frame00082.png 37.404903 -1.286573 -7.162711 0.878763 -0.030233 0.471438 -0.067882

seq9/frame00083.png 38.035969 -1.372899 -7.010163 0.868176 -0.029629 0.492449 -0.053717

seq9/frame00084.png 38.318759 -1.376789 -6.655210 0.873099 -0.054398 0.481161 -0.056763

seq9/frame00085.png 38.828433 -1.361885 -6.551979 0.860424 -0.048257 0.505815 -0.038635

seq9/frame00086.png 39.143766 -1.407640 -6.338252 0.848333 -0.045907 0.525869 -0.041059

seq9/frame00087.png 39.349400 -1.476298 -5.998851 0.838213 -0.034747 0.541732 -0.052138

seq9/frame00088.png 39.757408 -1.499226 -5.656416 0.808713 -0.047049 0.584782 -0.042420

seq9/frame00089.png 39.966008 -1.464776 -5.203616 0.800050 -0.063992 0.594827 -0.044796

seq9/frame00090.png 40.308545 -1.516495 -4.614428 0.828079 -0.103966 0.546242 -0.071390

seq9/frame00091.png 40.463950 -1.520949 -4.337686 0.851144 -0.087997 0.513936 -0.060662

seq9/frame00092.png 40.275077 -1.616892 -3.657920 0.879065 -0.068714 0.468997 -0.050645

seq9/frame00093.png 40.129349 -1.550145 -3.215459 0.888391 -0.064230 0.451931 -0.048926

seq9/frame00094.png 40.060749 -1.470940 -2.697579 0.902343 -0.064454 0.424757 -0.034698

seq9/frame00095.png 39.935981 -1.384382 -2.289545 0.915544 -0.024472 0.398963 -0.044830

seq9/frame00096.png 39.579772 -1.625699 -1.889077 0.920526 -0.003418 0.389531 -0.029765

seq9/frame00097.png 39.244878 -1.451228 -1.420706 0.930698 -0.012755 0.364414 -0.029013

seq9/frame00098.png 39.402369 -1.356868 -1.085230 0.926275 -0.012168 0.374901 -0.036284

