seq1/frame00001.png 16.449079 -1.681277 36.673483 0.121933 0.992416 0.015382 0.002587

seq1/frame00002.png 16.455762 -1.665414 36.639230 0.120988 0.992532 0.015305 0.002800

seq1/frame00003.png 16.461486 -1.652832 36.611227 0.120904 0.992542 0.015289 0.003053

seq1/frame00004.png 16.459218 -1.656440 36.623627 0.119104 0.992742 0.015921 0.004917

seq1/frame00005.png 16.544251 -1.535676 36.377211 0.117223 0.992163 0.030738 0.030453

seq1/frame00006.png 15.600427 -1.363899 36.479629 0.090903 0.995831 0.007464 -0.001260

seq1/frame00007.png 15.617720 -1.555258 36.452237 0.131468 0.991302 0.003698 0.004673

seq1/frame00008.png 14.800775 -1.738916 36.266648 0.151102 0.987968 -0.020906 0.025485

seq1/frame00009.png 13.934896 -1.686917 36.067838 0.189079 0.980323 -0.043945 0.035857

seq1/frame00010.png 14.722588 -1.342000 36.221355 0.187983 0.979607 -0.010596 0.070140

seq1/frame00011.png 12.851903 -2.497243 35.482907 0.173268 0.981891 -0.000307 0.076598

seq1/frame00012.png 12.471006 -1.508666 35.732433 0.147331 0.987649 0.011878 0.051986

seq1/frame00013.png 12.312753 -1.641301 36.301874 0.135756 0.989079 0.002474 0.057325

seq1/frame00014.png 11.634615 -1.575187 35.698954 0.137841 0.988473 0.010780 0.061677

seq1/frame00015.png 10.574489 -1.450810 35.687589 0.103882 0.990284 0.013371 0.091476

seq1/frame00016.png 10.224071 -1.503654 35.752720 0.138653 0.986925 -0.014634 0.080878

seq1/frame00017.png 9.757732 -1.824339 35.818215 0.141980 0.985634 -0.008166 0.091103

seq1/frame00018.png 8.346152 -1.507808 35.220283 0.141203 0.984854 -0.026526 0.097061

seq1/frame00019.png 7.861891 -1.276922 35.482233 0.141286 0.982869 -0.042033 0.110635

seq1/frame00020.png 6.661319 -2.546440 35.633479 0.147327 0.981224 -0.047002 0.115258

seq1/frame00021.png 6.757405 -1.528559 35.659155 0.137984 0.977058 -0.036048 0.158174

seq1/frame00022.png 5.916620 -1.671594 35.257139 0.135660 0.970009 -0.011348 0.201370

seq1/frame00023.png 5.214730 -1.790244 35.343773 0.144554 0.973734 -0.009785 0.175645

seq1/frame00024.png 4.375552 -2.310436 35.747489 0.145729 0.976876 0.005662 0.156345

seq1/frame00025.png 4.151788 -1.879168 35.488856 0.137790 0.969563 -0.021462 0.201246

seq1/frame00026.png 3.580141 -1.675875 35.606569 0.137529 0.969504 0.000534 0.202847

seq1/frame00027.png 2.464642 -1.692744 35.034271 0.135657 0.971648 -0.025112 0.192009

seq1/frame00028.png 2.051810 -1.236675 35.176596 0.157058 0.961044 -0.008332 0.227284

seq1/frame00029.png 1.217823 -2.853762 34.425774 0.176474 0.950316 -0.009191 0.256267

seq1/frame00030.png 1.427016 -2.267864 34.399030 0.187254 0.952426 0.001991 0.240452

seq1/frame00031.png 0.557539 -2.915562 34.515504 0.188382 0.953305 0.001709 0.236047

seq1/frame00032.png -0.094059 -1.350385 34.140373 0.170920 0.956495 0.014901 0.235969

seq1/frame00033.png -0.934655 -1.387598 33.808122 0.155870 0.956325 0.005600 0.247217

seq1/frame00034.png -0.694037 -0.937827 33.507757 0.163844 0.946883 0.003260 0.276691

seq1/frame00035.png -1.746543 -1.656331 32.808987 0.187300 0.939483 -0.000388 0.286863

seq1/frame00036.png -1.944453 -1.555384 32.127530 0.189110 0.943063 -0.012660 0.273329

seq1/frame00037.png -2.192287 -1.802022 31.869701 0.205056 0.940475 0.002568 0.271022

seq1/frame00038.png -2.320095 -1.240070 31.126210 0.194037 0.947507 -0.020540 0.253294

seq1/frame00039.png -2.686206 -1.240390 30.547977 0.207828 0.942835 -0.013524 0.260168

seq1/frame00040.png -2.820008 -1.217821 30.254863 0.197762 0.940066 -0.012378 0.277512

seq1/frame00041.png -3.054198 -1.382064 29.484635 0.196561 0.945794 0.009722 0.258348

seq1/frame00042.png -3.169018 -1.040037 28.924576 0.189977 0.944064 -0.014156 0.269168

seq1/frame00043.png -3.099565 -0.776835 28.237316 0.199775 0.937189 -0.004459 0.285915

seq1/frame00044.png -2.906136 -1.195209 27.919037 0.183624 0.930453 0.001769 0.317074

seq1/frame00045.png -3.033403 -1.111667 26.910207 0.178884 0.935951 0.029437 0.301878

seq1/frame00046.png -2.996402 -0.870885 26.129860 0.172874 0.937017 0.035281 0.301443

seq1/frame00047.png -2.783171 -0.899404 25.718182 0.176792 0.937602 0.035368 0.297314

seq1/frame00048.png -2.678456 -0.984716 25.197860 0.186012 0.933498 0.031969 0.304893

seq1/frame00049.png -2.825670 -1.013409 24.347881 0.178889 0.934952 0.004126 0.306343

seq1/frame00050.png -2.806914 -0.617835 23.817351 0.159873 0.939009 0.026510 0.303314

seq1/frame00051.png -2.811303 -0.581775 23.257279 0.175578 0.937208 0.003940 0.301326

seq1/frame00052.png -2.913413 -0.539890 22.380230 0.180696 0.938188 0.008419 0.295094

seq1/frame00053.png -3.001863 -0.341281 21.912175 0.187136 0.929611 0.004324 0.317466

seq1/frame00054.png -3.045634 -0.154444 21.155389 0.191851 0.926192 0.007945 0.324498

seq1/frame00055.png -2.941380 -0.290812 20.594652 0.177048 0.922635 0.014417 0.342330

seq1/frame00056.png -2.723162 -0.288371 20.262082 0.188276 0.919987 0.012273 0.343548

seq1/frame00057.png -2.894924 -0.289591 19.444137 0.176236 0.913066 0.028615 0.366649

seq1/frame00058.png -2.711121 -0.324751 18.769137 0.182888 0.918467 0.023718 0.349869

seq1/frame00059.png -2.801836 -0.201382 18.037023 0.176708 0.921293 0.028369 0.345236

seq1/frame00060.png -2.763489 -0.043025 17.353352 0.195461 0.914577 0.005185 0.354001

seq1/frame00061.png -2.844014 -0.148184 17.000921 0.203717 0.903428 0.023444 0.376521

seq1/frame00062.png -2.882885 0.048503 15.993663 0.199829 0.895197 0.030848 0.397164

seq1/frame00063.png -2.815600 0.007669 15.558823 0.189447 0.895673 0.041543 0.400193

seq1/frame00064.png -2.824466 -0.319456 14.782638 0.197205 0.897357 0.008142 0.394708

seq1/frame00065.png -2.766967 0.298590 14.267315 0.190506 0.898467 0.016732 0.395203

seq1/frame00066.png -2.753131 0.126409 13.829018 0.188495 0.887674 0.010658 0.419988

seq1/frame00067.png -2.646629 0.269608 13.074570 0.189917 0.889360 0.020856 0.415375

seq1/frame00068.png -2.806400 0.301847 12.512788 0.182380 0.889641 0.038252 0.416909

seq1/frame00069.png -2.693613 0.453951 11.796088 0.207542 0.882764 0.050717 0.418429

seq1/frame00070.png -2.831093 0.416461 11.326665 0.232648 0.868266 0.057226 0.434412

seq1/frame00071.png -2.809597 0.504932 10.717779 0.255715 0.859486 0.039612 0.440822

seq1/frame00072.png -2.866576 0.536877 10.003119 0.254750 0.858553 0.048525 0.442305

seq1/frame00073.png -2.840033 0.646262 9.408510 0.238612 0.863980 0.060131 0.439304

seq1/frame00074.png -2.869730 0.685152 8.839128 0.248532 0.859173 0.067155 0.442203

seq1/frame00075.png -2.766950 0.771964 8.250832 0.262513 0.849067 0.052663 0.455409

seq1/frame00076.png -2.538956 0.882712 7.690223 0.264708 0.821910 0.062205 0.500524

seq1/frame00077.png -2.330675 0.825446 7.128177 0.290197 0.824940 0.069850 0.479980

seq1/frame00078.png -2.034985 0.918141 6.707290 0.316645 0.835037 0.074620 0.443713

seq1/frame00079.png -1.724352 0.963566 6.426109 0.270559 0.826060 0.059697 0.490774

seq1/frame00080.png -1.329098 0.859242 5.892420 0.315811 0.810294 0.077079 0.487592

seq1/frame00081.png -1.042638 1.006090 5.489288 0.333770 0.803772 0.073915 0.486913

seq1/frame00082.png -0.779045 0.679885 5.232972 0.409804 0.807464 0.098550 0.412735

seq1/frame00083.png -0.386564 0.582217 5.078600 0.394307 0.803372 0.090524 0.436945

seq1/frame00084.png 0.202735 0.620548 4.897343 0.363772 0.816028 0.088925 0.440296

seq1/frame00085.png 0.812696 0.704957 4.804591 0.395353 0.834190 0.085338 0.374887

seq1/frame00086.png 1.412587 0.698348 4.990224 0.401895 0.818337 0.104089 0.397455

seq1/frame00087.png 2.127116 0.526181 4.858780 0.429675 0.805978 0.087423 0.397663

seq1/frame00088.png 2.694385 0.602526 4.899381 0.413662 0.817392 0.104793 0.387004

seq1/frame00089.png 3.432128 0.651243 4.728122 0.437987 0.806267 0.091784 0.386881

seq1/frame00090.png 4.083592 0.551669 4.722118 0.460918 0.787776 0.105557 0.394742

seq1/frame00091.png 4.740084 0.604927 4.605476 0.472135 0.791452 0.098721 0.375428

seq1/frame00092.png 5.363012 0.573705 4.693397 0.474892 0.808513 0.086256 0.336666

seq1/frame00093.png 5.979730 0.572767 4.742484 0.470075 0.826922 0.064792 0.301715

seq1/frame00094.png 6.587009 0.602257 4.919437 0.473463 0.835381 0.068882 0.270606

seq1/frame00095.png 7.217957 0.542885 4.995027 0.482015 0.822928 0.077462 0.290603

seq1/frame00096.png 7.883789 0.616998 5.016715 0.497980 0.821809 0.076064 0.266196

seq1/frame00097.png 8.538472 0.607118 5.031225 0.515520 0.816356 0.063613 0.252499

seq1/frame00098.png 9.235741 0.585453 4.959661 0.507445 0.828380 0.055143 0.230751

seq1/frame00099.png 9.915886 0.619381 4.918882 0.482966 0.845413 0.045947 0.223404

seq1/frame00100.png 10.525467 0.558027 5.000852 0.468425 0.862184 0.028743 0.190765

seq1/frame00101.png 11.167742 0.575843 5.112905 0.424359 0.888339 0.032605 0.172366

seq1/frame00102.png 11.690235 0.505624 5.466168 0.413648 0.900273 0.012262 0.135107

seq1/frame00103.png 12.124981 0.540428 5.925113 0.468513 0.865093 0.051575 0.171611

seq1/frame00104.png 12.493714 0.480632 6.376069 0.507787 0.840859 0.073721 0.172260

seq1/frame00105.png 12.837816 0.448898 6.803058 0.470830 0.865452 0.086928 0.147497

seq1/frame00106.png 13.107963 0.359386 7.318706 0.474306 0.863367 0.096103 0.142814

seq1/frame00107.png 13.431738 0.300000 8.030668 0.443143 0.887987 0.092466 0.080951

seq1/frame00108.png 13.726360 0.262887 8.600344 0.408032 0.907451 0.085730 0.051897

seq1/frame00109.png 13.813532 0.352810 9.257725 0.366541 0.927604 0.066299 0.028348

seq1/frame00110.png 13.933151 0.371045 9.838725 0.364577 0.930740 0.026355 0.010551

seq1/frame00111.png 13.975166 0.238403 10.404559 0.394780 0.917248 0.051840 0.010866

seq1/frame00112.png 14.471710 -0.093460 10.886530 0.408985 0.910545 0.057907 -0.016902

seq1/frame00113.png 14.590329 0.014813 11.633937 0.404090 0.912786 0.058072 -0.012656

seq1/frame00114.png 14.655650 0.045691 12.207182 0.353379 0.932975 0.062457 -0.027925

seq1/frame00115.png 14.895792 0.070122 12.786927 0.391587 0.916313 0.065309 -0.052570

seq1/frame00116.png 15.140421 0.011711 13.552510 0.402152 0.914488 0.041627 -0.015919

seq1/frame00117.png 15.193438 -0.080470 14.006971 0.399076 0.915208 0.047631 -0.029400

seq1/frame00118.png 15.475502 -0.133399 14.600408 0.326594 0.942422 0.039110 -0.060403

seq1/frame00119.png 15.468557 -0.019261 15.204155 0.295638 0.952438 0.042155 -0.060692

seq1/frame00120.png 15.575689 -0.158713 15.942258 0.282228 0.953537 0.046464 -0.094636

seq1/frame00121.png 16.065284 0.035944 16.496521 0.310349 0.950183 0.024913 -0.014660

seq1/frame00122.png 15.979813 -0.509677 16.901063 0.310077 0.949592 -0.006978 0.045602

seq1/frame00123.png 15.806978 -0.866273 17.088786 0.320703 0.946724 0.005531 0.028856

seq1/frame00124.png 15.623807 -0.476929 17.927436 0.327036 0.943824 -0.024610 0.040482

seq1/frame00125.png 15.760733 -0.527863 18.825976 0.307033 0.950037 -0.016723 0.053673

seq1/frame00126.png 15.508893 -0.803783 19.385045 0.310435 0.950376 -0.020246 -0.002577

seq1/frame00127.png 16.020802 -0.468284 19.859379 0.281362 0.959412 -0.018200 -0.005663

seq1/frame00128.png 15.845706 -0.275843 20.573770 0.275198 0.960852 -0.020759 -0.024473

seq1/frame00129.png 15.790746 -0.147731 21.099803 0.241427 0.968316 -0.047291 -0.042909

seq1/frame00130.png 16.052101 -0.379555 21.552955 0.230713 0.970440 -0.049305 -0.050860

seq1/frame00131.png 16.412543 -0.075532 22.043990 0.216591 0.973489 -0.038560 -0.062614

seq1/frame00132.png 16.079307 -0.244912 22.695760 0.225836 0.974107 0.008363 0.006640

seq1/frame00133.png 15.975871 -0.879144 23.131289 0.225742 0.973801 0.014322 -0.023396

seq1/frame00134.png 16.105879 -0.850537 23.685800 0.233123 0.972109 0.011087 -0.023109

seq1/frame00135.png 15.776249 -0.973864 24.417030 0.244082 0.966975 -0.000188 -0.073366

seq1/frame00136.png 15.819469 -1.531503 24.810218 0.238203 0.968882 0.012051 -0.066193

seq1/frame00137.png 15.856782 -0.771586 25.390119 0.218925 0.974438 -0.000481 -0.050418

seq1/frame00138.png 15.820367 -0.635623 26.117979 0.230969 0.971461 -0.003078 -0.053929

seq1/frame00139.png 15.654754 -0.426968 26.593459 0.213440 0.976069 -0.004793 -0.041351

seq1/frame00140.png 15.667959 -0.300768 27.096616 0.208151 0.976104 -0.012934 -0.061041

seq1/frame00141.png 15.788612 -0.538557 27.406630 0.204048 0.978830 -0.001836 -0.015880

seq1/frame00142.png 15.670066 -1.206928 27.815242 0.221575 0.974274 -0.017377 -0.037328

seq1/frame00143.png 15.818841 -1.257648 28.618093 0.248879 0.968238 -0.004052 -0.023624

seq1/frame00144.png 15.795479 -1.656056 28.976618 0.240572 0.969730 -0.009039 -0.040844

seq1/frame00145.png 15.797961 -1.202039 29.728327 0.246833 0.967602 0.011010 -0.051944

seq1/frame00146.png 16.271694 -2.079060 29.792180 0.231126 0.970354 -0.002727 -0.070622

seq1/frame00147.png 16.434019 -1.043562 30.399710 0.214420 0.976396 -0.025930 0.001503

seq1/frame00148.png 16.128810 -0.840190 31.014540 0.215695 0.976210 -0.014456 -0.016732

seq1/frame00149.png 16.050532 -1.771786 31.631425 0.220803 0.972874 0.000677 -0.069000

seq1/frame00150.png 17.342964 -2.675642 31.238488 0.211157 0.970244 0.001801 -0.118471

seq1/frame00151.png 16.747307 -1.942482 32.728356 0.170270 0.978445 0.005390 -0.116728

seq1/frame00152.png 18.033282 -1.905780 32.695134 0.204433 0.973958 0.016059 -0.096722

seq1/frame00153.png 17.452092 -1.190690 33.892744 0.225017 0.972731 0.042768 -0.036493

seq1/frame00154.png 18.587397 -1.341427 33.991042 0.216416 0.967848 0.003054 -0.128164

seq1/frame00155.png 18.546825 -1.290518 34.197812 0.223631 0.968373 -0.000600 -0.110647

seq1/frame00156.png 19.004977 -1.299016 34.654286 0.195708 0.969006 -0.012102 -0.150262

seq1/frame00157.png 20.027424 -1.282228 34.979914 0.204334 0.968493 -0.007661 -0.142160

seq1/frame00158.png 20.080393 -1.724732 35.596924 0.196978 0.968056 -0.000501 -0.155134

seq1/frame00159.png 21.426718 -1.502955 35.207303 0.201884 0.967861 -0.025248 -0.147822

seq1/frame00160.png 21.320003 -1.323872 35.165987 0.214581 0.967100 -0.031916 -0.132867

seq1/frame00161.png 22.501639 -1.708839 35.154826 0.191488 0.968250 -0.030518 -0.157773

seq1/frame00162.png 22.941051 -1.505569 34.780569 0.178249 0.978454 -0.025739 -0.100957

seq1/frame00163.png 23.606410 -1.716565 35.183734 0.167657 0.980279 -0.000048 -0.104614

seq1/frame00164.png 24.058982 -1.462733 34.750439 0.175089 0.978231 -0.028296 -0.107738

seq1/frame00165.png 24.351753 -1.450778 34.900693 0.178111 0.970373 -0.035662 -0.159311

seq1/frame00166.png 25.113850 -1.499432 34.860176 0.170306 0.968213 -0.022130 -0.181850

seq1/frame00167.png 25.152663 -1.512236 34.856633 0.193832 0.963060 -0.020618 -0.185792

seq1/frame00168.png 26.331426 -1.558452 34.831044 0.211273 0.953248 -0.007475 -0.215930

seq1/frame00169.png 26.779783 -1.577380 34.841734 0.220093 0.953260 -0.039775 -0.203154

seq1/frame00170.png 27.778968 -1.427115 34.612408 0.222050 0.945808 -0.015774 -0.236417

seq1/frame00171.png 27.405155 -1.179185 34.520200 0.241338 0.931379 0.001549 -0.272558

seq1/frame00172.png 28.662251 -1.598478 34.369431 0.254088 0.931079 0.012049 -0.261507

seq1/frame00173.png 29.414154 -1.217006 34.166796 0.266854 0.946433 0.014424 -0.181235

seq1/frame00174.png 29.324892 -1.406817 34.442647 0.289455 0.943872 0.028220 -0.156605

seq1/frame00175.png 29.724085 -1.093847 34.000240 0.278485 0.938649 0.034476 -0.200490

seq1/frame00176.png 30.087630 -1.916328 34.034084 0.274430 0.930371 0.003019 -0.243083

seq1/frame00177.png 30.306588 -1.246557 33.569026 0.208114 0.950457 -0.007906 -0.230777

seq1/frame00178.png 30.474599 -1.284658 32.905033 0.214516 0.951137 0.002692 -0.222067

seq1/frame00179.png 30.634335 -1.085301 32.411771 0.208670 0.952601 0.002644 -0.221361

seq1/frame00180.png 31.113366 -0.282375 31.712073 0.218073 0.950543 0.017406 -0.220474

seq1/frame00181.png 30.969457 -0.368917 31.252993 0.220673 0.947282 0.001062 -0.232292

seq1/frame00182.png 30.841418 -0.319729 30.985473 0.215310 0.941820 -0.005424 -0.258046

seq1/frame00183.png 30.667282 -0.696854 30.086035 0.213509 0.944643 -0.001721 -0.249119

seq1/frame00184.png 30.444702 -0.593381 29.879990 0.181139 0.947341 0.014047 -0.263698

seq1/frame00185.png 30.314838 -0.767945 28.978001 0.178855 0.951344 -0.003285 -0.250887

seq1/frame00186.png 30.318407 -0.650238 28.068361 0.210569 0.943316 -0.013736 -0.256178

seq1/frame00187.png 30.140351 -0.306400 27.670750 0.207632 0.946032 0.001922 -0.248814

seq1/frame00188.png 30.111224 -0.135055 27.235177 0.194990 0.944230 -0.008833 -0.265199

seq1/frame00189.png 30.145028 -0.081734 26.703004 0.192735 0.942882 0.004757 -0.271671

seq1/frame00190.png 29.991637 0.063451 26.132393 0.190148 0.946486 0.003094 -0.260766

seq1/frame00191.png 29.694291 -0.388273 25.500866 0.211610 0.941864 -0.012796 -0.260671

seq1/frame00192.png 29.505474 -0.259557 24.987089 0.184698 0.948481 -0.002751 -0.257417

seq1/frame00193.png 29.700624 -0.534046 24.251023 0.224786 0.930949 -0.007468 -0.287661

seq1/frame00194.png 29.387951 0.055482 24.014256 0.207572 0.939477 -0.006423 -0.272500

seq1/frame00195.png 29.776394 0.133803 22.996907 0.208930 0.932235 -0.021886 -0.294629

seq1/frame00196.png 29.674628 0.453312 23.087798 0.207075 0.931708 -0.020149 -0.297714

seq1/frame00197.png 29.667577 0.115295 22.147111 0.228808 0.922058 -0.019295 -0.311582

seq1/frame00198.png 29.770718 0.146725 21.448293 0.213214 0.921516 -0.026631 -0.323479

seq1/frame00199.png 29.565526 0.011269 20.975809 0.213330 0.922936 -0.034119 -0.318616

seq1/frame00200.png 29.575974 0.280174 20.284722 0.222760 0.922477 -0.027667 -0.314084

seq1/frame00201.png 29.564495 0.297240 19.703521 0.232413 0.925150 -0.029798 -0.298652

seq1/frame00202.png 29.688442 0.239643 19.000652 0.239347 0.920577 -0.023456 -0.307733

seq1/frame00203.png 29.380510 0.605642 18.411361 0.219080 0.937368 -0.016070 -0.270346

seq1/frame00204.png 29.744344 0.514192 17.905954 0.253937 0.921170 -0.048108 -0.290943

seq1/frame00205.png 29.531994 0.425890 17.275293 0.248852 0.925064 -0.056620 -0.281290

seq1/frame00206.png 29.530131 0.652917 16.744544 0.260428 0.918724 -0.060921 -0.290538

seq1/frame00207.png 29.667957 0.446176 16.373606 0.291357 0.887254 -0.062515 -0.352111

seq1/frame00208.png 29.752354 0.369602 15.448545 0.264531 0.890654 -0.022952 -0.369097

seq1/frame00209.png 29.984296 0.491159 14.965572 0.273611 0.899910 -0.031823 -0.338063

seq1/frame00210.png 30.199849 0.690204 14.319405 0.275590 0.911922 -0.042342 -0.301090

seq1/frame00211.png 30.482262 0.835687 13.908002 0.278245 0.911145 -0.045794 -0.300495

seq1/frame00212.png 30.566641 0.900665 13.102690 0.264056 0.909270 -0.047300 -0.318222

seq1/frame00213.png 30.851034 0.980626 12.683695 0.309263 0.889869 -0.061909 -0.329631

seq1/frame00214.png 30.919053 0.817813 11.932572 0.310594 0.870543 -0.068047 -0.375574

seq1/frame00215.png 30.836810 0.904961 11.288735 0.309653 0.870753 -0.072003 -0.375125

seq1/frame00216.png 30.882998 0.994118 10.611912 0.281229 0.864986 -0.067852 -0.410008

seq1/frame00217.png 30.907072 1.035105 9.907993 0.290876 0.874371 -0.061500 -0.383515

seq1/frame00218.png 31.054665 1.010201 9.307880 0.275573 0.871444 -0.079851 -0.397831

seq1/frame00219.png 31.230809 1.188673 8.636312 0.323425 0.865210 -0.088858 -0.372709

seq1/frame00220.png 31.480657 1.106473 8.154997 0.315599 0.850841 -0.058420 -0.415998

seq1/frame00221.png 31.706423 1.419441 7.501270 0.268696 0.853323 -0.048045 -0.444222

seq1/frame00222.png 32.081911 1.435553 7.034624 0.274447 0.832720 -0.059703 -0.477171

seq1/frame00223.png 32.276440 1.397215 6.381721 0.262685 0.824038 -0.046885 -0.499760

seq1/frame00224.png 32.530177 1.612174 5.807745 0.247823 0.826085 -0.065393 -0.501888

seq1/frame00225.png 32.632923 1.603266 5.219862 0.250004 0.807454 -0.074611 -0.529102

seq1/frame00226.png 32.691392 1.675486 4.497713 0.301198 0.805656 -0.104784 -0.499219

seq1/frame00227.png 32.803484 1.590449 4.021233 0.303051 0.786007 -0.120714 -0.525149

seq1/frame00228.png 32.626357 1.769448 3.348902 0.278714 0.783490 -0.118977 -0.542501

seq1/frame00229.png 32.424466 1.746310 2.857794 0.268107 0.736041 -0.122499 -0.609390

seq1/frame00230.png 31.997434 1.720328 2.632225 0.273679 0.719604 -0.126762 -0.625460

seq1/frame00231.png 31.500525 1.741260 2.687499 0.245069 0.754602 -0.143361 -0.591578

seq1/frame00232.png 31.028150 1.750160 2.949467 0.257113 0.774955 -0.132864 -0.561858

seq1/frame00233.png 30.621570 1.680317 3.177014 0.266797 0.754064 -0.145454 -0.582280

seq1/frame00234.png 30.215603 1.416863 3.325265 0.313089 0.767124 -0.169520 -0.533627

seq1/frame00235.png 29.828994 1.316819 3.386794 0.328051 0.735128 -0.205893 -0.556397

seq1/frame00236.png 29.260806 1.146960 3.398565 0.329760 0.745237 -0.177329 -0.551756

seq1/frame00237.png 28.731216 1.222008 3.500767 0.288730 0.755766 -0.181019 -0.559182

seq1/frame00238.png 28.314406 1.094232 3.820168 0.312749 0.766858 -0.190271 -0.527175

seq1/frame00239.png 27.805771 1.074654 4.117380 0.341843 0.760904 -0.178698 -0.521762

seq1/frame00240.png 27.377761 0.962483 4.532393 0.354605 0.770395 -0.148844 -0.508519

seq1/frame00241.png 26.904337 1.009641 4.857626 0.327879 0.771863 -0.156906 -0.521635

seq1/frame00242.png 26.285124 0.982319 4.933173 0.304768 0.800291 -0.144675 -0.495701

seq1/frame00243.png 25.652161 0.878658 5.106748 0.236304 0.820237 -0.102474 -0.510754

seq1/frame00244.png 25.009278 0.915299 5.059084 0.185250 0.826041 -0.059750 -0.528932

seq1/frame00245.png 24.339815 0.893462 5.051921 0.190485 0.844484 -0.051864 -0.497868

seq1/frame00246.png 23.712193 0.885902 4.997303 0.178663 0.839938 -0.051259 -0.509859

seq1/frame00247.png 23.121212 0.832910 5.030787 0.160266 0.853446 -0.044663 -0.493912

seq1/frame00248.png 22.475250 0.828998 4.970105 0.139574 0.856835 -0.039585 -0.494758

seq1/frame00249.png 21.833695 0.760592 4.934379 0.123813 0.854341 -0.017357 -0.504451

seq1/frame00250.png 21.264264 0.814696 4.867809 0.079736 0.859212 -0.041867 -0.503630

seq1/frame00251.png 20.638210 0.774211 4.857921 0.106719 0.862838 -0.031781 -0.493063

seq1/frame00252.png 20.050713 0.743249 4.896384 0.098121 0.901732 -0.000670 -0.421012

seq1/frame00253.png 19.509937 0.741054 4.946510 0.120889 0.901979 0.022932 -0.413877

seq1/frame00254.png 19.084260 0.714898 5.180196 0.187643 0.944463 0.012232 -0.269501

seq1/frame00255.png 18.432770 0.688885 5.583190 0.263751 0.946351 0.014543 -0.186129

seq1/frame00256.png 18.393350 0.578559 6.066560 0.280088 0.941843 0.023926 -0.184146

seq1/frame00257.png 18.089048 0.537662 6.595360 0.251742 0.943250 0.008455 -0.216413

seq1/frame00258.png 17.951659 0.381234 7.104959 0.241059 0.939190 -0.003940 -0.244534

seq1/frame00259.png 17.792261 0.376512 7.764114 0.203668 0.952070 -0.008417 -0.228059

seq1/frame00260.png 17.579379 0.367216 8.236651 0.181495 0.965996 -0.001759 -0.184143

seq1/frame00261.png 17.432300 0.359789 8.808793 0.175597 0.976917 0.031136 -0.117598

seq1/frame00262.png 17.140476 0.444565 9.330494 0.161660 0.978493 0.018452 -0.126796

seq1/frame00263.png 16.993636 0.309403 9.920213 0.169905 0.974922 0.038689 -0.138430

seq1/frame00264.png 16.914672 0.397441 10.590293 0.225484 0.960791 -0.000219 -0.161362

seq1/frame00265.png 16.677463 0.063356 11.202046 0.187904 0.967944 -0.010272 -0.166347

seq1/frame00266.png 16.632967 0.010674 11.700432 0.155738 0.978220 -0.011922 -0.136712

seq1/frame00267.png 16.536982 0.018395 12.220531 0.139490 0.989236 0.010942 -0.042839

seq1/frame00268.png 16.486226 0.054385 12.811279 0.112147 0.992983 -0.003920 -0.037320

seq1/frame00269.png 16.669625 -0.065760 13.337742 0.110956 0.993656 0.014538 0.011185

seq1/frame00270.png 16.466566 0.054898 13.988046 0.095402 0.995069 0.003846 -0.026853

seq1/frame00271.png 16.501960 -0.180857 14.565107 0.117835 0.992280 0.037819 -0.008066

seq1/frame00272.png 16.571940 0.002123 15.149107 0.090529 0.995639 0.021939 -0.005046

seq1/frame00273.png 16.545154 -0.187730 15.722286 0.091470 0.993483 0.038010 0.056392

seq1/frame00274.png 16.393583 -0.178884 16.314679 0.072003 0.996906 0.013031 0.028720

seq1/frame00275.png 16.394644 -0.258303 16.930113 0.060162 0.996699 0.013435 0.052822

seq1/frame00276.png 16.221956 -0.188057 17.500219 0.060694 0.996333 0.010847 0.059328

seq1/frame00277.png 16.368171 -0.317254 18.062137 0.056284 0.996498 0.016248 0.059657

seq1/frame00278.png 16.322150 -0.334300 18.667325 0.047080 0.996216 0.027727 0.067590

seq1/frame00279.png 16.364216 -0.354757 19.212937 0.047835 0.995047 0.040653 0.077076

seq1/frame00280.png 16.319405 -0.397263 19.868766 0.063730 0.993758 0.036719 0.083878

seq1/frame00281.png 16.289500 -0.441489 20.422423 0.043442 0.997641 0.051983 0.011123

seq1/frame00282.png 16.150531 -0.508950 21.011050 0.041702 0.996404 0.064452 0.035859

seq1/frame00283.png 16.068330 -0.563524 21.536545 0.022544 0.998173 0.050921 0.023426

seq1/frame00284.png 15.988317 -0.573688 22.058867 0.074440 0.995416 0.015991 0.057882

seq1/frame00285.png 16.002243 -0.531488 22.638411 0.068474 0.996188 0.016182 0.051571

seq1/frame00286.png 15.808551 -0.843187 23.341480 0.101355 0.994294 0.022688 0.024310

seq1/frame00287.png 16.322741 -0.450017 23.722970 0.144339 0.988264 0.046335 0.018818

seq1/frame00288.png 16.135954 -1.303739 24.405344 0.199932 0.979056 0.037666 -0.007676

seq1/frame00289.png 16.563278 -1.110487 24.886276 0.156337 0.986134 0.022880 -0.050746

seq1/frame00290.png 16.239828 -1.019444 25.364384 0.147607 0.988200 -0.031271 -0.026373

seq1/frame00291.png 15.519253 -0.533567 25.984890 0.136234 0.989650 -0.033126 -0.030602

seq1/frame00292.png 15.291160 -0.675990 26.546412 0.133885 0.987222 -0.040480 -0.076343

seq1/frame00293.png 15.672247 -0.838636 27.188190 0.131094 0.982908 -0.062618 -0.113074

seq1/frame00294.png 15.920003 -1.485249 27.415554 0.125226 0.986621 -0.013858 -0.103467

seq1/frame00295.png 15.189888 -0.968455 28.231508 0.093468 0.990396 -0.012595 0.101097

seq1/frame00296.png 15.082790 -0.949320 28.437685 0.074342 0.995960 -0.002855 0.050284

seq1/frame00297.png 14.534707 -0.593607 28.807865 0.078013 0.996101 -0.011560 0.039534

seq1/frame00298.png 14.717244 -0.623679 29.460028 0.081280 0.996389 -0.005341 0.023937

seq1/frame00299.png 15.143508 -0.898902 30.124750 0.104239 0.994207 0.012699 -0.022906

seq1/frame00300.png 15.119705 -0.889446 30.342598 0.089916 0.995878 0.010402 -0.005762

seq1/frame00301.png 15.201516 -0.929216 30.717998 0.107781 0.993547 0.015932 -0.031517

seq2/frame00001.png 26.484311 -0.687372 32.291881 0.152811 0.977010 -0.002068 -0.148650

seq2/frame00002.png 26.830778 -1.576793 31.714372 0.166849 0.974079 0.002450 -0.152727

seq2/frame00003.png 26.349628 -0.966496 32.145227 0.156144 0.977016 -0.005990 -0.144995

seq2/frame00004.png 26.686620 -1.160958 31.818174 0.162515 0.976390 -0.011154 -0.141871

seq2/frame00005.png 26.031332 -1.127885 31.752172 0.160213 0.981640 -0.002379 -0.103482

seq2/frame00006.png 25.736939 -0.855528 31.229369 0.147647 0.980563 0.001827 -0.129199

seq2/frame00007.png 25.261614 -0.802456 31.102930 0.157085 0.976687 -0.021328 -0.144746

seq2/frame00008.png 25.226828 -1.528862 30.589477 0.177705 0.976288 -0.017337 -0.122405

seq2/frame00009.png 24.369365 -1.198788 30.210769 0.178279 0.979510 -0.023255 -0.090754

seq2/frame00010.png 23.292570 -0.829921 30.620867 0.147893 0.980794 -0.029609 -0.123667

seq2/frame00011.png 23.078708 -0.798712 30.297943 0.153999 0.981662 0.007172 -0.112129

seq2/frame00012.png 22.539689 -0.795820 30.132953 0.148183 0.982539 0.001250 -0.112500

seq2/frame00013.png 22.015099 -0.882880 30.027331 0.157460 0.979332 0.002473 -0.126923

seq2/frame00014.png 20.978292 -0.838805 30.061243 0.171122 0.981196 0.003542 -0.089217

seq2/frame00015.png 20.998092 -0.897263 29.954452 0.193729 0.979430 0.015187 -0.054359

seq2/frame00016.png 19.869941 -1.083303 30.204535 0.171002 0.984984 0.020228 -0.012511

seq2/frame00017.png 18.009686 -0.862237 30.304600 0.173964 0.983711 -0.033562 0.030367

seq2/frame00018.png 18.323570 -1.418737 30.202523 0.165465 0.985478 -0.022656 0.030668

seq2/frame00019.png 17.840697 -1.776542 29.728272 0.153763 0.986521 -0.015533 0.053781

seq2/frame00020.png 16.966136 -1.183408 30.010267 0.121619 0.988538 0.011990 0.088648

seq2/frame00021.png 16.272979 -0.792890 29.967734 0.122421 0.990675 -0.014842 0.057925

seq2/frame00022.png 15.549686 -1.262974 29.865694 0.139734 0.987942 -0.009518 0.065990

seq2/frame00023.png 14.724044 -0.946093 29.894528 0.118028 0.990719 0.001056 0.067416

seq2/frame00024.png 14.182388 -0.960737 29.640403 0.131687 0.989221 -0.006260 0.063724

seq2/frame00025.png 13.878386 -1.031139 29.839280 0.132753 0.985587 0.004618 0.104759

seq2/frame00026.png 12.841660 -1.317040 30.018316 0.159158 0.981117 0.002860 0.109861

seq2/frame00027.png 12.347469 -1.362234 30.284768 0.131281 0.980883 0.001403 0.143637

seq2/frame00028.png 11.704074 -1.294892 30.317440 0.127472 0.984791 -0.017584 0.116743

seq2/frame00029.png 10.837825 -1.106267 30.035756 0.113964 0.983572 0.001772 0.139983

seq2/frame00030.png 9.751745 -1.858874 29.776139 0.151836 0.983869 0.004396 0.094493

seq2/frame00031.png 10.139661 -1.816098 30.377415 0.173733 0.982142 0.022005 0.068769

seq2/frame00032.png 8.518185 -1.801410 30.312289 0.162223 0.978789 0.008820 0.124810

seq2/frame00033.png 8.464176 -1.278771 30.355661 0.182294 0.975280 0.007996 0.124637

seq2/frame00034.png 7.123453 -1.299548 30.273756 0.172523 0.971496 0.014063 0.161966

seq2/frame00035.png 6.288554 -1.171808 29.913656 0.185346 0.972158 0.027369 0.140738

seq2/frame00036.png 5.763700 -1.651647 30.044081 0.190948 0.966631 0.021997 0.169349

seq2/frame00037.png 5.346438 -1.023274 29.795270 0.179264 0.957273 0.016823 0.226295

seq2/frame00038.png 5.180594 -1.707611 29.730457 0.187258 0.948348 0.039006 0.253078

seq2/frame00039.png 4.421193 -1.527958 29.289221 0.161456 0.946366 0.020876 0.279081

seq2/frame00040.png 3.740371 -0.698119 29.252051 0.144173 0.972577 0.013082 0.182035

seq2/frame00041.png 3.086060 -1.357109 28.374523 0.143901 0.975432 -0.006346 0.166686

seq2/frame00042.png 3.280591 -1.062671 28.160425 0.147564 0.979777 0.013531 0.134460

seq2/frame00043.png 3.803051 -1.031573 27.736648 0.126925 0.981863 0.023026 0.138943

seq2/frame00044.png 4.419240 -0.922061 27.733317 0.145289 0.980436 0.065496 0.115525

seq2/frame00045.png 4.757382 -1.483158 27.337455 0.151351 0.973727 0.090748 0.143919

seq2/frame00046.png 5.121146 -1.327221 27.188865 0.172319 0.970119 0.048302 0.163837

seq2/frame00047.png 6.297361 -1.230203 27.042466 0.158845 0.972656 0.043249 0.163826

seq2/frame00048.png 6.839455 -0.891329 26.852424 0.138495 0.977861 -0.005356 0.156775

seq2/frame00049.png 7.339684 -0.824188 26.601099 0.123558 0.980890 0.025037 0.148193

seq2/frame00050.png 8.523459 -0.790804 26.641025 0.128084 0.973405 0.042608 0.185097

seq2/frame00051.png 8.545735 -0.844187 26.243895 0.145970 0.969896 0.051272 0.188060

seq2/frame00052.png 9.378329 -0.737079 26.227078 0.157856 0.969595 0.031991 0.184239

seq2/frame00053.png 10.210667 -0.991485 26.608072 0.174588 0.964280 0.052322 0.192211

seq2/frame00054.png 10.461110 -0.734381 25.825936 0.166129 0.963924 0.059616 0.199242

seq2/frame00055.png 10.856389 -1.306214 25.796285 0.208365 0.957906 0.030212 0.195158

seq2/frame00056.png 12.274069 -0.763423 26.467463 0.165710 0.973650 0.040167 0.151434

seq2/frame00057.png 12.294421 -0.841412 25.672429 0.182064 0.967549 0.050505 0.167781

seq2/frame00058.png 12.672507 -0.825399 25.419038 0.169523 0.971710 0.085105 0.140710

seq2/frame00059.png 13.635091 -0.547367 25.601411 0.190620 0.969879 0.041398 0.145891

seq2/frame00060.png 14.447223 -0.415791 25.242620 0.153027 0.972199 0.050594 0.169858

seq2/frame00061.png 14.921689 -0.997940 25.473858 0.165682 0.966390 -0.019890 0.195563

seq2/frame00062.png 15.138858 -0.265483 25.874903 0.131406 0.989164 0.010347 0.064655

seq2/frame00063.png 16.082809 -0.831515 25.876477 0.166959 0.985832 0.015409 -0.004709

seq2/frame00064.png 16.929005 -0.895446 25.859556 0.169153 0.983743 -0.013187 -0.058842

seq2/frame00065.png 17.804657 -0.763181 26.012454 0.211854 0.972199 -0.000566 -0.099728

seq2/frame00066.png 18.635752 -0.753447 25.947947 0.215871 0.967834 -0.023196 -0.127117

seq2/frame00067.png 19.114584 -0.537692 25.648015 0.197657 0.961425 -0.019662 -0.190281

seq2/frame00068.png 19.944239 -0.814228 25.423152 0.208048 0.962859 -0.022622 -0.170608

seq2/frame00069.png 20.503445 -0.830752 25.453774 0.197703 0.967515 -0.013780 -0.156966

seq2/frame00070.png 21.319293 -0.886487 25.451973 0.203809 0.966879 -0.017698 -0.152623

seq2/frame00071.png 21.568186 -0.795096 25.435136 0.183161 0.967260 -0.011115 -0.175317

seq2/frame00072.png 22.605444 -0.688063 25.218509 0.163154 0.972064 -0.024001 -0.167023

seq2/frame00073.png 23.150731 -0.790851 25.390398 0.156168 0.977090 -0.040753 -0.138727

seq2/frame00074.png 23.814519 -0.508266 24.781673 0.152478 0.977520 -0.011557 -0.145161

seq2/frame00075.png 24.658535 -0.228373 25.203017 0.152648 0.976317 -0.005489 -0.153208

seq2/frame00076.png 24.829025 0.097530 25.352171 0.135049 0.969300 -0.022736 -0.204213

seq2/frame00077.png 25.809153 -0.370134 24.776618 0.152043 0.964105 -0.034984 -0.214851

seq2/frame00078.png 26.409204 -1.007919 23.861023 0.138935 0.962349 -0.020157 -0.232753

seq2/frame00079.png 26.637978 0.018232 24.178247 0.103319 0.974893 -0.026029 -0.195528

seq2/frame00080.png 27.018409 -0.313707 24.087549 0.162221 0.956065 -0.028529 -0.242509

seq2/frame00081.png 27.174162 -0.165719 23.670316 0.170614 0.962325 -0.007302 -0.211584

seq2/frame00082.png 27.349345 0.064265 23.014158 0.185085 0.959683 -0.001872 -0.211539

seq2/frame00083.png 27.183845 -0.558494 22.254818 0.198057 0.955990 0.004371 -0.216421

seq2/frame00084.png 26.583925 -0.301706 21.957761 0.179696 0.967014 -0.008340 -0.180342

seq2/frame00085.png 26.045947 -0.274248 21.648459 0.180412 0.967957 -0.001028 -0.174672

seq2/frame00086.png 25.261724 -0.454999 21.631674 0.190446 0.966666 -0.018380 -0.170144

seq2/frame00087.png 24.760238 -0.341318 21.205421 0.182128 0.968379 -0.024721 -0.168704

seq2/frame00088.png 24.324229 -0.368694 21.075402 0.192104 0.973618 -0.005269 -0.123030

seq2/frame00091.png 21.849286 -1.178707 20.437479 0.228870 0.965120 -0.039333 -0.120895

seq2/frame00092.png 21.617948 -0.435914 20.473544 0.223814 0.961737 -0.022042 -0.156475

seq2/frame00093.png 21.009684 -0.451479 20.136391 0.216521 0.964599 0.009234 -0.150274

seq2/frame00094.png 20.402154 -0.542734 19.578028 0.224965 0.965228 -0.012175 -0.132577

seq2/frame00095.png 19.548775 -0.449714 19.721858 0.220152 0.966121 -0.019673 -0.133251

seq2/frame00096.png 19.047354 -0.377335 19.524673 0.226217 0.959966 -0.037888 -0.160798

seq2/frame00097.png 18.431483 -0.320751 19.308555 0.194458 0.971968 -0.030071 -0.128689

seq2/frame00098.png 17.752779 -0.386589 19.212761 0.195985 0.973707 -0.020209 -0.114348

seq2/frame00099.png 17.049215 -0.367883 19.278317 0.194041 0.977137 0.005777 -0.086707

seq2/frame00100.png 16.386485 -0.419405 19.231414 0.206633 0.976910 0.024813 -0.048302

seq2/frame00101.png 15.624587 -0.307646 19.160847 0.212427 0.976101 0.028724 -0.035721

seq2/frame00102.png 15.223068 -0.364541 19.255903 0.271723 0.962036 0.001418 0.025515

seq2/frame00105.png 12.876478 -0.288807 18.880476 0.261724 0.965031 0.003263 -0.014309

seq2/frame00106.png 12.304424 -0.414259 18.929794 0.282572 0.959095 0.013109 -0.010814

seq2/frame00107.png 11.760963 -0.447684 18.710563 0.286506 0.957973 0.011847 -0.007872

seq2/frame00108.png 11.067480 -0.439817 18.724741 0.294243 0.954195 -0.013751 0.052377

seq2/frame00109.png 10.123090 -0.558263 18.652725 0.303773 0.951326 -0.011796 0.050616

seq2/frame00110.png 9.671630 -0.455201 18.681509 0.284968 0.954895 -0.026115 0.079296

seq2/frame00111.png 8.467343 -0.267607 18.411963 0.280908 0.956948 -0.015447 0.071437

seq2/frame00112.png 8.362102 -0.765745 18.277167 0.321165 0.946593 0.004456 0.028202

seq2/frame00113.png 7.611943 -0.334173 18.471124 0.300073 0.950865 -0.004122 0.076118

seq2/frame00114.png 6.883448 -0.174623 18.130860 0.277346 0.959243 -0.011326 0.052950

seq2/frame00115.png 6.304954 -0.142305 17.996431 0.278213 0.953234 -0.007693 0.117823

seq2/frame00116.png 5.488287 0.100498 17.846148 0.255130 0.957036 0.004742 0.137729

seq2/frame00117.png 5.131243 -0.464105 17.541427 0.278322 0.945869 -0.013296 0.166411

seq2/frame00118.png 4.867978 -0.317144 17.430873 0.253855 0.961668 -0.001115 0.103684

seq2/frame00119.png 4.065178 -0.034929 17.310461 0.261483 0.948918 0.017804 0.175684

seq2/frame00120.png 3.474689 -0.143000 16.646465 0.248832 0.949011 0.017203 0.192784

seq2/frame00121.png 3.856009 0.393928 16.954998 0.262408 0.915110 0.039293 0.303597

seq2/frame00122.png 3.996450 -0.021129 16.228756 0.241413 0.903377 0.045833 0.351467

seq2/frame00123.png 4.423655 -0.014871 15.970315 0.216858 0.909684 0.051423 0.350433

seq2/frame00124.png 4.829613 -0.202718 15.381130 0.273504 0.901942 0.058584 0.329035

seq2/frame00125.png 5.428673 -0.396368 15.601920 0.279576 0.928851 0.015921 0.242527

seq2/frame00126.png 5.898230 -0.056723 15.612777 0.272295 0.948844 0.013753 0.159250

seq2/frame00127.png 6.659187 0.037595 15.612308 0.263642 0.953837 -0.006792 0.143676

seq2/frame00128.png 7.202857 0.147749 15.499182 0.286323 0.951020 -0.027074 0.113344

seq2/frame00129.png 7.882036 -0.043658 15.228471 0.302615 0.945299 -0.003989 0.121725

seq2/frame00130.png 8.429034 -0.052309 15.096213 0.312161 0.944086 -0.007397 0.105842

seq2/frame00131.png 9.251044 -0.475753 15.195819 0.293636 0.949945 -0.003158 0.106645

seq2/frame00132.png 9.680862 -0.345714 15.212636 0.279556 0.955052 -0.010433 0.098057

seq2/frame00133.png 10.794724 -0.197225 15.314876 0.279979 0.958684 -0.001535 0.050337

seq2/frame00134.png 11.194298 -0.182437 15.287221 0.280877 0.956334 -0.005709 0.080632

seq2/frame00135.png 11.802726 -0.366459 15.226173 0.268664 0.961340 -0.016005 0.058215

seq2/frame00136.png 12.347481 -0.435867 14.917328 0.270852 0.957843 -0.019959 0.093684

seq2/frame00137.png 13.216130 -0.323055 15.336510 0.260101 0.965163 -0.007120 0.027516

seq2/frame00138.png 13.894181 -0.200469 15.397319 0.277946 0.960310 -0.017319 -0.015836

seq2/frame00139.png 14.620500 -0.054382 15.399901 0.265682 0.960653 -0.033785 -0.073601

seq2/frame00140.png 15.396720 0.005582 15.115881 0.243030 0.968023 -0.024959 -0.056964

seq2/frame00141.png 15.858839 -0.158009 15.066100 0.218313 0.971484 -0.018450 -0.090647

seq2/frame00142.png 16.598652 -0.075956 14.883449 0.246895 0.965303 -0.007730 -0.084691

seq2/frame00143.png 17.275728 -0.113936 15.104116 0.319677 0.941439 -0.000095 -0.107233

seq2/frame00144.png 17.883742 -0.186800 14.977230 0.341184 0.935593 0.005946 -0.090680

seq2/frame00145.png 18.512631 -0.312382 14.955737 0.341768 0.928468 -0.000941 -0.145402

seq2/frame00146.png 19.392957 -0.058047 14.844718 0.294411 0.937612 -0.009329 -0.184715

seq2/frame00147.png 19.842711 -0.250086 15.032395 0.283627 0.938647 -0.018191 -0.195363

seq2/frame00148.png 20.697349 -0.156832 14.624490 0.254774 0.941535 -0.039375 -0.216912

seq2/frame00149.png 21.369976 -0.038701 14.527334 0.259444 0.949788 -0.039291 -0.170435

seq2/frame00150.png 22.061016 0.058887 14.535918 0.247977 0.938096 -0.049460 -0.236723

seq2/frame00151.png 22.795244 0.306966 14.290776 0.229821 0.948988 -0.046421 -0.210831

seq2/frame00152.png 23.334939 0.256175 14.288820 0.229156 0.934183 -0.076293 -0.262618

seq2/frame00153.png 23.912220 0.215214 13.812684 0.216146 0.929481 -0.060819 -0.292654

seq2/frame00154.png 24.557623 0.286604 13.653164 0.245431 0.923856 -0.058674 -0.287769

seq2/frame00155.png 25.051744 0.385554 13.411188 0.238222 0.928467 -0.049555 -0.280613

seq2/frame00156.png 25.567830 0.393019 13.048556 0.245041 0.923969 -0.041034 -0.290780

seq2/frame00157.png 26.115538 0.470603 12.842505 0.244923 0.914590 -0.045768 -0.318503

seq2/frame00158.png 26.445497 0.658600 12.448550 0.244630 0.921188 -0.043536 -0.299456

seq2/frame00159.png 26.858282 0.395272 11.961045 0.262398 0.902648 -0.022396 -0.340400

seq2/frame00160.png 27.019110 0.535642 11.779265 0.265796 0.904044 -0.038702 -0.332504

seq2/frame00161.png 27.286258 0.743218 11.461329 0.272439 0.887989 -0.053538 -0.366587

seq3/frame00001.png 27.175986 0.572881 10.570591 0.303228 0.871175 -0.045708 -0.383429

seq3/frame00002.png 27.061332 0.421417 10.720645 0.299005 0.875789 -0.047128 -0.375990

seq3/frame00003.png 27.091323 0.617235 10.655358 0.284295 0.878957 -0.053069 -0.379201

seq3/frame00004.png 27.155990 0.838295 10.837068 0.243009 0.876886 -0.052201 -0.411452

seq3/frame00005.png 27.224612 0.908715 11.236753 0.233424 0.876348 -0.066774 -0.416016

seq3/frame00006.png 27.311072 0.497686 11.774232 0.244202 0.881542 -0.071266 -0.397707

seq3/frame00007.png 27.205612 1.032799 12.263195 0.217464 0.916078 -0.036904 -0.334885

seq3/frame00008.png 27.184310 0.450194 13.014646 0.243857 0.903840 -0.015983 -0.351214

seq3/frame00009.png 27.098618 0.606199 13.632651 0.275681 0.914721 -0.058152 -0.289662

seq3/frame00010.png 26.911738 0.571720 14.331114 0.248256 0.899926 -0.057572 -0.353818

seq3/frame00011.png 26.701745 0.399127 14.996136 0.229114 0.905519 -0.055792 -0.352746

seq3/frame00012.png 26.524409 0.522408 15.806786 0.211192 0.892770 -0.070114 -0.391720

seq3/frame00013.png 26.510446 0.480137 16.281417 0.202966 0.907695 -0.079419 -0.358589

seq3/frame00014.png 26.431509 0.107961 16.695915 0.206972 0.900761 -0.086797 -0.371832

seq3/frame00015.png 26.462461 0.016131 17.637701 0.209822 0.933520 -0.079763 -0.279558

seq3/frame00016.png 26.285544 0.117804 18.614949 0.189630 0.930552 -0.069353 -0.305455

seq3/frame00017.png 26.212704 -0.279873 19.227416 0.197416 0.946734 -0.060588 -0.247084

seq3/frame00018.png 25.857177 0.814151 20.723614 0.162874 0.950456 -0.065220 -0.256615

seq3/frame00019.png 25.875755 -0.453039 20.960514 0.201091 0.948127 -0.037822 -0.243283

seq3/frame00020.png 25.632002 -0.582586 21.416991 0.195987 0.961151 -0.051052 -0.187540

seq3/frame00021.png 25.677623 0.035771 22.028816 0.167711 0.966728 -0.043156 -0.188273

seq3/frame00022.png 24.846053 -0.055404 22.904406 0.144473 0.976115 -0.004345 -0.162196

seq3/frame00023.png 24.726183 -0.164817 23.205997 0.167142 0.954849 0.004370 -0.245577

seq3/frame00024.png 24.288722 -0.399372 23.716909 0.171046 0.955530 0.010637 -0.239986

seq3/frame00025.png 24.126136 0.193185 24.440560 0.184515 0.944769 -0.019930 -0.270127

seq3/frame00026.png 23.669368 -0.373947 24.765001 0.203079 0.955613 -0.007291 -0.213329

seq3/frame00027.png 23.359156 -0.549155 25.112358 0.217428 0.951641 0.001350 -0.217030

seq3/frame00028.png 23.254282 -0.560131 25.874327 0.182617 0.974569 0.028429 -0.126723

seq3/frame00030.png 22.065576 -0.736919 27.760542 0.255916 0.957699 -0.006366 -0.131450

seq3/frame00031.png 22.105576 -0.958055 28.058579 0.229906 0.963383 0.011089 -0.137524

seq3/frame00032.png 21.854448 -1.344271 28.449423 0.218537 0.975153 0.002181 -0.036246

seq3/frame00033.png 21.380876 0.201128 28.419832 0.179447 0.980155 0.002412 0.084195

seq3/frame00034.png 20.094862 -1.063477 27.946038 0.208274 0.976989 0.030182 0.034701

seq3/frame00035.png 19.159822 0.224642 28.747016 0.183456 0.978619 0.003929 -0.092918

seq3/frame00036.png 19.098761 -0.844269 28.311594 0.248000 0.957778 -0.004833 -0.145378

seq3/frame00037.png 18.912120 -1.276050 28.185126 0.218695 0.968905 0.005014 -0.115630

seq3/frame00038.png 18.229195 -1.181660 28.576309 0.189918 0.978841 -0.018351 -0.073926

seq3/frame00039.png 17.531625 -1.304373 29.155455 0.218643 0.975491 0.000536 -0.024729

seq3/frame00040.png 16.599895 -0.705429 29.352361 0.195671 0.977858 -0.004340 -0.074082

seq3/frame00041.png 16.368095 -1.591580 29.529237 0.229471 0.969453 0.021664 -0.083867

seq3/frame00042.png 15.764487 -1.471792 29.757291 0.204178 0.975236 0.000406 -0.085001

seq3/frame00043.png 15.440560 -1.511004 29.964845 0.212175 0.976960 0.003358 -0.022804

seq3/frame00044.png 14.094538 -1.491821 29.818788 0.182076 0.980315 0.016116 0.074637

seq3/frame00046.png 12.920224 -1.607168 29.760545 0.188700 0.981679 0.024167 0.010661

seq3/frame00047.png 12.548911 -1.263362 29.974754 0.179858 0.981474 0.032390 0.057541

seq3/frame00048.png 11.585523 -1.164955 29.813422 0.158262 0.981073 0.021776 0.109430

seq3/frame00049.png 11.144491 -1.135253 29.749162 0.185450 0.972793 0.025106 0.136575

seq3/frame00050.png 10.270317 -0.908322 30.050835 0.183650 0.968256 0.059537 0.158770

seq3/frame00051.png 9.644020 -1.220684 29.817004 0.184723 0.969293 0.050528 0.154260

seq3/frame00052.png 8.661244 -1.331252 29.850810 0.201001 0.967627 0.027622 0.150115

seq3/frame00053.png 7.997800 -1.314072 29.358931 0.194683 0.973296 0.001923 0.121609

seq3/frame00054.png 7.772862 -1.056674 29.608127 0.200139 0.974117 0.023290 0.102458

seq3/frame00055.png 6.944014 -1.071915 29.219043 0.192651 0.960991 0.027024 0.196602

seq3/frame00056.png 6.745217 -1.307477 28.719899 0.196490 0.965699 0.025576 0.167818

seq3/frame00057.png 5.623405 -1.158139 28.398798 0.181356 0.971290 0.009582 0.153669

seq3/frame00058.png 5.436170 -1.413737 27.693035 0.190155 0.972759 0.005324 0.132485

seq3/frame00059.png 5.510411 -1.095567 27.715119 0.208059 0.968335 0.011961 0.137465

seq3/frame00060.png 5.347218 -1.158854 26.955227 0.197595 0.970409 0.016872 0.137761

seq3/frame00061.png 5.258573 -0.571372 26.559279 0.174017 0.972517 0.031483 0.151451

seq3/frame00062.png 5.133774 -0.852818 25.804976 0.161692 0.968828 0.022080 0.186391

seq3/frame00063.png 5.232184 -0.781044 25.209787 0.177484 0.967224 0.021442 0.180324

seq3/frame00064.png 5.464141 -0.901319 24.480353 0.178891 0.967701 0.021296 0.176349

seq3/frame00065.png 5.133029 -0.514123 24.041561 0.236331 0.962531 0.008922 0.132672

seq3/frame00066.png 5.713313 -1.100935 23.070176 0.264847 0.954925 0.007863 0.133836

seq3/frame00067.png 5.587749 -0.410998 22.686960 0.245537 0.955888 0.016917 0.160324

seq3/frame00068.png 6.076223 -0.743038 22.090868 0.272398 0.947438 0.022431 0.166304

seq3/frame00069.png 6.043621 -0.439987 21.633110 0.262012 0.953420 0.014138 0.148798

seq3/frame00070.png 6.044009 -0.470638 20.838729 0.263181 0.955264 0.015464 0.134044

seq3/frame00071.png 6.034752 -0.477529 20.080194 0.245611 0.957564 0.003951 0.150767

seq3/frame00072.png 6.245773 -0.382448 19.445241 0.244467 0.958383 0.022232 0.145749

seq3/frame00073.png 6.349098 -0.456330 18.757053 0.249304 0.956001 0.015051 0.153895

seq3/frame00074.png 6.253869 -0.181426 18.115137 0.260707 0.956908 0.012443 0.127295

seq3/frame00075.png 6.393372 -0.435354 17.425700 0.293983 0.945293 0.017003 0.140379

seq3/frame00076.png 6.359423 -0.154689 17.018201 0.303090 0.940702 0.008457 0.152132

seq3/frame00077.png 6.517436 -0.188486 16.343628 0.295980 0.938220 0.030344 0.176688

seq3/frame00078.png 6.298719 -0.180723 15.687353 0.267891 0.944522 0.022190 0.188733

seq3/frame00079.png 6.010900 0.173679 14.963723 0.242072 0.951630 0.026605 0.187331

seq3/frame00080.png 6.005736 0.094775 14.345881 0.236330 0.947711 0.033678 0.211796

seq3/frame00081.png 6.074838 -0.040179 13.674172 0.243818 0.948520 0.035629 0.198982

seq3/frame00082.png 5.932929 0.181405 12.989956 0.224413 0.947999 0.039686 0.222174

seq3/frame00083.png 6.024381 0.168385 12.489250 0.203196 0.952198 0.042320 0.224142

seq3/frame00084.png 5.932562 0.173304 11.844427 0.206362 0.940596 0.030932 0.267836

seq3/frame00085.png 5.845952 0.242646 11.252364 0.205775 0.935613 0.012264 0.286592

seq3/frame00086.png 5.781261 0.285579 10.661914 0.196844 0.934068 0.023870 0.296984

seq3/frame00087.png 5.856405 0.236398 10.209917 0.174692 0.929715 0.019302 0.323637

seq5/frame00001.png 5.893022 0.424321 10.598625 0.317684 0.896890 0.042495 0.304729

seq5/frame00002.png 5.928811 0.426476 10.581886 0.317156 0.897417 0.042335 0.303747

seq5/frame00003.png 5.934649 0.385027 10.640570 0.315519 0.897994 0.046356 0.303160

seq5/frame00004.png 5.822617 0.820733 10.901607 0.314460 0.892461 0.111340 0.303696

seq5/frame00005.png 6.348400 0.246320 11.139074 0.342820 0.880788 0.139858 0.295173

seq5/frame00006.png 6.826447 0.025408 11.591156 0.293398 0.893017 0.167621 0.297223

seq5/frame00007.png 6.901448 0.401115 12.169590 0.286690 0.881871 0.179391 0.328529

seq5/frame00008.png 7.210011 0.335551 12.415627 0.287206 0.889469 0.157078 0.318880

seq5/frame00009.png 7.675138 0.125863 13.085030 0.284370 0.914356 0.121349 0.261460

seq5/frame00010.png 8.077697 0.253489 13.554936 0.263213 0.901750 0.115707 0.322765

seq5/frame00011.png 8.603803 -0.152272 13.726421 0.267265 0.914681 0.096830 0.287317

seq5/frame00012.png 9.076780 -0.081623 14.012009 0.267279 0.921081 0.087470 0.269298

seq5/frame00013.png 9.707683 -0.190253 14.399654 0.288818 0.922075 0.059112 0.250735

seq5/frame00014.png 10.468728 -0.236068 14.437323 0.290324 0.925780 0.077605 0.229393

seq5/frame00015.png 10.886302 -0.417892 14.476637 0.313148 0.932155 0.062895 0.170496

seq5/frame00016.png 11.899816 -0.254244 14.803637 0.288279 0.945867 0.018079 0.148000

seq5/frame00017.png 12.403902 -0.800312 14.001937 0.310683 0.945345 -0.018590 0.097228

seq5/frame00018.png 13.098883 -0.149039 14.560093 0.284399 0.958320 -0.003698 0.026963

seq5/frame00019.png 13.915008 0.185604 14.583253 0.302449 0.952954 -0.001842 0.019988

seq5/frame00020.png 14.629404 0.267303 14.565278 0.320959 0.947022 0.008418 -0.008018

seq5/frame00021.png 15.263436 -0.029096 14.247832 0.349584 0.936663 0.014762 0.015357

seq5/frame00022.png 15.897505 -0.123027 14.164178 0.308611 0.949573 -0.011860 -0.054126

seq5/frame00023.png 16.640382 0.033863 14.125591 0.295285 0.952352 0.003823 -0.076280

seq5/frame00024.png 17.325428 -0.008663 14.080800 0.281790 0.951756 0.001866 -0.121454

seq5/frame00025.png 18.141374 -0.047138 13.849504 0.299035 0.943023 -0.013540 -0.145267

seq5/frame00026.png 18.805882 -0.225792 13.745496 0.295703 0.941228 -0.025601 -0.161227

seq5/frame00027.png 19.656083 0.172300 13.617397 0.292211 0.929877 -0.039178 -0.220012

seq5/frame00028.png 20.258597 -0.037836 13.606975 0.282550 0.922418 -0.020160 -0.262498

seq5/frame00029.png 20.970679 0.048619 13.426121 0.271532 0.932843 -0.017931 -0.236120

seq5/frame00030.png 21.700764 0.148514 13.482477 0.269901 0.946960 -0.017720 -0.173510

seq5/frame00031.png 22.202879 0.319539 13.514942 0.260853 0.956841 -0.017674 -0.126880

seq5/frame00032.png 22.522312 0.202946 13.671695 0.266176 0.948688 -0.013939 -0.170135

seq5/frame00033.png 22.597733 0.298015 14.268671 0.261169 0.941619 -0.018728 -0.211645

seq5/frame00034.png 22.491011 0.217237 14.678489 0.217213 0.943247 -0.070719 -0.241046

seq5/frame00035.png 22.102406 0.087146 14.628321 0.222305 0.939259 -0.064566 -0.253387

seq5/frame00036.png 21.796416 0.253396 15.368005 0.249246 0.944360 -0.019715 -0.213709

seq5/frame00037.png 20.989616 0.296105 15.936197 0.256955 0.940742 -0.004434 -0.221267

seq5/frame00038.png 20.353147 -0.298202 15.896764 0.278388 0.942807 -0.006753 -0.183221

seq5/frame00039.png 19.735298 -0.358784 16.041071 0.267074 0.960367 -0.040252 -0.068894

seq5/frame00040.png 18.795114 -0.317503 17.244630 0.247137 0.965058 -0.086411 -0.010904

seq5/frame00041.png 18.360481 -0.187462 17.059815 0.203437 0.976548 -0.056706 -0.041864

seq5/frame00042.png 17.659398 -0.702800 17.748147 0.236369 0.970315 -0.040737 -0.030962

seq5/frame00043.png 17.285027 -0.343777 18.244240 0.233977 0.972180 -0.000674 -0.010944

seq5/frame00044.png 16.970667 -0.132510 18.724387 0.260869 0.965283 0.001375 -0.013227

seq5/frame00045.png 16.731455 -0.399863 19.279449 0.258381 0.965996 -0.002648 -0.009136

seq5/frame00046.png 15.860211 -0.359987 19.639553 0.247167 0.968463 -0.028656 -0.012930

seq5/frame00047.png 15.516540 -0.238973 20.205279 0.227869 0.972121 -0.009424 0.054481

seq5/frame00048.png 14.847957 -0.244326 20.578298 0.238471 0.970416 0.006426 0.037176

seq5/frame00049.png 14.434590 -0.454972 21.109513 0.232189 0.972036 0.022071 0.027325

seq5/frame00050.png 13.982050 -0.385039 21.660771 0.216250 0.976162 0.004731 0.017919

seq5/frame00051.png 13.547537 -0.317596 22.227565 0.215073 0.974558 0.016124 0.060994

seq5/frame00052.png 13.078064 -0.592968 22.765103 0.214712 0.974738 0.006566 0.061163

seq5/frame00053.png 12.618316 -0.631865 23.459267 0.210899 0.973678 0.021401 0.083754

seq5/frame00054.png 11.858277 -0.600931 23.825159 0.208107 0.969214 -0.002875 0.131558

seq5/frame00055.png 11.292011 -0.968105 23.960947 0.239522 0.962508 0.015906 0.126310

seq5/frame00056.png 10.628938 -1.607378 24.510477 0.266300 0.956440 0.029951 0.115802

seq5/frame00057.png 9.965563 -1.680429 25.423538 0.273537 0.958635 -0.015285 0.077221

seq5/frame00058.png 9.772241 -1.607988 25.931601 0.233664 0.968765 -0.036773 0.074451

seq5/frame00059.png 8.807320 -1.072489 26.178186 0.238620 0.963934 -0.024246 0.115339

seq5/frame00060.png 8.224422 -0.799224 26.925369 0.238210 0.958368 0.016063 0.156615

seq5/frame00061.png 7.420129 -0.914173 26.722339 0.231025 0.956168 -0.003066 0.179891

seq5/frame00062.png 6.953656 -0.924483 26.967147 0.227033 0.956383 0.025171 0.182081

seq5/frame00063.png 5.918311 -1.097315 26.949790 0.217487 0.957252 0.016037 0.190030

seq5/frame00064.png 5.390966 -0.994560 27.625266 0.208506 0.964654 0.004438 0.161082

seq5/frame00065.png 5.100722 -1.506548 27.675992 0.186439 0.977146 -0.021008 0.099930

seq5/frame00066.png 4.194420 -1.231019 27.920207 0.180879 0.976763 -0.022516 0.112741

seq5/frame00067.png 4.479221 -0.652423 28.293379 0.156256 0.984226 -0.018190 0.080944

seq5/frame00068.png 2.510704 -1.022034 28.184737 0.178644 0.977373 -0.037596 0.106842

seq6/frame00001.png 2.292031 -1.296775 27.086615 0.159628 0.967997 -0.010220 0.193384

seq6/frame00002.png 2.406873 -0.993044 27.362300 0.153596 0.970122 -0.008593 0.187610

seq6/frame00003.png 2.329283 -1.128812 27.133069 0.156489 0.969529 -0.011905 0.188101

seq6/frame00004.png 2.255175 -1.169438 26.592068 0.160791 0.973906 -0.030221 0.157293

seq6/frame00005.png 2.612253 -0.401585 26.497975 0.156191 0.977102 -0.010092 0.144131

seq6/frame00006.png 2.155907 -0.930372 25.953205 0.180806 0.967154 -0.009648 0.178410

seq6/frame00007.png 2.007523 -0.433598 25.274881 0.196909 0.964980 0.008776 0.173099

seq6/frame00008.png 1.952977 -0.948119 24.500101 0.187833 0.961119 0.021812 0.201228

seq6/frame00009.png 2.064826 -0.878479 23.913006 0.191150 0.959122 0.004310 0.208635

seq6/frame00010.png 1.842740 -0.591118 23.302850 0.191022 0.956721 0.011109 0.219254

seq6/frame00011.png 1.941264 -0.803096 22.302933 0.212075 0.952958 0.007635 0.216421

seq6/frame00012.png 1.758826 -0.470646 21.751891 0.217856 0.951669 0.006351 0.216389

seq6/frame00013.png 1.278603 -0.071593 20.775657 0.210228 0.953277 -0.009160 0.216756

seq6/frame00014.png 1.508255 -0.839221 20.158176 0.228628 0.954991 0.010613 0.188701

seq6/frame00015.png 1.864527 -0.027973 20.066436 0.222836 0.960749 -0.006512 0.165117

seq6/frame00016.png 1.956475 -0.277084 19.407537 0.263795 0.955513 -0.004399 0.131859

seq6/frame00017.png 2.701044 0.084910 19.174380 0.237737 0.966346 -0.004849 0.098151

seq6/frame00018.png 3.464620 -0.150091 18.868037 0.266028 0.962581 0.010507 0.050566

seq6/frame00019.png 4.229203 -0.261470 18.809461 0.271319 0.956850 0.020421 0.102013

seq6/frame00020.png 4.944041 -0.588814 18.571113 0.282070 0.956928 0.049655 0.047532

seq6/frame00021.png 5.594452 -0.403050 18.881844 0.253758 0.963724 0.018837 0.080546

seq6/frame00022.png 5.860567 -0.241000 19.484010 0.265162 0.959818 0.032632 0.085869

seq6/frame00023.png 7.194206 -0.371805 19.548418 0.255181 0.959259 0.036708 0.115578

seq6/frame00024.png 7.263314 -0.659456 20.054718 0.256694 0.949466 0.035180 0.177158

seq6/frame00025.png 7.981928 -0.398407 20.331945 0.243538 0.957773 0.056539 0.141996

seq6/frame00026.png 8.606142 -0.539054 21.125862 0.253555 0.954074 0.050973 0.151176

seq6/frame00027.png 9.407411 -0.485695 21.195244 0.248059 0.954610 0.051846 0.156520

seq6/frame00028.png 10.102229 -0.575248 21.312950 0.238061 0.960997 0.028197 0.137903

seq6/frame00029.png 10.873335 -0.514161 21.261276 0.202743 0.968291 0.021525 0.144376

seq6/frame00030.png 11.450765 -0.612026 21.282837 0.209395 0.960653 0.040594 0.177908

seq6/frame00031.png 11.763297 -0.287704 20.836724 0.199339 0.973313 0.030082 0.109640

seq6/frame00032.png 12.640418 -0.606896 20.408692 0.228017 0.970332 0.005602 0.080208

seq6/frame00033.png 12.991860 -0.720468 19.771773 0.221798 0.974871 0.005852 -0.019957

seq6/frame00034.png 13.381693 -0.207262 19.296307 0.201132 0.978519 0.003584 -0.045089

seq6/frame00035.png 13.903302 -0.399338 18.500353 0.247348 0.966424 0.003531 -0.069504

seq6/frame00036.png 14.099291 -0.256830 17.937457 0.263938 0.963737 0.002357 -0.039281

seq6/frame00037.png 14.119973 -0.363760 17.192109 0.276995 0.959266 -0.012614 -0.054075

seq6/frame00038.png 14.681817 -0.285080 16.672043 0.285818 0.957128 -0.009890 -0.045996

seq6/frame00039.png 14.970786 -0.441712 15.785749 0.275566 0.961129 -0.006023 0.016084

seq6/frame00040.png 15.162673 -0.296279 15.139837 0.309811 0.949837 0.038419 0.018735

seq6/frame00041.png 15.488726 -0.084112 14.803266 0.333947 0.941498 0.045055 -0.005585

seq6/frame00042.png 15.858336 -0.068719 14.199424 0.338465 0.939343 0.033985 -0.043833

seq6/frame00043.png 16.269278 -0.187167 13.709336 0.282057 0.956328 0.011606 -0.075799

seq6/frame00044.png 16.897508 -0.215494 13.595639 0.223226 0.965105 0.023374 -0.134893

seq6/frame00045.png 17.513041 -0.188406 13.433200 0.219592 0.971699 0.016974 -0.085393

seq6/frame00046.png 18.109800 0.123878 13.619308 0.190917 0.976718 0.023838 -0.094896

seq6/frame00047.png 18.790075 0.094066 13.753461 0.190988 0.971932 0.035077 -0.132825

seq6/frame00048.png 19.448119 -0.108173 14.154308 0.198730 0.973723 0.036104 -0.105193

seq6/frame00049.png 20.323653 -0.015770 14.302811 0.191429 0.980841 0.027043 -0.023948

seq6/frame00050.png 20.696754 -0.082163 14.910617 0.161073 0.986125 0.034051 0.021301

seq6/frame00051.png 21.146361 0.240935 15.300765 0.138539 0.989821 0.021536 0.024433

seq6/frame00052.png 21.664150 0.155684 15.895349 0.141684 0.989282 0.018289 0.030205

seq6/frame00053.png 22.075259 0.017832 16.415553 0.181438 0.983228 0.003764 0.018110

seq6/frame00054.png 22.322810 0.395058 16.954548 0.200035 0.972869 0.049776 -0.105044

seq6/frame00055.png 22.429172 -0.104609 17.524965 0.171211 0.956088 0.048323 -0.232910

seq6/frame00056.png 22.423972 0.052218 18.362871 0.127829 0.942779 0.005756 -0.307887

seq6/frame00057.png 22.345188 -0.195956 18.744622 0.120065 0.939144 -0.030507 -0.320409

seq6/frame00058.png 21.672122 -0.254401 19.056209 0.095763 0.935744 -0.048304 -0.335975

seq6/frame00059.png 21.344524 -1.127797 19.754882 0.183929 0.938686 0.002431 -0.291605

seq6/frame00060.png 20.776610 -0.384344 20.378741 0.161592 0.957615 -0.010179 -0.238240

seq6/frame00061.png 20.123726 -0.421485 20.921106 0.143221 0.976222 0.005216 -0.162641

seq6/frame00062.png 19.602733 -0.602186 21.366859 0.150061 0.973826 -0.037068 -0.166648

seq6/frame00063.png 19.325899 -0.529009 21.649763 0.141863 0.979234 -0.050942 -0.135571

seq6/frame00064.png 18.820666 -0.467112 22.258912 0.130669 0.968162 -0.094068 -0.191677

seq6/frame00065.png 18.050940 -0.629647 23.462510 0.117465 0.969684 -0.057592 -0.206391

seq6/frame00066.png 17.993437 -0.566381 23.512953 0.131559 0.975589 -0.050926 -0.168298

seq6/frame00067.png 17.916469 -0.666078 23.833324 0.188763 0.976147 0.008959 -0.106893

seq6/frame00068.png 17.153490 -0.667574 24.459978 0.166717 0.982683 -0.011095 -0.080101

seq6/frame00069.png 16.488115 -0.853439 25.120269 0.190315 0.977167 -0.017634 -0.092807

seq6/frame00070.png 16.337942 -1.015289 25.484334 0.186500 0.960440 -0.054738 -0.199441

seq6/frame00071.png 16.480893 -0.764233 26.175523 0.178071 0.966317 -0.072896 -0.170903

seq6/frame00072.png 16.003211 -0.645732 26.799255 0.185648 0.968165 -0.068063 -0.153491

seq6/frame00073.png 17.103048 -0.887072 27.216779 0.208285 0.966418 -0.065616 -0.135458

seq6/frame00074.png 16.139480 -0.552594 28.055383 0.206472 0.976964 -0.050528 -0.018935

seq6/frame00075.png 16.629086 -0.382873 28.679880 0.186741 0.977693 -0.048508 -0.083016

seq6/frame00076.png 17.428370 -0.569734 28.740219 0.188287 0.978263 -0.049627 -0.071319

seq6/frame00077.png 17.459343 -1.145055 29.346336 0.193048 0.973946 -0.033973 -0.114050

seq6/frame00078.png 18.571927 -1.517440 29.004798 0.193087 0.974917 -0.025968 -0.107611

seq6/frame00079.png 17.500171 -0.695272 31.498462 0.198076 0.974891 -0.039583 -0.093738

seq6/frame00080.png 18.922804 -2.111419 30.070285 0.207935 0.958333 -0.032463 -0.193151

seq6/frame00081.png 20.303300 -1.349700 30.251530 0.241642 0.957832 -0.042006 -0.149677

seq6/frame00082.png 21.042274 -1.353357 30.611382 0.226793 0.967144 -0.017709 -0.113504

seq6/frame00083.png 21.673420 -1.290434 30.424863 0.219139 0.968999 -0.004141 -0.114029

seq6/frame00084.png 21.928837 -1.051895 31.242051 0.201588 0.959096 -0.006794 -0.198622

seq6/frame00085.png 23.294657 -0.907661 30.790077 0.221962 0.948805 0.007732 -0.224591

seq6/frame00086.png 23.231633 -1.676830 30.695724 0.224644 0.948904 0.014818 -0.221127

seq6/frame00087.png 23.876085 -1.189212 30.699495 0.184015 0.978585 0.019949 -0.090061

seq7/frame00001.png 24.103606 -1.093384 31.706306 0.179555 0.971938 0.002128 -0.151963

seq7/frame00002.png 24.125482 -1.128040 31.662531 0.179221 0.972075 -0.002377 -0.151473

seq7/frame00003.png 24.087489 -1.108329 31.658204 0.178264 0.972362 -0.007097 -0.150613

seq7/frame00004.png 23.700088 -0.904335 31.665868 0.177203 0.970354 -0.059204 -0.153319

seq7/frame00005.png 23.089741 -1.058270 31.734515 0.164865 0.969789 -0.054969 -0.171191

seq7/frame00006.png 22.530724 -0.927530 31.999675 0.169662 0.969253 -0.054622 -0.169647

seq7/frame00007.png 22.231606 -0.899725 31.759712 0.156803 0.963949 -0.051417 -0.208737

seq7/frame00008.png 21.111396 -1.089364 32.192835 0.146001 0.969543 -0.055124 -0.188764

seq7/frame00009.png 20.333911 -1.054662 32.210357 0.146168 0.966477 -0.085902 -0.192814

seq7/frame00010.png 19.865158 -1.087484 32.429644 0.144076 0.968488 -0.081674 -0.186016

seq7/frame00011.png 19.270245 -1.157248 32.545331 0.127017 0.959159 -0.101302 -0.231557

seq7/frame00012.png 19.147913 -1.201880 32.596443 0.164327 0.971323 -0.069758 -0.157039

seq7/frame00013.png 17.246255 -1.551464 33.359287 0.205110 0.976295 -0.020429 -0.066032

seq7/frame00014.png 17.742823 -1.509236 33.708887 0.205338 0.974957 0.004741 -0.085283

seq7/frame00015.png 16.690751 0.348335 34.371698 0.185722 0.979382 -0.027313 -0.074641

seq7/frame00016.png 17.115179 -1.402921 34.173587 0.192837 0.980924 -0.021321 -0.012117

seq7/frame00017.png 15.006471 -1.601711 34.376692 0.172631 0.982790 -0.005248 -0.065538

seq7/frame00018.png 14.244359 -1.555955 34.704719 0.188279 0.980761 -0.013681 -0.049722

seq7/frame00019.png 14.275592 -1.667145 35.050390 0.177648 0.982663 -0.012872 -0.051462

seq7/frame00020.png 14.005735 -1.260107 35.362908 0.164545 0.984894 -0.019856 -0.050153

seq7/frame00021.png 13.406443 -1.465552 35.596164 0.161033 0.986872 -0.006475 -0.010481

seq7/frame00022.png 10.665312 -3.020267 34.385085 0.187337 0.981696 -0.028810 -0.018665

seq7/frame00023.png 12.309415 -1.874142 35.988912 0.173626 0.984459 0.009067 -0.024737

seq7/frame00024.png 11.238610 -2.118872 36.073434 0.195271 0.980165 -0.007303 -0.033041

seq7/frame00025.png 10.675896 -1.908757 36.329437 0.190520 0.981296 -0.006311 -0.026845

seq7/frame00026.png 8.656973 -1.273411 36.804469 0.182052 0.982350 -0.026469 -0.033845

seq7/frame00027.png 8.982162 -2.524397 36.286915 0.211902 0.976809 -0.021580 -0.021801

seq7/frame00028.png 9.094026 -2.648152 36.457658 0.209162 0.976775 -0.027951 0.037150

seq7/frame00029.png 8.109103 -3.048041 35.888424 0.219581 0.975041 -0.019708 0.026290

seq7/frame00030.png 7.213342 -1.563231 36.696841 0.212115 0.975319 -0.023761 0.056532

seq7/frame00031.png 7.237737 -2.809714 36.326991 0.213745 0.975645 -0.012344 0.047722

seq7/frame00032.png 5.741285 -1.797091 37.571190 0.185986 0.972729 -0.003029 0.138561

seq7/frame00033.png 4.603807 -2.241403 37.549486 0.189393 0.980343 0.004182 0.055137

seq7/frame00034.png 4.144103 -1.912785 38.102279 0.181476 0.981376 -0.009478 0.062270

seq7/frame00035.png 3.517232 -1.559953 38.531746 0.158117 0.986756 -0.014269 0.033291

seq7/frame00036.png 2.501300 -1.136133 39.019861 0.132563 0.988065 -0.005764 0.078239

seq7/frame00037.png 4.876441 -2.606806 38.713177 0.167135 0.981078 0.003344 0.097671

seq7/frame00038.png 4.619661 -1.939654 38.793105 0.169747 0.982394 0.007167 0.077692

seq7/frame00039.png 4.469203 -2.432464 39.735589 0.198297 0.976426 -0.024393 0.081706

seq7/frame00040.png 5.376072 -2.801012 38.980310 0.195564 0.980067 -0.002711 -0.034881

seq7/frame00041.png 6.543965 -2.624136 38.712438 0.215535 0.975667 0.001968 -0.040181

seq7/frame00042.png 7.092441 -2.306263 39.348688 0.206611 0.976588 0.004184 -0.059754

seq7/frame00043.png 7.982512 -3.674299 38.050973 0.219939 0.973564 -0.009224 -0.060944

seq7/frame00044.png 8.264466 -2.553504 38.783574 0.225376 0.972796 0.001641 -0.053584

seq7/frame00045.png 9.323659 -2.260249 38.776034 0.230578 0.972280 0.011256 -0.037124

seq7/frame00046.png 9.498174 -1.563952 39.218907 0.224858 0.973179 0.036573 -0.031990

seq7/frame00047.png 10.908645 -2.260293 39.028357 0.248398 0.968006 0.012690 -0.033209

seq7/frame00048.png 11.767395 -2.233356 39.257197 0.246620 0.968539 0.032526 -0.007210

seq7/frame00049.png 12.390620 -2.272335 38.704278 0.237115 0.970776 0.029882 -0.021860

seq7/frame00050.png 13.116138 -2.283728 39.190136 0.246977 0.967227 0.041030 -0.042322

seq7/frame00051.png 14.368533 -2.356805 39.145267 0.249868 0.965765 0.025888 -0.064753

seq7/frame00052.png 14.602225 -2.365094 38.988819 0.257659 0.964741 0.024567 -0.047781

seq7/frame00053.png 15.348290 -2.176004 38.635352 0.244154 0.965303 0.033811 -0.086225

seq7/frame00054.png 15.577491 -2.340501 38.954279 0.249272 0.962998 0.005330 -0.102322

seq7/frame00055.png 16.971186 -2.119046 38.618828 0.232327 0.960780 -0.000198 -0.151413

seq7/frame00056.png 17.629175 -1.775910 38.014361 0.234181 0.968182 -0.000105 -0.088217

seq7/frame00057.png 18.378214 -1.884861 38.387895 0.219521 0.970640 -0.003893 -0.098251

seq7/frame00058.png 18.594560 -1.747933 38.490178 0.220396 0.973523 0.011270 -0.059600

seq7/frame00059.png 19.173916 -1.941670 38.371703 0.205601 0.972763 -0.005637 -0.106909

seq7/frame00060.png 20.740126 -1.782828 38.276131 0.199416 0.977316 -0.001722 -0.071297

seq7/frame00061.png 20.870530 -1.943558 38.013226 0.199655 0.975652 -0.002366 -0.090755

seq7/frame00062.png 21.682298 -1.605341 37.919193 0.227102 0.970702 0.003473 -0.078425

seq7/frame00063.png 22.160621 -2.100760 37.429755 0.233662 0.969111 0.009735 -0.078306

seq7/frame00064.png 22.410148 -2.281072 37.729236 0.213901 0.975284 0.005381 -0.055120

seq7/frame00065.png 23.320561 -2.032353 37.317260 0.245511 0.966640 0.009794 -0.072354

seq7/frame00066.png 24.354054 -1.916290 37.445814 0.237480 0.963654 0.011076 -0.121870

seq7/frame00067.png 25.209463 -2.095540 37.276321 0.249203 0.959647 -0.000591 -0.130285

seq7/frame00068.png 25.309510 -1.921202 37.133530 0.239089 0.962392 -0.001226 -0.128980

seq7/frame00069.png 25.474283 -1.854388 37.009991 0.232273 0.960667 -0.022591 -0.150522

seq7/frame00070.png 26.841810 -1.706170 36.903119 0.199913 0.963508 -0.001504 -0.178004

seq7/frame00071.png 27.635850 -1.514175 36.257018 0.146633 0.979224 0.011522 -0.139595

seq7/frame00072.png 27.666969 -1.681390 36.243298 0.146398 0.981587 0.006031 -0.122550

seq7/frame00073.png 27.458518 -1.498486 35.702348 0.151538 0.981743 0.012917 -0.114236

seq7/frame00074.png 26.893595 -0.797166 35.518121 0.152263 0.980253 0.001710 -0.126160

seq7/frame00075.png 26.317977 -1.363682 35.284480 0.154760 0.977697 0.002816 -0.141951

seq7/frame00076.png 26.691092 -1.484855 34.769542 0.153816 0.971915 -0.002244 -0.178094

seq9/frame00001.png -14.830566 0.101748 13.257996 0.141279 0.850277 0.057773 0.503718

seq9/frame00002.png -14.836994 0.195603 13.300664 0.139012 0.845149 0.062195 0.512377

seq9/frame00003.png -14.844808 0.197716 13.373711 0.139977 0.839894 0.062822 0.520613

seq9/frame00004.png -14.649637 -0.284695 13.470156 0.156340 0.824373 0.058279 0.540898

seq9/frame00005.png -14.175427 -0.178097 13.673070 0.150721 0.837142 0.048740 0.523547

seq9/frame00006.png -13.864563 -0.259767 14.141141 0.161140 0.871849 0.077046 0.456044

seq9/frame00007.png -13.494946 -0.069877 14.611868 0.173927 0.882630 0.091849 0.426941

seq9/frame00008.png -13.236337 -0.280033 15.246382 0.190518 0.884429 0.105952 0.412629

seq9/frame00009.png -13.134006 0.380947 16.132162 0.177196 0.884598 0.106723 0.417968

seq9/frame00010.png -13.001542 -0.643943 17.100811 0.186485 0.875934 0.079066 0.437848

seq9/frame00011.png -12.910713 -0.215298 17.156812 0.149573 0.865914 0.084566 0.469754

seq9/frame00012.png -12.729435 -0.660906 17.518447 0.184826 0.861322 0.072368 0.467682

seq9/frame00013.png -12.842004 -0.525482 18.447665 0.176914 0.859527 0.095709 0.469845

seq9/frame00014.png -12.724161 -0.566894 18.950602 0.188797 0.850799 0.095696 0.480977

seq9/frame00015.png -12.763829 -0.412788 20.011107 0.177519 0.857764 0.089359 0.474071

seq9/frame00016.png -12.658769 -0.554286 20.394142 0.179527 0.851191 0.088155 0.485255

seq9/frame00017.png -12.828984 -1.103863 21.023430 0.188907 0.859392 0.064188 0.470787

seq9/frame00018.png -12.750779 -0.917825 21.812288 0.176369 0.888727 0.045446 0.420705

seq9/frame00019.png -12.759004 -0.795255 22.447157 0.136485 0.902011 0.035057 0.408066

seq9/frame00020.png -12.614281 -0.879375 23.234032 0.126496 0.904359 0.022059 0.406998

seq9/frame00021.png -12.862067 -1.109184 23.770828 0.159007 0.901444 0.029549 0.401551

seq9/frame00022.png -12.420576 -1.314559 24.363562 0.169545 0.882297 0.055879 0.435528

seq9/frame00023.png -12.446404 -1.084008 25.850700 0.173283 0.880051 0.077739 0.435248

seq9/frame00024.png -12.223556 -1.820163 26.036276 0.146818 0.898081 0.074172 0.407914

seq9/frame00025.png -12.581593 -1.548439 27.758631 0.151054 0.884520 0.073021 0.435287

seq9/frame00026.png -12.537718 -1.435886 27.715308 0.127669 0.867085 0.082963 0.474321

seq9/frame00027.png -12.809182 -1.382800 27.933346 0.151293 0.842098 0.078607 0.511667

seq9/frame00028.png -12.874745 -0.696093 29.048253 0.130454 0.850654 0.077633 0.503332

seq9/frame00029.png -12.798735 -1.653903 29.619792 0.155585 0.844631 0.066057 0.507965

seq9/frame00030.png -12.301180 -1.776405 30.015298 0.139390 0.884923 0.045581 0.442045

seq9/frame00031.png -12.536346 -0.922185 30.375381 0.123308 0.877205 0.038967 0.462373

seq9/frame00032.png -11.909933 -1.819504 31.630966 0.131225 0.887210 0.040082 0.440490

seq9/frame00033.png -12.074943 -1.403420 31.895694 0.125824 0.883491 0.032214 0.450083

seq9/frame00034.png -11.487082 -2.876343 31.883914 0.140205 0.899150 0.019767 0.414103

seq9/frame00035.png -10.835790 -1.782774 32.779512 0.121790 0.922338 0.033073 0.365194

seq9/frame00036.png -10.855057 -1.646085 33.171332 0.127299 0.934685 0.033457 0.330213

seq9/frame00037.png -10.092765 -2.679743 32.994892 0.144817 0.947057 0.035050 0.284400

seq9/frame00038.png -9.271548 -1.982984 34.128332 0.163487 0.935529 0.032206 0.311481

seq9/frame00039.png -9.153475 -2.668090 33.459999 0.148445 0.940480 0.026927 0.304528

seq9/frame00040.png -7.908253 -1.747485 34.440088 0.155251 0.936837 0.023609 0.312531

seq9/frame00041.png -7.618482 -1.656523 35.089071 0.121378 0.936308 0.028439 0.328307

seq9/frame00042.png -7.209825 -2.145344 35.184793 0.152980 0.930062 0.029134 0.332767

seq9/frame00043.png -6.962424 -1.623081 35.592884 0.126543 0.934135 0.034089 0.331987

seq9/frame00044.png -6.203306 -1.919762 35.941866 0.131909 0.930657 0.007651 0.341203

seq9/frame00045.png -5.264545 -0.407390 37.776278 0.093219 0.916871 0.019310 0.387666

seq9/frame00046.png -5.347647 -2.871578 35.807727 0.137375 0.880795 0.017569 0.452791

seq9/frame00047.png -5.124586 -2.489990 38.575852 0.137531 0.927302 0.031311 0.346722

seq9/frame00048.png -5.571425 -2.929407 38.706482 0.129114 0.934129 0.018118 0.332271

seq9/frame00049.png -4.903739 -2.409541 40.645680 0.102868 0.937746 0.009537 0.331602

seq9/frame00050.png -5.172016 -2.551807 40.793938 0.082836 0.923201 -0.001707 0.375280

seq9/frame00051.png -5.495802 -2.629286 40.406907 0.112353 0.910981 0.008509 0.396760

seq9/frame00052.png -6.132309 -3.443295 40.678719 0.099061 0.934110 0.003769 0.342944

seq9/frame00053.png -5.500054 -2.554793 41.779781 0.121680 0.948442 0.017411 0.292145

seq9/frame00054.png -5.989963 -3.151027 41.776304 0.122563 0.966017 0.004980 0.227518

seq9/frame00055.png -5.170766 -2.122067 42.083651 0.112849 0.965816 -0.007805 0.233246

seq9/frame00056.png -4.395589 -3.290119 42.094263 0.115966 0.969173 -0.007531 0.217252

seq9/frame00057.png -3.202409 -2.337823 42.403391 0.097892 0.969809 -0.009226 0.223166

seq9/frame00058.png -3.009630 -3.144214 41.728442 0.123171 0.965817 -0.008135 0.227950

seq9/frame00059.png -3.050346 -3.195717 40.617450 0.136947 0.964774 -0.011498 0.224333

seq9/frame00060.png -2.716949 -3.159698 40.140468 0.139870 0.958798 -0.012724 0.246943

seq9/frame00061.png -2.223571 -3.110673 39.517307 0.138195 0.961581 -0.017388 0.236562

seq9/frame00062.png -1.701889 -2.976713 39.559225 0.136871 0.960425 -0.022446 0.241551

seq9/frame00063.png -1.977658 -2.375253 38.893512 0.149058 0.962573 -0.002460 0.226339

seq9/frame00064.png -1.270495 -2.183549 38.611784 0.134717 0.959923 -0.024670 0.244522

seq9/frame00065.png -0.520013 -2.393242 38.449926 0.134060 0.964335 -0.011149 0.227953

seq9/frame00066.png -0.207949 -2.209505 37.209124 0.146171 0.960397 -0.011434 0.236943

seq9/frame00067.png -0.258399 -1.711144 37.525114 0.143030 0.960603 -0.000923 0.238293

seq9/frame00068.png 0.814627 -1.929327 36.596515 0.138354 0.966196 -0.001844 0.217532

seq9/frame00069.png 1.545811 -2.389773 36.722866 0.140203 0.964611 -0.000809 0.223312

seq9/frame00070.png 1.480826 -1.454444 36.444683 0.121869 0.964877 0.011836 0.232422

seq9/frame00071.png 2.133274 -2.353501 35.969694 0.125970 0.975390 -0.002293 0.180946

seq9/frame00072.png 3.134115 -1.819556 35.883463 0.115474 0.970274 0.016592 0.212034

seq9/frame00073.png 4.027988 -2.100181 36.170316 0.129247 0.971630 -0.000099 0.198064

seq9/frame00074.png 4.425182 -1.892873 36.154428 0.108122 0.977701 0.007390 0.179875

seq9/frame00075.png 5.162625 -1.853102 35.623089 0.109722 0.974418 -0.005766 0.196057

seq9/frame00076.png 5.649071 -1.769510 35.516383 0.100957 0.980836 -0.001180 0.166637

seq9/frame00077.png 6.604420 -1.836750 35.548710 0.105073 0.973498 -0.009276 0.202915

seq9/frame00078.png 7.254604 -1.768029 35.329308 0.099116 0.983198 0.019136 0.152091

seq9/frame00079.png 8.394974 -1.765207 35.072850 0.114345 0.978993 0.023394 0.167185

seq9/frame00080.png 8.541208 -1.743462 35.074291 0.121407 0.981419 0.006721 0.148434

seq9/frame00081.png 9.259050 -1.710977 34.672559 0.132524 0.978769 0.016430 0.155493

seq9/frame00082.png 9.782076 -1.684433 34.551347 0.125758 0.986369 0.009345 0.105702

seq9/frame00083.png 10.754540 -1.642462 34.256547 0.122013 0.987012 0.008585 0.104149

seq9/frame00084.png 11.076877 -1.664951 34.025069 0.109915 0.989163 -0.000583 0.097344

seq9/frame00085.png 11.770392 -1.573918 33.821519 0.106407 0.990266 0.007811 0.089381

seq9/frame00086.png 12.419709 -1.533698 33.487502 0.099731 0.991052 0.008612 0.088294

seq9/frame00087.png 12.770581 -1.621450 32.823558 0.126224 0.988802 0.023877 0.075950

seq9/frame00088.png 12.280502 -1.584624 31.768747 0.142631 0.986131 0.015506 0.083441

seq9/frame00089.png 13.117151 -1.205399 31.673212 0.148823 0.988345 0.016679 0.027348

seq9/frame00090.png 13.383585 -1.835876 30.920556 0.193593 0.980548 0.009037 0.031088

seq9/frame00092.png 13.717235 -1.191227 29.634857 0.161990 0.986785 -0.003668 -0.001411

seq9/frame00093.png 14.159322 -1.286292 29.087474 0.155516 0.987127 -0.003800 -0.037152

seq9/frame00094.png 14.317018 -1.207121 28.436219 0.149057 0.988537 -0.002805 -0.023841

seq9/frame00095.png 14.706500 -0.880340 27.870087 0.157013 0.986379 -0.007548 -0.048444

seq9/frame00096.png 15.076815 -0.703190 26.952740 0.138503 0.988274 -0.008678 -0.063687

seq9/frame00097.png 15.036774 -0.832112 26.513782 0.148335 0.983907 -0.006400 -0.099416

seq9/frame00098.png 15.196645 -0.875578 25.816654 0.141922 0.986127 -0.013989 -0.084945

seq9/frame00099.png 15.597471 -0.477314 25.212989 0.152968 0.984358 -0.010609 -0.086758

seq9/frame00100.png 16.395406 -0.866903 24.318228 0.201469 0.977430 0.010419 -0.062702

seq9/frame00101.png 16.046544 -0.732689 23.972390 0.216718 0.974108 0.002824 -0.064337

seq9/frame00102.png 16.185642 -1.069483 23.228379 0.234754 0.971182 0.001089 -0.041176

seq9/frame00103.png 16.566540 -0.765675 22.723717 0.249037 0.967477 -0.006063 -0.043959

seq9/frame00104.png 16.576400 -0.766118 22.093348 0.239526 0.967110 -0.004534 -0.085466

seq9/frame00105.png 16.863238 -0.692283 21.473041 0.233449 0.968356 -0.021167 -0.085678

seq9/frame00106.png 17.027216 -0.598948 20.758691 0.231510 0.967887 -0.009196 -0.097536

seq9/frame00107.png 17.403972 -0.773034 20.160972 0.226666 0.969914 -0.016012 -0.087362

seq9/frame00108.png 17.790923 -0.540883 19.620473 0.224064 0.969584 0.014425 -0.097443

seq9/frame00109.png 18.097819 -0.393473 18.890360 0.225690 0.970641 -0.005759 -0.082992

seq9/frame00110.png 18.183756 -0.265849 18.356252 0.224961 0.967704 0.000576 -0.113756

seq9/frame00111.png 18.647613 -0.240093 17.880010 0.212089 0.969739 -0.017117 -0.119713

seq9/frame00112.png 18.921151 -0.424560 17.268535 0.207331 0.962717 -0.006093 -0.173646

seq9/frame00113.png 19.292573 -0.078454 16.441807 0.198423 0.961119 -0.023580 -0.190585

seq9/frame00114.png 19.522140 -0.046597 15.799256 0.198005 0.954884 -0.028705 -0.219470

seq9/frame00115.png 19.742231 -0.177876 15.060580 0.206209 0.955814 -0.031699 -0.207107

seq9/frame00116.png 19.977990 -0.028994 14.449845 0.203285 0.945141 -0.031310 -0.253778

seq9/frame00117.png 20.443608 -0.159408 13.653707 0.199001 0.955201 -0.024241 -0.217721

seq9/frame00118.png 20.687922 0.064419 13.184101 0.221868 0.958360 -0.029371 -0.177364

seq9/frame00119.png 21.185075 0.252033 12.613462 0.257933 0.951930 0.002181 -0.165213

seq9/frame00120.png 21.453490 0.223128 12.072286 0.276317 0.949372 -0.003118 -0.149436

seq9/frame00121.png 21.798210 0.271722 11.472114 0.277475 0.946454 -0.004459 -0.164964

seq9/frame00122.png 22.000974 0.509776 11.130887 0.321545 0.936535 -0.010651 -0.139273

