seq2/frame00001.png -11.664603 -8.199192 1.947634 0.639489 0.635026 -0.309130 0.303701

seq2/frame00002.png -11.571129 -8.124575 1.927274 0.639631 0.633421 -0.311817 0.304007

seq2/frame00003.png -11.538824 -8.112645 1.924713 0.638719 0.633004 -0.312232 0.306358

seq2/frame00004.png -11.355083 -8.097187 1.931257 0.639322 0.626909 -0.324235 0.305162

seq2/frame00005.png -10.899599 -8.262960 1.885630 0.639442 0.656044 -0.304822 0.260390

seq2/frame00006.png -10.167713 -8.257542 1.991857 0.633102 0.658194 -0.336410 0.229763

seq2/frame00007.png -9.663778 -8.502371 1.888298 0.646109 0.643485 -0.299889 0.280243

seq2/frame00008.png -9.019933 -8.666772 1.869336 0.643663 0.663484 -0.290080 0.247671

seq2/frame00009.png -8.325061 -8.790656 1.873442 0.629068 0.657017 -0.322297 0.262159

seq2/frame00010.png -7.762332 -9.037367 1.890945 0.640761 0.668777 -0.299954 0.228452

seq2/frame00011.png -7.083651 -9.075439 1.867433 0.649007 0.662800 -0.301987 0.219751

seq2/frame00012.png -6.355244 -9.202148 1.832090 0.656384 0.662601 -0.286306 0.219428

seq2/frame00013.png -5.627983 -9.337562 1.781763 0.655507 0.667736 -0.281710 0.212316

seq2/frame00014.png -4.795787 -9.432166 1.780116 0.658304 0.670050 -0.271119 0.210152

seq2/frame00015.png -3.988494 -9.349111 1.728554 0.651347 0.695494 -0.241986 0.182971

seq2/frame00016.png -3.240798 -9.508576 1.731322 0.669546 0.682900 -0.247689 0.154940

seq2/frame00017.png -2.486688 -9.694231 1.705779 0.677922 0.689801 -0.205462 0.149603

seq2/frame00018.png -1.671369 -9.767439 1.698268 0.684833 0.677071 -0.227987 0.143529

seq2/frame00019.png -0.987356 -9.904027 1.699195 0.685363 0.698490 -0.174422 0.109385

seq2/frame00020.png -0.180835 -9.947739 1.707626 0.691153 0.686189 -0.192843 0.119431

seq2/frame00021.png 0.563310 -10.049710 1.683433 0.689333 0.712383 -0.116854 0.060617

seq2/frame00022.png 1.312553 -10.068251 1.686563 0.684162 0.722880 -0.092714 0.027770

seq2/frame00023.png 2.044340 -10.190673 1.664761 0.693013 0.715073 -0.089597 0.019394

seq2/frame00024.png 2.773261 -10.186876 1.643419 0.688510 0.723839 -0.043662 -0.010204

seq2/frame00025.png 3.539540 -10.379131 1.609592 0.684892 0.721707 0.020530 -0.098181

seq2/frame00026.png 4.250851 -10.194807 1.563036 0.663700 0.739368 0.051512 -0.100917

seq2/frame00027.png 4.933825 -10.159637 1.574662 0.684807 0.717003 0.050741 -0.119882

seq2/frame00028.png 5.644449 -9.965472 1.579954 0.689164 0.715389 0.054588 -0.101454

seq2/frame00029.png 6.280094 -9.754399 1.569198 0.700991 0.701682 0.061789 -0.111520

seq2/frame00030.png 7.002099 -9.506314 1.575289 0.683371 0.709529 0.095420 -0.143066

seq2/frame00031.png 7.625992 -9.122956 1.596652 0.679973 0.705927 0.106484 -0.167230

seq2/frame00032.png 8.276518 -8.744972 1.590203 0.653634 0.711063 0.155637 -0.207193

seq2/frame00033.png 8.817048 -8.221924 1.587895 0.650108 0.708256 0.163469 -0.221384

seq2/frame00034.png 9.330071 -7.678051 1.560273 0.639938 0.706028 0.188731 -0.237455

seq2/frame00035.png 9.738129 -7.139771 1.548370 0.639674 0.709244 0.190617 -0.226837

seq2/frame00036.png -5.122666 -5.459624 -0.334044 0.460209 -0.828325 0.109446 0.300178

seq2/frame00037.png 10.330683 -6.151677 1.560209 0.603386 0.701588 0.237645 -0.295339

seq2/frame00038.png 10.226756 -5.568216 1.509250 0.627929 0.716018 0.203977 -0.226753

seq2/frame00039.png 9.866356 -5.326474 1.531824 0.649525 0.707758 0.203775 -0.188871

seq2/frame00040.png 9.308573 -5.294928 1.561339 0.663061 0.698126 0.181715 -0.199875

seq2/frame00041.png 8.612119 -5.203787 1.588612 0.680290 0.671971 0.208916 -0.204976

seq2/frame00042.png 7.927693 -5.257684 1.607108 0.675487 0.675286 0.227293 -0.189851

seq2/frame00043.png -3.541003 -3.207410 2.198234 0.410310 -0.785844 0.087077 0.454437

seq2/frame00044.png 6.495789 -5.216931 1.625011 0.733103 0.645670 0.156193 -0.145859

seq2/frame00045.png 5.775560 -5.221096 1.664916 0.727222 0.663691 0.109771 -0.136428

seq2/frame00046.png 4.973067 -5.205913 1.661016 0.734641 0.665480 0.094726 -0.092008

seq2/frame00047.png 4.247172 -5.185575 1.661709 0.729125 0.675497 0.078982 -0.076433

seq2/frame00048.png 3.451472 -5.133945 1.674498 0.733481 0.668090 0.092187 -0.084636

seq2/frame00049.png 2.691035 -4.944397 1.704916 0.720544 0.690845 0.037690 -0.046150

seq2/frame00050.png 1.978865 -4.768989 1.716670 0.729014 0.683432 0.037585 -0.006806

seq2/frame00051.png 1.213388 -4.516148 1.754529 0.711832 0.693374 -0.072834 0.084991

seq2/frame00052.png 0.568127 -4.172485 1.763272 0.705598 0.668547 -0.160317 0.171684

seq2/frame00053.png -0.109239 -3.848935 1.768510 0.668684 0.659656 -0.228574 0.255871

seq2/frame00054.png -0.695254 -3.435400 1.770533 0.660529 0.651841 -0.243484 0.281994

seq2/frame00055.png -1.333611 -3.032570 1.785520 0.636164 0.636961 -0.286389 0.327958

seq2/frame00056.png -1.946737 -2.554118 1.777569 0.649735 0.648768 -0.263105 0.296175

seq2/frame00057.png -2.569830 -2.083944 1.771941 0.625994 0.633134 -0.301341 0.341272

seq2/frame00058.png -3.086691 -1.493452 1.736323 0.618302 0.618968 -0.326578 0.357671

seq2/frame00059.png -3.694854 -0.929666 1.730855 0.616375 0.599435 -0.324310 0.394439

seq2/frame00060.png -4.029592 -0.239856 1.712307 0.564992 0.596479 -0.375796 0.428689

seq2/frame00061.png -4.420330 0.465184 1.734583 0.583475 0.548462 -0.389229 0.455243

seq2/frame00062.png -4.648634 1.188964 1.718106 0.533455 0.548409 -0.423616 0.484998

seq2/frame00063.png -4.879341 2.001271 1.715004 0.531959 0.538949 -0.414829 0.504451

seq2/frame00064.png -5.112845 2.716440 1.775238 0.500845 0.526063 -0.456558 0.513776

seq2/frame00065.png -5.386792 3.536114 1.771120 0.514442 0.516962 -0.440283 0.523690

seq2/frame00066.png -5.654402 4.225546 1.749571 0.472339 0.506262 -0.465006 0.551691

seq2/frame00067.png -5.767985 5.072712 1.737025 0.465292 0.495613 -0.470040 0.562968

seq2/frame00068.png -5.997003 5.813456 1.732388 0.444835 0.483665 -0.484647 0.577327

seq2/frame00069.png -6.003316 6.743774 1.735545 0.429089 0.482411 -0.492866 0.583306

seq2/frame00070.png -6.088437 7.490436 1.757326 0.421929 0.459517 -0.510125 0.592108

seq2/frame00071.png -6.100262 8.164749 1.739709 0.419132 0.448208 -0.522754 0.591748

seq2/frame00072.png -6.138024 8.941007 1.788611 0.400601 0.459373 -0.563494 0.557646

seq2/frame00073.png -6.072508 9.737768 1.614342 0.386699 0.441541 -0.574262 0.570727

seq2/frame00074.png -6.035634 10.536116 1.913720 0.331359 0.426852 -0.583052 0.606671

seq2/frame00075.png -6.099874 11.169496 1.605286 0.337739 0.416855 -0.580465 0.612556

seq2/frame00076.png -5.954780 11.995050 1.729774 0.322634 0.396903 -0.580131 0.633895

seq2/frame00077.png -6.003867 12.633731 1.700043 0.313813 0.414610 -0.593310 0.614494

seq2/frame00078.png -5.879770 13.268714 1.765259 0.257032 0.361082 -0.630965 0.636740

seq2/frame00079.png -5.928128 13.981828 1.715197 0.241428 0.328699 -0.639407 0.651788

seq2/frame00080.png -5.719398 14.701990 1.777537 0.267977 0.332045 -0.624150 0.654501

seq2/frame00081.png -5.568894 15.393207 1.784776 0.230885 0.314868 -0.624396 0.676520

seq2/frame00082.png -5.235935 15.913972 1.791921 0.196361 0.259737 -0.651190 0.685515

seq2/frame00083.png -4.919282 16.502224 1.747228 0.161676 0.219337 -0.666965 0.693476

seq2/frame00084.png -4.525934 16.946718 1.759915 0.157512 0.180479 -0.679157 0.693804

seq2/frame00085.png -4.244145 17.231065 1.846894 0.166320 0.165421 -0.688164 0.686589

seq2/frame00086.png -4.041933 17.424460 1.846404 0.154464 0.125012 -0.702018 0.683874

seq2/frame00087.png -4.108819 17.414077 1.843720 0.195653 0.178972 -0.682447 0.681143

seq2/frame00088.png -4.272024 17.258266 1.860382 0.203359 0.200803 -0.688948 0.666089

seq2/frame00089.png -4.256986 16.819801 1.884014 0.196919 0.199323 -0.680626 0.676936

seq2/frame00090.png -4.278925 16.374083 1.843343 0.208038 0.184616 -0.690077 0.668155

seq2/frame00091.png -4.260509 15.790958 1.845197 0.220468 0.211216 -0.688399 0.657942

seq2/frame00092.png -4.216316 15.156404 1.853402 0.225864 0.195208 -0.686419 0.663105

seq2/frame00093.png -4.281184 14.538761 1.858831 0.227726 0.205744 -0.683154 0.662654

seq2/frame00094.png -4.259221 13.929587 1.838765 0.222567 0.212724 -0.678815 0.666651

seq2/frame00095.png -4.361398 13.328298 1.817600 0.239020 0.193245 -0.675121 0.670624

seq2/frame00096.png -4.395268 12.703411 1.813193 0.245748 0.237294 -0.670743 0.658334

seq2/frame00097.png -4.375317 12.062987 1.847182 0.261043 0.236125 -0.669945 0.653663

seq2/frame00098.png -4.518865 11.461651 1.824798 0.270589 0.259773 -0.661237 0.649665

seq2/frame00099.png -4.523663 10.787994 1.866437 0.252738 0.234656 -0.693727 0.632300

seq2/frame00100.png -4.821102 10.139854 1.847898 0.256847 0.233166 -0.683609 0.642138

seq2/frame00101.png -4.878566 9.365202 1.690486 0.215062 0.212568 -0.701627 0.645200

seq2/frame00102.png -5.194922 8.699517 1.700812 0.250855 0.239864 -0.680955 0.644854

seq2/frame00103.png -5.350353 8.038461 1.730668 0.271980 0.284766 -0.658223 0.641622

seq2/frame00104.png -5.408706 7.334085 1.713394 0.284579 0.271344 -0.655775 0.644473

seq2/frame00105.png -5.462833 6.603543 1.666617 0.321326 0.300265 -0.644422 0.625548

seq2/frame00106.png -5.452337 5.850613 1.676036 0.354342 0.324042 -0.622852 0.617652

seq2/frame00107.png -5.501428 5.132852 1.754292 0.396159 0.371507 -0.605301 0.581938

seq2/frame00108.png -5.539840 4.383329 1.709049 0.406091 0.392443 -0.593793 0.573139

seq2/frame00109.png -5.648277 3.696844 1.721670 0.460894 0.438597 -0.550861 0.540149

seq2/frame00110.png -5.620878 2.965079 1.734095 0.468486 0.460956 -0.543200 0.522468

seq2/frame00111.png -5.703556 2.196457 1.730314 0.504990 0.495117 -0.516954 0.482289

seq2/frame00112.png -5.689464 1.460177 1.735553 0.521196 0.493862 -0.507198 0.476660

seq2/frame00113.png -5.759217 0.652075 1.737995 0.555645 0.516832 -0.474400 0.446193

seq2/frame00114.png -5.687950 -0.061725 1.736973 0.576699 0.533635 -0.460411 0.413126

seq2/frame00115.png -5.725836 -0.808550 1.717295 0.592079 0.543879 -0.433964 0.406588

seq2/frame00116.png -5.636499 -1.504344 1.685585 0.612150 0.593959 -0.391477 0.345298

seq2/frame00117.png -5.493448 -2.234548 1.782833 0.634263 0.584442 -0.383708 0.330009

seq2/frame00118.png -5.442720 -3.016936 1.828574 0.643992 0.607891 -0.360729 0.292606

seq2/frame00119.png -5.147705 -3.699623 1.860379 0.649906 0.621239 -0.337195 0.279255

seq2/frame00120.png -5.034016 -4.493431 1.853707 0.650055 0.621967 -0.338909 0.275184

seq2/frame00121.png -4.856546 -5.198582 1.848125 0.659192 0.632191 -0.320847 0.250714

seq2/frame00122.png -4.770333 -6.061088 1.823546 0.680053 0.630572 -0.297495 0.226724

seq2/frame00123.png -4.478053 -6.699937 1.824509 0.677662 0.630358 -0.308967 0.219004

seq2/frame00124.png -4.328037 -7.579946 1.820470 0.703120 0.636051 -0.265054 0.175521

seq2/frame00125.png -4.161819 -8.327572 1.792255 0.701446 0.663777 -0.222663 0.133394

seq2/frame00126.png -3.994923 -9.047300 1.842031 0.709817 0.661311 -0.206052 0.127944

seq2/frame00127.png -3.791240 -9.746440 1.749586 0.709961 0.675550 -0.177331 0.090231

seq2/frame00128.png -3.574997 -10.484119 1.798585 0.701926 0.692980 -0.155302 0.054395

seq2/frame00129.png -3.242547 -11.162516 1.811697 0.695256 0.698768 -0.162890 0.042535

seq2/frame00130.png -2.741539 -11.648919 1.849758 0.700211 0.686851 -0.188466 0.049204

seq2/frame00131.png -2.210332 -12.230947 1.846166 0.702174 0.691827 -0.163579 0.039620

seq2/frame00132.png -1.586775 -12.706724 1.865754 0.709125 0.686357 -0.159444 0.025162

seq2/frame00133.png -0.997247 -13.139592 1.884191 0.706508 0.695787 -0.128828 0.011449

seq2/frame00134.png -0.495292 -13.431373 1.852641 0.712002 0.691090 -0.122123 0.023094

seq2/frame00135.png 0.204304 -13.847209 1.850355 0.708764 0.695599 -0.117389 0.003967

seq2/frame00136.png 0.715934 -13.933299 1.814546 0.704790 0.703169 -0.092184 -0.018074

seq2/frame00137.png 1.242548 -14.108499 1.780450 0.700132 0.712296 -0.045816 -0.018720

seq2/frame00138.png 1.610543 -13.840920 1.735329 0.702669 0.708706 0.013060 -0.061820

seq2/frame00139.png 1.834467 -13.297903 1.775628 0.706106 0.699242 0.046223 -0.101682

seq2/frame00140.png 1.641768 -12.668030 1.713505 0.704715 0.700746 0.073341 -0.083389

seq2/frame00141.png 1.186577 -11.995704 1.731091 0.695425 0.718370 0.014952 -0.010264

seq2/frame00142.png 0.703534 -11.389067 1.772241 0.725192 0.686598 -0.015510 0.049389

seq2/frame00143.png 0.037554 -10.945637 1.778206 0.722410 0.673041 -0.086115 0.133130

seq2/frame00144.png -0.569555 -10.362099 1.745087 0.719157 0.667079 -0.138088 0.136934

seq2/frame00145.png -1.319613 -9.838111 1.695733 0.713242 0.646763 -0.184430 0.197403

seq2/frame00146.png -1.811064 -9.015726 1.662390 0.698601 0.640051 -0.234013 0.218014

seq2/frame00147.png -2.548680 -8.460766 1.731382 0.675572 0.641080 -0.250886 0.263961

seq2/frame00148.png -3.023834 -7.725760 1.737599 0.640233 0.640358 -0.295432 0.304571

seq2/frame00149.png -3.703773 -7.140176 1.775933 0.654702 0.617801 -0.292498 0.322693

seq2/frame00150.png -4.215035 -6.498385 1.788368 0.639687 0.621265 -0.317266 0.322759

seq2/frame00151.png -4.947846 -5.918363 1.781243 0.640033 0.603907 -0.305895 0.363431

seq2/frame00152.png -5.389339 -5.243788 1.793859 0.641768 0.598124 -0.329105 0.349388

seq2/frame00153.png -6.064936 -4.608888 1.779332 0.639036 0.598111 -0.320461 0.362216

seq2/frame00154.png -6.564058 -4.015258 1.822987 0.627040 0.604066 -0.323936 0.370121

seq2/frame00155.png -7.119370 -3.327144 1.822088 0.626856 0.597427 -0.330200 0.375634

seq2/frame00156.png -7.526282 -2.690249 1.849407 0.593404 0.585067 -0.371133 0.409669

seq2/frame00157.png -7.911771 -2.072146 1.852263 0.564299 0.563751 -0.406892 0.445186

seq2/frame00158.png -8.478839 -1.423201 1.814561 0.545504 0.566603 -0.399841 0.470652

seq2/frame00159.png -8.912895 -0.740636 1.856318 0.562400 0.559133 -0.392116 0.466177

seq2/frame00160.png -9.454392 -0.106743 1.877725 0.563539 0.562345 -0.395771 0.457774

seq2/frame00161.png -9.892956 0.526252 1.819819 0.578087 0.563158 -0.393672 0.440103

seq2/frame00162.png -10.325123 1.140654 1.875053 0.546720 0.526939 -0.426317 0.491616

seq2/frame00163.png -10.689498 1.836192 1.874906 0.543321 0.549139 -0.416758 0.479125

seq2/frame00164.png -11.086072 2.608641 1.879094 0.532288 0.532465 -0.422865 0.504316

seq2/frame00165.png -11.302892 3.297154 1.833456 0.536909 0.512285 -0.455176 0.492045

seq2/frame00166.png -11.589746 3.989499 1.785117 0.492180 0.473543 -0.484656 0.546466

seq2/frame00167.png -11.485007 4.821822 1.844184 0.467201 0.452297 -0.507520 0.565309

seq2/frame00168.png -11.336556 5.558606 1.749143 0.450189 0.423251 -0.520874 0.588964

seq2/frame00169.png -11.169055 6.120239 1.714486 0.414578 0.403636 -0.542770 0.608773

seq2/frame00170.png -10.791649 6.871486 1.703227 0.421031 0.392445 -0.531238 0.621696

seq2/frame00171.png -10.424402 7.496111 1.763729 0.377380 0.357676 -0.547668 0.655524

seq2/frame00172.png -9.962445 8.120311 1.738996 0.373193 0.344992 -0.552985 0.660238

seq2/frame00173.png -9.651668 8.797229 1.619726 0.344412 0.330451 -0.561656 0.675814

seq2/frame00174.png -9.056567 9.532538 1.630133 0.370373 0.351430 -0.547752 0.662789

seq2/frame00175.png -8.842489 10.239599 1.698494 0.357661 0.320024 -0.564925 0.671210

seq2/frame00176.png -8.532889 10.954326 1.672294 0.348467 0.300058 -0.585013 0.668054

seq2/frame00177.png -8.209253 11.685034 1.703028 0.331903 0.264228 -0.595705 0.682026

seq2/frame00178.png -7.919058 12.444492 1.620285 0.365035 0.283423 -0.577068 0.673360

seq2/frame00179.png -7.685779 13.181154 1.697555 0.326759 0.288310 -0.595826 0.674609

seq2/frame00180.png -7.451647 13.965758 1.644544 0.323164 0.324505 -0.586477 0.668062

seq2/frame00181.png -7.483526 14.911510 1.702725 0.371898 0.329773 -0.561581 0.661490

seq2/frame00182.png -7.372075 15.708335 1.774092 0.359662 0.307799 -0.588134 0.655745

seq2/frame00183.png -7.309963 16.533336 1.681577 0.363611 0.298293 -0.579668 0.665427

seq2/frame00184.png -7.371616 17.247888 1.677687 0.377012 0.307830 -0.574821 0.657787

seq2/frame00185.png -7.440450 18.032106 1.706797 0.412454 0.328497 -0.563265 0.636163

seq2/frame00186.png -7.640245 18.715650 1.899231 0.336262 0.311616 -0.604632 0.651339

seq2/frame00187.png -7.861156 19.285141 1.964907 0.249392 0.238851 -0.654886 0.672219

seq2/frame00188.png -7.933637 19.793789 1.693709 0.165843 0.186545 -0.668382 0.700687

seq2/frame00189.png -8.349156 20.250577 1.875939 0.182816 0.180983 -0.675971 0.690570

seq2/frame00190.png -8.681493 20.839517 1.711067 0.154018 0.185613 -0.666858 0.705072

seq2/frame00191.png -9.030763 21.138504 1.716182 0.199531 0.211885 -0.685096 0.667784

seq2/frame00192.png -8.883655 21.515125 1.755164 0.186295 0.213823 -0.696842 0.658775

seq2/frame00193.png -8.506847 21.822486 1.754049 0.221182 0.225158 -0.712651 0.626506

seq2/frame00194.png -7.955100 21.858954 1.791461 0.229879 0.208082 -0.706498 0.636175

seq2/frame00195.png -7.279255 21.862726 1.796322 0.222736 0.197977 -0.705515 0.642995

seq2/frame00196.png -6.759815 21.551937 1.826404 0.207821 0.177726 -0.697707 0.662140

seq2/frame00197.png -6.278454 21.076511 1.821100 0.189046 0.171020 -0.697953 0.669235

seq2/frame00198.png -5.764679 20.346144 1.763511 0.191875 0.153683 -0.689435 0.681355

seq2/frame00199.png -5.696345 19.615250 1.805217 0.207261 0.177007 -0.683406 0.677250

seq2/frame00200.png -5.635168 18.844572 1.833981 0.201708 0.170033 -0.689826 0.674198

seq2/frame00201.png -5.641475 17.990192 1.796935 0.232995 0.208032 -0.687556 0.655517

seq2/frame00202.png -5.703567 17.147084 1.793117 0.224006 0.200808 -0.691427 0.656830

seq2/frame00203.png -5.736442 16.301746 1.815823 0.229979 0.223345 -0.690542 0.648366

seq2/frame00204.png -5.741874 15.449053 1.802679 0.244647 0.224773 -0.683154 0.650328

seq2/frame00205.png -5.765113 14.610729 1.794978 0.274754 0.269094 -0.666189 0.638976

seq2/frame00206.png -5.792117 13.769241 1.799861 0.284193 0.260024 -0.656619 0.648439

seq2/frame00207.png -5.848277 12.924791 1.783053 0.314926 0.300414 -0.646857 0.626218

seq2/frame00208.png -5.854255 12.090822 1.814565 0.325605 0.288018 -0.642407 0.631143

seq2/frame00209.png -6.015384 11.242051 1.794718 0.350453 0.320031 -0.632399 0.612237

seq2/frame00210.png -6.165049 10.370845 1.802242 0.354425 0.324044 -0.633127 0.607066

seq2/frame00211.png -6.387891 9.541506 1.779499 0.372638 0.340229 -0.622732 0.597989

seq2/frame00212.png -6.573385 8.683190 1.773903 0.385160 0.351071 -0.610487 0.596412

seq2/frame00213.png -6.894183 7.751222 1.769806 0.410928 0.368641 -0.603018 0.575857

seq2/frame00214.png -6.972502 6.974036 1.784644 0.419456 0.384356 -0.594958 0.567761

seq2/frame00215.png -7.338898 6.039293 1.718691 0.461058 0.415950 -0.574009 0.533784

seq2/frame00216.png -7.434938 5.214279 1.815189 0.445180 0.400399 -0.593081 0.538285

seq2/frame00217.png -7.926194 4.346459 1.771126 0.473866 0.417448 -0.568861 0.526863

seq2/frame00218.png -8.079418 3.259267 1.846757 0.480219 0.419148 -0.566370 0.522427

seq2/frame00219.png -8.653273 2.580733 1.858358 0.451526 0.408722 -0.577525 0.543631

seq2/frame00220.png -8.951267 1.827092 1.917183 0.498013 0.466482 -0.527719 0.505855

seq2/frame00221.png -9.404969 1.011613 1.852461 0.539229 0.488610 -0.505389 0.463761

seq2/frame00222.png -9.699924 0.186755 1.866394 0.562180 0.492595 -0.501203 0.436005

seq2/frame00223.png -10.010239 -0.570879 1.884455 0.565106 0.485836 -0.502510 0.438294

seq2/frame00224.png -10.317241 -1.310241 1.841321 0.575066 0.523550 -0.482998 0.402378

seq2/frame00225.png -10.461217 -2.006601 1.916217 0.608015 0.525534 -0.436123 0.404882

seq2/frame00226.png -10.831828 -2.733859 1.963468 0.611017 0.519150 -0.452222 0.390687

seq2/frame00227.png -11.000229 -3.505645 1.981290 0.614000 0.538343 -0.448130 0.363827

seq2/frame00228.png -11.372489 -4.072622 1.981596 0.617756 0.601778 -0.361905 0.353929

seq2/frame00229.png -11.805771 -4.403497 2.001193 0.592512 0.621415 -0.382561 0.341203

seq2/frame00230.png -12.227476 -4.971431 2.011527 0.602310 0.625405 -0.348584 0.352960

seq2/frame00231.png -12.459448 -5.551986 2.038282 0.614812 0.600801 -0.349748 0.372452

