0,24256.8144531
1,15460.3007812
2,13279.5859375
3,12492.6953125
4,10391.8740234
5,8892.078125
6,7724.40283203
7,6942.39648438
8,6564.42578125
9,6354.55761719
10,5845.66162109
11,5330.62109375
12,5345.96289062
13,5258.12548828
14,4774.47509766
15,4772.68310547
16,4696.11523438
17,4059.55932617
18,4200.99267578
19,3768.16918945
20,3409.76806641
21,4020.50341797
22,3381.86865234
23,3500.63378906
24,3129.58569336
25,3417.74169922
26,3013.42626953
27,2967.98242188
28,2983.00878906
29,2749.97412109
30,2407.89746094
31,2557.74804688
32,2321.34008789
33,2480.44433594
34,2327.87768555
35,2269.71118164
36,2335.58764648
37,2344.00463867
38,2059.12866211
39,2233.93530273
40,2125.91357422
41,2446.8671875
42,2014.01342773
43,2195.90380859
44,1924.99255371
45,2172.49389648
46,1977.62207031
47,1954.13647461
48,1971.30688477
49,1722.75195312
50,1735.19604492
51,1919.68896484
52,1912.7154541
53,1850.18164062
54,1839.24865723
55,1802.21276855
56,1924.0501709
57,1851.85949707
58,1818.13684082
59,1819.31188965
60,1739.72290039
61,1971.23596191
62,1744.88623047
63,1691.70068359
64,1775.92785645
65,1734.92895508
66,1815.39111328
67,1674.25427246
68,1622.40393066
69,1619.17102051
70,1648.05957031
71,1659.3092041
72,1787.3659668
73,1744.67272949
74,1807.80847168
75,1681.34387207
76,1712.43798828
77,1646.27294922
78,1757.07775879
79,1575.29956055
80,1665.93884277
81,1710.38452148
82,1626.83752441
83,1551.99816895
84,1626.88525391
85,1535.3581543
86,1567.98828125
87,1588.10754395
88,1548.65466309
89,1626.28405762
90,1551.78161621
91,1623.36560059
92,1545.70593262
93,1525.15966797
94,1637.35583496
95,1581.73547363
96,1578.23583984
97,1505.6114502
98,1567.61010742
99,1531.56311035
100,1561.92431641
101,1461.21630859
102,1454.90881348
103,1450.73828125
104,1469.94702148
105,1479.13183594
106,1467.32177734
107,1546.9152832
108,1499.99682617
109,1470.22680664
110,1475.22253418
111,1389.06066895
112,1538.17529297
113,1471.58166504
114,1405.1184082
115,1481.62060547
116,1531.12915039
117,1490.26672363
118,1514.29516602
119,1531.92163086
120,1461.57116699
121,1465.65429688
122,1390.7532959
123,1398.23339844
124,1405.72619629
125,1407.70800781
126,1434.3782959
127,1527.62463379
128,1404.19567871
129,1281.98999023
130,1335.80322266
131,1528.15576172
132,1367.55151367
133,1476.82128906
134,1375.90686035
135,1441.98693848
136,1452.99902344
137,1404.57885742
138,1281.05480957
139,1437.35412598
140,1394.18237305
141,1304.99194336
142,1463.40283203
143,1365.64794922
144,1353.01025391
145,1409.1628418
146,1379.50622559
147,1204.19848633
148,1417.31799316
149,1377.00341797
150,1407.5078125
151,1402.65466309
152,1396.88208008
153,1279.55737305
154,1263.86865234
155,1252.95605469
156,1401.96594238
157,1366.72546387
158,1400.96264648
159,1312.95739746
160,1393.15820312
161,1378.03063965
162,1257.06811523
163,1227.15002441
164,1247.01220703
165,1287.05566406
166,1242.14416504
167,1299.38354492
168,1306.9621582
169,1276.69055176
170,1259.24157715
171,1310.328125
172,1335.06445312
173,1371.0916748
174,1243.82861328
175,1345.33105469
176,1459.65039062
177,1339.74255371
178,1357.6418457
179,1318.01794434
180,1286.56225586
181,1320.5177002
182,1283.45678711
183,1250.22607422
184,1267.06103516
185,1262.39379883
186,1155.20690918
187,1324.7598877
188,1344.61254883
189,1421.1583252
190,1128.34802246
191,1235.30664062
192,1280.49523926
193,1236.78967285
194,1265.30749512
195,1370.8626709
196,1248.5916748
197,1273.04101562
198,1251.47387695
199,1288.99291992
200,1315.65478516
201,1196.46240234
202,1222.54467773
203,1279.93933105
204,1154.46594238
205,1190.15148926
206,1302.17907715
207,1251.10949707
208,1275.50561523
209,1241.36572266
210,1252.57739258
211,1233.68664551
212,1163.59423828
213,1119.37231445
214,1197.98291016
215,1190.03808594
216,1130.46289062
217,1186.68981934
218,1207.61889648
219,1276.4765625
220,1256.88793945
221,1232.66552734
222,1136.3671875
223,1227.49060059
224,1093.53015137
225,1145.55578613
226,1022.12683105
227,1110.38500977
228,1145.0645752
229,1126.42333984
230,1095.83166504
231,1142.68127441
232,1129.72570801
233,1182.70349121
234,1213.24609375
235,1132.91259766
236,1135.6829834
237,1165.22668457
238,1134.69006348
239,1105.1394043
240,1086.24816895
241,1191.99182129
242,1178.09216309
243,1038.38134766
244,1166.69958496
245,1130.84753418
246,1159.09204102
247,1203.61499023
248,1026.84558105
249,1170.84094238
250,1035.81982422
251,1182.64416504
252,1169.77624512
253,1083.72924805
254,1175.80651855
255,1137.8236084
256,1123.79150391
257,1188.06481934
258,1099.94262695
259,1236.00341797
260,1177.59753418
261,1147.69177246
262,1048.94750977
263,1131.02734375
264,1136.91394043
265,1235.76477051
266,1169.47009277
267,1081.12463379
268,1119.25854492
269,1186.61889648
270,1172.73937988
271,1190.21350098
272,1047.77233887
273,1119.22619629
274,1158.18823242
275,1167.48339844
276,1178.96691895
277,1122.19494629
278,1125.18920898
279,1047.25463867
280,1041.81433105
281,1122.31774902
282,1049.72460938
283,1124.24890137
284,1018.67962646
285,1103.8815918
286,1065.65161133
287,1041.61669922
288,1068.00524902
289,1011.41125488
290,1107.55004883
291,1143.51635742
292,1128.56970215
293,1063.69348145
294,1094.18981934
295,1042.02087402
296,1130.87365723
297,1065.69836426
298,1031.8927002
299,1073.82580566
300,1055.42504883
301,955.78717041
302,1107.1204834
303,1107.12219238
304,1084.1583252
305,973.899475098
306,987.364990234
307,1119.0970459
308,1009.61212158
309,1072.01916504
310,1040.02734375
311,977.487243652
312,988.542053223
313,1040.19775391
314,946.951293945
315,1019.8190918
316,1047.37573242
317,1135.09399414
318,1072.04431152
319,1005.5269165
320,1049.47888184
321,1059.60913086
322,1021.08062744
323,1110.40551758
324,1008.20404053
325,1062.8963623
326,1066.45983887
327,1017.01397705
328,915.231628418
329,1022.22692871
330,960.348083496
331,1056.98486328
332,1042.5612793
333,1064.5189209
334,1029.61364746
335,996.211303711
336,1018.94873047
337,983.323547363
338,1034.27331543
339,1094.33898926
340,1052.76464844
341,1052.33459473
342,963.630493164
343,1045.21838379
344,1047.7713623
345,1043.08862305
346,1029.74963379
347,1109.15856934
348,992.543273926
349,1011.87670898
350,1081.82006836
351,1041.37072754
352,987.50579834
353,1051.53527832
354,1019.77050781
355,976.170288086
356,1142.7010498
357,1043.86035156
358,1164.47058105
359,991.45904541
360,1058.07287598
361,885.46282959
362,1036.50866699
363,1066.05578613
364,996.622009277
365,1067.66955566
366,1078.4954834
367,1044.73693848
368,954.960327148
369,1048.17285156
370,1044.3059082
371,986.143432617
372,1032.15441895
373,982.880249023
374,1006.96661377
375,958.498291016
376,949.389892578
377,1011.15704346
378,989.354736328
379,976.364746094
380,1048.69421387
381,976.225830078
382,983.433410645
383,955.27130127
384,925.242126465
385,1052.26586914
386,1007.00604248
387,1029.78601074
388,998.325744629
389,966.355224609
390,977.638305664
391,1020.42059326
392,1019.98468018
393,956.379821777
394,944.801696777
395,960.052185059
396,873.584289551
397,1086.82287598
398,994.960632324
399,955.66973877
400,992.825866699
401,1066.8482666
402,976.71496582
403,977.269287109
404,965.636047363
405,972.346984863
406,999.593994141
407,937.537963867
408,932.743774414
409,997.697937012
410,1029.8548584
411,1023.04302979
412,996.713989258
413,976.338439941
414,889.344177246
415,1030.87097168
416,974.882507324
417,910.598449707
418,955.811889648
419,1054.44177246
420,1077.37438965
421,931.739135742
422,908.836975098
423,902.792053223
424,952.986328125
425,926.697021484
426,908.662902832
427,994.394165039
428,925.749633789
429,981.309387207
430,982.776977539
431,905.212646484
432,1103.35327148
433,1093.51733398
434,930.413452148
435,968.643493652
436,988.806213379
437,949.921142578
438,971.520507812
439,1009.14825439
440,980.208190918
441,1001.29669189
442,943.375427246
443,1007.3036499
444,976.24810791
445,918.328613281
446,938.344543457
447,976.511230469
448,1019.16253662
449,894.837890625
450,886.341064453
451,915.906921387
452,944.037963867
453,940.128295898
454,881.895935059
455,905.562927246
456,868.002990723
457,982.420471191
458,988.093688965
459,923.282104492
460,981.918273926
461,931.258666992
462,896.447387695
463,853.309936523
464,972.481384277
465,890.207336426
466,972.765625
467,825.571472168
468,943.671875
469,936.53314209
470,954.739379883
471,1018.08807373
472,949.952453613
473,906.244995117
474,1009.72479248
475,981.425170898
476,864.582641602
477,906.767456055
478,958.914123535
479,919.065551758
480,944.230224609
481,926.174133301
482,954.799987793
483,939.446716309
484,906.636047363
485,966.903564453
486,969.311767578
487,920.26763916
488,885.51361084
489,877.533447266
490,974.138122559
491,950.128112793
492,926.204406738
493,942.870056152
494,902.718200684
495,889.103820801
496,919.995117188
497,916.007629395
498,868.37689209
499,916.57611084
500,947.382995605
501,962.659301758
502,882.106750488
503,880.40814209
504,908.930786133
505,848.874084473
506,947.354309082
507,920.112976074
508,955.34753418
509,986.562561035
510,957.268249512
511,866.938171387
512,931.335388184
513,1002.79522705
514,966.32232666
515,965.252868652
516,842.267272949
517,897.303771973
518,844.105957031
519,928.489685059
520,912.554748535
521,848.533203125
522,894.324768066
523,874.392272949
524,860.313659668
525,847.020324707
526,899.731628418
527,963.186096191
528,924.136474609
529,901.005371094
530,912.112426758
531,915.684692383
532,916.43371582
533,865.96697998
534,903.582641602
535,874.514526367
536,849.347229004
537,808.366088867
538,857.415344238
539,950.428649902
540,867.721008301
541,868.582763672
542,869.991821289
543,868.077026367
544,872.672180176
545,962.542236328
546,833.014709473
547,904.797302246
548,906.25177002
549,894.753601074
550,941.079528809
551,1033.4934082
552,967.57434082
553,885.177001953
554,910.326904297
555,864.174438477
556,899.621337891
557,856.984680176
558,936.326721191
559,877.743469238
560,955.037902832
561,885.086364746
562,892.392028809
563,915.223999023
564,872.795349121
565,974.212646484
566,877.680969238
567,823.24420166
568,882.184875488
569,874.555969238
570,911.67376709
571,969.647827148
572,863.997924805
573,919.272460938
574,930.268066406
575,846.199523926
576,880.639343262
577,945.504821777
578,925.345581055
579,851.016052246
580,824.642883301
581,835.211242676
582,890.212280273
583,922.125183105
584,864.513427734
585,802.880615234
586,843.959228516
587,880.723693848
588,840.352844238
589,843.30871582
590,861.973999023
591,939.951660156
592,940.104125977
593,818.624267578
594,869.207092285
595,918.758422852
596,883.267700195
597,899.956237793
598,823.455200195
599,895.866882324
600,941.362304688
601,844.047241211
602,807.167358398
603,927.006835938
604,932.932189941
605,828.564880371
606,855.894042969
607,861.314697266
608,848.276062012
609,857.912658691
610,909.975158691
611,820.940124512
612,902.365539551
613,798.829223633
614,888.160949707
615,938.584350586
616,840.815551758
617,833.314331055
618,903.070068359
619,841.012145996
620,827.424072266
621,902.620361328
622,868.454345703
623,907.134277344
624,909.108947754
625,878.901794434
626,917.106750488
627,814.18359375
628,821.632141113
629,787.676574707
630,874.049865723
631,819.979614258
632,910.633605957
633,813.154907227
634,854.612792969
635,808.90246582
636,852.004333496
637,830.409423828
638,832.332458496
639,885.786315918
640,920.110656738
641,822.078186035
642,865.802124023
643,860.417541504
644,945.298828125
645,873.031738281
646,835.479003906
647,811.233825684
648,886.38067627
649,815.23614502
650,858.753967285
651,881.621459961
652,879.015991211
653,916.601196289
654,827.774841309
655,901.177429199
656,818.8671875
657,829.054626465
658,897.421081543
659,863.928894043
660,859.084289551
661,827.772277832
662,890.385009766
663,818.466003418
664,842.919921875
665,885.529846191
666,816.002807617
667,767.789855957
668,853.663818359
669,923.863342285
670,819.962036133
671,817.865112305
672,919.100158691
673,870.137084961
674,888.630126953
675,913.803710938
676,855.735351562
677,816.368896484
678,906.678039551
679,928.740966797
680,906.348388672
681,753.606628418
682,811.207092285
683,903.513061523
684,859.552368164
685,847.017700195
686,881.132995605
687,893.71081543
688,865.690551758
689,833.599243164
690,911.636474609
691,768.255187988
692,852.157958984
693,865.185241699
694,822.22265625
695,924.214172363
696,820.157043457
697,971.634460449
698,874.844787598
699,774.22467041
700,779.442810059
701,870.144348145
702,849.026611328
703,873.54083252
704,811.454162598
705,800.809143066
706,878.211425781
707,822.021972656
708,866.898986816
709,863.608032227
710,825.589904785
711,917.70123291
712,863.050109863
713,852.77331543
714,881.912414551
715,842.255493164
716,810.16607666
717,814.542907715
718,839.078552246
719,843.413391113
720,833.372924805
721,845.954833984
722,771.278625488
723,797.558837891
724,821.291442871
725,867.298461914
726,871.874511719
727,790.796264648
728,841.089416504
729,846.461608887
730,897.58770752
731,858.228820801
732,816.959289551
733,812.341674805
734,880.151367188
735,801.139587402
736,741.9296875
737,878.981323242
738,851.953308105
739,793.447387695
740,887.764648438
741,876.283813477
742,842.049194336
743,799.791137695
744,878.663452148
745,752.408813477
746,839.665283203
747,781.951171875
748,806.766662598
749,786.600891113
750,829.809020996
751,874.31817627
752,804.296813965
753,768.626037598
754,798.596191406
755,809.616088867
756,854.238037109
757,827.133483887
758,785.060852051
759,855.08203125
760,893.320922852
761,765.518127441
762,768.53692627
763,835.257019043
764,769.967773438
765,873.997924805
766,775.451660156
767,850.197631836
768,866.03515625
769,898.439575195
770,817.579956055
771,843.858581543
772,904.671447754
773,850.49395752
774,840.895935059
775,830.186828613
776,842.126586914
777,814.261413574
778,784.236328125
779,775.045288086
780,830.574523926
781,836.702758789
782,738.734863281
783,718.105285645
784,837.459106445
785,850.014709473
786,826.074401855
787,885.367858887
788,775.123413086
789,824.077636719
790,800.703063965
791,836.879821777
792,742.145385742
793,841.34954834
794,850.816650391
795,847.302612305
796,806.091491699
797,883.339355469
798,798.191894531
799,890.16229248
800,855.010314941
801,806.426757812
802,752.924316406
803,814.630981445
804,728.1796875
805,841.356506348
806,769.962768555
807,804.092956543
808,925.167663574
809,811.58996582
810,851.587158203
811,772.264831543
812,735.520263672
813,806.383117676
814,736.858825684
815,843.016540527
816,826.776245117
817,739.485351562
818,802.494140625
819,837.180725098
820,881.887084961
821,864.757324219
822,738.073669434
823,855.066894531
824,822.063110352
825,810.346984863
826,788.86517334
827,829.986877441
828,818.81842041
829,759.546813965
830,896.938476562
831,853.733276367
832,865.039123535
833,833.974975586
834,762.811523438
835,734.657653809
836,810.268005371
837,825.545288086
838,791.410583496
839,796.293762207
840,765.979248047
841,779.26184082
842,807.599060059
843,875.794067383
844,818.054992676
845,819.283752441
846,803.871704102
847,823.649658203
848,760.871887207
849,772.100708008
850,777.577880859
851,782.029541016
852,824.800720215
853,843.465454102
854,815.992553711
855,767.405578613
856,751.617492676
857,801.353088379
858,815.000793457
859,785.675476074
860,742.219970703
861,812.946838379
862,833.293762207
863,760.465759277
864,815.703857422
865,791.953186035
866,809.307250977
867,816.870239258
868,820.437316895
869,861.147338867
870,800.32434082
871,806.431030273
872,820.855285645
873,769.500793457
874,766.066955566
875,780.368896484
876,780.084716797
877,818.973449707
878,813.21484375
879,800.306396484
880,754.144348145
881,761.1484375
882,780.847595215
883,756.95489502
884,761.388122559
885,787.090087891
886,782.159729004
887,826.093200684
888,774.692016602
889,780.274047852
890,746.887817383
891,805.954284668
892,829.375854492
893,777.059387207
894,815.862976074
895,786.0703125
896,823.072814941
897,768.488037109
898,814.843933105
899,747.955200195
900,781.821044922
901,797.962036133
902,762.377319336
903,757.510803223
904,763.752319336
905,742.252746582
906,788.436706543
907,801.690551758
908,764.94128418
909,766.435668945
910,736.398498535
911,799.859619141
912,818.529052734
913,756.380249023
914,775.830932617
915,795.359558105
916,805.718444824
917,859.018371582
918,869.096313477
919,813.11340332
920,770.750610352
921,831.44921875
922,834.318115234
923,847.616516113
924,796.780944824
925,783.928649902
926,829.127502441
927,768.026672363
928,776.322814941
929,755.698791504
930,814.589538574
931,829.19152832
932,741.007019043
933,713.145019531
934,849.774108887
935,799.998413086
936,755.283874512
937,789.74029541
938,773.474365234
939,781.123352051
940,780.303039551
941,759.368041992
942,758.350036621
943,745.406616211
944,770.512451172
945,731.302612305
946,792.212585449
947,795.760986328
948,714.145996094
949,778.506225586
950,804.504150391
951,853.593994141
952,761.372314453
953,775.594726562
954,761.686035156
955,771.793273926
956,779.5234375
957,780.946533203
958,786.53112793
959,697.268432617
960,750.92767334
961,782.45703125
962,768.15246582
963,793.941223145
964,745.901000977
965,789.287780762
966,726.111816406
967,776.764709473
968,797.17565918
969,801.6796875
970,796.476501465
971,827.400024414
972,753.176269531
973,692.244995117
974,717.334960938
975,763.257568359
976,768.777648926
977,795.824584961
978,748.347229004
979,788.907409668
980,793.742553711
981,786.992919922
982,804.797302246
983,830.531738281
984,814.407287598
985,780.694396973
986,770.773986816
987,772.131469727
988,749.045776367
989,747.182434082
990,815.58215332
991,813.371032715
992,797.482971191
993,765.275878906
994,834.714477539
995,780.946228027
996,695.759399414
997,805.54675293
998,666.71307373
999,740.797363281
1000,770.94720459
1001,764.51361084
1002,803.799499512
1003,706.104248047
1004,734.867736816
1005,744.576721191
1006,772.144287109
1007,766.141357422
1008,722.061584473
1009,742.457275391
1010,714.97479248
1011,710.310302734
1012,773.059387207
1013,742.412231445
1014,753.707885742
1015,798.327880859
1016,793.812072754
1017,802.450439453
1018,761.243530273
1019,771.139709473
1020,786.814208984
1021,771.294799805
1022,759.286499023
1023,725.221374512
1024,754.667114258
1025,777.044494629
1026,793.206237793
1027,780.28894043
1028,811.50579834
1029,826.417175293
1030,775.159667969
1031,708.848876953
1032,770.505737305
1033,788.766235352
1034,736.538513184
1035,731.430969238
1036,807.530212402
1037,734.674133301
1038,753.148925781
1039,815.736206055
1040,785.302429199
1041,801.514526367
1042,732.264953613
1043,709.729431152
1044,730.846862793
1045,727.367919922
1046,690.634521484
1047,753.194641113
1048,736.897399902
1049,666.376647949
1050,750.168823242
1051,720.450195312
1052,746.390991211
1053,791.838684082
1054,749.487365723
1055,719.272216797
1056,688.039489746
1057,773.97454834
1058,789.909667969
1059,879.071960449
1060,695.082397461
1061,713.231079102
1062,768.551879883
1063,772.626037598
1064,773.604980469
1065,725.036193848
1066,775.690856934
1067,724.017150879
1068,722.75189209
1069,761.078430176
1070,806.022033691
1071,744.012145996
1072,734.415527344
1073,747.273498535
1074,791.938964844
1075,712.264160156
1076,747.389038086
1077,755.848571777
1078,763.754699707
1079,675.677062988
1080,775.86706543
1081,827.116210938
1082,666.875549316
1083,754.953186035
1084,785.316223145
1085,723.513671875
1086,766.344787598
1087,733.414611816
1088,736.285766602
1089,725.223876953
1090,702.284973145
1091,810.394897461
1092,716.443725586
1093,695.491516113
1094,763.667785645
1095,765.721740723
1096,819.622070312
1097,757.263061523
1098,715.157653809
1099,715.437927246
1100,782.203063965
1101,780.389831543
1102,758.724182129
1103,720.099914551
1104,678.369506836
1105,825.030273438
1106,782.731201172
1107,788.147521973
1108,757.30657959
1109,709.389953613
1110,709.390991211
1111,756.9609375
1112,828.64642334
1113,745.530029297
1114,724.154541016
1115,727.273071289
1116,803.309265137
1117,775.658447266
1118,693.97277832
1119,704.502807617
1120,707.621765137
1121,716.128356934
1122,789.448730469
1123,701.440795898
1124,754.609069824
1125,774.865966797
1126,708.333557129
1127,677.85760498
1128,806.620361328
1129,663.133544922
1130,740.106567383
1131,850.366455078
1132,717.020507812
1133,784.943603516
1134,705.983337402
1135,714.773986816
1136,796.438232422
1137,701.658874512
1138,722.088806152
1139,760.309082031
1140,776.145996094
1141,759.671142578
1142,699.139831543
1143,698.50201416
1144,684.647949219
1145,664.131713867
1146,762.799438477
1147,755.913696289
1148,768.958740234
1149,760.271911621
1150,777.840454102
1151,755.316955566
1152,735.571044922
1153,819.941101074
1154,757.992919922
1155,757.916992188
1156,735.139770508
1157,728.448852539
1158,716.953491211
1159,767.11138916
1160,752.922058105
1161,699.937072754
1162,809.530151367
1163,735.315368652
1164,714.507873535
1165,712.71282959
1166,690.866882324
1167,713.909423828
1168,753.795593262
1169,695.64239502
1170,720.223144531
1171,727.497619629
1172,802.128540039
1173,712.837463379
1174,704.602355957
1175,757.64654541
1176,756.881469727
1177,690.624572754
1178,735.313232422
1179,754.17401123
1180,730.263427734
1181,736.608703613
1182,679.237243652
1183,726.098937988
1184,685.965332031
1185,739.234191895
1186,752.559509277
1187,736.902770996
1188,650.789367676
1189,721.127807617
1190,738.988769531
1191,750.32800293
1192,705.10357666
1193,706.146972656
1194,678.253845215
1195,703.204711914
1196,718.823974609
1197,708.433837891
1198,747.516662598
1199,728.292053223
1200,727.811584473
1201,790.356689453
1202,739.022216797
1203,745.505432129
1204,734.885009766
1205,664.098693848
1206,819.373962402
1207,735.813781738
1208,697.327697754
1209,739.908569336
1210,724.298950195
1211,762.870239258
1212,711.897949219
1213,689.602050781
1214,769.63494873
1215,768.374145508
1216,718.399108887
1217,749.387329102
1218,786.379577637
1219,745.24597168
1220,750.970703125
1221,681.552001953
1222,725.491638184
1223,764.734436035
1224,716.129760742
1225,739.918884277
1226,798.828308105
1227,777.633972168
1228,772.604003906
1229,665.985534668
1230,671.673400879
1231,710.591369629
1232,747.08392334
1233,655.655456543
1234,771.180541992
1235,751.79284668
1236,739.763305664
1237,663.672790527
1238,652.769042969
1239,787.626525879
1240,661.058959961
1241,769.986877441
1242,693.445068359
1243,778.851806641
1244,719.095275879
1245,664.677185059
1246,713.655639648
1247,700.068115234
1248,682.102355957
1249,744.697998047
1250,720.553100586
1251,657.290283203
1252,698.37701416
1253,784.5625
1254,691.942810059
1255,641.339050293
1256,741.891845703
1257,726.172180176
1258,686.217468262
1259,737.667724609
1260,764.518981934
1261,776.216003418
1262,737.856750488
1263,748.514282227
1264,852.419006348
1265,723.219787598
1266,761.739624023
1267,700.780639648
1268,766.251831055
1269,691.158203125
1270,719.627319336
1271,733.019897461
1272,722.360656738
1273,726.520874023
1274,694.995117188
1275,714.322570801
1276,766.18182373
1277,687.169799805
1278,740.744384766
1279,690.271179199
1280,732.32220459
1281,718.612487793
1282,665.945617676
1283,773.86920166
1284,690.912963867
1285,687.727172852
1286,703.888977051
1287,711.984802246
1288,770.557556152
1289,651.338317871
1290,723.387268066
1291,700.618164062
1292,735.330566406
1293,706.164245605
1294,711.673278809
1295,728.195922852
1296,667.590820312
1297,750.522155762
1298,827.548095703
1299,780.694335938
1300,759.569152832
1301,782.608703613
1302,748.34967041
1303,779.633728027
1304,772.679321289
1305,755.018371582
1306,768.139465332
1307,777.709777832
1308,721.343688965
1309,682.906921387
1310,741.114562988
1311,713.739990234
1312,821.687072754
1313,765.520080566
1314,696.402038574
1315,702.194335938
1316,739.733337402
1317,723.817932129
1318,687.981994629
1319,673.460876465
1320,702.461669922
1321,740.183166504
1322,700.004699707
1323,811.029846191
1324,710.441955566
1325,656.032104492
1326,658.603393555
1327,663.871337891
1328,695.571533203
1329,721.337646484
1330,696.514953613
1331,733.834899902
1332,769.464172363
1333,707.966430664
1334,710.01159668
1335,719.741394043
1336,672.088378906
1337,700.175170898
1338,700.193908691
1339,725.16998291
1340,664.79107666
1341,769.412231445
1342,763.251220703
1343,734.915344238
1344,722.995910645
1345,683.00189209
1346,681.493347168
1347,710.571411133
1348,774.25970459
1349,707.275390625
1350,734.601318359
1351,729.74029541
1352,721.020690918
1353,721.114196777
1354,656.746459961
1355,732.953552246
1356,690.637145996
1357,722.10559082
1358,679.161254883
1359,723.878234863
1360,731.807189941
1361,664.026245117
1362,741.285095215
1363,782.490478516
1364,688.858886719
1365,749.794067383
1366,720.229980469
1367,732.616027832
1368,708.415527344
1369,756.035644531
1370,736.538330078
1371,720.839782715
1372,713.924377441
1373,823.145996094
1374,713.031921387
1375,687.347290039
1376,728.001342773
1377,702.118225098
1378,749.903747559
1379,748.880249023
1380,732.453369141
1381,687.211914062
1382,686.140014648
1383,636.844787598
1384,685.700927734
1385,714.340637207
1386,742.483642578
1387,667.56237793
1388,628.890991211
1389,718.581054688
1390,766.234069824
1391,675.981384277
1392,720.048706055
1393,676.647705078
1394,687.920593262
1395,718.626037598
1396,718.078125
1397,695.120239258
1398,670.890380859
1399,754.306396484
1400,745.500854492
1401,720.848937988
1402,785.530639648
1403,699.682800293
1404,649.632019043
1405,664.461120605
1406,721.667663574
1407,721.098510742
1408,718.505737305
1409,695.585693359
1410,690.324462891
1411,745.77557373
1412,777.595825195
1413,770.774475098
1414,737.721496582
1415,765.310058594
1416,700.667785645
1417,694.674621582
1418,696.43536377
1419,726.838562012
1420,736.866027832
1421,714.903259277
1422,671.988586426
1423,743.188293457
1424,773.20690918
1425,753.296020508
1426,698.762817383
1427,720.539855957
1428,703.459533691
1429,703.002319336
1430,646.565673828
1431,711.589599609
1432,674.650085449
1433,743.311462402
1434,742.575927734
1435,747.318481445
1436,680.274841309
1437,746.20513916
1438,730.184265137
1439,618.136352539
1440,757.211181641
1441,685.591186523
1442,670.215820312
1443,685.398925781
1444,719.622619629
1445,698.642028809
1446,697.372070312
1447,667.649597168
1448,686.402832031
1449,758.777526855
1450,695.706115723
1451,722.809631348
1452,709.857849121
1453,691.372680664
1454,686.054748535
1455,749.475646973
1456,713.451171875
1457,742.551757812
1458,662.089172363
1459,638.263671875
1460,676.913391113
1461,676.69354248
1462,659.474182129
1463,721.91973877
1464,674.290405273
1465,652.221557617
1466,757.796508789
1467,662.516967773
1468,660.459838867
1469,706.925476074
1470,690.325561523
1471,678.984069824
1472,739.5859375
1473,653.378601074
1474,781.032653809
1475,698.241027832
1476,693.234619141
1477,697.188598633
1478,701.401062012
1479,683.893371582
1480,716.995178223
1481,692.722839355
1482,735.772583008
1483,682.53137207
1484,655.799743652
1485,671.898193359
1486,650.284301758
1487,683.737792969
1488,667.174804688
1489,653.096374512
1490,725.959899902
1491,669.828308105
1492,704.998657227
1493,650.200866699
1494,656.023986816
1495,711.061828613
1496,681.648254395
1497,655.671325684
1498,690.951660156
1499,659.694091797
1500,691.882080078
1501,737.483520508
1502,661.390625
1503,706.587524414
1504,643.933532715
1505,652.105834961
1506,712.811767578
1507,766.167724609
1508,718.501647949
1509,676.057312012
1510,692.426696777
1511,692.802490234
1512,719.721130371
1513,661.338562012
1514,719.215881348
1515,641.817382812
1516,754.409179688
1517,718.077148438
1518,662.369995117
1519,715.478088379
1520,665.421447754
1521,686.319702148
1522,677.308288574
1523,644.762451172
1524,685.609863281
1525,676.645629883
1526,665.736816406
1527,699.373352051
1528,674.655395508
1529,658.341796875
1530,658.700683594
1531,707.096740723
1532,662.067016602
1533,696.895324707
1534,692.933776855
1535,711.856140137
1536,720.048461914
1537,663.091918945
1538,700.650695801
1539,696.115539551
1540,709.819396973
1541,618.987548828
1542,702.264343262
1543,733.110961914
1544,673.558837891
1545,661.394897461
1546,733.784362793
1547,658.645874023
1548,680.459594727
1549,734.058227539
1550,690.526855469
1551,686.80682373
1552,670.559631348
1553,697.493469238
1554,691.675231934
1555,719.995483398
1556,704.793518066
1557,693.461242676
1558,711.170471191
1559,709.504211426
1560,760.926635742
1561,678.552307129
1562,668.938537598
1563,702.458068848
1564,624.418273926
1565,655.587524414
1566,748.062072754
1567,707.373962402
1568,664.830871582
1569,681.207458496
1570,625.496520996
1571,709.960876465
1572,713.463928223
1573,681.353942871
1574,698.702941895
1575,647.960205078
1576,704.610595703
1577,687.967346191
1578,650.096618652
1579,698.737426758
1580,686.101257324
1581,684.248596191
1582,675.20324707
1583,723.002380371
1584,627.519042969
1585,749.978149414
1586,592.582336426
1587,686.541015625
1588,636.479187012
1589,695.295898438
1590,690.58001709
1591,638.405029297
1592,661.95111084
1593,657.658996582
1594,679.28527832
1595,674.25592041
1596,649.729248047
1597,675.840576172
1598,672.696228027
1599,720.531311035
1600,659.692810059
1601,635.605895996
1602,641.244812012
1603,663.411193848
1604,714.796386719
1605,662.285400391
1606,705.551635742
1607,667.504211426
1608,673.794372559
1609,650.653686523
1610,695.130249023
1611,661.131835938
1612,652.140441895
1613,666.516845703
1614,655.25579834
1615,693.777099609
1616,666.124511719
1617,695.855773926
1618,683.401916504
1619,602.089660645
1620,687.869445801
1621,662.051452637
1622,719.099304199
1623,650.668518066
1624,706.634765625
1625,587.619628906
1626,676.359741211
1627,698.014587402
1628,639.264648438
1629,664.530578613
1630,631.62689209
1631,681.885437012
1632,720.088439941
1633,645.27355957
1634,633.055786133
1635,677.967224121
1636,706.906005859
1637,696.030334473
1638,737.908752441
1639,627.929199219
1640,687.608154297
1641,704.469909668
1642,681.02520752
1643,657.892578125
1644,630.125488281
1645,699.114990234
1646,704.08972168
1647,677.455322266
1648,686.833068848
1649,698.291503906
1650,676.304077148
1651,703.228027344
1652,678.188598633
1653,687.078857422
1654,674.706176758
1655,653.758117676
1656,657.358520508
1657,678.419311523
1658,651.60925293
1659,646.091003418
1660,663.117736816
1661,640.849975586
1662,657.989562988
1663,687.889953613
1664,643.061523438
1665,649.867553711
1666,662.925292969
1667,673.339477539
1668,748.012390137
1669,675.822692871
1670,689.493225098
1671,650.801696777
1672,695.249633789
1673,706.933288574
1674,683.005737305
1675,641.023254395
1676,721.344909668
1677,631.632263184
1678,640.953979492
1679,652.250732422
1680,635.911560059
1681,643.4296875
1682,669.36505127
1683,716.43145752
1684,634.413635254
1685,693.700500488
1686,688.218688965
1687,715.567321777
1688,685.863586426
1689,685.203796387
1690,664.626037598
1691,684.950683594
1692,608.249633789
1693,642.220947266
1694,709.152160645
1695,691.180725098
1696,638.155212402
1697,643.545349121
1698,669.671020508
1699,618.962402344
1700,676.977661133
1701,672.902160645
1702,641.357177734
1703,733.921447754
1704,699.887817383
1705,676.791015625
1706,622.360107422
1707,639.089477539
1708,600.481201172
1709,681.389282227
1710,657.664489746
1711,649.945617676
1712,666.581115723
1713,731.584960938
1714,595.754699707
1715,630.243041992
1716,673.921691895
1717,689.608520508
1718,595.969543457
1719,668.035766602
1720,641.011962891
1721,697.528503418
1722,651.668029785
1723,703.565124512
1724,689.054504395
1725,721.741455078
1726,676.517272949
1727,661.735107422
1728,689.886779785
1729,697.210327148
1730,712.484619141
1731,622.528442383
1732,720.474365234
1733,669.110656738
1734,663.476318359
1735,690.797058105
1736,641.093383789
1737,652.534301758
1738,673.971069336
1739,647.803588867
1740,633.616699219
1741,631.006652832
1742,717.568847656
1743,721.084350586
1744,706.997802734
1745,656.787414551
1746,650.808227539
1747,672.777526855
1748,677.665527344
1749,642.533203125
1750,690.040405273
1751,655.442077637
1752,611.598876953
1753,695.175109863
1754,622.292785645
1755,695.701599121
1756,620.976013184
1757,689.334472656
1758,581.980041504
1759,659.402160645
1760,634.918273926
1761,622.24407959
1762,579.439025879
1763,655.11932373
1764,543.909729004
1765,640.588195801
1766,631.385314941
1767,688.939086914
1768,667.39251709
1769,679.662658691
1770,670.38458252
1771,623.468933105
1772,677.382019043
1773,680.863647461
1774,648.79498291
1775,673.172546387
1776,681.472595215
1777,616.732177734
1778,682.006774902
1779,660.038024902
1780,653.559082031
1781,655.937561035
1782,682.278930664
1783,730.166992188
1784,655.155151367
1785,614.799072266
1786,649.561523438
1787,611.324829102
1788,636.823852539
1789,623.237609863
1790,591.753112793
1791,695.223266602
1792,607.61126709
1793,662.143676758
1794,681.795349121
1795,634.285888672
1796,616.781799316
1797,697.404846191
1798,696.194274902
1799,756.706665039
1800,671.520019531
1801,661.620605469
1802,628.405944824
1803,633.411010742
1804,615.995178223
1805,636.810180664
1806,675.141845703
1807,655.770690918
1808,593.262390137
1809,653.788208008
1810,644.097229004
1811,630.54486084
1812,664.87121582
1813,638.496643066
1814,700.120544434
1815,640.774841309
1816,700.448730469
1817,612.102783203
1818,659.643066406
1819,624.170654297
1820,635.570678711
1821,648.605407715
1822,673.888916016
1823,673.763244629
1824,692.486877441
1825,701.086364746
1826,657.114379883
1827,648.667236328
1828,680.619384766
1829,601.308227539
1830,600.078796387
1831,726.561950684
1832,654.962219238
1833,613.012145996
1834,604.763183594
1835,663.951782227
1836,625.068237305
1837,595.911132812
1838,658.65814209
1839,640.710449219
1840,594.198669434
1841,684.633544922
1842,639.026489258
1843,639.847351074
1844,644.336608887
1845,700.90020752
1846,573.042541504
1847,617.834228516
1848,667.074707031
1849,692.152832031
1850,616.634887695
1851,629.33203125
1852,635.663696289
1853,661.386108398
1854,674.666748047
1855,660.555969238
1856,644.417236328
1857,615.383605957
1858,637.51763916
1859,611.186218262
1860,662.894592285
1861,706.199157715
1862,652.182922363
1863,667.110778809
1864,663.259460449
1865,660.24029541
1866,655.021850586
1867,650.00958252
1868,640.24005127
1869,701.143798828
1870,674.038330078
1871,650.44720459
1872,651.690307617
1873,669.080749512
1874,637.576477051
1875,656.089904785
1876,685.607421875
1877,609.068969727
1878,686.742431641
1879,733.46685791
1880,636.973632812
1881,655.220825195
1882,654.183166504
1883,650.432556152
1884,638.081176758
1885,691.477111816
1886,681.671569824
1887,614.986755371
1888,626.387756348
1889,675.813354492
1890,681.186828613
1891,655.050964355
1892,667.717590332
1893,676.504089355
1894,673.741821289
1895,635.695373535
1896,654.344360352
1897,700.496826172
1898,640.030334473
1899,672.91192627
1900,595.010375977
1901,578.686584473
1902,699.025024414
1903,653.066894531
1904,622.330993652
1905,681.954650879
1906,677.819030762
1907,645.649047852
1908,651.453918457
1909,577.773620605
1910,618.87322998
1911,646.511535645
1912,634.122375488
1913,657.105041504
1914,657.99005127
1915,637.453857422
1916,752.902709961
1917,659.700195312
1918,604.861694336
1919,673.601318359
1920,624.104248047
1921,623.296264648
1922,663.43536377
1923,624.069641113
1924,661.41217041
1925,675.349731445
1926,665.980224609
1927,557.850463867
1928,689.256835938
1929,625.299621582
1930,690.588378906
1931,625.144104004
1932,625.024902344
1933,635.192260742
1934,636.467102051
1935,643.877624512
1936,620.221984863
1937,656.782043457
1938,634.810791016
1939,652.692871094
1940,621.031799316
1941,676.050476074
1942,601.73425293
1943,641.976806641
1944,581.605224609
1945,645.903625488
1946,617.385498047
1947,613.50201416
1948,617.819396973
1949,687.865966797
1950,729.212524414
1951,624.827819824
1952,664.741943359
1953,603.605163574
1954,663.386474609
1955,649.514465332
1956,627.036987305
1957,634.113037109
1958,594.09777832
1959,636.791259766
1960,628.206298828
1961,624.659362793
1962,563.503356934
1963,645.627380371
1964,613.470092773
1965,605.918273926
1966,632.953674316
1967,587.447814941
1968,683.95501709
1969,635.823120117
1970,643.385803223
1971,594.00994873
1972,583.829467773
1973,646.618225098
1974,619.947509766
1975,640.08215332
1976,639.395141602
1977,626.192749023
1978,605.6484375
1979,659.578308105
1980,655.175964355
1981,587.098754883
1982,633.990722656
1983,542.639343262
1984,611.154724121
1985,608.280029297
1986,585.39453125
1987,634.354248047
1988,645.956237793
1989,625.561218262
1990,582.500305176
1991,657.692932129
1992,622.805908203
1993,698.719726562
1994,617.662780762
1995,701.731262207
1996,632.797973633
1997,598.233459473
1998,715.756774902
1999,650.89050293
2000,623.939758301
2001,659.55267334
2002,637.675720215
2003,577.777404785
2004,632.678161621
2005,626.752380371
2006,633.870483398
2007,600.770263672
2008,646.20489502
2009,633.774597168
2010,638.354125977
2011,639.692260742
2012,637.447387695
2013,662.830749512
2014,608.667297363
2015,681.447387695
2016,638.329406738
2017,652.27557373
2018,622.553344727
2019,655.155395508
2020,589.261108398
2021,623.419921875
2022,636.704528809
2023,578.939147949
2024,616.643554688
2025,554.301696777
2026,601.429260254
2027,598.788818359
2028,654.220947266
2029,650.530822754
2030,600.181884766
2031,577.723754883
2032,654.939819336
2033,689.71295166
2034,615.207214355
2035,643.854797363
2036,660.131652832
2037,585.229614258
2038,617.210266113
2039,621.963806152
2040,621.312316895
2041,609.614562988
2042,583.668884277
2043,625.192871094
2044,636.012817383
2045,638.634399414
2046,635.984741211
2047,675.155456543
2048,594.400024414
2049,651.644836426
2050,677.124145508
2051,628.581542969
2052,583.722290039
2053,617.431091309
2054,613.560119629
2055,669.575317383
2056,629.436279297
2057,649.759155273
2058,628.294250488
2059,609.676940918
2060,619.206726074
2061,610.965270996
2062,618.908752441
2063,619.81842041
2064,649.265869141
2065,644.70526123
2066,658.15838623
2067,627.570495605
2068,630.981445312
2069,679.675598145
2070,641.019592285
2071,563.381713867
2072,587.948303223
2073,573.272460938
2074,629.172668457
2075,639.934814453
2076,578.957397461
2077,648.814025879
2078,621.671813965
2079,616.84197998
2080,587.093383789
2081,719.042541504
2082,597.723999023
2083,692.541992188
2084,621.577331543
2085,621.848937988
2086,653.344177246
2087,653.676940918
2088,649.877868652
2089,596.109741211
2090,619.874084473
2091,593.097473145
2092,602.483398438
2093,597.37286377
2094,622.288757324
2095,657.094238281
2096,654.391845703
2097,633.159667969
2098,618.120727539
2099,589.389770508
2100,613.3828125
2101,648.596252441
2102,568.483398438
2103,601.117614746
2104,630.407958984
2105,680.778747559
2106,605.871765137
2107,619.590393066
2108,610.952392578
2109,590.844299316
2110,624.479614258
2111,629.31652832
2112,630.337646484
2113,628.838562012
2114,661.807556152
2115,583.261108398
2116,618.416870117
2117,602.556640625
2118,606.750976562
2119,649.2421875
2120,609.797668457
2121,598.729858398
2122,577.68762207
2123,596.840026855
2124,645.001953125
2125,541.818481445
2126,595.002502441
2127,630.27142334
2128,592.803955078
2129,621.75390625
2130,647.963684082
2131,612.702087402
2132,608.552429199
2133,617.422363281
2134,598.16583252
2135,615.096130371
2136,737.249633789
2137,648.60559082
2138,671.432983398
2139,594.978637695
2140,628.544616699
2141,634.030700684
2142,620.841918945
2143,648.419799805
2144,548.663879395
2145,623.422546387
2146,668.327697754
2147,632.152770996
2148,600.743835449
2149,623.583190918
2150,577.531921387
2151,634.072692871
2152,610.455078125
2153,626.152160645
2154,633.627380371
2155,638.908813477
2156,590.653320312
2157,630.716308594
2158,662.820983887
2159,577.183959961
2160,664.034301758
2161,608.067138672
2162,652.204589844
2163,641.305236816
2164,575.3984375
2165,643.112915039
2166,565.87878418
2167,560.662353516
2168,624.677368164
2169,625.328308105
2170,579.635437012
2171,601.839050293
2172,607.389404297
2173,630.413330078
2174,633.495361328
2175,634.647766113
2176,620.193664551
2177,582.815124512
2178,601.84552002
2179,673.479553223
2180,585.594421387
2181,651.215393066
2182,599.364929199
2183,596.836853027
2184,672.563110352
2185,641.714294434
2186,610.119995117
2187,605.038574219
2188,602.464477539
2189,672.603149414
2190,588.745849609
2191,674.926147461
2192,603.551391602
2193,602.830200195
2194,620.425170898
2195,589.415283203
2196,649.327697754
2197,620.821166992
2198,620.600097656
2199,661.307067871
2200,590.709716797
2201,650.855773926
2202,646.240966797
2203,560.039794922
2204,570.538146973
2205,600.600646973
2206,573.770202637
2207,596.937194824
2208,608.961853027
2209,640.299560547
2210,627.596618652
2211,622.333679199
2212,635.087463379
2213,554.209655762
2214,613.148254395
2215,609.271240234
2216,615.850158691
2217,599.253479004
2218,616.751464844
2219,603.123291016
2220,602.741333008
2221,620.475952148
2222,620.107543945
2223,587.581848145
2224,565.775512695
2225,611.897705078
2226,590.411437988
2227,562.454589844
2228,595.618591309
2229,556.994750977
2230,566.836669922
2231,560.94140625
2232,605.386657715
2233,609.279724121
2234,650.833679199
2235,612.811767578
2236,588.832458496
2237,595.118835449
2238,566.473999023
2239,624.928527832
2240,560.947875977
2241,579.301391602
2242,579.519165039
2243,632.469848633
2244,644.140563965
2245,562.22076416
2246,554.199401855
2247,611.215332031
2248,594.853820801
2249,643.723937988
2250,652.280700684
2251,589.806762695
2252,575.983886719
2253,611.25958252
2254,635.011535645
2255,613.163024902
2256,622.317321777
2257,643.836425781
2258,567.304931641
2259,630.514892578
2260,620.82800293
2261,594.298339844
2262,613.011474609
2263,607.674133301
2264,639.50378418
2265,568.613708496
2266,605.245605469
2267,585.225341797
2268,629.400695801
2269,558.235534668
2270,610.072631836
2271,631.862915039
2272,619.164489746
2273,568.680175781
2274,567.976196289
2275,582.372253418
2276,603.641723633
2277,627.578674316
2278,667.993896484
2279,656.807556152
2280,624.470092773
2281,614.046508789
2282,594.30847168
2283,570.199462891
2284,558.799743652
2285,596.092285156
2286,616.103881836
2287,692.030212402
2288,670.117553711
2289,674.218505859
2290,602.327148438
2291,583.828125
2292,583.811889648
2293,596.373779297
2294,582.299316406
2295,609.696594238
2296,628.78125
2297,663.660339355
2298,622.601379395
2299,634.15020752
2300,600.837585449
2301,525.525085449
2302,622.108642578
2303,648.465515137
2304,594.401184082
2305,678.871032715
2306,589.935119629
2307,584.720031738
2308,574.059509277
2309,646.549316406
2310,626.485900879
2311,635.73046875
2312,605.439575195
2313,578.994140625
2314,628.721557617
2315,602.613464355
2316,676.219665527
2317,624.43145752
2318,581.409484863
2319,581.157958984
2320,622.014953613
2321,550.782653809
2322,527.505493164
2323,583.960021973
2324,577.235656738
2325,604.14276123
2326,601.63458252
2327,644.547607422
2328,594.885742188
2329,617.783203125
2330,608.655456543
2331,635.004699707
2332,588.987121582
2333,603.485656738
2334,662.272766113
2335,644.406616211
2336,605.977050781
2337,638.624938965
2338,645.724975586
2339,592.747436523
2340,553.121643066
2341,635.303161621
2342,626.273986816
2343,603.138671875
2344,588.540649414
2345,640.19329834
2346,598.64251709
2347,534.557495117
2348,603.875427246
2349,592.314941406
2350,633.246948242
2351,604.10760498
2352,602.400268555
2353,570.555358887
2354,594.962585449
2355,588.996887207
2356,572.100891113
2357,530.73236084
2358,643.601074219
2359,622.166137695
2360,538.424194336
2361,576.180480957
2362,646.018188477
2363,618.47845459
2364,631.582214355
2365,658.054321289
2366,559.531799316
2367,578.750610352
2368,612.637023926
2369,561.412780762
2370,573.391967773
2371,654.530883789
2372,615.80480957
2373,592.749084473
2374,584.97845459
2375,570.741821289
2376,584.565002441
2377,586.258605957
2378,579.028564453
2379,550.191162109
2380,604.635803223
2381,596.462524414
2382,584.192199707
2383,581.436218262
2384,563.605773926
2385,602.321838379
2386,611.479248047
2387,623.932312012
2388,645.53894043
2389,568.616760254
2390,593.364562988
2391,563.764160156
2392,630.410766602
2393,629.621704102
2394,554.53527832
2395,612.769592285
2396,545.278991699
2397,565.719787598
2398,600.426696777
2399,541.268493652
2400,604.428710938
2401,586.45111084
2402,612.28704834
2403,586.43939209
2404,558.033691406
2405,603.57635498
2406,601.805969238
2407,594.636779785
2408,574.487670898
2409,601.320678711
2410,604.341491699
2411,614.908630371
2412,599.774658203
2413,592.924682617
2414,609.572814941
2415,514.828308105
2416,604.683837891
2417,557.102233887
2418,585.559753418
2419,606.944091797
2420,603.328491211
2421,601.109191895
2422,579.399291992
2423,608.000732422
2424,602.064331055
2425,580.044372559
2426,576.340576172
2427,561.279785156
2428,568.073974609
2429,640.765075684
2430,556.398864746
2431,559.409057617
2432,568.177490234
2433,556.51348877
2434,590.563964844
2435,600.219665527
2436,596.962585449
2437,605.948303223
2438,549.018920898
2439,558.497375488
2440,571.95098877
2441,627.895751953
2442,553.137512207
2443,562.849121094
2444,616.279418945
2445,557.551513672
2446,578.793273926
2447,588.775024414
2448,587.25378418
2449,577.482543945
2450,598.97833252
2451,586.773193359
2452,589.520751953
2453,549.972167969
2454,583.163024902
2455,567.657043457
2456,524.491699219
2457,576.395141602
2458,642.543579102
2459,628.841186523
2460,553.237365723
2461,567.973449707
2462,544.85723877
2463,568.066772461
2464,599.616760254
2465,529.802978516
2466,582.026245117
2467,634.557922363
2468,566.881347656
2469,644.387207031
2470,566.809814453
2471,591.123596191
2472,546.082946777
2473,588.247741699
2474,614.152099609
2475,583.675415039
2476,578.453369141
2477,570.669372559
2478,579.911193848
2479,607.028747559
2480,566.74005127
2481,612.371826172
2482,540.339782715
2483,602.657653809
2484,512.106506348
2485,552.53125
2486,581.315368652
2487,537.544128418
2488,694.623962402
2489,572.352111816
2490,577.578613281
2491,510.20199585
2492,580.99798584
2493,630.876281738
2494,582.388549805
2495,579.867248535
2496,608.879089355
2497,599.11114502
2498,633.566650391
2499,603.475280762
2500,603.040161133
2501,600.727844238
2502,550.959533691
2503,574.838012695
2504,587.959289551
2505,625.235961914
2506,544.067749023
2507,560.252258301
2508,549.91809082
2509,575.161987305
2510,568.768249512
2511,572.041931152
2512,571.144470215
2513,564.184387207
2514,586.763916016
2515,596.727905273
2516,577.98840332
2517,595.201660156
2518,597.104797363
2519,560.53918457
2520,561.974304199
2521,597.294433594
2522,605.00592041
2523,549.87322998
2524,564.322875977
2525,579.062133789
2526,605.974243164
2527,571.994140625
2528,551.619018555
2529,558.209472656
2530,574.507995605
2531,526.415100098
2532,532.91418457
2533,565.760498047
2534,564.217712402
2535,606.721252441
2536,563.187866211
2537,572.57989502
2538,617.352600098
2539,589.660522461
2540,541.968200684
2541,568.806091309
2542,569.364807129
2543,560.391479492
2544,677.998352051
2545,597.136169434
2546,604.147338867
2547,579.415710449
2548,582.378295898
2549,603.684997559
2550,606.489440918
2551,584.971862793
2552,602.972229004
2553,585.862487793
2554,577.035766602
2555,594.855041504
2556,543.653503418
2557,561.35534668
2558,576.937988281
2559,599.239318848
2560,593.716674805
2561,578.117248535
2562,603.971557617
2563,531.568359375
2564,585.590576172
2565,566.940429688
2566,569.341369629
2567,589.925415039
2568,592.66619873
2569,528.208679199
2570,572.02734375
2571,622.732299805
2572,525.555603027
2573,562.438842773
2574,620.43371582
2575,622.402099609
2576,577.632324219
2577,564.979309082
2578,578.809265137
2579,543.540222168
2580,587.504699707
2581,560.303955078
2582,591.249633789
2583,531.894287109
2584,553.442016602
2585,528.523986816
2586,539.398803711
2587,535.481689453
2588,599.394470215
2589,626.049255371
2590,610.193359375
2591,574.635620117
2592,599.131286621
2593,597.061279297
2594,553.05456543
2595,603.174316406
2596,520.076049805
2597,599.396179199
2598,575.617370605
2599,525.617675781
2600,515.479370117
2601,557.367492676
2602,573.782714844
2603,501.665222168
2604,542.727844238
2605,595.109436035
2606,628.836120605
2607,545.133544922
2608,545.635864258
2609,529.252319336
2610,615.408630371
2611,541.406311035
2612,619.926513672
2613,608.260009766
2614,549.097106934
2615,628.15045166
2616,614.804931641
2617,550.541259766
2618,620.239135742
2619,546.261291504
2620,574.454650879
2621,539.514648438
2622,595.386962891
2623,573.571411133
2624,592.988220215
2625,511.90524292
2626,596.085998535
2627,536.529785156
2628,614.625732422
2629,546.140075684
2630,526.159851074
2631,575.609863281
2632,643.46685791
2633,606.955627441
2634,547.546936035
2635,610.184936523
2636,561.323791504
2637,588.038146973
2638,532.90246582
2639,597.583862305
2640,612.847900391
2641,608.471801758
2642,572.982543945
2643,564.447937012
2644,628.30480957
2645,587.983154297
2646,566.442504883
2647,636.454650879
2648,582.098876953
2649,587.541748047
2650,553.128845215
2651,578.118164062
2652,574.371154785
2653,562.396118164
2654,563.998474121
2655,549.942687988
2656,562.142883301
2657,582.99609375
2658,609.659912109
2659,563.795715332
2660,612.903259277
2661,600.098937988
2662,523.382568359
2663,561.455627441
2664,607.13470459
2665,581.89666748
2666,585.638671875
2667,554.479736328
2668,615.923583984
2669,549.225097656
2670,542.512939453
2671,581.64453125
2672,590.472229004
2673,541.470092773
2674,570.158325195
2675,577.857971191
2676,556.012390137
2677,629.54510498
2678,565.389526367
2679,601.052490234
2680,565.153808594
2681,586.754272461
2682,543.914978027
2683,580.180480957
2684,542.932678223
2685,513.6484375
2686,581.522827148
2687,620.392700195
2688,562.728393555
2689,556.445922852
2690,618.983825684
2691,553.819091797
2692,619.928710938
2693,572.455932617
2694,593.162597656
2695,587.062988281
2696,540.680480957
2697,592.70300293
2698,530.386352539
2699,542.917236328
2700,572.393127441
2701,584.04309082
2702,551.764343262
2703,579.375488281
2704,583.011169434
2705,620.657836914
2706,554.010681152
2707,590.601501465
2708,538.548583984
2709,549.946228027
2710,583.870788574
2711,613.709594727
2712,606.271362305
2713,548.753295898
2714,577.231628418
2715,584.830810547
2716,612.956542969
2717,556.253051758
2718,597.749206543
2719,602.267944336
2720,548.501647949
2721,545.258117676
2722,545.324157715
2723,504.559783936
2724,599.837646484
2725,584.850830078
2726,519.343139648
2727,517.829284668
2728,608.311828613
2729,546.439086914
2730,618.219726562
2731,566.127319336
2732,530.696899414
2733,545.92578125
2734,577.392272949
2735,598.989807129
2736,565.474243164
2737,576.528015137
2738,606.959777832
2739,564.923583984
2740,590.271240234
2741,613.383483887
2742,545.217773438
2743,588.491882324
2744,593.498352051
2745,576.513977051
2746,522.201538086
2747,545.184082031
2748,554.266174316
2749,535.829833984
2750,529.337036133
2751,536.643249512
2752,549.669006348
2753,561.228820801
2754,562.233398438
2755,622.694641113
2756,498.751831055
2757,602.331176758
2758,506.640563965
2759,572.725036621
2760,565.834838867
2761,534.250183105
2762,534.800415039
2763,549.415100098
2764,533.314941406
2765,552.537963867
2766,638.861816406
2767,537.039672852
2768,558.377868652
2769,572.935668945
2770,553.676147461
2771,546.965393066
2772,619.934692383
2773,544.157287598
2774,606.913024902
2775,585.871948242
2776,563.215148926
2777,539.720458984
2778,585.87487793
2779,556.575317383
2780,581.519714355
2781,530.994384766
2782,544.455505371
2783,602.290588379
2784,552.604736328
2785,548.628417969
2786,553.508178711
2787,606.044799805
2788,593.544250488
2789,593.281005859
2790,587.321472168
2791,547.127258301
2792,601.536254883
2793,575.040588379
2794,559.164306641
2795,559.420654297
2796,535.51776123
2797,564.920349121
2798,578.073852539
2799,616.657714844
2800,562.492553711
2801,578.82989502
2802,565.33404541
2803,519.707092285
2804,521.679626465
2805,589.887939453
2806,551.912536621
2807,567.66015625
2808,581.545227051
2809,553.833007812
2810,554.335266113
2811,563.320678711
2812,549.339782715
2813,544.518371582
2814,541.250183105
2815,513.399108887
2816,511.441314697
2817,602.30657959
2818,546.205993652
2819,554.919921875
2820,548.581665039
2821,550.76159668
2822,553.97064209
2823,505.129150391
2824,523.319213867
2825,554.773254395
2826,556.405151367
2827,604.507568359
2828,592.58380127
2829,567.230529785
2830,566.193054199
2831,567.595458984
2832,548.393249512
2833,552.305053711
2834,564.843566895
2835,572.727600098
2836,584.697631836
2837,575.867919922
2838,530.883911133
2839,573.499633789
2840,613.458984375
2841,509.918518066
2842,584.237182617
2843,525.890380859
2844,584.223754883
2845,576.976135254
2846,603.7734375
2847,545.111938477
2848,570.072998047
2849,584.346252441
2850,563.272521973
2851,548.07623291
2852,515.078796387
2853,535.915588379
2854,539.995178223
2855,560.522644043
2856,518.618652344
2857,573.087768555
2858,547.362731934
2859,540.566955566
2860,587.199157715
2861,500.127075195
2862,568.51171875
2863,573.101867676
2864,574.925476074
2865,561.306640625
2866,532.79864502
2867,539.668518066
2868,539.417480469
2869,546.41784668
2870,506.618225098
2871,532.167297363
2872,568.88494873
2873,542.542419434
2874,522.807617188
2875,580.058288574
2876,518.46862793
2877,560.241943359
2878,525.882324219
2879,549.117553711
2880,579.885131836
2881,539.285888672
2882,544.90045166
2883,466.814453125
2884,571.305419922
2885,562.375305176
2886,538.563415527
2887,570.329040527
2888,568.184143066
2889,552.562683105
2890,553.913330078
2891,513.696166992
2892,501.716033936
2893,541.427062988
2894,460.772491455
2895,535.582092285
2896,552.211181641
2897,620.213928223
2898,508.544647217
2899,544.098999023
2900,576.905029297
2901,601.532958984
2902,559.339233398
2903,579.638305664
2904,580.555053711
2905,566.286499023
2906,511.758728027
2907,535.767822266
2908,524.291137695
2909,596.913818359
2910,503.315948486
2911,533.597045898
2912,524.626281738
2913,557.19909668
2914,502.843292236
2915,529.7890625
2916,496.334197998
2917,525.446044922
2918,584.311279297
2919,517.631896973
2920,536.746276855
2921,520.151733398
2922,546.391845703
2923,563.585754395
2924,552.718383789
2925,552.706054688
2926,593.004821777
2927,548.742492676
2928,519.873168945
2929,595.335449219
2930,602.879821777
2931,535.155883789
2932,545.71862793
2933,517.41003418
2934,547.290161133
2935,519.700439453
2936,575.203857422
2937,552.65045166
2938,554.637756348
2939,583.481201172
2940,549.536621094
2941,609.408813477
2942,519.061218262
2943,529.098754883
2944,535.108154297
2945,510.631225586
2946,529.547546387
2947,576.156677246
2948,591.74432373
2949,574.658691406
2950,518.753723145
2951,557.258972168
2952,542.611083984
2953,500.953765869
2954,517.813354492
2955,544.94934082
2956,561.86706543
2957,547.226867676
2958,522.960449219
2959,542.825012207
2960,518.053771973
2961,537.338378906
2962,522.772766113
2963,535.212524414
2964,562.737854004
2965,490.803039551
2966,505.538360596
2967,568.093322754
2968,585.148132324
2969,561.517211914
2970,619.0
2971,535.580688477
2972,501.915405273
2973,520.082763672
2974,519.149719238
2975,561.902587891
2976,516.266235352
2977,527.533569336
2978,550.192932129
2979,563.002319336
2980,570.616455078
2981,560.554870605
2982,537.012878418
2983,534.686096191
2984,547.524719238
2985,571.869689941
2986,543.714477539
2987,605.885559082
2988,544.070556641
2989,549.80657959
2990,534.313903809
2991,492.455749512
2992,596.220031738
2993,599.467346191
2994,503.86819458
2995,553.912109375
2996,494.203063965
2997,542.998657227
2998,524.290527344
2999,575.517578125
3000,568.808044434
3001,520.859619141
3002,559.693237305
3003,556.763427734
3004,513.369995117
3005,508.55255127
3006,491.672973633
3007,524.629760742
3008,484.363006592
3009,533.653930664
3010,508.493927002
3011,539.546875
3012,486.630187988
3013,515.779968262
3014,480.397674561
3015,553.990234375
3016,486.148925781
3017,542.66784668
3018,564.704406738
3019,549.313659668
3020,551.650146484
3021,554.601745605
3022,551.158935547
3023,513.674255371
3024,529.713195801
3025,587.065551758
3026,538.622253418
3027,503.87789917
3028,523.574157715
3029,532.681884766
3030,603.958618164
3031,479.026489258
3032,590.989929199
3033,566.012451172
3034,516.853271484
3035,591.335449219
3036,562.505981445
3037,592.527832031
3038,538.483459473
3039,537.010253906
3040,524.93762207
3041,538.398925781
3042,578.590087891
3043,529.68347168
3044,577.387084961
3045,554.998352051
3046,497.661071777
3047,592.21673584
3048,535.405090332
3049,543.82598877
3050,555.88092041
3051,508.627593994
3052,539.594238281
3053,548.014160156
3054,526.184448242
3055,569.399902344
3056,513.538269043
3057,604.840637207
3058,520.918457031
3059,556.568969727
3060,537.099609375
3061,547.277587891
3062,543.868347168
3063,586.723876953
3064,492.164245605
3065,542.690795898
3066,503.8465271
3067,571.558044434
3068,469.456390381
3069,531.217834473
3070,478.847595215
3071,484.188568115
3072,536.860473633
3073,535.255554199
3074,528.562133789
3075,548.663208008
3076,530.938659668
3077,523.490478516
3078,541.063049316
3079,505.058654785
3080,552.003295898
3081,502.148529053
3082,523.211791992
3083,518.693969727
3084,534.50378418
3085,591.381896973
3086,511.121856689
3087,557.742370605
3088,531.241882324
3089,554.803771973
3090,588.826049805
3091,517.791687012
3092,516.660705566
3093,574.879455566
3094,527.278930664
3095,552.001708984
3096,543.461486816
3097,530.432495117
3098,540.15032959
3099,504.041625977
3100,520.902160645
3101,497.918487549
3102,592.648193359
3103,470.54019165
3104,564.263244629
3105,586.801818848
3106,589.746032715
3107,532.03338623
3108,526.118835449
3109,505.427856445
3110,521.628051758
3111,525.639526367
3112,531.472595215
3113,554.21484375
3114,479.70690918
3115,533.337280273
3116,520.518859863
3117,540.698242188
3118,525.901550293
3119,505.949737549
3120,484.859527588
3121,587.359924316
3122,530.636169434
3123,531.085632324
3124,585.401855469
3125,533.411499023
3126,500.533660889
3127,502.935455322
3128,537.041137695
3129,535.262390137
3130,572.299560547
3131,526.282653809
3132,550.536132812
3133,579.492919922
3134,567.015075684
3135,563.575866699
3136,501.413818359
3137,524.706115723
3138,544.95324707
3139,520.740356445
3140,503.113250732
3141,551.718139648
3142,576.324157715
3143,525.655761719
3144,521.717468262
3145,500.461395264
3146,507.575622559
3147,543.293884277
3148,499.427368164
3149,476.068786621
3150,522.248474121
3151,519.879638672
3152,527.597229004
3153,490.721221924
3154,538.296447754
3155,541.465332031
3156,494.370513916
3157,522.549682617
3158,551.320678711
3159,571.744445801
3160,498.475982666
3161,504.157409668
3162,533.318664551
3163,521.890197754
3164,531.475280762
3165,527.465759277
3166,508.874664307
3167,497.389251709
3168,560.190979004
3169,534.518737793
3170,595.321411133
3171,548.542663574
3172,459.566986084
3173,535.542907715
3174,510.905151367
3175,537.105773926
3176,486.625976562
3177,550.808837891
3178,529.121765137
3179,550.518371582
3180,512.701171875
3181,503.339599609
3182,483.937683105
3183,498.567474365
3184,461.206542969
3185,562.985961914
3186,528.315673828
3187,527.934082031
3188,551.819641113
3189,582.796081543
3190,549.557678223
3191,559.995727539
3192,539.035522461
3193,556.024047852
3194,562.614685059
3195,538.088378906
3196,523.835632324
3197,529.100524902
3198,614.224609375
3199,547.63848877
3200,543.40045166
3201,525.696228027
3202,524.04083252
3203,582.949157715
3204,525.880981445
3205,492.89151001
3206,533.412658691
3207,512.094299316
3208,502.366912842
3209,578.188720703
3210,483.293731689
3211,496.165161133
3212,452.638397217
3213,530.23815918
3214,502.428649902
3215,519.938842773
3216,528.97088623
3217,575.947998047
3218,509.450134277
3219,522.890563965
3220,503.137115479
3221,472.183227539
3222,523.401489258
3223,478.84161377
3224,477.075958252
3225,481.635803223
3226,556.869628906
3227,504.218811035
3228,590.113342285
3229,587.210510254
3230,494.830963135
3231,467.259246826
3232,536.028564453
3233,514.580444336
3234,509.152496338
3235,533.483642578
3236,530.933532715
3237,486.735748291
3238,534.004394531
3239,512.245117188
3240,500.211791992
3241,534.903869629
3242,553.514282227
3243,538.509643555
3244,496.203033447
3245,575.431762695
3246,523.503845215
3247,542.393127441
3248,498.374237061
3249,548.31060791
3250,548.552490234
3251,514.443664551
3252,560.855529785
3253,522.450073242
3254,472.1512146
3255,579.70098877
3256,502.914093018
3257,537.572387695
3258,532.303405762
3259,532.72454834
3260,538.413818359
3261,519.655700684
3262,493.705108643
3263,510.412353516
3264,554.367614746
3265,491.61416626
3266,586.687255859
3267,503.99005127
3268,524.171691895
3269,546.08795166
3270,510.813812256
3271,516.170532227
3272,549.548950195
3273,468.096466064
3274,525.324645996
3275,531.873291016
3276,549.272277832
3277,527.428894043
3278,561.241943359
3279,526.480285645
3280,465.662628174
3281,522.342102051
3282,491.772735596
3283,492.288543701
3284,498.03213501
3285,526.577453613
3286,571.76373291
3287,519.791870117
3288,551.100280762
3289,556.844848633
3290,540.265686035
3291,538.077087402
3292,519.259460449
3293,512.232421875
3294,544.299804688
3295,517.515563965
3296,544.183166504
3297,471.899902344
3298,513.003967285
3299,482.700683594
3300,521.98840332
3301,537.73046875
3302,518.255065918
3303,553.057128906
3304,514.364562988
3305,530.475219727
3306,497.754577637
3307,562.010742188
3308,494.665374756
3309,484.953430176
3310,464.72567749
3311,619.625488281
3312,536.000610352
3313,553.313415527
3314,500.398132324
3315,547.250732422
3316,494.967773438
3317,570.432800293
3318,516.519897461
3319,530.715454102
3320,589.543823242
3321,484.124572754
3322,469.504577637
3323,501.651611328
3324,552.901916504
3325,536.396179199
3326,574.354248047
3327,558.562683105
3328,518.68762207
3329,534.505187988
3330,500.117401123
3331,488.004760742
3332,479.703094482
3333,537.910583496
3334,485.7109375
3335,527.957763672
3336,599.044006348
3337,543.565002441
3338,520.226623535
3339,491.399719238
3340,520.689575195
3341,503.376434326
3342,537.616210938
3343,567.795227051
3344,486.171691895
3345,499.16784668
3346,543.527587891
3347,494.437561035
3348,499.794067383
3349,495.135467529
3350,512.919555664
3351,513.953613281
3352,475.719360352
3353,481.883361816
3354,519.929260254
3355,561.012695312
3356,554.917907715
3357,501.522003174
3358,552.079467773
3359,508.731658936
3360,543.398010254
3361,492.684234619
3362,486.86026001
3363,514.457946777
3364,504.751678467
3365,502.163330078
3366,559.08581543
3367,541.187011719
3368,554.247009277
3369,497.054168701
3370,508.582489014
3371,511.412200928
3372,514.069091797
3373,527.394226074
3374,532.954589844
3375,510.332855225
3376,514.291381836
3377,544.50390625
3378,507.328155518
3379,500.060119629
3380,540.581054688
3381,475.51449585
3382,501.756347656
3383,490.79095459
3384,531.690002441
3385,498.01159668
3386,491.792785645
3387,514.879394531
3388,520.140625
3389,516.940612793
3390,574.280090332
3391,540.028808594
3392,470.536895752
3393,551.277954102
3394,548.083740234
3395,516.198059082
3396,502.409393311
3397,523.908569336
3398,514.98651123
3399,501.28704834
3400,487.596313477
3401,532.802856445
3402,524.642150879
3403,533.133422852
3404,485.192840576
3405,504.589996338
3406,476.242828369
3407,536.889160156
3408,484.103027344
3409,527.995727539
3410,508.598876953
3411,536.541137695
3412,457.980560303
3413,521.323059082
3414,506.258544922
3415,519.207946777
3416,516.671508789
3417,522.460144043
3418,550.203552246
3419,523.879150391
3420,551.680114746
3421,490.237457275
3422,518.602905273
3423,560.43560791
3424,488.099456787
3425,534.762084961
3426,508.321228027
3427,494.603210449
3428,463.892547607
3429,485.642211914
3430,450.372375488
3431,502.812683105
3432,513.389953613
3433,511.77053833
3434,450.495269775
3435,479.766082764
3436,562.61328125
3437,527.446838379
3438,521.259155273
3439,506.671051025
3440,507.544616699
3441,495.041656494
