0,82277.28125
1,58616.1953125
2,40772.8125
3,37556.390625
4,29773.0878906
5,22823.96875
6,22413.1542969
7,18110.6953125
8,16367.5107422
9,14960.1884766
10,13484.0966797
11,12622.3271484
12,12066.7597656
13,11132.078125
14,11385.1132812
15,10283.7490234
16,9961.85546875
17,8788.71484375
18,9425.2734375
19,9736.54882812
20,9359.34375
21,9189.33105469
22,9037.00976562
23,8572.75292969
24,8306.70703125
25,8133.22802734
26,7711.61181641
27,8444.38867188
28,7073.34326172
29,7559.36914062
30,7988.74658203
31,7562.45507812
32,7409.67675781
33,7188.64453125
34,8030.90527344
35,7702.79199219
36,7720.52880859
37,6963.52197266
38,7539.27978516
39,6980.81201172
40,6806.35009766
41,6648.80615234
42,6791.93994141
43,6887.64501953
44,6507.02832031
45,6596.52783203
46,6508.67333984
47,6820.90576172
48,6351.32324219
49,6581.64160156
50,5838.359375
51,6844.89697266
52,5929.20507812
53,6325.21679688
54,5563.68603516
55,5711.52539062
56,5563.0078125
57,5910.7578125
58,6271.48242188
59,5416.56054688
60,5708.01757812
61,6155.10302734
62,6189.47070312
63,5870.30908203
64,5395.25732422
65,5337.79785156
66,6305.96728516
67,5910.63476562
68,5539.94580078
69,5356.30078125
70,5913.17578125
71,5659.56347656
72,5636.52441406
73,5715.37353516
74,5678.99365234
75,5307.16699219
76,5362.16015625
77,5044.43017578
78,5668.63183594
79,5095.66748047
80,5193.78759766
81,5216.671875
82,5633.51953125
83,5671.29443359
84,5302.4375
85,4664.0390625
86,5144.58740234
87,5162.52490234
88,5145.07519531
89,5026.75634766
90,5295.98632812
91,5263.70898438
92,5173.484375
93,5056.16796875
94,4514.93066406
95,4691.17480469
96,4799.13818359
97,4625.64941406
98,4827.77832031
99,4853.09326172
100,4681.12597656
101,4480.64355469
102,4424.15429688
103,4649.66357422
104,4477.02832031
105,4180.39453125
106,3894.95141602
107,4292.82714844
108,4247.35986328
109,4526.93261719
110,4145.94824219
111,4175.05615234
112,4204.84228516
113,4016.06811523
114,3820.35229492
115,4681.78710938
116,3730.53466797
117,3801.93652344
118,3612.36669922
119,3910.84130859
120,3804.30249023
121,3937.49975586
122,3682.85498047
123,3472.44628906
124,3675.3359375
125,3662.52319336
126,3369.87182617
127,3678.32958984
128,3376.19091797
129,3871.25976562
130,3607.39501953
131,3294.10498047
132,3428.61352539
133,3559.35913086
134,3263.45605469
135,3166.37182617
136,3226.37548828
137,3361.55175781
138,3933.57885742
139,3385.79101562
140,3307.51489258
141,3427.62695312
142,3313.30419922
143,3413.48999023
144,3341.65429688
145,2971.109375
146,3378.81054688
147,3301.48486328
148,3314.60058594
149,3049.29882812
150,3107.64892578
151,3248.26464844
152,2755.40283203
153,2772.20117188
154,3043.37719727
155,3003.68261719
156,3161.7199707
157,3072.35839844
158,3187.70751953
159,2984.32788086
160,3115.66137695
161,2844.56274414
162,3191.27539062
163,3127.06958008
164,2899.63867188
165,2769.33959961
166,2903.88745117
167,2843.54541016
168,3264.41259766
169,2674.9519043
170,2864.95605469
171,2794.94824219
172,3044.70263672
173,2673.1953125
174,2897.86767578
175,2941.12646484
176,2838.94628906
177,2771.66601562
178,2663.14404297
179,3228.04736328
180,2735.85083008
181,2704.34667969
182,3018.32421875
183,2845.9921875
184,3148.56665039
185,3191.91333008
186,2986.88134766
187,2964.390625
188,2564.87158203
189,2704.33496094
190,2888.89672852
191,3166.32958984
192,2840.55224609
193,2833.79638672
194,2795.47802734
195,3085.9909668
196,3038.44628906
197,2716.08422852
198,2737.2890625
199,2721.46826172
200,2803.52685547
201,2515.43798828
202,2618.54443359
203,3064.58081055
204,2581.07470703
205,2642.14746094
206,2570.72607422
207,3197.62255859
208,2677.10205078
209,2765.76293945
210,2668.84521484
211,2856.88891602
212,2962.8996582
213,2504.28344727
214,2627.59594727
215,2661.50048828
216,2672.90576172
217,2676.06176758
218,2831.76538086
219,2648.7824707
220,2685.7668457
221,2374.41918945
222,2445.03344727
223,2575.6472168
224,2734.4519043
225,2550.20288086
226,2415.94116211
227,2615.3425293
228,2708.37817383
229,2459.35327148
230,2538.87182617
231,2400.50317383
232,2579.76586914
233,2403.41821289
234,2739.51879883
235,2560.1184082
236,2661.71606445
237,2300.9284668
238,2537.12133789
239,2917.8605957
240,2367.0300293
241,2641.55371094
242,2638.64379883
243,2422.2890625
244,2863.57006836
245,2739.65869141
246,2422.5847168
247,2586.61254883
248,2692.55688477
249,2449.64306641
250,2638.52539062
251,2293.12963867
252,2233.86010742
253,2293.12133789
254,2524.76416016
255,2747.0222168
256,2413.50512695
257,2249.48852539
258,2249.0378418
259,2400.28076172
260,2364.53588867
261,2533.17260742
262,2389.86962891
263,2233.48510742
264,2561.68310547
265,2307.2265625
266,2334.37524414
267,2402.88989258
268,2110.84594727
269,2489.67944336
270,2323.35449219
271,2274.37133789
272,2436.17724609
273,2309.30297852
274,2510.92578125
275,2357.15649414
276,2561.77539062
277,2546.7421875
278,2224.96264648
279,2288.33984375
280,2437.6652832
281,2313.75634766
282,2263.25634766
283,2540.68505859
284,2447.421875
285,2427.14013672
286,2290.16723633
287,2237.67333984
288,2328.03320312
289,2223.3659668
290,2333.03637695
291,2268.57983398
292,2222.86791992
293,2212.36743164
294,2082.51733398
295,2361.88061523
296,2197.93261719
297,2366.66723633
298,2412.32006836
299,2401.88793945
300,2152.76147461
301,2479.94165039
302,2111.69506836
303,2146.1550293
304,2455.89013672
305,2171.74438477
306,2131.90625
307,2097.8815918
308,2411.99975586
309,2352.34008789
310,2276.13647461
311,2392.15795898
312,2343.54394531
313,2107.97875977
314,2274.74365234
315,2054.76367188
316,2389.12036133
317,2226.46508789
318,2176.46459961
319,2290.65673828
320,2312.87963867
321,2200.46972656
322,2456.53881836
323,2304.88427734
324,2098.08276367
325,2130.44067383
326,2116.62719727
327,2128.29272461
328,2163.23266602
329,2389.66210938
330,2175.19067383
331,2001.48779297
332,2071.19555664
333,2292.02416992
334,2131.25878906
335,2218.16430664
336,2329.90551758
337,2204.53149414
338,2145.86132812
339,2305.27441406
340,2078.9440918
341,2020.30395508
342,2510.78808594
343,2649.30688477
344,2284.59570312
345,1973.83154297
346,2030.99145508
347,1836.54199219
348,2178.15576172
349,2498.97167969
350,2055.78393555
351,2320.41113281
352,2051.1484375
353,2152.11791992
354,2092.6887207
355,1997.85400391
356,2413.89477539
357,2188.82446289
358,2419.4753418
359,2219.68139648
360,1946.9798584
361,2027.05200195
362,2150.76196289
363,1999.83813477
364,2036.67114258
365,2028.44482422
366,2195.62915039
367,2140.44848633
368,2239.68798828
369,2166.05297852
370,2005.85632324
371,1935.96203613
372,1874.43591309
373,2159.04614258
374,2093.65283203
375,2085.27709961
376,2066.96118164
377,2108.54150391
378,1959.44006348
379,2240.91674805
380,2038.17407227
381,1920.06713867
382,2101.1315918
383,2046.77282715
384,2132.3190918
385,2030.31945801
386,1963.95056152
387,2028.21655273
388,2077.04321289
389,1971.96508789
390,2233.03686523
391,1904.94104004
392,2004.75378418
393,1941.72265625
394,1959.90917969
395,1956.74084473
396,1956.37194824
397,1938.12634277
398,1882.54394531
399,2077.95214844
400,1975.61181641
401,1973.22583008
402,2056.89819336
403,1900.93359375
404,2124.36401367
405,2132.14257812
406,2010.1628418
407,1956.23376465
408,1959.29040527
409,1969.32324219
410,1847.40759277
411,2036.00854492
412,1957.7479248
413,2054.57641602
414,2032.93774414
415,1853.11022949
416,2066.23754883
417,1828.94116211
418,1925.02368164
419,1922.49951172
420,1875.36425781
421,2056.78686523
422,2053.79345703
423,2144.92944336
424,2020.68225098
425,1934.23547363
426,1921.86437988
427,2010.80151367
428,2098.76342773
429,2036.72888184
430,1980.07324219
431,2073.35327148
432,2023.70214844
433,1954.29162598
434,1935.82714844
435,1927.66003418
436,1798.50854492
437,1939.40075684
438,1773.57702637
439,2062.61914062
440,2018.78601074
441,2035.41088867
442,2045.76916504
443,1934.77600098
444,1900.11376953
445,2100.28662109
446,1827.00793457
447,1972.62866211
448,1901.58581543
449,1877.1081543
450,2042.36181641
451,1910.66821289
452,1920.78393555
453,1989.34423828
454,1866.92150879
455,1795.78759766
456,1904.17150879
457,1895.26147461
458,1962.58166504
459,1857.77624512
460,1820.82910156
461,1807.72265625
462,1795.72155762
463,1793.48876953
464,1899.25610352
465,1862.02783203
466,1887.84277344
467,2045.46948242
468,1840.74780273
469,1904.15405273
470,2055.30322266
471,1799.58911133
472,1871.19372559
473,1858.80712891
474,1881.94921875
475,1900.75915527
476,1949.25976562
477,1682.63452148
478,1852.18908691
479,1809.3223877
480,1864.74621582
481,1818.80480957
482,1937.29968262
483,2074.66210938
484,2051.07275391
485,1865.36657715
486,1821.54272461
487,1898.48193359
488,1786.2512207
489,1732.49023438
490,1851.46386719
491,1880.93188477
492,1934.90917969
493,1954.39099121
494,1916.30371094
495,1845.05163574
496,1804.6895752
497,1755.98217773
498,1896.5534668
499,1957.73547363
500,1605.27490234
501,1762.82897949
502,1919.34204102
503,1679.2734375
504,1915.75073242
505,1859.87243652
506,1887.31347656
507,1738.93823242
508,2010.38574219
509,1708.15319824
510,1805.26489258
511,1728.61779785
512,1699.62524414
513,1816.85766602
514,1934.88354492
515,1855.81140137
516,1879.56628418
517,1861.03295898
518,1921.82885742
519,1727.21972656
520,1993.66113281
521,1970.11022949
522,1777.51989746
523,1847.58496094
524,1906.44067383
525,1673.24462891
526,1754.19250488
527,1781.02038574
528,1875.11108398
529,1840.76342773
530,1831.22399902
531,1741.51269531
532,1877.12353516
533,1847.29968262
534,1859.37341309
535,1924.62036133
536,1859.51953125
537,1980.50024414
538,1853.24169922
539,1768.5559082
540,1851.97143555
541,1874.10192871
542,1798.06225586
543,1922.85351562
544,1754.04052734
545,1837.17211914
546,1892.36376953
547,1722.24890137
548,1887.71044922
549,1751.46496582
550,1567.03552246
551,1745.60583496
552,1759.64611816
553,1610.54748535
554,1779.14099121
555,1665.66101074
556,1816.17138672
557,1684.65283203
558,1661.10266113
559,1689.32568359
560,1727.86291504
561,1707.15344238
562,1724.30871582
563,1723.63964844
564,1739.56665039
565,1807.89587402
566,1533.14257812
567,1718.10095215
568,1758.1529541
569,1788.20458984
570,1675.17199707
571,1840.89807129
572,1717.95117188
573,1747.6138916
574,1739.5546875
575,1763.14245605
576,1755.47094727
577,1911.2052002
578,1785.36206055
579,1627.43774414
580,1688.08288574
581,1817.64672852
582,1863.66601562
583,1760.04309082
584,1725.41711426
585,1664.3885498
586,1743.11938477
587,1771.44458008
588,1668.79553223
589,1704.89440918
590,1597.16748047
591,1855.33447266
592,1675.31518555
593,1830.95788574
594,1773.06713867
595,1771.35241699
596,1623.10827637
597,1653.67297363
598,1725.21118164
599,1692.63879395
600,1700.19494629
601,1665.69921875
602,1918.81018066
603,1797.87109375
604,1702.47509766
605,1658.5189209
606,1558.86791992
607,1746.11804199
608,1829.09777832
609,1630.57702637
610,1692.79760742
611,1688.9831543
612,1569.09509277
613,1682.38317871
614,1632.59082031
615,1588.9798584
616,1754.04699707
617,1657.88598633
618,1886.24255371
619,1765.97631836
620,1718.60693359
621,1741.40026855
622,1827.47351074
623,1746.06140137
624,1840.73168945
625,1732.50952148
626,1572.25073242
627,1602.65197754
628,1521.9510498
629,1639.36230469
630,1665.90112305
631,1854.74157715
632,1657.57617188
633,1592.62231445
634,1569.72216797
635,1777.43701172
636,1592.91369629
637,1836.53857422
638,1649.20605469
639,1587.65429688
640,1793.72595215
641,1726.74475098
642,1735.07299805
643,1663.13439941
644,1773.94030762
645,1706.49523926
646,1630.98425293
647,1600.49353027
648,1563.05749512
649,1652.95056152
650,1563.60534668
651,1828.5402832
652,1670.49926758
653,1696.70617676
654,1609.5
655,1647.14013672
656,1762.66003418
657,1669.58081055
658,1612.99499512
659,1634.55773926
660,1614.09887695
661,1799.82250977
662,1734.19458008
663,1614.48999023
664,1636.18933105
665,1684.02575684
666,1727.31506348
667,1698.35827637
668,1750.63342285
669,1628.43518066
670,1538.99780273
671,1605.54431152
672,1558.27880859
673,1599.38623047
674,1639.68334961
675,1548.70483398
676,1531.48168945
677,1563.21704102
678,1667.8013916
679,1681.62084961
680,1593.83520508
681,1713.21362305
682,1734.13427734
683,1627.05310059
684,1663.73400879
685,1626.59399414
686,1764.66687012
687,1476.2052002
688,1606.49084473
689,1683.20507812
690,1690.39477539
691,1825.74841309
692,1669.23986816
693,1670.57092285
694,1790.25817871
695,1623.19372559
696,1707.78210449
697,1690.55651855
698,1761.18811035
699,1572.60974121
700,1690.93615723
701,1667.97399902
702,1778.10449219
703,1492.38427734
704,1634.53552246
705,1630.3046875
706,1558.75183105
707,1661.4888916
708,1743.87316895
709,1732.32336426
