81.0925 44.3134 0.800028 0.42302 0.405277 0.550176 -0.566985
67.5606 20.2724 1.09589 0.59193 0.550901 0.340323 -0.424221
70.4374 39.9745 0.882147 0.414534 0.384964 0.529285 -0.610738
29.7106 21.7543 1.27829 0.606085 0.566813 -0.370857 0.364129
34.4427 33.5249 1.11216 0.529247 0.473553 -0.401604 0.408414
30.6979 14.9243 1.33517 0.678351 0.618446 -0.283184 0.278115
64.9956 16.5753 1.15056 0.625678 0.590752 0.295242 -0.365192
30.7147 22.5308 1.24208 0.583681 0.5456 -0.364215 0.356789
31.7908 18.974 1.29743 0.612015 0.572852 -0.329018 0.328292
33.699 18.7843 1.27818 0.614755 0.565551 -0.275509 0.253857
30.3872 40.8348 1.08254 0.471991 0.424804 -0.522823 0.559022
42.0042 25.8829 1.14958 0.552076 0.493346 -0.120299 0.0835533
29.8001 21.729 1.25542 0.593932 0.56139 -0.355095 0.356536
28.4778 21.9572 1.27658 0.596559 0.578176 -0.360084 0.35701
30.3359 16.8409 1.31644 0.618194 0.581578 -0.336159 0.32742
44.9933 51.3281 0.88439 0.0970461 0.0343797 -0.64451 0.757067
37.8194 19.1725 1.24763 0.604249 0.551054 -0.212625 0.184686
76.0382 42.7098 0.839984 0.386338 0.344926 0.549753 -0.642302
33.4377 39.3159 0.880565 0.173521 0.186334 0.026083 -0.0518766
30.9132 60.0105 0.865773 0.1696 0.164382 -0.650888 0.711013
33.0799 16.1089 1.31826 0.642603 0.606434 -0.26482 0.253974
38.7885 54.0062 0.926658 0.161851 0.118099 -0.659665 0.722376
31.4729 19.6014 1.26854 0.611679 0.562765 -0.332545 0.319065
45.545 51.5378 0.941068 0.0636418 0.0128026 -0.637884 0.76051
72.2659 35.3273 0.905025 0.410954 0.365338 0.539062 -0.617534
33.8065 43.2585 1.03293 0.399648 0.332226 -0.573757 0.626105
52.2322 34.7352 0.966666 0.439871 0.394347 0.233796 -0.293286
31.0836 26.6152 1.20153 0.586581 0.564369 -0.37669 0.375623
34.0257 19.2488 1.27589 0.616414 0.573071 -0.272614 0.264396
27.9695 40.6703 1.04253 0.390827 0.35942 -0.557957 0.553466
88.1431 62.2466 0.527057 0.441986 0.412458 0.539497 -0.564292
50.1447 53.5965 0.870488 0.279936 0.290028 -0.145225 0.161192
32.1506 17.9038 1.29771 0.628041 0.579767 -0.312505 0.304211
71.9131 39.4654 0.890983 0.432821 0.396095 0.54146 -0.596535
34.9214 27.9615 1.15247 0.526671 0.489292 -0.312099 0.301508
31.6374 40.5933 1.06758 0.452918 0.419372 -0.506268 0.494741
70.8768 37.8088 0.904816 0.429764 0.404325 0.533117 -0.594719
71.2805 54.5413 0.741127 0.148278 0.168054 0.608212 -0.716239
29.3692 23.9336 1.24714 0.584559 0.559239 -0.380529 0.376528
69.5628 35.0687 0.960235 0.49263 0.456301 0.482 -0.532012
37.3804 63.7643 0.809676 0.132314 0.141369 -0.662393 0.721878
70.7069 25.9209 1.03842 0.56746 0.534865 0.377397 -0.445904
73.9871 47.8221 0.836342 0.443182 0.405532 0.542374 -0.577098
59.0356 13.8398 1.20925 0.659152 0.593502 0.206094 -0.287417
34.8278 37.9347 1.04164 0.227757 0.26549 -0.0294756 0.0136606
39.9092 33.2757 1.0979 0.542832 0.453948 -0.295519 0.288997
35.8028 44.6381 0.943071 0.286654 0.234736 -0.61392 0.662312
41.01 51.8332 0.905744 0.145123 0.100885 -0.645458 0.739525
73.3219 50.9286 0.819355 0.417627 0.384134 0.564814 -0.586751
31.5625 37.0166 1.09499 0.543069 0.463951 -0.465873 0.511043
35.4808 14.0579 1.33711 0.662586 0.618325 -0.180037 0.149598
25.814 46.936 1.00193 0.360183 0.375096 -0.538249 0.518417
31.0273 38.5609 1.06498 0.479978 0.426571 -0.502721 0.51692
38.9835 22.8988 1.21329 0.621305 0.5899 -0.205854 0.185771
34.3117 45.1792 1.03225 0.440368 0.35758 -0.561116 0.601328
32.5813 59.1403 0.884307 0.180938 0.182145 -0.657081 0.70198
30.9567 51.606 0.929494 0.205597 0.228724 -0.648312 0.685714
28.9475 21.4152 1.26502 0.643442 0.630078 -0.310258 0.302958
70.9834 27.5544 0.983315 0.448241 0.418813 0.512873 -0.566574
33.7933 21.4116 1.24247 0.625707 0.588767 -0.286129 0.273921
33.5659 23.2177 1.2226 0.585133 0.541416 -0.296399 0.271826
37.1818 47.6343 0.973398 0.369341 0.309854 -0.568612 0.659661
73.0051 28.2861 0.961503 0.424624 0.394566 0.555989 -0.587833
67.2543 41.2769 0.87123 0.372946 0.362518 0.562719 -0.623227
71.1957 34.8577 0.944887 0.506815 0.480448 0.450043 -0.526563
28.6316 45.8891 1.00693 0.349131 0.319767 -0.591781 0.617084
73.6929 22.5583 1.03262 0.559136 0.511685 0.409416 -0.472647
65.2613 24.9954 1.08783 0.598953 0.555982 0.335058 -0.399131
28.6704 48.2164 0.941751 0.251399 0.260542 -0.598683 0.63006
29.028 40.5052 1.06762 0.427273 0.377138 -0.550757 0.589807
74.1698 24.4212 1.00957 0.563053 0.521532 0.398912 -0.468332
72.6936 24.8694 1.03424 0.557684 0.518042 0.400714 -0.45972
30.7459 38.9611 1.06944 0.414934 0.378873 -0.522482 0.521232
28.1734 29.0891 1.17786 0.511045 0.483641 -0.43995 0.448814
64.0962 21.3465 1.11634 0.612262 0.57458 0.311948 -0.385246
72.1229 40.2333 0.880467 0.413337 0.391062 0.533166 -0.612346
34.0643 33.83 1.07769 0.439087 0.399096 -0.42428 0.435724
65.956 37.8525 0.932206 0.31239 0.302679 0.623502 -0.643156
71.1833 35.2004 0.926251 0.431895 0.394553 0.510494 -0.587859
44.9069 22.3444 1.19176 0.610707 0.533599 -0.0833838 0.0365895
24.3531 40.0036 1.12959 0.520084 0.431366 -0.483807 0.558011
46.8217 60.2611 0.846773 0.105942 0.11858 -0.48366 0.537025
39.5635 48.8594 0.972941 0.358875 0.297836 -0.577623 0.664781
33.2568 16.9991 1.30737 0.650516 0.603208 -0.272712 0.262076
27.8707 37.325 1.13598 0.414067 0.380635 -0.577732 0.580988
28.8949 35.4205 1.12153 0.491097 0.454888 -0.49975 0.49711
37.7764 47.0036 0.96289 0.490776 0.437074 -0.483493 0.495025
62.2391 24.9166 1.11377 0.593828 0.542278 0.140269 -0.202341
74.2447 55.4228 0.780524 0.46361 0.443684 0.531051 -0.53418
43.8668 38.7773 0.925783 0.206715 0.190368 -0.0670424 0.0962081
7.82835 42.4462 1.26685 0.114512 0.146591 -0.682545 0.707221
27.804 25.2611 1.20709 0.534527 0.492951 -0.445616 0.443394
30.1292 40.177 1.07312 0.453279 0.4118 -0.537195 0.540017
28.5929 40.7712 1.05664 0.389571 0.368725 -0.507726 0.523799
69.7864 33.6117 0.972128 0.519939 0.477225 0.451386 -0.508321
59.051 13.8697 1.22501 0.662116 0.605258 0.17713 -0.253187
37.106 35.1473 1.0999 0.530879 0.46798 -0.320446 0.313742
28.9622 36.7188 1.12018 0.492489 0.441139 -0.512049 0.512573
67.541 25.499 1.05934 0.559188 0.525546 0.372574 -0.43309
49.2614 30.4138 1.09729 0.509351 0.469048 0.115077 -0.164806
65.9002 24.7619 1.06909 0.592939 0.556284 0.342228 -0.413285
82.307 55.1133 0.707298 0.433636 0.41694 0.529746 -0.568413
26.6592 30.8893 1.15546 0.486828 0.469282 -0.481771 0.488765
27.7758 25.7488 1.19953 0.524498 0.482079 -0.445713 0.450986
73.5975 37.8315 0.905698 0.493156 0.466564 0.46325 -0.551233
65.525 47.7292 0.804185 0.382656 0.368242 0.526842 -0.544194
24.4013 32.043 1.192 0.574442 0.453712 -0.461744 0.504205
37.4692 45.948 0.957086 0.307207 0.261606 -0.599047 0.685466
28.1729 22.625 1.22044 0.549689 0.521031 -0.464502 0.461989
65.8377 26.0624 1.07398 0.586344 0.549194 0.345502 -0.413665
73.4442 16.4879 1.096 0.613157 0.569762 0.328022 -0.393622
73.6425 51.4813 0.751588 0.33033 0.321137 0.566537 -0.6672
85.6319 54.7498 0.672923 0.447384 0.430804 0.520866 -0.5586
33.7214 31.1635 1.10735 0.474263 0.430963 -0.394936 0.385733
42.665 30.7591 1.08432 0.535483 0.489882 -0.191984 0.170022
29.9561 25.2192 1.21395 0.551292 0.525915 -0.383492 0.38124
28.9204 30.3227 1.18315 0.523114 0.486905 -0.469506 0.475869
49.422 35.167 0.905415 0.262662 0.259311 0.52344 -0.570088
40.6787 45.631 0.901927 0.23181 0.234073 0.0444441 -0.0828196
31.4894 35.9215 1.07809 0.473845 0.411495 -0.469022 0.481201
65.9027 25.3203 1.06949 0.5884 0.548925 0.359588 -0.422017
64.5805 37.7168 0.898974 0.398933 0.382827 0.521957 -0.602364
38.6142 46.5314 0.93923 0.254897 0.214392 -0.622108 0.698586
33.1839 63.8111 0.82983 0.147262 0.148912 -0.663592 0.714543
71.471 17.7404 1.09604 0.59102 0.546398 0.341769 -0.416773
69.606 35.5088 0.957667 0.515854 0.488328 0.400273 -0.490481
38.0198 65.9722 0.851482 0.108236 0.101772 -0.657078 0.743282
31.3541 27.9779 1.17251 0.554207 0.52286 -0.401367 0.396903
43.1267 30.2032 1.1147 0.53264 0.497726 -0.168618 0.136688
75.6237 47.1002 0.838868 0.476844 0.429355 0.512727 -0.556739
41.6275 44.6432 1.06057 0.272712 0.249437 0.0483553 -0.0529954
66.4042 22.6321 1.0868 0.600538 0.558225 0.322031 -0.388805
27.6598 47.7583 0.982131 0.317017 0.315748 -0.613876 0.628153
76.2829 58.016 0.663447 0.166376 0.172723 0.614974 -0.723212
72.8892 48.1972 0.80667 0.342018 0.295048 0.57638 -0.667795
35.0093 26.8235 1.17782 0.573895 0.468862 -0.456141 0.490975
42.7173 54.7002 0.918787 0.14263 0.08481 -0.644868 0.747666
72.0914 39.4628 0.871968 0.409121 0.391726 0.531645 -0.617734
60.5182 31.7726 0.965769 0.436914 0.390466 0.459086 -0.543347
41.449 59.5204 0.79674 0.0875528 0.0538495 -0.663468 0.733943
74.4425 54.8965 0.758638 0.395755 0.391562 0.581312 -0.574571
68.6422 20.4548 1.09521 0.592178 0.556157 0.348897 -0.419252
69.6326 39.2057 0.907704 0.430587 0.392574 0.550881 -0.587468
32.4272 23.2188 1.22372 0.583631 0.545953 -0.333229 0.317543
73.0378 40.6233 0.874798 0.414764 0.39167 0.542806 -0.610204
37.9967 63.8618 0.785605 0.140611 0.141156 -0.655674 0.723167
20.6913 51.4555 1.06192 0.148332 0.185224 -0.671353 0.680006
28.3481 36.2785 1.10187 0.482856 0.439071 -0.512365 0.514877
68.6823 33.7445 0.963513 0.498032 0.466337 0.453859 -0.524509
53.0575 52.2016 0.754334 0.126325 0.100535 -0.0256553 0.0114269
68.4125 27.4202 1.03594 0.553019 0.515823 0.397815 -0.465132
71.4752 38.076 0.906742 0.470093 0.434278 0.501013 -0.565063
57.8243 35.8403 0.892091 0.353795 0.338565 0.460719 -0.54416
31.5664 25.9999 1.21394 0.578211 0.547665 -0.34867 0.337231
73.9977 23.1106 1.03484 0.560603 0.514782 0.400856 -0.465342
75.7525 36.4043 0.888288 0.397728 0.359994 0.5765 -0.605944
30.5031 18.8061 1.29366 0.633267 0.594177 -0.319727 0.314778
63.4415 23.5464 1.10479 0.603426 0.542564 0.322128 -0.400344
30.3698 37.4737 1.13 0.509079 0.44998 -0.508709 0.500521
28.6972 21.3761 1.23343 0.593154 0.569441 -0.400804 0.400894
39.9904 28.3293 1.11866 0.527493 0.442866 -0.231521 0.204664
28.9321 36.4514 1.1754 0.469179 0.411841 -0.532906 0.557618
27.9801 30.3959 1.15377 0.50318 0.467279 -0.477355 0.48946
38.4472 38.0642 1.05263 0.486406 0.446043 -0.30559 0.299972
30.3248 43.1804 1.04826 0.465275 0.393577 -0.543284 0.573295
76.2785 50.2209 0.775735 0.410963 0.386941 0.552548 -0.592532
67.8551 34.3808 0.960071 0.477403 0.439875 0.469362 -0.543005
36.9775 65.7052 0.800501 0.152852 0.147078 -0.651699 0.727165
37.4255 19.0058 1.27569 0.621529 0.568521 -0.227128 0.201337
48.5977 43.7301 0.796686 0.21577 0.201319 0.0572848 -0.088736
73.111 47.106 0.853463 0.353714 0.334758 0.585411 -0.631894
37.6674 65.8874 0.791425 0.144425 0.14472 -0.658206 0.722486
72.1037 44.3223 0.836851 0.378419 0.346922 0.542685 -0.626318
32.4945 14.9507 1.33715 0.655305 0.601295 -0.263222 0.246981
51.1825 30.906 0.99793 0.472261 0.408365 0.225215 -0.282738
31.3951 39.7154 1.07269 0.48861 0.399306 -0.523442 0.56661
67.8054 22.6521 1.07876 0.593795 0.566694 0.34533 -0.409755
41.5613 45.3403 0.992363 0.148209 0.0749574 -0.599066 0.711999
34.8474 12.6713 1.35479 0.686889 0.629255 -0.221101 0.20858
41.1175 27.2738 1.15031 0.583166 0.5029 -0.202105 0.177097
30.1191 17.8472 1.31331 0.624206 0.594483 -0.327814 0.32377
63.4134 20.952 1.13277 0.623792 0.571117 0.290515 -0.361818
83.5096 56.4739 0.673848 0.441846 0.426262 0.524474 -0.56094
47.2527 24.4216 1.17639 0.603203 0.511777 -0.0253318 -0.0268573
53.2399 19.4726 1.22311 0.642401 0.594667 0.0921025 -0.144751
45.0071 27.8512 1.11317 0.534011 0.49483 -0.0692891 0.0318708
40.291 54.4645 0.903929 0.268941 0.254369 -0.462791 0.506212
26.3739 49.1052 1.00576 0.287289 0.298952 -0.601316 0.579009
32.6256 51.5847 1.06054 0.322076 0.272133 -0.594741 0.653424
63.3134 11.5681 1.21263 0.665918 0.60094 0.225844 -0.304132
72.7864 37.6557 0.891719 0.407267 0.381304 0.528529 -0.615209
35.4804 34.4841 1.08427 0.523041 0.440248 -0.394066 0.40617
69.5906 39.6866 0.8977 0.428291 0.389532 0.546455 -0.591406
62.1339 15.1936 1.1858 0.632202 0.582917 0.256815 -0.330079
71.593 28.8093 1.00905 0.543061 0.51088 0.411546 -0.473747
43.6412 30.1512 1.12782 0.531621 0.484173 -0.0820067 0.0333388
67.083 29.3581 0.965419 0.461436 0.405484 0.477368 -0.552993
31.4616 43.0129 1.06201 0.476755 0.422512 -0.530913 0.547403
70.2029 47.3242 0.837298 0.430162 0.404714 0.55264 -0.565864
37.3866 45.9533 0.988447 0.341342 0.290487 -0.571562 0.676364
37.1746 32.8665 1.11236 0.518291 0.473574 -0.313865 0.302367
36.8905 70.3755 0.809437 0.0495553 0.0544621 -0.667354 0.750678
71.5837 26.313 1.01593 0.565484 0.526806 0.386338 -0.458294
33.1409 19.971 1.25823 0.606148 0.576189 -0.303179 0.297533
58.1227 32.7992 1.04983 0.526775 0.474235 0.219868 -0.287262
28.3634 19.1825 1.256 0.562045 0.514354 -0.461362 0.459538
35.0051 43.6065 0.993076 0.317454 0.270263 -0.60333 0.642313
52.8859 35.9813 0.871678 0.357625 0.325308 0.386936 -0.458878
29.9954 30.9902 1.14949 0.500141 0.479805 -0.441419 0.439611
50.3132 46.6442 0.77974 0.195293 0.180553 0.0370468 -0.0754683
79.2729 60.2723 0.683311 0.151674 0.168585 0.622252 -0.740724
69.6599 21.6758 1.06442 0.598804 0.556768 0.345915 -0.417036
31.4938 36.7911 1.10229 0.527407 0.457756 -0.484589 0.509421
27.4212 25.1048 1.22406 0.555118 0.532286 -0.413664 0.419288
29.1954 25.2985 1.22067 0.580113 0.549749 -0.365095 0.353885
35.4027 52.5954 0.870772 0.160024 0.140756 -0.633979 0.693563
34.8453 12.8045 1.36346 0.681039 0.611633 -0.213432 0.187593
36.8835 29.4085 1.12415 0.524818 0.468024 -0.297074 0.271571
29.3924 31.3223 1.14682 0.448579 0.417219 -0.491946 0.504547
35.8031 33.9555 1.08889 0.478509 0.43091 -0.377878 0.377241
32.117 35.3138 1.10065 0.516241 0.420417 -0.459417 0.484089
62.5749 37.6465 0.882446 0.363824 0.326353 0.539121 -0.621681
70.5342 33.8207 0.969461 0.525283 0.492921 0.442741 -0.508966
29.7321 42.0561 1.07229 0.474735 0.40531 -0.538408 0.56558
28.881 51.6436 0.942534 0.195735 0.21573 -0.654645 0.689391
64.2347 19.1344 1.14081 0.631102 0.568346 0.287912 -0.360296
70.2399 33.8617 0.961876 0.51079 0.476525 0.465837 -0.521256
57.6096 9.61129 1.29357 0.681519 0.60777 0.128248 -0.200083
31.9689 24.0284 1.21291 0.568136 0.52604 -0.346377 0.329606
27.041 23.3371 1.2691 0.524998 0.49352 -0.486353 0.483986
72.2308 40.7419 0.87667 0.403212 0.38398 0.536363 -0.618524
32.0099 50.159 0.898178 0.249448 0.258489 -0.531295 0.52329
36.6454 54.2664 0.853714 0.361605 0.34332 -0.492881 0.492719
45.3513 36.1847 0.911719 0.271101 0.207211 0.09474 -0.132544
32.3048 14.593 1.3491 0.668517 0.619351 -0.27769 0.262917
29.8087 15.3996 1.33874 0.64655 0.595633 -0.303525 0.286397
29.4113 40.7257 1.06836 0.43628 0.401021 -0.540529 0.58237
75.2127 53.1887 0.785682 0.432093 0.411868 0.556126 -0.566536
27.5122 26.8178 1.21459 0.538719 0.51555 -0.432405 0.439644
45.5408 49.9084 0.831916 0.153504 0.113958 -0.216057 0.229159
62.4833 10.8505 1.22273 0.67018 0.604659 0.213278 -0.293961
75.2717 57.4483 0.743471 0.438591 0.41716 0.552719 -0.555878
75.2226 52.3069 0.798063 0.364341 0.354583 0.611398 -0.593694
27.3341 27.9996 1.18585 0.597009 0.508744 -0.425947 0.457606
25.5006 34.4368 1.14539 0.541781 0.460136 -0.48037 0.516836
30.496 24.9385 1.21065 0.571898 0.539679 -0.391666 0.385786
67.9589 22.8684 1.08479 0.590165 0.559269 0.345375 -0.409298
29.7003 40.0725 1.05902 0.459265 0.419983 -0.535656 0.551717
49.1063 27.1611 1.14149 0.60119 0.474243 -0.0605213 0.0140807
69.3602 24.4526 1.06026 0.561858 0.528866 0.393429 -0.451958
60.5053 26.3245 1.08286 0.553981 0.514329 0.377132 -0.444143
69.0015 37.281 0.926272 0.415648 0.375364 0.538983 -0.586172
31.1625 20.931 1.24708 0.587838 0.539722 -0.351673 0.345496
38.852 59.4631 0.858293 0.2243 0.246576 -0.48502 0.489971
32.1242 14.9158 1.33602 0.663319 0.599729 -0.292296 0.275762
34.7653 36.6346 1.07892 0.499843 0.431894 -0.391665 0.392894
74.1832 54.3512 0.771871 0.42302 0.392529 0.564588 -0.5783
77.0595 56.8451 0.72185 0.177796 0.193409 0.610594 -0.725919
35.907 29.5269 1.13841 0.535995 0.49615 -0.315033 0.29382
27.6689 35.9556 1.06691 0.412412 0.370572 -0.556838 0.560369
73.1288 39.9227 0.880064 0.464816 0.435265 0.491384 -0.582252
32.5057 56.0356 0.886614 0.174615 0.181594 -0.653644 0.702599
62.3123 21.6151 1.12649 0.606243 0.562497 0.30152 -0.381629
64.2052 36.9221 0.901706 0.400517 0.382035 0.538049 -0.603737
78.6906 57.9566 0.711695 0.401157 0.389692 0.576927 -0.580842
74.5321 25.4395 1.01531 0.550118 0.512289 0.405273 -0.475075
67.967 37.9099 0.912223 0.422543 0.393368 0.545061 -0.591017
70.9473 37.0076 0.928134 0.496007 0.463838 0.459577 -0.541702
42.2338 16.6068 1.29587 0.669901 0.624776 -0.0905136 0.0508957
35.6586 20.5835 1.24635 0.59704 0.566869 -0.239649 0.227801
64.6634 20.3507 1.12283 0.610109 0.581746 0.293393 -0.367427
45.6292 44.4891 0.90072 0.144181 0.0433995 -0.267291 0.33791
56.5961 38.6521 1.04638 0.247223 0.261854 0.601588 -0.620933
58.0319 25.2642 1.0792 0.599984 0.532628 0.0984964 -0.162406
68.582 35.6915 0.941272 0.505349 0.480706 0.420691 -0.519284
30.0131 43.9398 0.976516 0.323387 0.294177 -0.618061 0.624164
31.3969 20.2896 1.2666 0.612082 0.559809 -0.340232 0.327887
70.4296 39.7105 0.884299 0.429619 0.389567 0.527328 -0.610261
38.5513 57.2631 0.815445 0.207196 0.177547 -0.65813 0.670341
62.7293 17.2476 1.16708 0.641133 0.57652 0.270323 -0.348886
47.0328 16.0188 1.29262 0.675952 0.628397 -0.0143796 -0.0317138
37.3158 14.6259 1.31653 0.661549 0.594598 -0.134688 0.0948227
78.5162 56.7066 0.737371 0.416677 0.403085 0.565232 -0.570575
41.6656 55.31 0.918726 0.392544 0.335218 -0.573884 0.608548
72.7647 39.0632 0.886193 0.46565 0.438284 0.495575 -0.580714
72.5822 37.6898 0.918484 0.36928 0.340729 0.592239 -0.60639
73.279 39.6689 0.86941 0.412219 0.379975 0.537816 -0.620016
31.3696 40.7419 1.06428 0.452886 0.397076 -0.543307 0.569263
34.303 63.2271 0.82303 0.15163 0.146302 -0.655641 0.719732
77.1695 50.4949 0.789546 0.454565 0.419885 0.530994 -0.562666
64.2244 25.7527 1.06058 0.570337 0.517249 0.312259 -0.409089
72.0583 43.3229 0.852796 0.356705 0.327914 0.564446 -0.654036
70.9721 33.6213 0.940947 0.442149 0.384979 0.509301 -0.58233
31.0259 13.9809 1.35012 0.66528 0.595843 -0.286582 0.27157
35.2392 57.6944 0.870095 0.192696 0.190465 -0.662987 0.655135
31.0129 40.7281 1.06299 0.471365 0.403067 -0.532934 0.566263
66.4874 35.0285 0.963145 0.503057 0.474196 0.395401 -0.492582
33.0114 19.3052 1.27544 0.615026 0.579672 -0.285453 0.275399
33.0408 13.5029 1.35384 0.676673 0.613492 -0.267022 0.249393
57.3003 33.3191 0.967622 0.43418 0.380131 0.457207 -0.540345
40.3573 64.6778 0.764452 0.0797388 0.0718362 -0.666235 0.740449
38.8899 33.5157 1.09498 0.513452 0.444124 -0.28745 0.261418
33.0703 25.7649 1.20892 0.605614 0.580224 -0.33026 0.324446
68.3734 40.5604 0.866478 0.311254 0.288827 0.554527 -0.641974
30.4936 57.8177 0.876162 0.175663 0.188858 -0.64937 0.703383
53.8067 42.9395 0.763844 0.218919 0.225879 0.374467 -0.447649
33.1537 55.6606 0.884195 0.211118 0.210459 -0.6468 0.693584
28.6022 49.1332 0.942908 0.185904 0.196818 -0.659424 0.686009
34.723 33.1175 1.11443 0.496302 0.459969 -0.327489 0.32354
58.8448 11.1243 1.24074 0.669451 0.601875 0.168168 -0.247793
37.602 57.4844 0.834971 0.248254 0.242141 -0.477654 0.493475
81.1751 32.3278 0.910948 0.618 0.596651 0.320497 -0.353275
30.9854 40.5578 1.04445 0.443944 0.38128 -0.512522 0.509452
25.4757 29.3629 1.20685 0.4951 0.468088 -0.515748 0.517878
69.9435 38.7005 0.889772 0.420028 0.379284 0.525904 -0.608453
35.0011 31.0194 1.15208 0.521481 0.490894 -0.299752 0.280809
53.4449 26.9803 1.13678 0.592315 0.489767 0.0283571 -0.0826087
65.4302 23.0261 1.0858 0.566343 0.527906 0.367261 -0.444994
28.4718 33.2583 1.12748 0.458267 0.442049 -0.486128 0.496849
27.7039 25.9853 1.21017 0.529725 0.487982 -0.449828 0.453887
69.596 36.2295 0.950413 0.503667 0.467254 0.428696 -0.514739
10.5308 39.2705 1.11969 0.107993 0.143563 -0.636868 0.659114
27.7876 28.6593 1.19322 0.538724 0.52582 -0.438745 0.426075
70.6407 28.9655 0.993026 0.533433 0.488921 0.430187 -0.496582
63.2998 37.2527 0.891111 0.389442 0.339491 0.51844 -0.605732
31.5124 50.9312 0.925383 0.251908 0.236629 -0.639161 0.671522
44.0989 28.4044 1.14437 0.583419 0.480138 -0.14713 0.12766
31.8485 25.9981 1.2128 0.561645 0.529577 -0.396629 0.387278
71.2271 30.1261 0.991964 0.490459 0.460609 0.468904 -0.523889
29.2684 42.8424 1.04526 0.443639 0.397325 -0.540171 0.571156
70.969 35.6719 0.946416 0.507534 0.474701 0.441554 -0.524332
68.947 38.1842 0.954728 0.320111 0.309836 0.626233 -0.622847
45.5061 52.3156 0.876362 0.0654262 0.00330583 -0.639728 0.766308
81.1048 41.3895 0.810019 0.573727 0.559406 0.389287 -0.407449
77.4759 41.2262 0.871178 0.402837 0.383039 0.577227 -0.586225
31.7762 15.4271 1.32904 0.656243 0.592435 -0.28772 0.277514
69.4557 37.3559 0.907671 0.362212 0.34298 0.591212 -0.619078
35.058 31.5433 1.12654 0.556301 0.459173 -0.359928 0.37537
41.4723 55.4809 0.856419 0.149964 0.0777538 -0.64631 0.73792
85.8245 56.9157 0.643745 0.438111 0.419505 0.529788 -0.565777
31.7145 35.7067 1.09914 0.529451 0.464192 -0.480112 0.500263
42.2735 16.0283 1.30345 0.667253 0.599688 -0.0329325 -0.0256309
81.9261 49.0245 0.754788 0.465231 0.451595 0.512895 -0.540666
29.2991 38.9647 1.07915 0.458588 0.428341 -0.527675 0.543963
51.7937 52.2472 0.76997 0.116975 0.126795 -0.035197 0.0363353
40.2288 27.2812 1.1513 0.574826 0.490864 -0.231737 0.209719
70.9545 33.2133 0.930548 0.444594 0.401599 0.512446 -0.585004
31.8448 8.54068 1.41931 0.660636 0.63011 -0.285606 0.284669
28.1579 35.3572 1.13001 0.448943 0.419281 -0.526988 0.536766
28.0692 19.3182 1.26785 0.616051 0.585077 -0.376575 0.367563
31.3913 41.8332 1.05363 0.436063 0.394564 -0.539998 0.590344
80.3595 58.7505 0.665173 0.390425 0.358109 0.570174 -0.607236
46.8099 49.0583 0.966383 0.11643 0.0349463 -0.622033 0.776007
31.1103 40.6513 1.0442 0.431799 0.380686 -0.512662 0.522192
75.0355 56.4651 0.757371 0.421327 0.410292 0.562753 -0.564697
31.4125 50.7369 0.893361 0.226528 0.231227 -0.581739 0.594882
37.5606 60.9993 0.844197 0.0714369 0.0617128 -0.675874 0.73487
63.1287 31.7448 1.03041 0.541066 0.48755 0.354868 -0.436427
44.4028 53.5341 0.888181 0.160711 0.182206 -0.329465 0.361253
71.8017 40.0908 0.881984 0.430356 0.402984 0.532214 -0.600934
30.9169 30.6112 1.14559 0.498119 0.471294 -0.390675 0.391513
34.251 18.1073 1.29613 0.643764 0.606026 -0.285835 0.272513
39.0696 14.3616 1.33311 0.689624 0.625194 -0.170261 0.138958
40.8473 60.249 0.796197 0.0759276 0.0559948 -0.661189 0.74151
72.3338 37.2114 0.917501 0.48872 0.461219 0.470417 -0.554482
33.8512 17.4877 1.28598 0.622959 0.563438 -0.285654 0.268354
47.3079 57.8105 0.79711 0.0857948 0.0452694 -0.625896 0.715891
56.5671 50.8713 0.747903 0.149563 0.153064 0.271237 -0.338268
31.6376 27.3949 1.19633 0.652186 0.617114 -0.302317 0.307801
33.9208 40.2719 1.03388 0.476803 0.414929 -0.457021 0.46066
48.1056 28.1069 1.14196 0.563008 0.506385 0.0175002 -0.0815636
27.0252 34.0249 1.12565 0.446789 0.416918 -0.515787 0.528678
31.2717 20.1955 1.26136 0.600737 0.555213 -0.342999 0.332145
29.9505 26.7878 1.21628 0.585145 0.569224 -0.385646 0.368439
38.2535 34.3292 1.10534 0.511163 0.427885 -0.286768 0.300696
29.2294 39.8735 1.06073 0.418503 0.348706 -0.564676 0.592542
30.1719 39.7658 1.06467 0.476573 0.430602 -0.508232 0.537412
69.3232 21.9616 1.05743 0.56654 0.526822 0.382281 -0.450755
58.07 17.8275 1.19498 0.649664 0.586058 0.222323 -0.301165
85.4491 53.6129 0.69561 0.467588 0.461322 0.501333 -0.531131
32.6603 35.651 1.07427 0.427815 0.378413 -0.412479 0.421173
22.0546 59.0601 1.00544 0.149192 0.13857 -0.659651 0.725402
35.3483 13.5973 1.34568 0.687479 0.629847 -0.227561 0.217058
33.9075 37.0257 1.07713 0.489798 0.420478 -0.428969 0.421787
47.2141 64.2979 0.794349 0.0813395 0.0375109 -0.636376 0.772605
32.2613 50.179 0.981928 0.230428 0.216644 -0.627273 0.694768
38.3527 46.9532 0.943355 0.495439 0.438119 -0.482852 0.489683
64.5495 20.1827 1.12906 0.627576 0.568516 0.299503 -0.372669
68.0129 32.7515 0.994515 0.523781 0.479991 0.412945 -0.482163
28.2259 37.1927 1.0809 0.423438 0.391354 -0.558856 0.572227
25.9937 40.4167 1.01125 0.332245 0.319375 -0.57423 0.577456
35.0835 47.5648 0.922657 0.17292 0.143788 -0.652138 0.689248
36.5085 31.1048 1.15106 0.575261 0.45502 -0.294554 0.304194
30.2072 25.0322 1.22877 0.577667 0.544091 -0.386596 0.385656
70.6425 39.9987 0.88376 0.41947 0.390688 0.533524 -0.609416
54.4917 32.8178 1.07383 0.513578 0.462924 0.1447 -0.20635
31.4027 42.0943 1.06209 0.447952 0.390653 -0.543398 0.582356
25.5725 39.2473 1.13694 0.506068 0.410981 -0.494428 0.576984
70.666 36.8777 0.930356 0.500919 0.479733 0.435124 -0.528445
69.6015 41.6175 0.881005 0.324986 0.301583 0.608663 -0.647685
66.6082 35.88 0.925147 0.432858 0.40608 0.530246 -0.58086
72.9854 35.3596 0.915818 0.437019 0.396744 0.51698 -0.594593
30.9885 16.6419 1.32125 0.632128 0.588279 -0.307073 0.305564
56.124 15.2373 1.22183 0.651465 0.602215 0.178553 -0.249065
30.4712 20.7127 1.26521 0.671336 0.638105 -0.266063 0.255219
69.5986 16.0632 1.1296 0.630081 0.587153 0.305244 -0.363172
35.0445 62.4587 0.833727 0.163145 0.151962 -0.651302 0.723064
27.0406 18.6149 1.26563 0.597327 0.572261 -0.402164 0.395849
28.0955 18.9957 1.26846 0.580007 0.555155 -0.427336 0.422806
58.5324 34.9835 0.926328 0.401238 0.356925 0.450038 -0.504675
34.5509 62.3044 0.843938 0.184303 0.152586 -0.641445 0.724536
67.1126 21.6237 1.11175 0.604455 0.580845 0.314953 -0.374896
64.3182 20.8304 1.1216 0.614621 0.56554 0.314298 -0.388448
73.7117 50.111 0.806583 0.369694 0.357305 0.607741 -0.593505
76.2745 58.2931 0.726316 0.414449 0.397379 0.571478 -0.570957
74.6489 54.7701 0.784631 0.361738 0.348116 0.604423 -0.601269
26.3422 34.0298 1.13437 0.434137 0.423013 -0.519028 0.52413
74.3164 22.6491 1.01357 0.553956 0.502555 0.405735 -0.48296
30.6163 40.8407 1.05651 0.424328 0.377216 -0.532389 0.529199
32.6743 57.617 0.88432 0.177051 0.17876 -0.648536 0.708968
32.026 16.2063 1.31492 0.644486 0.594631 -0.30219 0.298806
44.9627 45.3194 0.912729 0.0699671 -0.0185346 -0.598752 0.742659
68.7126 26.1341 1.04256 0.564905 0.53085 0.36939 -0.445333
30.4891 14.4896 1.3456 0.652228 0.598178 -0.291122 0.273874
30.5932 50.9326 0.906712 0.20152 0.213701 -0.639961 0.689202
28.4228 24.7867 1.23549 0.57113 0.548152 -0.399194 0.40153
62.164 22.6712 1.12444 0.609406 0.554711 0.300126 -0.378455
73.7216 60.1473 0.69431 0.291079 0.269191 0.598549 -0.669688
39.4259 48.0484 0.968958 0.363832 0.297395 -0.571726 0.666187
35.0564 32.6525 1.11844 0.529941 0.440246 -0.344815 0.351035
68.9109 35.2193 0.947102 0.507591 0.478278 0.419696 -0.516436
75.9043 59.2016 0.714429 0.451901 0.438147 0.539723 -0.539118
68.8426 24.803 1.05477 0.550867 0.515571 0.402258 -0.469156
74.572 39.6522 0.878184 0.401624 0.365974 0.534473 -0.62117
29.8818 33.3876 1.11963 0.45929 0.420452 -0.472635 0.45964
86.0008 58.9512 0.62828 0.442686 0.423235 0.524771 -0.562793
68.326 22.7058 1.0803 0.583409 0.549449 0.346961 -0.422646
72.5099 31.4659 0.9408 0.434966 0.407819 0.525769 -0.584167
28.495 29.2042 1.20378 0.500413 0.474619 -0.472832 0.480804
42.2596 45.0623 0.919006 0.100387 0.083918 -0.294197 0.350644
32.8081 56.5742 0.871175 0.183064 0.185757 -0.646079 0.706984
31.4615 20.221 1.26637 0.59786 0.563621 -0.334124 0.320889
35.7982 47.5721 0.891541 0.237913 0.207324 -0.569844 0.620469
56.4195 17.323 1.22243 0.654078 0.599049 0.188647 -0.261151
49.8566 27.345 1.1579 0.575725 0.518122 0.0531771 -0.120741
57.4722 17.5563 1.20041 0.650019 0.590069 0.213769 -0.291047
30.5101 24.3388 1.21005 0.63452 0.557337 -0.377843 0.374024
70.7764 41.7622 0.861965 0.400407 0.37377 0.54912 -0.617731
73.642 18.8257 1.06359 0.586407 0.540515 0.36957 -0.435837
40.1132 47.9072 0.926974 0.224666 0.169172 -0.641945 0.703258
69.4298 16.2638 1.10839 0.60472 0.556647 0.338949 -0.412676
54.9289 26.9954 1.10276 0.53981 0.503227 0.304213 -0.370084
61.2657 29.9219 1.03127 0.500731 0.429443 0.415004 -0.491141
29.058 31.9984 1.13931 0.51649 0.474612 -0.449778 0.472871
30.7405 26.4868 1.2144 0.578354 0.561092 -0.388223 0.368852
50.2592 25.0352 1.13938 0.598788 0.488435 -0.0161683 -0.0409479
64.404 41.8758 0.826528 0.273566 0.2732 0.573348 -0.669841
37.3571 55.1567 0.83119 0.133199 0.101103 -0.613084 0.670474
72.0795 39.2941 0.892343 0.438936 0.403517 0.530804 -0.591447
64.7599 54.598 0.738281 0.231993 0.229927 0.608203 -0.702449
26.5898 45.6805 1.02249 0.348494 0.332067 -0.594861 0.616878
66.6114 16.154 1.13244 0.629331 0.587336 0.287685 -0.365591
34.3253 17.1373 1.30962 0.66138 0.617737 -0.266526 0.252861
29.5396 42.5373 1.06571 0.451243 0.402673 -0.536858 0.570925
29.0419 44.9062 1.00085 0.32558 0.314942 -0.590567 0.633294
37.1261 48.017 0.895081 0.17894 0.123773 -0.655604 0.702407
70.7324 37.8335 0.890025 0.407303 0.378023 0.534269 -0.613642
55.5403 8.03692 1.28557 0.683403 0.60346 0.117742 -0.198029
29.8776 22.4224 1.26878 0.551607 0.5286 -0.400705 0.394474
50.3142 49.5897 0.940918 0.0717953 -0.0069802 -0.618383 0.785866
44.3641 29.2893 1.10565 0.563839 0.482527 -0.14996 0.122657
69.4437 34.857 0.931206 0.446489 0.419018 0.499565 -0.576166
42.1777 28.5903 1.15353 0.559692 0.494771 -0.129065 0.0887996
71.0575 26.4411 1.02679 0.558403 0.515589 0.400525 -0.466522
28.2238 34.6679 1.13704 0.482484 0.466154 -0.48338 0.495569
36.4616 22.1778 1.24515 0.623739 0.605008 -0.26035 0.248591
27.213 32.8502 1.15203 0.447258 0.414775 -0.511623 0.524827
36.2777 49.0336 0.868695 0.163553 0.127019 -0.634188 0.695449
36.2103 62.331 0.800193 0.11047 0.116101 -0.669832 0.721448
47.058 67.0175 0.717617 0.0421621 0.0221854 -0.649266 0.779397
37.1045 24.8543 1.17166 0.541504 0.490901 -0.241642 0.221217
30.2774 48.4986 0.953852 0.228223 0.261212 -0.604679 0.633308
28.8976 22.382 1.24012 0.57183 0.52148 -0.408927 0.39924
32.7815 32.2317 1.10807 0.524102 0.470434 -0.405636 0.422419
28.0691 47.5028 0.989511 0.304647 0.313414 -0.605068 0.63187
70.9594 31.3399 0.950559 0.464079 0.407542 0.496426 -0.566005
46.0775 39.4782 0.920558 0.27335 0.17136 -0.00513194 -0.00268233
34.2443 34.5548 1.10192 0.498793 0.448721 -0.421148 0.427246
29.4298 55.9448 0.93169 0.169356 0.175054 -0.674009 0.697049
29.4161 33.8473 1.11909 0.501681 0.473037 -0.459403 0.455862
35.1718 63.6455 0.815628 0.150043 0.157164 -0.662423 0.715449
44.1232 50.752 0.875505 0.134485 0.0651107 -0.641768 0.748788
33.9117 12.8522 1.35326 0.700704 0.648016 -0.205467 0.201419
73.1994 40.945 0.862646 0.427684 0.407629 0.522089 -0.608161
74.6318 47.8192 0.812374 0.351311 0.330153 0.565593 -0.658165
65.113 38.2696 0.876164 0.353803 0.321711 0.554521 -0.635955
30.272 34.4399 1.11037 0.513442 0.487318 -0.460504 0.45853
72.5582 40.7985 0.872982 0.434582 0.392481 0.526758 -0.607902
72.3719 19.671 1.07726 0.596953 0.554005 0.339522 -0.412327
85.5333 58.2321 0.64255 0.440009 0.422676 0.527723 -0.564467
29.3361 26.5184 1.22267 0.647431 0.610507 -0.314337 0.323777
46.3518 29.5841 1.12771 0.583768 0.480622 -0.111114 0.0791122
67.8719 26.7268 1.04565 0.57047 0.530324 0.382924 -0.445616
45.3341 34.7774 0.912488 0.284711 0.248665 0.0574662 -0.0780788
67.7622 26.8517 1.04918 0.572931 0.529306 0.369005 -0.439145
66.7028 15.1104 1.16867 0.637709 0.596579 0.254522 -0.318795
63.2164 38.4052 0.858176 0.338428 0.316045 0.533429 -0.624591
67.1485 34.4605 0.93168 0.434775 0.396195 0.509212 -0.581914
43.5748 28.908 1.14729 0.552092 0.503973 -0.0963274 0.0497317
43.4161 27.6275 1.16503 0.563164 0.520079 -0.0673581 0.0152711
62.7786 42.3753 0.975277 0.363059 0.346987 0.347841 -0.41407
70.1139 39.445 0.889761 0.429749 0.392366 0.541608 -0.596679
43.4978 33.444 1.07348 0.466023 0.421136 -0.152189 0.128819
61.1019 31.3343 1.04154 0.547137 0.491426 0.325004 -0.408725
33.8267 43.132 1.0277 0.406377 0.335426 -0.573178 0.623058
27.107 17.0101 1.31462 0.632213 0.586968 -0.356561 0.358442
30.8668 20.5657 1.2685 0.604106 0.564168 -0.334626 0.327894
29.5193 15.8848 1.33091 0.630005 0.595544 -0.353562 0.338335
36.1531 46.1432 0.98515 0.379298 0.305302 -0.576635 0.653103
67.0893 37.5497 0.905932 0.411535 0.381981 0.557087 -0.600898
42.6456 62.1728 0.827767 0.171153 0.131446 -0.65409 0.72825
58.5035 30.0041 0.99704 0.481532 0.414805 0.42364 -0.507898
70.3752 29.1517 1.00472 0.540808 0.506167 0.414553 -0.480078
41.8522 55.5996 0.84934 0.409338 0.347317 -0.573879 0.6065
32.225 29.4951 1.15963 0.573413 0.479987 -0.465649 0.475642
30.0665 21.1129 1.27495 0.608248 0.541808 -0.357251 0.360122
34.9199 64.1281 0.831134 0.147155 0.151474 -0.663809 0.716101
57.7664 38.3101 0.900382 0.360222 0.323121 0.422743 -0.505256
70.0006 36.5765 0.909338 0.438889 0.407071 0.503764 -0.586782
67.1224 33.1898 0.945194 0.436643 0.397603 0.502439 -0.568164
61.7001 16.621 1.18487 0.643584 0.582333 0.254934 -0.330709
31.1726 32.7012 1.13315 0.530335 0.445208 -0.499553 0.508258
27.5392 43.651 1.00719 0.351108 0.320071 -0.584619 0.594999
51.5867 53.5929 0.797013 0.0982743 0.097668 -0.162914 0.189788
30.3301 26.6706 1.22375 0.573142 0.542515 -0.385909 0.38016
28.4374 39.5222 1.06164 0.44126 0.384086 -0.544541 0.558751
72.5243 41.3868 0.86671 0.427205 0.401552 0.53226 -0.604986
76.6544 57.9314 0.720389 0.451789 0.434027 0.543058 -0.542321
29.5082 52.1298 0.914489 0.23551 0.251075 -0.581773 0.58015
72.001 40.2576 0.878995 0.434141 0.404843 0.524734 -0.602801
30.3284 41.9693 1.06286 0.470652 0.401178 -0.541126 0.569072
46.3957 14.385 1.30586 0.676084 0.632587 0.0147562 -0.0720511
39.4915 32.2416 1.09656 0.477675 0.430323 -0.250039 0.230891
34.0891 26.7925 1.2018 0.603352 0.562006 -0.324446 0.31793
43.3266 66.2627 0.7372 0.0833098 0.0485251 -0.6508 0.758433
71.3384 37.1422 0.894105 0.405424 0.377837 0.531989 -0.616805
31.2489 39.6426 1.03925 0.432639 0.368386 -0.549774 0.559508
68.116 18.8744 1.09359 0.608864 0.570441 0.321266 -0.39799
28.8104 30.0633 1.17992 0.510252 0.484957 -0.444349 0.452322
36.8846 58.7587 0.83086 0.0744907 0.0732045 -0.676576 0.732377
73.0681 47.8904 0.819406 0.34356 0.328508 0.566565 -0.660149
36.9841 59.9438 0.860791 0.0836734 0.0802624 -0.683158 0.731301
27.584 29.2237 1.20219 0.52179 0.514652 -0.449225 0.443971
29.2682 34.9338 1.14353 0.528313 0.47414 -0.483645 0.50457
30.0067 23.0627 1.22808 0.566264 0.526441 -0.389282 0.377353
30.2748 51.9503 0.953423 0.180136 0.189926 -0.670918 0.690049
33.7181 53.0324 0.926115 0.149649 0.134864 -0.637203 0.687932
30.4075 21.4152 1.26718 0.670553 0.650306 -0.256413 0.253048
39.6797 68.4317 0.824904 0.0485657 0.0466605 -0.656372 0.746693
32.963 49.6286 0.927112 0.266404 0.247437 -0.618135 0.679083
73.0376 40.2869 0.869901 0.417113 0.382048 0.532039 -0.618305
28.7255 23.1001 1.23874 0.568485 0.508615 -0.417663 0.407287
74.2911 41.3638 0.861812 0.422334 0.404339 0.528821 -0.60778
72.2974 52.4469 0.70272 0.18641 0.190647 0.609292 -0.713199
29.7134 39.3121 1.08625 0.375424 0.3439 -0.566649 0.577867
50.5538 45.2433 0.785907 0.199177 0.186594 0.131559 -0.17865
70.2869 35.029 0.959598 0.490322 0.45941 0.48406 -0.533535
17.0753 52.7737 1.10831 0.209459 0.191835 -0.637957 0.71397
78.4241 56.5898 0.740435 0.401734 0.395215 0.571592 -0.57778
34.5068 13.0529 1.35181 0.700111 0.647934 -0.211801 0.211228
72.5631 33.4684 0.920997 0.431096 0.392248 0.527981 -0.59553
70.6223 44.6917 0.852059 0.357757 0.3214 0.560041 -0.648684
27.2992 34.4349 1.18542 0.450276 0.428867 -0.532484 0.550458
31.3282 23.1465 1.23468 0.641653 0.592627 -0.341822 0.344809
73.3903 50.6887 0.779776 0.324177 0.295521 0.575432 -0.680011
33.746 57.6255 0.868509 0.214347 0.163121 -0.626544 0.698131
70.7079 35.9691 0.941461 0.513696 0.490357 0.42764 -0.519609
75.0278 24.6554 1.00253 0.550809 0.516253 0.407174 -0.482341
28.7911 30.532 1.20085 0.518543 0.51316 -0.444749 0.437359
62.5255 19.7526 1.13644 0.627308 0.572404 0.286369 -0.364317
31.6667 21.1952 1.24903 0.605599 0.567054 -0.329712 0.321528
72.6098 31.6048 0.936549 0.432441 0.397592 0.530033 -0.589827
39.4126 60.2915 0.816948 0.0822792 0.0795896 -0.661348 0.735751
42.7397 61.551 0.805906 0.0755609 0.0581754 -0.665823 0.739523
46.1954 69.4671 0.776685 0.0593352 0.0513815 -0.662716 0.755223
31.4475 32.4462 1.11437 0.507394 0.47873 -0.426205 0.425993
33.5771 43.5422 1.04541 0.438484 0.354219 -0.565078 0.603384
30.1208 33.9458 1.11222 0.468845 0.42221 -0.547028 0.551778
70.632 25.7803 1.03537 0.557143 0.511482 0.395061 -0.46636
71.7068 44.0117 0.85072 0.382879 0.355192 0.556088 -0.637098
33.544 28.437 1.169 0.576901 0.476552 -0.457539 0.482148
68.2066 31.5266 0.965785 0.453495 0.414907 0.491367 -0.562483
20.7464 43.5612 1.14115 0.475106 0.379364 -0.548244 0.581846
38.4732 20.3191 1.26748 0.616269 0.583597 -0.180965 0.154595
26.9294 36.7556 1.09756 0.41165 0.394626 -0.544458 0.548413
73.5953 31.3393 0.933957 0.439208 0.3953 0.522755 -0.584306
69.265 51.0807 0.775076 0.243093 0.236208 0.606461 -0.700833
76.2292 55.9642 0.751454 0.379592 0.359611 0.596918 -0.594036
32.7728 42.4276 1.0272 0.486517 0.435595 -0.514527 0.520597
30.5812 28.72 1.1472 0.500551 0.463783 -0.423744 0.425889
28.1391 28.0223 1.17087 0.50589 0.463884 -0.463792 0.465182
32.2434 23.6058 1.22937 0.598399 0.560618 -0.325667 0.311563
44.5978 58.55 0.813983 0.0763106 0.0263608 -0.658786 0.748753
31.1384 23.8735 1.24711 0.575354 0.521953 -0.385218 0.38927
28.6977 37.571 1.06821 0.413856 0.368168 -0.498755 0.521222
32.9583 15.7394 1.31978 0.644126 0.595178 -0.291338 0.2849
28.7011 46.3884 0.990646 0.327195 0.320402 -0.596281 0.624313
91.637 54.0629 0.587655 0.528619 0.498741 0.433813 -0.486726
50.6859 34.1217 1.06861 0.505077 0.451254 -0.00342784 -0.0351034
36.6082 33.1238 1.10162 0.485806 0.435568 -0.338543 0.333704
39.3641 68.9512 0.81205 0.0547961 0.054946 -0.669057 0.753058
41.1491 54.8126 0.887282 0.13365 0.0990715 -0.647832 0.738928
29.1226 45.7881 1.02725 0.299908 0.306366 -0.608251 0.643488
68.5475 44.5826 0.817632 0.232115 0.234617 0.585497 -0.687728
35.9692 20.2758 1.26557 0.618943 0.573737 -0.229695 0.199369
29.151 51.9258 0.942793 0.192759 0.19832 -0.665223 0.690478
71.2428 35.7196 0.892938 0.416406 0.380293 0.528371 -0.612012
27.4959 34.7029 1.13581 0.462024 0.441488 -0.529767 0.542899
30.2979 25.6051 1.22063 0.571836 0.539089 -0.390511 0.385432
43.2405 48.7068 0.799336 0.186595 0.152616 -0.302325 0.309843
69.6554 15.9146 1.11213 0.615763 0.583174 0.328275 -0.391957
74.5168 47.2563 0.868964 0.350784 0.337978 0.612484 -0.605038
33.1334 42.6887 1.04956 0.429564 0.350791 -0.568683 0.60727
71.4162 33.6137 0.930154 0.453312 0.407903 0.512151 -0.583991
35.3913 28.9642 1.16328 0.563336 0.495204 -0.311359 0.305571
32.3318 18.9961 1.27671 0.612581 0.562099 -0.315922 0.300868
71.6303 38.7476 0.898663 0.419634 0.388202 0.553406 -0.599826
28.3856 50.3633 0.945866 0.206405 0.218228 -0.650373 0.680775
69.915 21.5562 1.07314 0.593683 0.554316 0.354775 -0.423144
29.2714 14.3165 1.31164 0.610252 0.578469 -0.385359 0.384626
45.3764 57.637 0.862267 0.37519 0.309591 -0.587287 0.638498
31.3249 25.0789 1.21612 0.570239 0.51174 -0.390285 0.393999
39.8563 51.138 0.984871 0.413439 0.339945 -0.569199 0.62255
65.846 24.1034 1.09289 0.564667 0.525779 0.364772 -0.433761
29.9739 20.3209 1.26641 0.607922 0.556331 -0.350609 0.351955
30.9183 32.9981 1.12135 0.506007 0.489084 -0.447376 0.445609
60.2945 14.6782 1.22819 0.655723 0.599319 0.202936 -0.266956
58.1181 16.6939 1.20809 0.647218 0.596105 0.217348 -0.295065
33.5117 57.521 0.889595 0.257233 0.242013 -0.597753 0.607357
26.7537 34.6901 1.13747 0.420752 0.411025 -0.519082 0.524234
37.6795 56.5432 0.940082 0.228728 0.181477 -0.662189 0.685091
36.3102 51.1382 0.889041 0.176925 0.129722 -0.647112 0.718791
43.5672 55.7009 0.778395 0.102231 0.0533889 -0.642334 0.71895
78.6539 58.3483 0.705333 0.412872 0.404119 0.568992 -0.566176
38.7745 14.3517 1.32711 0.672498 0.607382 -0.12979 0.0856867
70.4565 25.879 1.04117 0.55635 0.524066 0.393847 -0.456219
35.2685 30.0401 1.14122 0.513798 0.493925 -0.298819 0.282528
67.229 24.0046 1.08294 0.607598 0.550152 0.335345 -0.400175
88.5623 57.3684 0.591738 0.458631 0.439094 0.510607 -0.544528
63.2919 20.2579 1.13284 0.621637 0.573215 0.29373 -0.370018
64.5029 26.7293 1.06627 0.572159 0.533924 0.365109 -0.429452
72.476 40.6039 0.867512 0.416041 0.390387 0.539806 -0.612287
42.1425 39.2405 0.975291 0.238544 0.211266 -0.229476 0.257663
29.6162 32.8151 1.16771 0.54394 0.442331 -0.471169 0.529623
26.0595 17.6165 1.27048 0.604823 0.561833 -0.400491 0.403591
69.8463 17.1029 1.13848 0.607391 0.55154 0.318167 -0.370663
44.8544 53.1504 0.908432 0.136206 0.0615433 -0.635724 0.756547
31.2971 38.6584 1.07341 0.505464 0.423238 -0.505838 0.54873
73.6338 39.1387 0.875058 0.410106 0.370871 0.537325 -0.619728
51.7738 27.07 1.15371 0.578185 0.519912 0.116583 -0.195617
70.7343 37.8031 0.891126 0.405923 0.374947 0.532691 -0.614548
54.6415 43.4122 0.785417 0.251772 0.241787 0.29999 -0.371146
30.9903 39.8873 1.05162 0.461843 0.419217 -0.507644 0.530138
73.0408 40.6057 0.845155 0.39119 0.349308 0.547069 -0.635882
37.1741 14.1449 1.32291 0.669274 0.631715 -0.180804 0.15519
29.1763 47.3106 0.999493 0.273064 0.268411 -0.611982 0.669615
43.9854 27.3793 1.16355 0.599129 0.478651 -0.172368 0.14378
72.8279 18.5061 1.07388 0.597899 0.551021 0.346531 -0.419217
69.3855 36.9362 0.902621 0.427031 0.397691 0.516601 -0.598168
29.0876 19.6334 1.25794 0.644589 0.605118 -0.333534 0.318015
40.033 66.2109 0.844834 0.14972 0.118987 -0.672947 0.719824
36.7816 17.0605 1.28454 0.630518 0.562536 -0.208616 0.175085
31.0229 17.8106 1.31237 0.642806 0.592053 -0.312794 0.311155
30.7988 23.8294 1.21052 0.561751 0.521655 -0.37539 0.362103
73.4606 31.0792 0.944506 0.44246 0.405395 0.521264 -0.57741
32.7148 15.7847 1.33364 0.65714 0.595389 -0.244588 0.222375
68.4209 38.1589 0.918229 0.420244 0.378281 0.547279 -0.588435
27.3006 39.8298 1.10532 0.50574 0.417011 -0.497436 0.570064
39.4268 52.0242 0.889253 0.315735 0.268086 -0.43027 0.45996
43.4811 14.4962 1.30869 0.672195 0.622443 -0.013153 -0.0418664
71.166 35.8232 0.949427 0.495429 0.461013 0.458959 -0.533527
43.6032 52.5715 0.909971 0.134655 0.0638491 -0.640596 0.753935
41.1112 37.42 1.04699 0.515927 0.450874 -0.231176 0.21063
33.7836 25.1274 1.18452 0.56638 0.523792 -0.361996 0.353038
40.1394 53.3731 0.853347 0.395332 0.32201 -0.576294 0.604115
72.3485 55.2294 0.795681 0.406942 0.395005 0.513564 -0.526767
32.3501 43.6173 0.941042 0.236036 0.213324 -0.528755 0.570464
31.5858 39.5134 1.0495 0.44505 0.386829 -0.536839 0.552346
41.478 55.263 0.858949 0.0941131 0.0658572 -0.653865 0.72398
28.8094 34.224 1.12767 0.48419 0.455286 -0.503279 0.513201
28.5286 51.5969 0.946843 0.184554 0.198193 -0.659895 0.694683
39.0862 55.4851 0.845673 0.258753 0.242545 -0.34085 0.337078
27.5409 30.2117 1.13713 0.494103 0.456506 -0.516951 0.5163
41.3825 33.4329 1.1074 0.55416 0.467355 -0.238718 0.222058
29.7494 34.9517 1.11652 0.514999 0.428515 -0.473579 0.503682
32.693 22.4144 1.2266 0.580791 0.523907 -0.328145 0.30563
35.4428 52.5277 0.85566 0.160554 0.141252 -0.6245 0.687697
87.5871 58.4897 0.585294 0.486152 0.479806 0.494299 -0.510197
28.6045 31.7069 1.1423 0.495211 0.443179 -0.488595 0.481554
8.7403 46.2732 1.23113 0.140993 0.194412 -0.670704 0.671136
71.2471 43.8506 0.830036 0.364768 0.333732 0.555703 -0.654433
72.5479 22.2958 1.03745 0.556764 0.519222 0.402211 -0.467792
61.3841 36.4325 0.958119 0.405874 0.365806 0.471601 -0.510475
33.1893 34.3973 1.11106 0.483455 0.438541 -0.415201 0.403517
26.8702 33.2787 1.14354 0.442728 0.42041 -0.501951 0.523392
60.6793 9.17619 1.26419 0.672867 0.602178 0.171763 -0.255003
63.7443 25.9121 1.10168 0.586618 0.52492 0.239244 -0.314185
32.1589 61.5266 0.845643 0.162895 0.167448 -0.654888 0.713982
32.6174 38.1668 1.07296 0.429229 0.375742 -0.435583 0.459417
29.863 42.6713 1.02916 0.391929 0.370094 -0.56212 0.612087
29.5256 40.9518 1.0599 0.455867 0.413734 -0.531814 0.557071
50.3 26.4379 1.12723 0.575698 0.533352 0.0335237 -0.0943628
32.2353 52.3958 0.930906 0.222637 0.218586 -0.642801 0.680584
71.3298 40.3462 0.880415 0.420622 0.381305 0.528578 -0.608966
50.1776 14.5438 1.26227 0.665923 0.610303 0.0872483 -0.156255
38.4005 48.5224 0.972874 0.375219 0.32466 -0.56749 0.637987
85.4475 58.2709 0.642924 0.436085 0.425265 0.530106 -0.559115
72.3571 42.4433 0.86182 0.418868 0.38806 0.527191 -0.613591
27.898 31.6723 1.13548 0.44925 0.413494 -0.502488 0.515277
46.043 21.4097 1.19405 0.621431 0.525474 -0.0519789 0.00704869
31.9349 19.6279 1.27002 0.609003 0.560678 -0.335388 0.322055
37.4466 52.2513 0.893836 0.222121 0.159405 -0.64085 0.714581
37.2876 44.9545 0.991339 0.30576 0.241097 -0.60233 0.68559
40.0965 47.1544 0.922828 0.251443 0.207051 -0.622552 0.704275
63.4424 21.8928 1.12252 0.603989 0.552719 0.319945 -0.39626
15.0126 48.847 1.14364 0.322279 0.282455 -0.604907 0.666236
81.4085 46.9313 0.784931 0.427227 0.410521 0.546805 -0.569393
61.81 11.3566 1.20702 0.651112 0.591485 0.221849 -0.309224
33.6094 14.8112 1.32944 0.65665 0.592436 -0.233368 0.210189
33.1087 20.7741 1.25238 0.608379 0.558138 -0.301584 0.279219
32.6989 36.4127 1.11255 0.532672 0.44926 -0.448239 0.500312
31.506 13.004 1.35357 0.677006 0.635773 -0.265656 0.251056
30.2978 41.1296 1.06893 0.463022 0.42041 -0.525692 0.566808
26.5847 35.954 1.14425 0.53631 0.4526 -0.481265 0.5285
41.6795 63.1022 0.862203 0.192863 0.155034 -0.650777 0.712783
37.1601 52.6328 0.91108 0.236605 0.278033 -0.321248 0.328847
35.6854 54.9831 0.847914 0.141922 0.127599 -0.644391 0.707916
34.7842 19.7771 1.2643 0.617722 0.579792 -0.245828 0.218729
46.2156 47.2238 0.997647 0.073506 0.00267795 -0.612055 0.752062
69.277 17.9266 1.12395 0.625381 0.593106 0.280874 -0.338367
69.7985 41.549 0.846407 0.373075 0.349136 0.543659 -0.62808
28.9308 21.9653 1.25199 0.60849 0.539798 -0.410977 0.410088
30.8667 40.9476 1.06133 0.457908 0.402747 -0.542654 0.568779
33.7259 21.5681 1.25108 0.598778 0.565657 -0.305075 0.297313
33.1637 24.2458 1.21032 0.572594 0.536425 -0.30241 0.27789
61.4141 31.937 1.03783 0.5397 0.492258 0.328283 -0.410266
71.8572 46.8054 0.79063 0.357088 0.346599 0.546754 -0.632547
73.3885 31.2648 0.944168 0.42967 0.400703 0.550054 -0.587506
28.8932 37.2776 1.05598 0.394312 0.356718 -0.551416 0.568413
34.8289 45.8051 0.980336 0.47513 0.420255 -0.518814 0.529921
36.4688 27.7095 1.16844 0.521545 0.484212 -0.255314 0.226696
29.1446 30.22 1.16237 0.660125 0.623483 -0.289512 0.297001
42.173 15.0069 1.29918 0.669019 0.628037 -0.079672 0.0437581
35.9376 64.5652 0.817541 0.0893174 0.0600611 -0.662647 0.747547
39.3994 32.7153 1.10111 0.504229 0.447695 -0.267223 0.242298
72.2814 40.6927 0.872872 0.416251 0.385881 0.526298 -0.613586
57.6047 47.0968 0.767429 0.176191 0.186187 0.44307 -0.528277
70.5022 20.4721 1.07039 0.590098 0.534065 0.34201 -0.4241
