-11.2941 0.27814 11.2845 0.163991 0.856703 0.0673418 0.484317
-13.5147 -0.392685 18.2212 0.165293 0.844936 0.0735576 0.506044
-13.0945 -0.23268 16.7547 0.182687 0.886056 0.0672365 0.427049
24.4045 -0.508805 25.4311 0.165468 0.962073 -0.0242411 -0.217978
16.8959 -0.350702 19.5721 0.13931 0.98851 -0.00343586 -0.0721739
5.25065 -2.18167 37.5831 0.201365 0.970723 -0.00183454 0.0965468
-4.47792 -2.24326 36.7043 0.162589 0.93406 0.0270256 0.318002
-13.0517 -0.104461 15.6789 0.175926 0.877115 0.0777977 0.441353
17.2341 -0.0792042 15.7646 0.216187 0.972131 0.00332472 -0.0673754
-12.9201 -0.285277 17.1924 0.175006 0.841217 0.0765457 0.508872
10.7795 -1.89095 35.8195 0.191156 0.982385 -0.00513382 0.0535543
1.07829 -2.00253 35.9722 0.139094 0.967761 0.00288756 0.197748
16.5363 -0.408084 20.1764 0.148721 0.988064 -0.00645339 -0.0710054
9.62551 -2.13982 37.8372 0.210181 0.980144 -0.00048447 -0.0321877
15.957 -1.78564 36.0385 0.220566 0.974011 0.00675526 -0.0582535
17.6587 -0.198922 17.6809 0.178076 0.98224 -0.000479389 -0.0615254
-10.4801 -0.496286 19.5455 0.200798 0.888736 0.0479881 0.409938
-12.0187 -0.260856 17.5987 0.174404 0.890915 0.0569031 0.420831
10.2044 -2.01032 36.6623 0.217166 0.976998 -0.0037185 0.031292
4.28929 -2.00855 36.4555 0.14783 0.978817 0.00255758 0.141071
4.35833 -1.87842 35.7527 0.115025 0.982007 0.00870622 0.164858
17.4583 -0.0944509 16.2385 0.186759 0.980678 0.00395223 -0.0608288
-13.3929 -0.130094 15.6984 0.177408 0.883073 0.0825339 0.429729
19.5907 -0.858448 26.6492 0.173257 0.978923 -0.0105051 -0.127986
26.8422 -0.367726 24.8015 0.189224 0.956792 -0.0260888 -0.226493
7.26539 -2.36601 38.8331 0.214204 0.980092 0.0123365 0.00479744
13.0057 0.0141606 14.2769 0.223008 0.967073 0.010672 0.0617104
-11.387 -0.24741 17.1308 0.186546 0.888127 0.0590961 0.410564
20.2203 -0.683867 25.4779 0.129158 0.968364 -0.0400473 -0.218752
-4.07349 -1.46944 29.4954 0.179634 0.935247 0.0304075 0.296451
-2.32035 -1.74441 33.574 0.145682 0.955366 0.0193131 0.256997
21.3552 -1.02053 29.7818 0.199303 0.966778 -0.0204187 -0.172397
16.6196 -1.7986 36.2697 0.226534 0.975098 0.000371314 -0.0278876
15.7073 -0.0603327 14.5356 0.254751 0.965231 0.00559196 -0.0202461
-11.7396 -0.756961 22.3239 0.18152 0.898407 0.0595221 0.397602
17.7119 -1.26304 30.2736 0.198197 0.978657 -0.0167285 -0.0971568
-5.34183 -1.0691 27.0346 0.170512 0.938166 0.0263971 0.303859
8.66706 -2.2519 38.2068 0.230579 0.974434 0.0166839 0.0252591
22.9234 -0.894493 28.9289 0.187045 0.96868 -0.0360868 -0.172959
16.0828 -0.54622 21.1371 0.202856 0.979626 -0.00486262 -0.0664559
-6.77652 -1.42713 29.7936 0.17833 0.938422 0.0232904 0.305239
2.47104 -2.187 37.4583 0.176846 0.97407 -0.00906477 0.113623
16.5141 -0.666661 22.7544 0.208353 0.977369 -0.0140074 -0.0766243
24.9503 -0.663667 27.5612 0.173305 0.966398 -0.0360733 -0.198648
-3.01055 -1.84729 34.1894 0.117632 0.957738 0.00125532 0.261372
20.0571 -0.864546 27.0396 0.182893 0.975856 -0.00592809 -0.136334
20.5671 -0.5296 23.3028 0.161598 0.971733 -0.0219725 -0.182211
26.2344 -0.317765 23.8575 0.190554 0.950391 -0.0404063 -0.246465
7.15064 -2.32928 38.8158 0.195185 0.986173 -0.000522259 -0.0178147
-1.3526 -2.04802 36.4625 0.122822 0.964907 0.00937443 0.223478
6.03685 0.378568 11.2223 0.218181 0.941377 0.0260023 0.256415
-8.48809 -1.5475 30.7596 0.14902 0.934473 0.0361173 0.326515
-9.86526 -0.913186 24.1172 0.180901 0.911314 0.0342143 0.375039
14.6093 -1.80988 35.7767 0.231271 0.97253 0.000730631 -0.055177
17.6718 -0.789082 24.8912 0.169045 0.980209 -0.00731004 -0.118396
-8.17672 -0.742924 22.6136 0.203899 0.907225 0.04013 0.364914
20.7161 -1.17587 31.0465 0.212023 0.969178 -0.0246282 -0.147031
6.06474 0.352636 11.3506 0.221429 0.942909 0.0257907 0.243878
9.86121 -2.09548 37.6038 0.195476 0.9837 -0.0129196 -0.0299955
17.036 -0.0520395 15.4077 0.198191 0.974634 0.00867419 -0.0687911
10.1577 -2.17409 37.8193 0.228399 0.975016 0.0128653 0.0158469
19.284 -0.759649 25.1685 0.200816 0.971002 -0.0213359 -0.144546
24.6029 -0.793174 28.5161 0.196669 0.968623 -0.0109175 -0.165611
-1.4697 -2.27823 37.4997 0.172174 0.948641 0.00332649 0.238383
-10.8221 0.298248 11.2138 0.174033 0.849648 0.0599269 0.495241
-10.433 -0.161838 16.3515 0.178531 0.891355 0.0590972 0.400639
14.1577 -1.80348 35.6933 0.222991 0.975236 0.00264811 0.00176312
16.5659 -0.713389 23.686 0.17576 0.980011 -0.010518 -0.115963
14.3455 -1.73531 34.5384 0.211192 0.980291 -0.0107181 -0.0114531
-12.4647 0.0528982 13.2893 0.156423 0.827656 0.0604817 0.531787
-6.87955 -1.67336 32.2308 0.128238 0.937599 0.016958 0.327258
-13.4063 -0.289805 17.2877 0.159104 0.856155 0.0798916 0.48409
-5.38661 -2.20785 36.5548 0.164403 0.932962 0.0169825 0.322228
-6.94349 -1.37582 28.5614 0.195594 0.916529 0.0448544 0.34054
3.7216 -2.34816 39.7911 0.126826 0.983845 0.00140786 0.123932
-11.9274 0.245795 11.4351 0.161323 0.846391 0.0633374 0.502514
-12.2741 0.234005 11.6142 0.154905 0.839597 0.0574646 0.520063
-1.82641 -2.19954 37.4769 0.118421 0.967709 0.00487916 0.221781
-7.12002 -1.45544 30.3136 0.145238 0.93934 0.0165229 0.316141
16.5702 -0.695166 23.169 0.193092 0.978228 -0.00668834 -0.102358
7.30582 -2.09558 36.8517 0.201999 0.978671 -0.000173253 0.027704
11.2543 0.10019 14.0877 0.215608 0.967676 0.0329014 0.124025
-12.1109 -0.298788 16.8236 0.158689 0.824747 0.0671247 0.529725
-10.6563 -0.741544 22.1207 0.190158 0.893399 0.0550979 0.400302
22.4055 -0.616645 25.7476 0.147879 0.970002 -0.0437521 -0.199246
8.92768 -2.05144 36.8701 0.208467 0.979756 -0.010473 0.0280952
-5.87709 -1.50361 30.4441 0.189195 0.93575 0.0304309 0.300021
-12.5015 0.00598803 13.7196 0.163076 0.824689 0.0640174 0.538792
-12.5655 -0.0170749 13.8276 0.161618 0.823772 0.0662042 0.537517
19.7336 -0.658576 24.1934 0.175799 0.971359 -0.0204932 -0.162135
-6.1172 -2.26951 37.3243 0.146922 0.950464 0.0136785 0.283576
-12.7642 -0.389177 18.1593 0.173864 0.838907 0.0795306 0.512617
4.55542 -2.19929 37.7609 0.200937 0.979298 0.00348936 0.0819702
-12.9971 -0.0319937 14.2142 0.157648 0.837911 0.0742001 0.513932
6.701 0.239102 12.4271 0.223686 0.948272 0.0237901 0.213664
20.7735 -0.972407 28.8728 0.188096 0.972413 -0.0147926 -0.157537
16.4204 -0.613856 21.9588 0.209014 0.97586 -0.00185179 -0.0897639
-12.0093 -0.0274337 14.4835 0.179841 0.846668 0.0807972 0.492774
17.1475 -1.84356 36.9104 0.225694 0.974885 -4.59098e-05 -0.0394396
-11.3667 -0.301798 16.7431 0.162789 0.833573 0.0674408 0.51234
-13.0187 -0.280739 16.8092 0.152351 0.830526 0.0667652 0.531362
-12.9342 -0.356689 17.7484 0.166987 0.845134 0.0835384 0.50124
20.9582 -1.18783 31.1734 0.18955 0.969746 -0.0231689 -0.168291
-4.52438 -2.26969 36.8174 0.168205 0.931179 0.018765 0.320512
12.0872 -2.00226 37.2486 0.19963 0.980886 -0.00352937 -0.0439587
9.29069 -1.86161 34.7302 0.210459 0.977796 -0.00149321 0.0481104
19.9479 -0.724939 24.8839 0.205369 0.965875 -0.0212113 -0.167773
11.3634 -1.89649 35.7978 0.235764 0.974024 0.0112668 -0.00374053
15.3136 -1.83782 36.1622 0.223828 0.975843 -0.00301188 -0.0113769
-13.183 -0.146824 15.5715 0.163936 0.835881 0.0654645 0.523739
-6.88607 -1.23071 28.1991 0.159123 0.940425 0.0167136 0.308233
15.1183 0.0149646 14.5794 0.254934 0.967112 0.0119918 0.000512353
3.87823 -1.54141 32.1936 0.151124 0.970456 0.0196241 0.200487
5.71395 0.359115 10.7318 0.257688 0.925955 0.0388617 0.269705
19.1149 -0.632171 23.9663 0.136948 0.970307 -0.0279101 -0.196227
15.6908 -1.65785 34.1934 0.209292 0.980982 -0.0040483 -0.0234313
-7.10839 -1.41597 29.6752 0.165643 0.941921 0.0261644 0.300534
25.5595 -0.613558 27.0975 0.172312 0.958562 -0.0212459 -0.226823
19.7492 -0.717749 24.9608 0.206234 0.965379 -0.0250471 -0.170328
13.6043 -1.84271 35.7828 0.23064 0.973024 -0.000532789 0.0129833
-0.268025 -2.41232 39.6999 0.14817 0.972819 -0.0041167 0.175621
5.66198 0.386951 11.0689 0.222937 0.935887 0.0239242 0.275557
3.40966 -2.27966 38.7033 0.177673 0.986003 -0.00248562 0.0848547
-11.8912 0.253146 11.4984 0.166389 0.838598 0.0581896 0.517928
16.9898 -1.82077 36.6452 0.227992 0.973382 0.00985327 -0.0502011
0.207003 -2.30386 38.1177 0.151712 0.96073 -0.00705268 0.198451
-3.77417 -2.27232 37.0478 0.160192 0.93712 0.0171472 0.298183
20.3303 -0.66164 25.2162 0.143078 0.968918 -0.0442028 -0.206767
-12.8547 -0.17306 15.7777 0.156646 0.842123 0.0772785 0.50627
-10.5128 -0.774291 22.7269 0.190377 0.901824 0.0510269 0.38436
0.0374549 -2.02618 36.2819 0.134704 0.967453 0.0136598 0.215354
-2.31224 -2.23891 37.8223 0.129221 0.966764 0.00926463 0.223868
16.4389 -0.504828 21.0808 0.162406 0.985645 0.00073867 -0.0831724
-10.9558 -0.795334 22.6459 0.19287 0.898574 0.0487439 0.393951
-8.40239 -1.46253 29.8821 0.165343 0.938019 0.0265234 0.313087
-0.358493 -2.02251 36.3844 0.127316 0.963552 0.00458612 0.228469
-12.4471 -0.289255 17.1483 0.178246 0.845946 0.0857032 0.494345
-7.82728 -0.646399 21.5641 0.20143 0.910034 0.0332826 0.359125
15.762 -1.66314 34.2514 0.21219 0.981284 -0.00305871 -0.0212154
11.4469 -1.84247 35.0868 0.22176 0.976106 0.0039855 0.024409
-3.16278 -2.27704 38.0266 0.126444 0.964197 0.00069368 0.238087
0.512696 -2.49781 40.5566 0.119901 0.978937 -0.00348489 0.164238
10.7311 -1.87199 35.7419 0.203624 0.978742 0.0100545 0.05137
-3.87517 -2.26705 37.7675 0.130626 0.962532 0.0154578 0.244298
15.8155 -0.0484206 15.1377 0.257062 0.96717 0.0063808 0.00111857
-5.77242 -1.01301 26.4222 0.171564 0.9376 0.0169214 0.309998
16.2389 -0.544517 21.1532 0.184564 0.98119 0.000823765 -0.0800893
16.1899 -1.73478 35.5157 0.227435 0.973648 0.000723236 -0.0329043
-12.5009 0.0456031 13.3229 0.154371 0.83956 0.062627 0.521451
-5.34229 -1.78299 33.5719 0.128041 0.949869 0.0225509 0.286698
-13.2828 -0.202958 16.632 0.165037 0.865065 0.0730646 0.469518
-5.08676 -1.89048 34.2438 0.10744 0.944523 0.016914 0.306167
3.319 -2.26229 38.732 0.141767 0.975912 -0.0207224 0.131694
-12.0279 0.230662 11.8917 0.164558 0.843392 0.060784 0.509412
11.516 -1.95873 36.2411 0.225355 0.975498 -0.00219362 0.00213167
8.13833 -2.10509 37.2351 0.210729 0.980608 -0.0064099 0.0101296
14.6415 -1.80757 35.6965 0.221435 0.975972 -0.0133974 -0.0241414
-6.6377 -1.11148 27.1901 0.167573 0.934252 0.0313805 0.318118
-6.86988 -1.42336 29.7699 0.179583 0.939221 0.0278383 0.301292
20.9409 -0.869072 27.4698 0.181613 0.97636 -0.0100206 -0.136208
4.66316 -2.10066 36.6441 0.192818 0.974655 -0.00504975 0.115813
19.5412 -0.461538 22.2277 0.157889 0.972542 -0.0310212 -0.173171
16.2764 -0.0212602 15.0389 0.228956 0.970496 0.000446294 -0.0413131
15.982 -0.0376872 14.6581 0.230929 0.968911 -0.00819509 -0.0104624
-7.59277 -1.12348 26.8488 0.18345 0.924422 0.0302051 0.338658
6.18731 0.333101 10.6683 0.284166 0.918388 0.0449996 0.260821
6.93072 -2.41312 39.3277 0.212379 0.982522 0.00151988 -0.00988232
-6.7822 -1.14681 27.3603 0.168322 0.936613 0.0274496 0.313617
17.5327 -0.204021 17.6507 0.158566 0.985539 0.00672394 -0.049464
-6.25026 -1.18536 27.7701 0.174019 0.932563 0.0190173 0.32292
-11.7478 0.15108 12.3681 0.150815 0.838242 0.0563117 0.514529
2.21692 -1.77546 34.6737 0.0985882 0.971653 0.00795228 0.2026
2.72607 -1.61243 32.7687 0.150359 0.963911 0.0178913 0.22036
1.31336 -1.82759 34.6488 0.126776 0.967505 0.0246341 0.219296
-11.9915 -0.339619 18.0493 0.195369 0.878282 0.0637217 0.433417
-6.88711 -1.77491 33.1482 0.134229 0.933518 0.016036 0.335434
2.54105 -1.58319 31.8258 0.174895 0.966256 0.0125428 0.194682
-13.0138 -0.0537132 14.5763 0.157258 0.839433 0.061864 0.522417
17.4125 -0.237811 18.4355 0.150901 0.988547 -0.0067061 -0.0502634
20.0621 -0.797102 26.0682 0.183418 0.968973 -0.0208746 -0.173394
