-6.96939 15.4906 1.73257 0.289164 0.243409 -0.612772 0.678177
-8.61925 4.01013 1.79473 0.462025 0.419287 -0.541924 0.53365
-7.37598 -7.78379 1.80843 0.65537 0.640854 -0.248229 0.219526
-6.66107 19.1335 1.81096 0.190188 0.190515 -0.668588 0.687018
-3.43297 -9.5067 1.80589 0.708829 0.668943 -0.207634 0.11498
-6.84863 12.0908 1.69363 0.333188 0.313098 -0.583521 0.649936
-6.69588 -7.1825 1.79651 0.661334 0.618434 -0.279292 0.280467
-10.1543 -2.85409 1.90182 0.611915 0.544314 -0.41508 0.394012
-5.79821 -5.8684 1.80879 0.658571 0.611948 -0.313907 0.298606
-5.42615 -9.62594 1.81385 0.686689 0.674123 -0.211948 0.124805
-4.32149 -8.72148 1.75991 0.699664 0.64399 -0.189582 0.184657
-7.01469 13.3918 1.69514 0.325881 0.309719 -0.590523 0.659593
-2.39325 -9.92268 1.78437 0.704802 0.671744 -0.159723 0.0809705
-3.23458 -8.62624 1.78376 0.704855 0.657213 -0.231375 0.153127
-8.01535 5.15173 1.78958 0.451801 0.418818 -0.53098 0.540747
-5.88735 -7.57056 1.78585 0.677609 0.625839 -0.248498 0.235281
-10.7637 5.30059 1.78104 0.448187 0.432512 -0.523068 0.580238
-11.1827 -8.22138 1.92453 0.641402 0.641905 -0.312765 0.296273
-7.7066 9.72512 1.70712 0.380918 0.368204 -0.532141 0.622596
-7.19084 14.4174 1.7132 0.301797 0.269912 -0.603829 0.67423
-9.66346 4.16272 1.76038 0.449253 0.417554 -0.542492 0.551355
-10.776 5.18179 1.77391 0.45693 0.438861 -0.513242 0.574373
-7.19266 -3.88067 1.80309 0.61575 0.586984 -0.342648 0.371104
-8.18538 4.74351 1.79586 0.45649 0.421214 -0.542281 0.535718
-1.52749 -9.83807 1.73289 0.716028 0.666407 -0.115328 0.121879
-6.50682 -4.69346 1.82049 0.640196 0.602293 -0.320898 0.358756
-4.94782 -6.8985 1.80348 0.675281 0.632323 -0.299999 0.231954
-7.40017 20.0543 1.79859 0.177655 0.182905 -0.672624 0.690996
-3.64495 -9.72196 1.7939 0.71048 0.651642 -0.175294 0.148573
-9.54829 -3.13966 1.88178 0.614574 0.551747 -0.398035 0.388392
-7.1191 13.316 1.69282 0.323141 0.296895 -0.592734 0.664348
-2.09657 -9.59009 1.72804 0.709206 0.661523 -0.134751 0.132282
-3.23481 -6.70544 1.71479 0.657012 0.621075 -0.171925 0.171083
-8.99406 3.58121 1.78738 0.468495 0.430623 -0.530909 0.524916
-2.12897 -9.35836 1.74485 0.700974 0.671622 -0.188617 0.133811
-8.55064 -1.00364 1.83277 0.577791 0.575268 -0.366222 0.423651
-8.23709 5.89545 1.66739 0.387697 0.378458 -0.518281 0.564455
-2.91126 -8.8307 1.77426 0.698937 0.665601 -0.226186 0.144282
-3.75031 -8.25637 1.78111 0.694734 0.657508 -0.250425 0.166305
-6.67143 15.4191 1.74164 0.283593 0.238793 -0.621328 0.678048
-9.16807 -8.29159 1.8668 0.650588 0.653738 -0.294339 0.251215
-11.2109 -7.84654 1.91727 0.640473 0.634114 -0.317338 0.303995
-6.45583 17.4367 1.78584 0.222332 0.208029 -0.654066 0.678642
-6.74675 12.4574 1.68809 0.330595 0.315324 -0.581846 0.647677
-8.28992 -1.32438 1.83677 0.585299 0.587234 -0.362241 0.403606
-9.43829 7.59745 1.72589 0.404025 0.389961 -0.529612 0.617543
-2.60599 -10.928 1.81474 0.712315 0.675276 -0.1641 0.0730491
-8.44209 -8.08727 1.8305 0.640374 0.647626 -0.297376 0.234796
-11.5098 -8.00152 1.93179 0.638933 0.63752 -0.318104 0.306073
-6.66701 15.9789 1.74739 0.271821 0.230285 -0.624965 0.677615
-9.22982 5.6766 1.76066 0.426646 0.397901 -0.550587 0.565232
-3.28448 -9.32036 1.77902 0.702743 0.666103 -0.211672 0.132432
-3.48012 -10.5016 1.81255 0.700778 0.688198 -0.163152 0.0693976
-7.56669 -5.04675 1.82963 0.634114 0.59062 -0.331347 0.361808
-5.23445 -4.29683 1.73486 0.62434 0.604201 -0.242264 0.25796
-6.12237 -5.21207 1.81344 0.64542 0.604364 -0.319374 0.346648
-9.01497 -0.168286 1.8414 0.56628 0.555171 -0.391032 0.437282
-9.90222 -1.96443 1.8843 0.597028 0.528553 -0.43466 0.407939
-6.57052 14.9623 1.73379 0.282337 0.247578 -0.62392 0.675583
-10.7193 -7.83957 1.89891 0.642707 0.632349 -0.310654 0.302295
-1.10034 -8.83632 1.75095 0.713092 0.671293 -0.128316 0.077074
-10.2118 -7.84918 1.88788 0.646062 0.638795 -0.303111 0.289257
-6.29775 -5.83198 1.80828 0.641415 0.606558 -0.311433 0.35657
-8.0116 -1.97886 1.78532 0.555954 0.529685 -0.429122 0.406111
-2.505 -9.89284 1.7678 0.716354 0.66279 -0.156063 0.126852
-8.87333 -0.781682 1.84853 0.57276 0.57944 -0.378925 0.42418
-8.19584 2.41784 1.70461 0.460563 0.430857 -0.485796 0.510399
-8.04522 9.31791 1.71153 0.390702 0.374572 -0.5271 0.621686
-5.06893 -8.02481 1.76772 0.687259 0.63593 -0.217932 0.196012
-10.9367 -7.99391 1.90893 0.642002 0.638155 -0.311091 0.297906
-6.60078 16.0449 1.75545 0.262996 0.23982 -0.629664 0.675806
-2.49316 -10.5649 1.78846 0.713893 0.672229 -0.154797 0.0890094
-2.54405 -9.25713 1.75037 0.696934 0.667426 -0.207659 0.151924
-6.03276 -5.02856 1.8077 0.641916 0.603127 -0.320578 0.355839
-6.73171 -4.51228 1.82124 0.638601 0.60365 -0.315785 0.358292
-8.7212 -3.99057 1.85887 0.625194 0.568499 -0.367443 0.375523
-10.0869 4.85533 1.76884 0.443656 0.418876 -0.532581 0.570611
-2.98139 -6.31074 1.70011 0.648615 0.613636 -0.174711 0.177501
-8.49487 6.47078 1.71472 0.398979 0.376661 -0.542502 0.584939
-7.54137 -6.67887 1.82466 0.652074 0.610989 -0.304557 0.313977
-6.46063 15.3276 1.74433 0.276539 0.245702 -0.627141 0.673958
-7.13007 12.1602 1.69026 0.337676 0.318306 -0.577412 0.651149
-6.92207 13.41 1.69822 0.329169 0.317967 -0.586106 0.658695
-7.3893 11.1192 1.69311 0.35713 0.342912 -0.553026 0.63855
-9.20617 3.61392 1.76936 0.457576 0.423335 -0.538574 0.539714
-3.08508 -9.92644 1.79438 0.709329 0.673271 -0.187064 0.102174
-2.68995 -10.8681 1.81627 0.712147 0.67762 -0.161357 0.0712648
-1.77105 -10.3785 1.82137 0.703931 0.684307 -0.147738 0.0331494
-7.08978 -6.10734 1.82173 0.647093 0.606904 -0.308419 0.345724
-6.90322 12.3252 1.68928 0.330986 0.309685 -0.585515 0.649516
-7.12135 11.4608 1.68228 0.345085 0.32996 -0.564553 0.639011
-8.75125 1.62214 1.84039 0.52648 0.47465 -0.493145 0.477942
-8.46395 3.64492 1.80186 0.502864 0.485484 -0.452063 0.486912
-10.4518 5.3665 1.7648 0.439034 0.418918 -0.529179 0.585875
-2.05063 -8.72146 1.65299 0.638554 0.6298 -0.127856 0.0686999
-1.34141 -9.17857 1.75163 0.712118 0.67211 -0.157129 0.101329
-9.54182 4.10348 1.76277 0.444637 0.412833 -0.546159 0.553609
-11.189 -8.18272 1.93109 0.642252 0.638582 -0.313473 0.302018
-3.58386 -9.29966 1.79737 0.709908 0.652739 -0.21137 0.150092
-11.3288 -7.98358 1.92284 0.641541 0.636465 -0.309661 0.307069
-6.58188 -5.73921 1.8087 0.640342 0.603481 -0.309915 0.355353
