0,73379.90625
1,51165.1757812
2,36566.0546875
3,29494.546875
4,24758.59375
5,19980.5859375
6,16942.5488281
7,15282.8154297
8,13326.6318359
9,12056.0410156
10,11190.5390625
11,9555.07910156
12,9575.76074219
13,8195.51367188
14,8669.70898438
15,7846.47265625
16,7370.63671875
17,7669.40185547
18,7226.59765625
19,6979.015625
20,6804.94726562
21,6240.41064453
22,7156.40332031
23,5398.94482422
24,5686.42333984
25,5536.70849609
26,5174.0078125
27,5367.1875
28,5686.73388672
29,5456.95019531
30,5050.52294922
31,5123.49951172
32,5036.19140625
33,4867.56738281
34,4838.6796875
35,4587.16210938
36,4404.84570312
37,4819.72119141
38,4280.36621094
39,4527.61035156
40,4036.74682617
41,4330.80322266
42,3942.28735352
43,4291.61865234
44,3780.63745117
45,3791.71972656
46,3838.65649414
47,3718.39672852
48,3612.13183594
49,3823.52026367
50,3793.88476562
51,3858.07055664
52,3842.49291992
53,3648.921875
54,3761.03417969
55,3498.22949219
56,3696.87792969
57,3554.51147461
58,3217.22363281
59,3302.39697266
60,3464.82495117
61,3333.11010742
62,3211.63793945
63,3176.19482422
64,3016.41894531
65,3265.94873047
66,2909.70336914
67,2831.9765625
68,2948.87744141
69,3133.07983398
70,3093.16113281
71,2710.30297852
72,2803.76464844
73,2661.57128906
74,2452.09594727
75,2683.38232422
76,2567.77783203
77,2442.38500977
78,2542.89892578
79,2639.59790039
80,2347.92333984
81,2500.39404297
82,2389.02026367
83,2341.88305664
84,2206.25415039
85,2499.63647461
86,2227.62646484
87,2391.74462891
88,2326.68579102
89,2520.63696289
90,2205.35595703
91,1975.21362305
92,1784.1081543
93,2078.30566406
94,1972.99438477
95,2014.98388672
96,1910.40258789
97,1988.5234375
98,2003.76782227
99,1849.51391602
100,1956.75610352
101,1865.79516602
102,1804.35546875
103,1954.3572998
104,1789.09655762
105,1771.56518555
106,1739.22790527
107,1845.53161621
108,1819.16467285
109,1717.86535645
110,1759.71105957
111,1756.99987793
112,1676.67407227
113,1577.69995117
114,1727.96838379
115,1722.5579834
116,1678.88317871
117,1561.15905762
118,1646.30310059
119,1577.4095459
120,1623.73620605
121,1670.47241211
122,1681.83337402
123,1673.92626953
124,1651.56860352
125,1620.58728027
126,1626.54101562
127,1580.80041504
128,1444.04394531
129,1613.1126709
130,1524.64953613
131,1576.21875
132,1691.20556641
133,1553.31713867
134,1591.95751953
135,1556.02319336
136,1490.40429688
137,1514.39135742
138,1428.78723145
139,1371.02026367
140,1508.5526123
141,1428.15368652
142,1431.85534668
143,1400.58447266
144,1410.64697266
145,1542.49243164
146,1493.2734375
147,1480.44897461
148,1560.04577637
149,1587.78295898
150,1425.71911621
151,1406.99487305
152,1401.84887695
153,1493.27514648
154,1589.09802246
155,1357.08068848
156,1425.55908203
157,1454.46166992
158,1322.13061523
159,1434.1763916
160,1390.08361816
161,1447.0670166
162,1428.20605469
163,1479.67700195
164,1381.48828125
165,1410.78967285
166,1328.73596191
167,1557.00024414
168,1435.25195312
169,1359.42236328
170,1426.51196289
171,1326.74914551
172,1294.51159668
173,1342.18225098
174,1443.57348633
175,1233.70153809
176,1313.29785156
177,1350.44470215
178,1318.05969238
179,1336.10424805
180,1348.72131348
181,1351.66577148
182,1371.81799316
183,1314.17077637
184,1417.55310059
185,1350.94470215
186,1275.1138916
187,1361.06591797
188,1300.80859375
189,1376.71594238
190,1417.96716309
191,1321.36291504
192,1346.22912598
193,1339.61486816
194,1508.72875977
195,1379.23669434
196,1285.61572266
197,1384.64306641
198,1342.21813965
199,1288.70996094
200,1209.17541504
201,1332.02880859
202,1345.66223145
203,1239.16601562
204,1303.7355957
205,1294.97436523
206,1395.42773438
207,1258.14990234
208,1301.90124512
209,1267.92858887
210,1266.16992188
211,1318.1640625
212,1326.88122559
213,1300.35827637
214,1337.85510254
215,1354.30419922
216,1212.79174805
217,1374.98754883
218,1361.5168457
219,1311.98596191
220,1257.56872559
221,1322.86633301
222,1315.68371582
223,1388.453125
224,1292.85583496
225,1281.78515625
226,1189.04492188
227,1298.45007324
228,1255.90649414
229,1242.57189941
230,1296.2677002
231,1262.2923584
232,1250.50268555
233,1285.36291504
234,1330.92480469
235,1353.21166992
236,1276.72229004
237,1254.75964355
238,1240.0279541
239,1207.85900879
240,1175.3581543
241,1182.59326172
242,1215.00305176
243,1179.61315918
244,1223.38916016
245,1170.58398438
246,1113.22595215
247,1203.25732422
248,1286.90893555
249,1240.71960449
250,1176.23876953
251,1179.98510742
252,1129.72216797
253,1295.87304688
254,1297.06115723
255,1172.10388184
256,1179.50354004
257,1216.07580566
258,1207.00793457
259,1174.48522949
260,1273.91320801
261,1280.4597168
262,1163.52587891
263,1163.50341797
264,1325.70788574
265,1232.99890137
266,1237.89880371
267,1228.78063965
268,1371.97546387
269,1187.91833496
270,1103.5645752
271,1138.83227539
272,1177.86413574
273,1118.25793457
274,1171.76647949
275,1180.61230469
276,1178.47875977
277,1135.7175293
278,1168.18518066
279,1178.22583008
280,1187.71875
281,1235.00793457
282,1143.27880859
283,1115.04992676
284,1151.95263672
285,1138.98779297
286,1162.34509277
287,1071.11315918
288,1106.42956543
289,1202.15429688
290,1179.79443359
291,1182.01416016
292,1124.85913086
293,1091.0657959
294,1210.94970703
295,1188.6842041
296,1152.69641113
297,1136.67150879
298,1163.61413574
299,1081.06970215
300,1078.66430664
301,1187.51098633
302,1160.12414551
303,1093.91894531
304,1225.04125977
305,1161.3125
306,1133.14929199
307,1174.11230469
308,1147.25476074
309,1197.10339355
310,1242.32275391
311,1293.8425293
312,1008.80218506
313,1062.58703613
314,1120.07043457
315,1173.58337402
316,1122.58044434
317,1140.11535645
318,1061.42443848
319,1185.52941895
320,1109.6484375
321,1036.30114746
322,1090.98132324
323,1103.08959961
324,1133.41845703
325,1086.08581543
326,1067.10839844
327,1089.73425293
328,1170.72570801
329,1100.74389648
330,1085.47375488
331,1084.71264648
332,1063.50463867
333,1130.75048828
334,1088.83544922
335,1147.49694824
336,964.918151855
337,1056.37731934
338,974.206176758
339,1038.88879395
340,1058.52416992
341,1120.81738281
342,1071.71679688
343,1085.2532959
344,1095.52319336
345,1065.51049805
346,1111.40380859
347,1099.11462402
348,1182.43969727
349,1054.44921875
350,972.010742188
351,1064.45373535
352,1163.55761719
353,1043.6652832
354,1069.3527832
355,1053.81335449
356,1095.48156738
357,1044.97387695
358,989.477722168
359,1094.98193359
360,1122.95202637
361,1107.59643555
362,1049.99829102
363,1065.67419434
364,1061.55041504
365,1064.46179199
366,1138.71020508
367,1038.13256836
368,1198.42956543
369,1094.29382324
370,984.796325684
371,1071.57580566
372,1058.95288086
373,1020.64990234
374,1121.73913574
375,994.427429199
376,1086.73913574
377,1117.22070312
378,1040.37646484
379,995.744140625
380,1140.43444824
381,1106.39208984
382,1108.72766113
383,1031.78967285
384,957.764648438
385,1102.5625
386,1031.93798828
387,1031.05664062
388,985.619934082
389,969.130981445
390,1022.34814453
391,1020.84051514
392,1042.32739258
393,967.725219727
394,987.366577148
395,989.701477051
396,1023.16809082
397,1033.61401367
398,995.837890625
399,1005.12109375
400,1066.16992188
401,1033.31640625
402,1035.74169922
403,1059.1348877
404,997.004272461
405,1005.80444336
406,1008.97528076
407,978.920959473
408,991.58215332
409,1011.97558594
410,1127.43676758
411,1079.7869873
412,1065.46313477
413,1055.41137695
414,1071.34643555
415,1035.85668945
416,1067.36938477
417,941.878112793
418,1006.59277344
419,1009.60046387
420,926.515808105
421,1021.91619873
422,1000.13684082
423,960.03717041
424,998.852172852
425,1030.30603027
426,1022.43713379
427,1018.65625
428,972.023681641
429,1087.26672363
430,1117.53015137
431,951.108703613
432,1012.46276855
433,953.599975586
434,1044.10974121
435,1095.51257324
436,985.587341309
437,997.828125
438,1013.77630615
439,1033.9251709
440,1121.65563965
441,1000.54943848
442,959.738769531
443,1039.26257324
444,1032.09887695
445,954.472961426
446,938.678283691
447,947.385742188
448,1018.93035889
449,1042.52966309
450,1045.99072266
451,973.502685547
452,910.579467773
453,1036.12255859
454,987.54309082
455,976.100585938
456,1018.68865967
457,1032.62915039
458,1037.17944336
459,1007.54748535
460,948.806518555
461,905.721679688
462,1074.4329834
463,1025.71740723
464,977.998291016
465,1036.73742676
466,976.774963379
467,962.376647949
468,1078.65234375
469,963.26965332
470,928.248352051
471,1024.47973633
472,1004.90612793
473,969.069946289
474,953.948913574
475,969.313964844
476,965.745727539
477,951.661193848
478,1014.25250244
479,1042.36853027
480,939.801391602
481,1007.06036377
482,944.345581055
483,893.204162598
484,983.147583008
485,1002.75964355
486,948.216552734
487,947.737915039
488,974.278198242
489,967.07019043
490,948.741943359
491,939.928833008
492,922.839233398
493,956.774597168
494,875.086669922
495,973.864440918
496,1003.5637207
497,937.040710449
498,945.663696289
499,914.307678223
500,949.686950684
501,910.052429199
502,917.798828125
503,943.416748047
504,957.671691895
505,978.484985352
506,995.414428711
507,919.95892334
508,936.647705078
509,963.573486328
510,963.766723633
511,935.545349121
512,1048.28808594
513,911.166748047
514,935.898010254
515,946.124755859
516,905.157287598
517,895.038024902
518,893.301208496
519,871.979003906
520,829.712341309
521,996.846069336
522,920.041564941
523,968.596374512
524,935.554138184
525,996.955444336
526,926.800170898
527,991.922973633
528,954.541992188
529,936.388122559
530,932.32220459
531,906.149291992
532,892.516723633
533,902.547973633
534,975.257263184
535,919.474975586
536,865.625061035
537,973.656738281
538,870.902709961
539,936.954101562
540,958.032409668
541,874.603088379
542,883.998657227
543,879.634521484
544,838.557250977
545,837.791259766
546,848.0625
547,779.290771484
548,946.992126465
549,845.966308594
550,931.31817627
551,915.865112305
552,895.843261719
553,857.047424316
554,834.633056641
555,918.882141113
556,862.651672363
557,880.801208496
558,874.856384277
559,903.980529785
560,884.404785156
561,923.196777344
562,941.402587891
563,851.787536621
564,915.537780762
565,890.503173828
566,949.879089355
567,897.463500977
568,830.085632324
569,880.877929688
570,941.336914062
571,889.242553711
572,954.329162598
573,868.93927002
574,890.818237305
575,802.595214844
576,895.345703125
577,847.49005127
578,947.260864258
579,894.861572266
580,894.61328125
581,873.546875
582,932.389099121
583,960.325195312
584,929.275512695
585,901.180114746
586,829.367858887
587,898.803161621
588,921.994506836
589,886.919189453
590,895.9453125
591,889.888183594
592,843.352355957
593,809.353393555
594,849.628845215
595,869.390197754
596,880.336425781
597,909.633911133
598,888.804504395
599,838.013977051
600,809.288146973
601,904.557617188
602,946.514587402
603,868.317626953
604,943.249206543
605,818.490356445
606,883.431396484
607,846.97052002
608,848.756958008
609,933.346435547
610,823.229125977
611,867.536499023
612,832.214172363
613,890.882141113
614,792.794067383
615,964.12286377
616,918.862731934
617,885.725280762
618,909.87890625
619,892.208068848
620,813.80480957
621,906.128234863
622,912.769104004
623,851.104125977
624,859.454650879
625,869.87310791
626,909.387207031
627,904.847473145
628,881.445129395
629,916.344787598
630,863.600219727
631,826.92791748
632,848.576293945
633,855.621643066
634,827.110534668
635,866.108703613
636,918.429748535
637,913.295837402
638,908.063293457
639,901.071166992
640,939.528747559
641,919.284484863
642,876.782287598
643,863.039978027
644,943.95324707
645,882.044250488
646,941.441833496
647,840.145751953
648,810.154541016
649,897.862976074
650,909.213256836
651,851.640014648
652,893.991638184
653,978.64654541
654,834.390197754
655,841.766540527
656,869.915771484
657,892.000061035
658,950.232299805
659,818.367492676
660,767.880554199
661,901.610229492
662,834.966308594
663,839.460388184
664,881.820068359
665,935.658569336
666,845.403381348
667,901.425231934
668,782.941650391
669,837.955078125
670,851.110412598
671,843.374511719
672,856.427856445
673,856.39654541
674,881.023925781
675,843.007141113
676,845.007629395
677,879.237243652
678,839.329589844
679,881.21282959
680,869.920654297
681,842.891235352
682,821.815307617
683,839.087768555
684,902.131469727
685,869.767822266
686,838.065917969
687,867.733337402
688,870.08416748
689,837.85144043
690,922.021972656
691,935.144592285
692,829.56640625
693,885.643920898
694,863.968322754
695,869.867248535
696,857.429992676
697,867.819396973
698,874.103393555
699,849.791503906
700,811.175048828
701,787.234985352
702,850.741699219
703,928.299987793
704,885.852722168
705,818.809204102
706,767.648010254
707,893.57019043
708,803.071533203
709,831.856079102
710,903.949951172
711,878.10546875
712,908.23614502
713,783.389892578
714,818.485778809
715,859.453308105
716,866.394775391
717,852.638977051
718,841.357116699
719,833.792053223
720,873.063171387
721,886.844543457
722,882.131652832
723,811.76574707
724,910.042419434
725,797.779052734
726,862.359863281
727,891.796203613
728,810.807617188
729,738.126647949
730,842.209655762
731,879.557739258
732,762.376403809
733,873.112670898
734,772.75579834
735,740.196533203
736,802.447814941
737,795.300354004
738,833.813659668
739,879.690368652
740,801.026977539
741,851.27154541
742,773.225708008
743,748.018493652
744,925.911437988
745,853.688964844
746,798.760620117
747,826.304382324
748,833.226745605
749,864.625976562
750,845.863586426
751,792.463439941
752,776.274719238
753,824.510925293
754,741.066223145
755,747.70703125
756,815.003723145
757,830.361999512
758,848.646240234
759,862.641174316
760,803.6953125
761,813.249572754
762,902.378967285
763,874.16217041
764,802.296325684
765,808.687561035
766,838.596313477
767,828.692077637
768,870.293395996
769,777.975891113
770,797.223144531
771,864.497680664
772,790.163879395
773,830.924133301
774,857.360656738
775,827.849243164
776,739.794250488
777,815.982666016
778,745.314025879
779,839.56036377
780,721.440246582
781,829.714172363
782,786.828491211
783,746.193664551
784,769.297668457
785,788.866027832
786,802.894287109
787,745.436096191
788,834.641784668
789,794.171936035
790,873.012268066
791,869.047302246
792,770.18963623
793,865.351379395
794,784.242126465
795,802.49786377
796,780.039489746
797,775.668212891
798,731.555297852
799,775.839538574
800,836.249755859
801,758.144470215
802,825.876037598
803,784.020080566
804,839.787475586
805,831.744506836
806,790.717041016
807,783.154663086
808,867.597290039
809,814.526306152
810,847.602111816
811,846.997741699
812,798.597412109
813,780.100402832
814,770.80682373
815,839.833374023
816,750.758056641
817,780.570617676
818,805.16998291
819,796.574462891
820,786.203979492
821,768.836425781
822,793.391662598
823,759.380981445
824,760.996582031
825,794.476928711
826,741.508666992
827,775.108032227
828,792.382385254
829,783.017333984
830,816.232543945
831,784.883056641
832,788.111694336
833,784.939331055
834,775.04486084
835,829.538696289
836,850.461181641
837,779.789672852
838,798.348388672
839,778.992675781
840,776.515869141
841,766.001220703
842,800.598876953
843,841.324768066
844,807.206298828
845,784.8984375
846,777.962463379
847,748.207580566
848,728.36730957
849,816.592651367
850,800.544494629
851,783.655273438
852,798.164367676
853,836.182922363
854,751.379455566
855,754.328979492
856,779.520507812
857,759.177734375
858,853.094970703
859,842.094116211
860,770.874755859
861,790.559997559
862,757.731994629
863,726.514831543
864,841.503723145
865,773.774353027
866,800.756103516
867,766.450012207
868,805.928833008
869,803.832946777
870,812.694396973
871,769.422180176
872,785.38079834
873,860.197509766
874,763.013549805
875,801.123168945
876,788.583435059
877,836.46875
878,787.899719238
879,751.931518555
880,759.844116211
881,748.779052734
882,824.185424805
883,788.291442871
884,790.812438965
885,722.926574707
886,808.077209473
887,708.171264648
888,830.797485352
889,760.401672363
890,760.179748535
891,792.792053223
892,775.85949707
893,791.000061035
894,763.15423584
895,812.216247559
896,779.002563477
897,815.935913086
898,819.260620117
899,831.75579834
900,802.75579834
901,815.487182617
902,799.102233887
903,861.896789551
904,716.940124512
905,823.621826172
906,690.511108398
907,706.907592773
908,755.815185547
909,757.349609375
910,726.973266602
911,707.182434082
912,810.320800781
913,742.51965332
914,767.768859863
915,756.531555176
916,719.030761719
917,781.14831543
918,803.529907227
919,742.522521973
920,766.803588867
921,718.892211914
922,735.568359375
923,770.605041504
924,764.691589355
925,731.984008789
926,775.121948242
927,781.43347168
928,820.185302734
929,771.009277344
930,782.528076172
931,765.068115234
932,744.366333008
933,818.16619873
934,748.133666992
935,806.786315918
936,754.162719727
937,741.998596191
938,804.976928711
939,675.311950684
940,843.839416504
941,787.120117188
942,751.999145508
943,758.856933594
944,794.979614258
945,687.261291504
946,789.287231445
947,691.713989258
948,805.293762207
949,700.060791016
950,856.785827637
951,774.968200684
952,722.000732422
953,752.112365723
954,799.367919922
955,723.755554199
956,746.264831543
957,780.860595703
958,751.846557617
959,810.511657715
960,767.412597656
961,822.258544922
962,776.810668945
963,762.050720215
964,734.58026123
965,789.454650879
966,739.866088867
967,731.819458008
968,753.822937012
969,748.01776123
970,785.738952637
971,721.664489746
972,783.996582031
973,823.591674805
974,762.510803223
975,759.885131836
976,820.738891602
977,698.292297363
978,709.448120117
979,791.486083984
980,697.740356445
981,760.054077148
982,741.943481445
983,754.902770996
984,697.874328613
985,741.156677246
986,739.572814941
987,797.815307617
988,728.551025391
989,719.122558594
990,761.642700195
991,766.259521484
992,777.977905273
993,751.849243164
994,728.206542969
995,694.237243652
996,782.926086426
997,740.600463867
998,748.707275391
999,765.347167969
1000,811.142700195
1001,756.549682617
1002,719.620361328
1003,782.501525879
1004,716.016967773
1005,768.042480469
1006,682.605163574
1007,772.299560547
1008,734.295715332
1009,735.578796387
1010,749.424194336
1011,733.13470459
1012,758.919006348
1013,708.587402344
1014,725.01361084
1015,717.822631836
1016,791.637329102
1017,736.571533203
1018,814.929870605
1019,781.455383301
1020,738.071533203
1021,729.842529297
1022,777.170166016
1023,754.964111328
1024,770.410095215
1025,688.046875
1026,766.404541016
1027,768.201538086
1028,719.788208008
1029,729.59967041
1030,737.820800781
1031,652.82208252
1032,739.974853516
1033,733.23034668
1034,736.328308105
1035,734.374023438
1036,731.497680664
1037,734.521484375
1038,814.402709961
1039,769.602722168
1040,713.427490234
1041,780.255554199
1042,705.910766602
1043,771.888793945
1044,741.877319336
1045,754.742248535
1046,772.691589355
1047,734.891113281
1048,751.090454102
1049,767.677612305
1050,762.936706543
1051,819.670837402
1052,678.089477539
1053,714.477783203
1054,758.636108398
1055,704.830200195
1056,726.570373535
1057,821.348144531
1058,756.276977539
1059,687.633056641
1060,754.165771484
1061,699.278137207
1062,763.372680664
1063,713.942077637
1064,681.707092285
1065,764.735046387
1066,750.002197266
1067,681.40020752
1068,696.299316406
1069,695.174133301
1070,724.286437988
1071,720.641601562
1072,681.625061035
1073,729.211914062
1074,696.781433105
1075,681.409057617
1076,657.165344238
1077,688.778808594
1078,728.219116211
1079,698.696411133
1080,716.727478027
1081,686.81060791
1082,714.002746582
1083,660.321960449
1084,707.059265137
1085,703.718566895
1086,658.423095703
1087,749.278381348
1088,711.486938477
1089,708.337463379
1090,678.854553223
1091,755.344787598
1092,675.923217773
1093,673.912597656
1094,726.79473877
1095,635.8984375
1096,645.059936523
1097,708.357543945
1098,706.185546875
1099,765.106689453
1100,699.778808594
1101,709.316223145
1102,632.915222168
1103,741.54498291
1104,660.418151855
1105,745.051269531
1106,690.65057373
1107,640.977050781
1108,674.477783203
1109,736.235351562
1110,686.498840332
1111,676.023498535
1112,722.695983887
1113,712.285949707
1114,759.328186035
1115,683.995361328
1116,728.532165527
1117,783.271362305
1118,696.928894043
1119,683.576293945
1120,735.875244141
1121,732.789001465
1122,688.119934082
1123,742.078308105
1124,684.853271484
1125,724.285583496
1126,733.547668457
1127,728.639526367
1128,720.123657227
1129,720.365478516
1130,747.924926758
1131,687.07800293
1132,798.751647949
1133,721.263061523
1134,719.973937988
1135,685.799499512
1136,716.612060547
1137,721.563415527
1138,691.91229248
1139,685.420593262
1140,663.946716309
1141,705.671813965
1142,725.119812012
1143,636.870178223
1144,732.506530762
1145,707.176696777
1146,684.491943359
1147,750.364562988
1148,691.730102539
1149,696.141784668
1150,701.443664551
1151,722.030334473
1152,733.089782715
1153,705.8125
1154,688.09954834
1155,644.587280273
1156,738.222961426
1157,737.354187012
1158,714.626464844
1159,711.914916992
1160,679.884338379
1161,662.491516113
1162,745.859436035
1163,645.706420898
1164,665.285644531
1165,677.100463867
1166,743.136962891
1167,677.378723145
1168,694.510192871
1169,741.080932617
1170,778.807312012
1171,671.311828613
1172,732.651855469
1173,675.814208984
1174,708.783813477
1175,661.630981445
1176,688.095947266
1177,665.957885742
1178,713.437255859
1179,608.921508789
1180,727.611816406
1181,714.619873047
1182,771.966308594
1183,684.94152832
1184,664.044067383
1185,710.43157959
1186,643.960205078
1187,645.590637207
1188,719.285888672
1189,679.570983887
1190,713.146911621
1191,648.566589355
1192,704.533935547
1193,686.417297363
1194,664.181030273
1195,708.280151367
1196,681.820556641
1197,677.136108398
1198,667.244506836
1199,683.479370117
1200,763.610229492
1201,620.612243652
1202,657.938049316
1203,715.358154297
1204,680.778625488
1205,752.739990234
1206,643.95904541
1207,684.55078125
1208,628.599975586
1209,657.019165039
1210,661.962341309
1211,670.205871582
1212,667.730224609
1213,683.740783691
1214,658.606140137
1215,648.619018555
1216,662.722045898
1217,704.745239258
1218,674.29296875
1219,711.956787109
1220,702.498413086
1221,696.873413086
1222,689.491760254
1223,616.804626465
1224,678.336486816
1225,666.347595215
1226,683.784423828
1227,682.464538574
1228,678.518981934
1229,663.631469727
1230,672.675842285
1231,698.023742676
1232,736.338806152
1233,651.063720703
1234,597.252441406
1235,692.783874512
1236,685.203186035
1237,696.675354004
1238,629.694824219
1239,634.971740723
1240,717.573425293
1241,702.138366699
1242,693.038513184
1243,740.08013916
1244,773.952087402
1245,719.376403809
1246,696.618591309
1247,641.960083008
1248,713.963562012
1249,658.571838379
1250,680.515319824
1251,694.63659668
1252,602.827880859
1253,727.956176758
1254,700.802246094
1255,708.001281738
1256,718.173950195
1257,730.97644043
1258,700.643188477
1259,671.165222168
1260,650.225830078
1261,706.017333984
1262,650.165771484
1263,712.129638672
1264,640.570678711
1265,689.384033203
1266,647.78527832
1267,651.849182129
1268,667.066833496
1269,680.983703613
1270,724.750427246
1271,678.618896484
1272,715.129699707
1273,714.960266113
1274,624.188171387
1275,658.090698242
1276,673.254333496
1277,663.924560547
1278,703.265075684
1279,687.291564941
1280,679.473937988
1281,670.422790527
1282,612.658752441
1283,733.579589844
1284,723.486877441
1285,734.392089844
1286,702.028808594
1287,662.877868652
1288,688.834289551
1289,692.439758301
1290,703.666320801
1291,636.557861328
1292,631.433776855
1293,607.720336914
1294,623.273498535
1295,672.52545166
1296,646.148071289
1297,650.863647461
1298,657.061645508
1299,696.026489258
1300,705.072753906
1301,669.073913574
1302,626.39465332
1303,677.702758789
1304,638.064575195
1305,676.500732422
1306,643.157897949
1307,679.343139648
1308,640.395996094
1309,663.735107422
1310,647.419921875
1311,640.141845703
1312,606.385620117
1313,659.254760742
1314,642.91809082
1315,699.640075684
1316,747.213806152
1317,655.519470215
1318,642.190795898
1319,717.139282227
1320,651.482849121
1321,587.874328613
1322,668.687011719
1323,661.160217285
1324,672.113952637
1325,633.035217285
1326,670.316772461
1327,666.431213379
1328,633.644836426
1329,626.056091309
1330,666.354980469
1331,728.583496094
1332,603.685058594
1333,746.252502441
1334,649.659118652
1335,667.892089844
1336,632.906921387
1337,682.905334473
1338,751.02532959
1339,672.043457031
1340,648.434265137
1341,647.590759277
1342,601.135559082
1343,654.207702637
1344,682.885925293
1345,695.797546387
1346,665.998657227
1347,702.137451172
1348,664.099060059
1349,659.253845215
1350,708.307373047
1351,653.252075195
1352,713.180480957
1353,642.424133301
1354,698.164367676
1355,618.553527832
1356,640.050170898
1357,639.816711426
1358,700.602783203
1359,634.154846191
1360,613.112365723
1361,624.882507324
1362,694.798522949
1363,658.717529297
1364,629.553466797
1365,724.727539062
1366,714.524414062
1367,641.708984375
1368,667.558959961
1369,650.573852539
1370,644.919616699
1371,646.906555176
1372,681.680480957
1373,655.045898438
1374,656.570373535
1375,661.99407959
1376,667.21295166
1377,592.142028809
1378,591.020874023
1379,645.827087402
1380,631.98828125
1381,693.236633301
1382,639.525512695
1383,600.573791504
1384,684.126831055
1385,647.204345703
1386,621.534912109
1387,660.353515625
1388,670.204345703
1389,659.819152832
1390,631.051452637
1391,703.971679688
1392,598.875854492
1393,630.63659668
1394,666.248657227
1395,636.664001465
1396,691.936279297
1397,666.696777344
1398,659.069824219
1399,639.754760742
1400,671.826538086
1401,661.121948242
1402,675.638244629
1403,609.503356934
1404,696.104736328
1405,607.548339844
1406,645.470947266
1407,711.74810791
1408,615.758056641
1409,632.431518555
1410,680.048828125
1411,696.409790039
1412,705.496826172
1413,646.837402344
1414,624.09197998
1415,634.55670166
1416,638.858825684
1417,653.335693359
1418,630.883544922
1419,599.110839844
1420,624.182189941
1421,678.230529785
1422,635.744934082
1423,625.701965332
1424,641.368103027
1425,684.542785645
1426,639.745056152
1427,660.122924805
1428,676.947937012
1429,588.139526367
1430,691.11151123
1431,665.874145508
1432,639.249511719
1433,675.002990723
1434,705.402526855
1435,664.739257812
1436,625.378601074
1437,608.848693848
1438,632.020874023
1439,620.841430664
1440,662.860839844
1441,637.834716797
1442,662.437866211
1443,639.125549316
1444,631.271606445
1445,625.368164062
1446,694.054077148
1447,627.948669434
1448,597.224487305
1449,691.276855469
1450,591.564025879
1451,672.40020752
1452,589.337036133
1453,657.955688477
1454,616.134155273
1455,606.905029297
1456,671.728881836
1457,643.573181152
1458,662.052001953
1459,698.349975586
1460,670.89453125
1461,635.308288574
1462,624.192321777
1463,703.089904785
1464,630.765808105
1465,700.104370117
1466,601.078369141
1467,628.33190918
1468,616.263916016
1469,654.341125488
1470,605.386962891
1471,667.912902832
1472,660.302734375
1473,598.69543457
1474,674.90032959
1475,604.098999023
1476,653.023010254
1477,648.534606934
1478,630.094787598
1479,638.91394043
1480,666.499938965
1481,624.520141602
1482,571.33380127
1483,660.407958984
1484,616.332885742
1485,635.27166748
1486,649.936401367
1487,614.84362793
1488,651.83380127
1489,691.782958984
1490,682.615478516
1491,685.75579834
1492,641.237731934
1493,654.80279541
1494,631.912536621
1495,689.070007324
1496,670.450378418
1497,694.507507324
1498,633.733886719
1499,603.590576172
1500,595.146972656
1501,668.942810059
1502,578.81048584
1503,578.246948242
1504,570.194641113
1505,635.643981934
1506,654.201599121
1507,640.258483887
1508,630.050964355
1509,663.161132812
1510,691.027038574
1511,653.624694824
1512,629.542358398
1513,594.3671875
1514,587.728820801
1515,635.310241699
1516,634.125183105
1517,597.410095215
1518,660.36920166
1519,661.931335449
1520,642.094604492
1521,642.156860352
1522,638.669799805
1523,628.249511719
1524,619.361022949
1525,621.53338623
1526,645.312438965
1527,583.570800781
1528,598.498718262
1529,653.066223145
1530,706.892089844
1531,629.476745605
1532,638.480102539
1533,622.283447266
1534,660.870605469
1535,593.415161133
1536,600.70513916
1537,674.86151123
1538,662.978515625
1539,609.315551758
1540,627.011962891
1541,624.976501465
1542,639.889160156
1543,621.470703125
1544,634.29473877
1545,639.34564209
1546,596.00793457
1547,658.464477539
1548,668.127075195
1549,722.654174805
1550,664.574768066
1551,603.370666504
1552,651.453125
1553,624.961608887
1554,656.09564209
1555,685.534484863
1556,632.582763672
1557,633.198425293
1558,611.753723145
1559,593.600769043
1560,677.456054688
1561,647.132629395
1562,656.262145996
1563,608.946655273
1564,638.77154541
1565,682.424560547
1566,612.573669434
1567,609.748962402
1568,670.323303223
1569,632.955322266
1570,626.049194336
1571,634.484191895
1572,641.358337402
1573,584.170776367
1574,598.688537598
1575,620.574707031
1576,644.363769531
1577,702.225891113
1578,624.583251953
1579,632.956176758
1580,631.344116211
1581,614.716552734
1582,629.912963867
1583,709.387695312
1584,645.134277344
1585,656.273010254
1586,602.625
1587,587.971130371
1588,675.818847656
1589,577.44128418
1590,617.056152344
1591,686.016052246
1592,656.510253906
1593,627.86126709
1594,617.736694336
1595,615.989074707
1596,612.614440918
1597,667.860778809
1598,623.92755127
1599,607.88494873
1600,625.427124023
1601,594.777038574
1602,626.964599609
1603,678.230957031
1604,660.607299805
1605,625.783569336
1606,580.454467773
1607,579.783813477
1608,612.106262207
1609,581.664428711
1610,621.129699707
1611,552.009643555
1612,615.247253418
1613,605.162841797
1614,646.004760742
1615,610.673828125
1616,615.390136719
1617,604.891235352
1618,676.963195801
1619,663.272766113
1620,677.791320801
1621,643.179870605
1622,596.872436523
1623,607.64855957
1624,657.16418457
1625,646.03527832
1626,631.576049805
1627,647.657958984
1628,599.646240234
1629,597.710083008
1630,559.338867188
1631,673.629394531
1632,598.783691406
1633,587.232055664
1634,610.692749023
1635,577.267333984
1636,615.966125488
1637,573.799804688
1638,626.693115234
1639,664.640930176
1640,587.907836914
1641,666.283630371
1642,616.369262695
1643,625.03125
1644,626.333190918
1645,677.56652832
1646,647.854248047
1647,608.444885254
1648,656.686462402
1649,609.494934082
1650,595.560241699
1651,583.958557129
1652,618.064025879
1653,578.30291748
1654,610.412353516
1655,609.756286621
1656,635.922851562
1657,619.605957031
1658,616.850097656
1659,637.795776367
1660,615.164672852
1661,605.604064941
1662,583.956970215
1663,573.00793457
1664,660.743286133
1665,603.900512695
1666,604.20892334
1667,572.835205078
1668,603.8515625
1669,620.217773438
1670,640.049255371
1671,625.878295898
1672,602.051757812
1673,609.386352539
1674,555.953735352
1675,630.627441406
1676,620.444580078
1677,635.066101074
1678,599.276123047
1679,627.399841309
1680,598.034057617
1681,614.712097168
1682,609.652770996
1683,633.353210449
1684,615.35168457
1685,583.12713623
1686,602.777648926
1687,658.020996094
1688,619.217773438
1689,577.276184082
1690,615.81439209
1691,644.524719238
1692,623.925476074
1693,614.282287598
1694,628.631286621
1695,611.774475098
1696,609.256652832
1697,631.783874512
1698,599.418273926
1699,626.007629395
1700,635.786621094
1701,627.202453613
1702,542.962036133
1703,574.634765625
1704,640.036804199
1705,625.996582031
1706,634.094116211
1707,646.918823242
1708,617.854003906
1709,610.980102539
1710,615.822509766
1711,552.759338379
1712,615.284729004
1713,654.575561523
1714,599.981689453
1715,626.015380859
1716,628.969360352
1717,612.235961914
1718,617.731994629
1719,639.008178711
1720,602.176391602
1721,639.912597656
1722,607.885986328
1723,559.672241211
1724,582.610656738
1725,593.07043457
1726,602.627197266
1727,575.222900391
1728,561.968139648
1729,565.028869629
1730,555.818847656
1731,593.798706055
1732,614.759155273
1733,611.643798828
1734,556.559082031
1735,624.034973145
1736,579.389160156
1737,551.823608398
1738,538.105895996
1739,612.044006348
1740,573.510864258
1741,594.938232422
1742,553.867126465
1743,609.424133301
1744,673.418334961
1745,638.635559082
1746,591.39239502
1747,635.870361328
1748,654.89666748
1749,583.574279785
1750,566.855285645
1751,660.213134766
1752,630.041015625
1753,593.68536377
1754,582.552429199
1755,648.961547852
1756,641.17578125
1757,626.132263184
1758,633.043273926
1759,632.39630127
1760,577.213378906
1761,607.024841309
1762,596.183227539
1763,572.879089355
1764,605.58416748
1765,578.273071289
1766,579.194458008
1767,557.198791504
1768,646.064880371
1769,567.500915527
1770,628.44317627
1771,612.20904541
1772,619.310241699
1773,633.254272461
1774,591.628967285
1775,578.304748535
1776,605.633117676
1777,581.434936523
1778,565.83782959
1779,646.018249512
1780,650.996948242
1781,598.042541504
1782,660.062255859
1783,537.760070801
1784,552.167297363
1785,623.197021484
1786,596.847106934
1787,622.860656738
1788,633.255432129
1789,619.642028809
1790,580.916687012
1791,592.724975586
1792,576.913269043
1793,632.215698242
1794,576.883605957
1795,588.175476074
1796,639.741882324
1797,616.790100098
1798,565.502868652
1799,587.138244629
1800,677.42376709
1801,656.069519043
1802,625.347412109
1803,613.700805664
1804,614.363952637
1805,672.147583008
1806,582.457458496
1807,574.967712402
1808,580.058776855
1809,602.455993652
1810,596.173339844
1811,595.093566895
1812,570.40447998
1813,556.29699707
1814,557.168457031
1815,579.06854248
1816,605.043029785
1817,590.992675781
1818,607.677185059
1819,556.687316895
1820,613.346801758
1821,550.847045898
1822,625.014892578
1823,603.657531738
1824,547.798217773
1825,637.18182373
1826,604.190185547
1827,653.332885742
1828,587.755493164
1829,648.054321289
1830,581.32019043
1831,569.768493652
1832,531.418762207
1833,651.856506348
1834,521.610656738
1835,610.199523926
1836,590.354492188
1837,669.875732422
1838,607.222900391
1839,555.093994141
1840,578.313232422
1841,584.81842041
1842,592.864318848
1843,555.349182129
1844,557.575439453
1845,533.145202637
1846,563.075012207
1847,596.083312988
1848,625.13494873
1849,637.888977051
1850,605.650146484
1851,505.647064209
1852,596.663879395
1853,630.855895996
1854,597.378417969
1855,589.644042969
1856,559.087158203
1857,605.419494629
1858,608.572692871
1859,606.484558105
1860,580.447509766
1861,574.524597168
1862,625.094909668
1863,565.109985352
1864,600.348205566
1865,657.393859863
1866,610.885803223
1867,645.77355957
1868,618.255432129
1869,585.58203125
1870,549.465698242
1871,578.097717285
1872,613.761901855
1873,571.315246582
1874,582.434204102
1875,568.781433105
1876,568.00567627
1877,617.95123291
1878,602.494934082
1879,573.401245117
1880,632.096618652
1881,570.418151855
1882,619.558837891
1883,583.984008789
1884,604.385498047
1885,571.531494141
1886,584.704345703
1887,545.614624023
1888,572.569519043
1889,599.326171875
1890,594.153442383
1891,552.013244629
1892,607.318664551
1893,571.299804688
1894,617.449462891
1895,601.130310059
1896,579.535217285
1897,584.14440918
1898,570.787841797
1899,567.441833496
1900,552.99005127
1901,621.321289062
1902,618.726379395
1903,621.651550293
1904,603.886901855
1905,528.331237793
1906,566.905822754
1907,586.306945801
1908,538.081726074
1909,585.24017334
1910,567.677978516
1911,592.230285645
1912,543.071472168
1913,572.628295898
1914,561.339355469
1915,609.191162109
1916,574.277893066
1917,534.711242676
1918,580.535217285
1919,585.375671387
1920,613.300598145
1921,513.643493652
1922,595.62890625
1923,608.226745605
1924,557.177734375
1925,582.891174316
1926,622.926757812
1927,592.674987793
1928,565.054931641
1929,621.011474609
1930,623.347045898
1931,574.080932617
1932,583.521484375
1933,605.136291504
1934,612.638549805
1935,561.741577148
1936,641.365478516
1937,529.665466309
1938,557.008422852
1939,578.876220703
1940,624.687316895
1941,536.531616211
1942,613.88482666
1943,627.408447266
1944,519.484863281
1945,534.71887207
1946,550.30090332
1947,590.511779785
1948,650.87109375
1949,575.841186523
1950,620.464416504
1951,597.959228516
1952,555.864379883
1953,580.591125488
1954,531.403442383
1955,578.363525391
1956,589.221130371
1957,602.831542969
1958,592.309936523
1959,562.185791016
1960,634.477905273
1961,590.074829102
1962,578.243896484
1963,524.086425781
1964,577.816223145
1965,580.621826172
1966,569.886230469
1967,530.559082031
1968,593.887634277
1969,546.114990234
1970,588.206115723
1971,589.687866211
1972,577.073852539
1973,611.161743164
1974,524.333496094
1975,585.306152344
1976,620.350830078
1977,640.51184082
1978,523.32409668
1979,549.335266113
1980,555.815734863
1981,569.779907227
1982,604.477233887
1983,561.505126953
1984,526.45123291
1985,565.664978027
1986,575.886291504
1987,577.978881836
1988,566.063781738
1989,573.086608887
1990,509.819671631
1991,497.794677734
1992,567.646484375
1993,572.946533203
1994,561.913696289
1995,531.119506836
1996,585.152526855
1997,680.532836914
1998,550.425048828
1999,576.306030273
2000,553.310119629
2001,589.898803711
2002,555.666870117
2003,491.916809082
2004,558.098999023
2005,583.448486328
2006,603.127502441
2007,563.515380859
2008,551.52722168
2009,595.65423584
2010,579.619628906
2011,533.586547852
2012,588.669067383
2013,634.416625977
2014,551.796264648
2015,597.958984375
2016,583.278686523
2017,547.715332031
2018,609.255065918
2019,585.681884766
2020,486.673065186
2021,635.318969727
2022,563.167419434
2023,605.414672852
2024,575.930358887
2025,608.821044922
2026,570.03137207
2027,535.453186035
2028,563.481384277
2029,621.08392334
2030,570.473632812
2031,586.480651855
2032,586.058227539
2033,631.326477051
2034,521.675109863
2035,560.003173828
2036,602.909912109
2037,590.003723145
2038,571.784484863
2039,629.045654297
2040,571.003417969
2041,604.054199219
2042,598.664550781
2043,586.052734375
2044,498.578277588
2045,524.043212891
2046,544.132324219
2047,549.645141602
2048,511.936126709
2049,541.75378418
2050,537.536254883
2051,597.678710938
2052,507.292877197
2053,584.250854492
2054,516.397827148
2055,516.291931152
2056,570.63458252
2057,556.284057617
2058,621.628967285
2059,560.03918457
2060,556.440063477
2061,612.362060547
2062,549.976623535
2063,585.708862305
2064,538.484558105
2065,526.412902832
2066,612.799865723
2067,520.321716309
2068,575.045410156
2069,547.747192383
2070,538.269836426
2071,487.709991455
2072,610.60559082
2073,566.629333496
2074,589.208312988
2075,506.174926758
2076,517.387634277
2077,579.74395752
2078,510.0234375
2079,563.638793945
2080,541.830932617
2081,578.626037598
2082,584.771606445
2083,557.089416504
2084,559.193603516
2085,574.101074219
2086,536.355834961
2087,551.584472656
2088,567.038085938
2089,573.327697754
2090,533.3203125
2091,555.129150391
2092,568.695373535
2093,572.184204102
2094,553.095947266
2095,583.431274414
2096,614.719482422
2097,554.08013916
2098,631.974975586
2099,526.719665527
2100,577.210754395
2101,602.422302246
2102,586.672546387
2103,615.178344727
2104,560.316955566
2105,542.75201416
2106,556.301391602
2107,565.410644531
2108,529.895446777
2109,603.884216309
2110,509.450622559
2111,596.730285645
2112,582.657104492
2113,559.791137695
2114,547.379577637
2115,579.164245605
2116,517.133056641
2117,559.469421387
2118,632.592224121
2119,555.348205566
2120,514.712097168
2121,565.36920166
2122,560.923706055
2123,535.682678223
2124,482.771575928
2125,569.967590332
2126,508.708557129
2127,519.398925781
2128,560.268737793
2129,588.981811523
2130,559.134338379
2131,585.880065918
2132,602.733825684
2133,550.37512207
2134,620.976013184
2135,564.664794922
2136,497.708892822
2137,554.493652344
2138,546.945800781
2139,601.94934082
2140,565.846923828
2141,534.204040527
2142,518.938049316
2143,588.936523438
2144,525.732421875
2145,539.478149414
2146,577.487365723
2147,572.940246582
2148,587.043762207
2149,538.348205566
2150,490.201049805
2151,550.274169922
2152,528.557373047
2153,571.652038574
2154,552.180603027
2155,540.19909668
2156,553.975341797
2157,536.564819336
2158,569.36895752
2159,566.436218262
2160,497.686523438
2161,594.061462402
2162,568.567443848
2163,577.806945801
2164,551.599304199
2165,532.722900391
2166,473.881286621
2167,523.522155762
2168,571.60546875
2169,560.451843262
2170,541.292175293
2171,563.53338623
2172,527.964233398
2173,563.713623047
2174,518.936767578
2175,522.845581055
2176,579.355834961
2177,512.559448242
2178,605.219970703
2179,598.481750488
2180,538.809692383
2181,570.889709473
2182,556.158752441
2183,590.816711426
2184,613.68359375
2185,605.59375
2186,546.83190918
2187,603.603759766
2188,542.675598145
2189,552.645019531
2190,503.990966797
2191,502.939056396
2192,530.176025391
2193,522.993896484
2194,543.803100586
2195,568.432983398
2196,520.639953613
2197,561.765258789
2198,566.055419922
2199,541.401123047
2200,556.936157227
2201,570.079101562
2202,597.247558594
2203,519.775146484
2204,529.854614258
2205,559.979553223
2206,594.894104004
2207,532.319458008
2208,517.561889648
2209,553.273132324
2210,550.671691895
2211,555.953674316
2212,553.920593262
2213,567.81842041
2214,585.813293457
2215,571.333190918
2216,500.905975342
2217,573.677062988
2218,589.201049805
2219,597.030761719
2220,547.868347168
2221,596.913635254
2222,555.622314453
2223,556.010559082
2224,548.442687988
2225,551.433410645
2226,546.481933594
2227,538.159484863
2228,589.754089355
2229,540.035217285
2230,488.414031982
2231,535.28326416
2232,514.459472656
2233,573.111755371
2234,552.006347656
2235,561.751647949
2236,562.706604004
2237,658.67376709
2238,498.248077393
2239,575.028015137
2240,545.020507812
2241,604.568237305
2242,601.747741699
2243,569.581604004
2244,565.85345459
2245,579.027282715
2246,561.726074219
2247,525.759399414
2248,559.640258789
2249,543.25
2250,550.45111084
2251,552.101135254
2252,575.948608398
2253,548.374816895
2254,530.594665527
2255,531.330505371
2256,664.223266602
2257,526.859375
2258,627.602844238
2259,613.415649414
2260,593.132019043
2261,551.927124023
2262,591.391479492
2263,534.550598145
2264,627.075134277
2265,558.886108398
2266,532.796813965
2267,551.703125
2268,550.972351074
2269,563.657226562
2270,533.099975586
2271,560.376403809
2272,554.651062012
2273,592.730224609
2274,569.494995117
2275,534.453613281
2276,598.653320312
2277,551.885131836
2278,566.919799805
2279,610.923217773
2280,542.886108398
2281,544.55480957
2282,535.635437012
2283,539.484069824
2284,533.696594238
2285,558.523620605
2286,523.459777832
2287,500.114501953
2288,509.773071289
2289,554.249938965
2290,520.70098877
2291,560.17376709
2292,519.564025879
2293,550.465332031
2294,565.102905273
2295,537.512756348
2296,561.137878418
2297,551.851379395
2298,538.646911621
2299,520.156799316
2300,528.878112793
2301,491.892608643
2302,551.742553711
2303,573.199645996
2304,518.676025391
2305,483.438171387
2306,529.953491211
2307,532.64453125
2308,522.426513672
2309,563.316772461
2310,517.262329102
2311,515.668579102
2312,582.692138672
2313,573.749328613
2314,552.724609375
2315,555.878295898
2316,562.795288086
2317,527.236816406
2318,535.367248535
2319,551.417541504
2320,547.161437988
2321,514.527587891
2322,575.346252441
2323,579.082702637
2324,550.382629395
2325,555.726501465
2326,565.972839355
2327,546.821105957
2328,496.783935547
2329,579.525390625
2330,568.85369873
2331,523.762939453
2332,524.158752441
2333,531.020935059
2334,504.567718506
2335,499.786132812
2336,610.692565918
2337,568.991760254
2338,499.388519287
2339,513.144714355
2340,571.611755371
2341,583.669616699
2342,541.29107666
2343,558.087402344
2344,534.786621094
2345,546.351135254
2346,510.6796875
2347,474.455291748
2348,502.712188721
2349,545.159179688
2350,596.350158691
2351,543.565917969
2352,565.346740723
2353,557.005859375
2354,595.493347168
2355,539.565612793
2356,550.383850098
2357,521.280090332
2358,626.95501709
2359,587.252868652
2360,587.121643066
2361,580.480041504
2362,564.074523926
2363,518.601257324
2364,576.466918945
2365,580.067077637
2366,547.495788574
2367,531.76739502
2368,540.815612793
2369,516.002929688
2370,582.932556152
2371,525.46661377
2372,542.956604004
2373,521.151428223
2374,533.993103027
2375,579.085998535
2376,565.206481934
2377,583.196289062
2378,497.729492188
2379,551.28302002
2380,550.412902832
2381,543.236206055
2382,508.977478027
2383,521.14453125
2384,538.365722656
2385,558.926269531
2386,496.546325684
2387,541.174438477
2388,548.377563477
2389,471.712188721
2390,563.291748047
2391,552.718505859
2392,520.542724609
2393,552.56817627
2394,549.81842041
2395,528.302612305
2396,490.601531982
2397,527.359436035
2398,531.734130859
2399,539.198913574
2400,531.982971191
2401,559.676208496
2402,515.512878418
2403,552.114318848
2404,542.987670898
2405,526.68170166
2406,532.31817627
2407,583.06072998
2408,539.045227051
2409,513.879272461
2410,499.230010986
2411,537.280944824
2412,556.103210449
2413,554.73236084
2414,612.00604248
2415,542.010437012
2416,537.407897949
2417,578.486022949
2418,504.650817871
2419,505.69934082
2420,558.184020996
2421,494.756256104
2422,518.220031738
2423,538.926391602
2424,493.27355957
2425,533.940734863
2426,508.670318604
2427,535.139709473
2428,546.753723145
2429,485.076263428
2430,533.366027832
2431,591.722351074
2432,499.887451172
2433,570.012634277
2434,554.256469727
2435,558.413208008
2436,602.94720459
2437,529.055236816
2438,526.020935059
2439,579.539978027
2440,523.477111816
2441,512.915222168
2442,494.134216309
2443,581.0625
2444,575.590515137
2445,489.97277832
2446,593.762634277
2447,524.584960938
2448,524.130249023
2449,582.362426758
2450,554.943603516
2451,537.85559082
2452,552.851318359
2453,540.385253906
2454,497.415222168
2455,531.599609375
2456,552.684082031
2457,525.515075684
2458,568.027770996
2459,532.314880371
2460,511.871704102
2461,503.248565674
2462,529.512695312
2463,547.89263916
2464,521.924377441
2465,454.873382568
2466,564.048583984
2467,549.941162109
2468,529.790466309
2469,574.204040527
2470,532.622924805
2471,539.346130371
2472,538.250915527
2473,536.84387207
2474,505.317810059
2475,547.704040527
2476,503.694122314
2477,536.097412109
2478,556.403747559
2479,565.125732422
2480,535.06048584
2481,530.411682129
2482,499.295379639
2483,638.166320801
2484,543.991760254
2485,508.142578125
2486,564.752380371
2487,554.456115723
2488,511.439361572
2489,567.65447998
2490,523.978271484
2491,514.350097656
2492,527.19152832
2493,572.886779785
2494,536.557250977
2495,493.723419189
2496,508.964355469
2497,542.880432129
2498,510.132293701
2499,523.429748535
2500,527.452453613
2501,505.674224854
2502,546.661865234
2503,553.895751953
2504,546.406677246
2505,552.789489746
2506,483.645233154
2507,521.618835449
2508,520.864685059
2509,541.039672852
2510,494.099761963
2511,467.093475342
2512,475.286865234
2513,500.345733643
2514,508.466918945
2515,592.08581543
2516,501.627441406
2517,516.549133301
2518,520.081298828
2519,528.395385742
2520,587.003356934
2521,564.389831543
2522,503.798309326
2523,535.254516602
2524,529.190856934
2525,555.683776855
2526,557.872375488
2527,570.374328613
2528,534.774963379
2529,544.224914551
2530,599.662109375
2531,525.556091309
2532,520.466247559
2533,540.639526367
2534,524.724304199
2535,509.389221191
2536,536.689025879
2537,506.832855225
2538,526.891113281
2539,565.926025391
2540,513.20501709
2541,523.864440918
2542,520.515991211
2543,496.867095947
2544,545.707824707
2545,533.865539551
2546,569.012329102
2547,519.870849609
2548,555.97845459
2549,563.493469238
2550,523.269714355
2551,574.208190918
2552,531.612609863
2553,506.363586426
2554,508.679931641
2555,554.005187988
2556,514.851867676
2557,518.011169434
2558,504.394226074
2559,513.047912598
2560,501.407562256
2561,477.252105713
2562,538.397277832
2563,487.54119873
2564,528.512634277
2565,536.094055176
2566,500.283996582
2567,521.397644043
2568,507.869812012
2569,538.500427246
2570,554.324279785
2571,490.449890137
2572,555.464904785
2573,561.035400391
2574,534.999145508
2575,524.213439941
2576,495.144134521
2577,586.659973145
2578,512.086608887
2579,528.49810791
2580,538.832580566
2581,476.089019775
2582,581.514953613
2583,524.930541992
2584,508.148345947
2585,517.843688965
2586,574.40032959
2587,488.371856689
2588,485.729736328
2589,549.150146484
2590,520.170654297
2591,543.610717773
2592,592.856201172
2593,524.586791992
2594,522.912109375
2595,543.607421875
2596,559.917480469
2597,570.367004395
2598,478.193756104
2599,473.421020508
2600,500.674743652
2601,540.01574707
2602,516.69317627
2603,554.105651855
2604,492.519927979
2605,550.42010498
2606,529.787353516
2607,503.791900635
2608,514.192993164
2609,506.50881958
2610,453.339782715
2611,480.401947021
2612,528.796325684
2613,544.687988281
2614,509.205078125
2615,534.086425781
2616,569.21875
2617,554.916992188
2618,483.57913208
2619,532.575927734
2620,489.964050293
2621,501.109893799
2622,619.62097168
2623,522.954711914
2624,576.108520508
2625,485.193939209
2626,533.409729004
2627,494.523406982
2628,547.751953125
2629,579.034057617
2630,508.149688721
2631,540.648254395
2632,488.047363281
2633,497.71673584
2634,526.15625
2635,521.530700684
2636,530.33026123
2637,563.77947998
2638,585.686279297
2639,524.489257812
2640,490.196868896
2641,511.495269775
2642,506.642089844
2643,493.218017578
2644,546.292663574
2645,504.261199951
2646,475.944885254
2647,537.142883301
2648,481.816040039
2649,510.829040527
2650,509.695129395
2651,538.159240723
2652,516.452392578
2653,514.07220459
2654,540.092773438
2655,493.256500244
2656,495.442260742
2657,502.906158447
2658,556.615234375
2659,495.70098877
2660,565.637023926
2661,530.141357422
2662,506.636077881
2663,516.886230469
2664,523.664001465
2665,518.303344727
2666,494.172058105
2667,527.824645996
2668,557.089782715
2669,543.057495117
2670,516.626098633
2671,526.278564453
2672,521.938476562
2673,547.990356445
2674,508.880950928
2675,508.730621338
2676,533.714050293
2677,525.054138184
2678,533.460998535
2679,522.659179688
2680,498.708709717
2681,517.521179199
2682,569.875
2683,434.465911865
2684,536.07232666
2685,518.516174316
2686,519.994628906
2687,498.839630127
2688,534.158691406
2689,503.29473877
2690,476.056182861
2691,518.577636719
2692,514.012634277
2693,500.180603027
2694,468.956085205
2695,525.006652832
2696,545.512268066
2697,513.248168945
2698,514.224121094
2699,516.135925293
2700,526.624938965
2701,525.279602051
2702,522.802490234
2703,495.410491943
2704,511.967376709
2705,494.826263428
2706,506.028625488
2707,530.459533691
2708,512.545837402
2709,528.268859863
2710,493.174346924
2711,526.279907227
2712,544.994506836
2713,527.177612305
2714,484.535430908
2715,545.725830078
2716,508.849945068
2717,514.076965332
2718,524.48840332
2719,498.490478516
2720,521.218811035
2721,520.549499512
2722,457.439971924
2723,514.022338867
2724,548.388061523
2725,542.224914551
2726,503.596008301
2727,519.169433594
2728,528.011779785
2729,527.742797852
2730,551.770507812
2731,538.29083252
2732,512.963806152
2733,533.460693359
2734,562.281494141
2735,549.408691406
2736,485.701080322
2737,527.448608398
2738,528.003540039
2739,495.336547852
2740,531.251098633
2741,500.17300415
2742,484.4296875
2743,501.802307129
2744,531.372497559
2745,531.119995117
2746,536.701660156
2747,537.725646973
2748,546.921142578
2749,499.126556396
2750,512.907836914
2751,485.044342041
2752,525.19317627
2753,515.293640137
2754,528.85345459
2755,547.687316895
2756,516.564025879
2757,465.41696167
2758,514.57989502
2759,456.320983887
2760,479.053100586
2761,510.82925415
2762,476.773101807
2763,454.590148926
2764,585.334716797
2765,559.491516113
2766,511.14956665
2767,507.469146729
2768,512.028320312
2769,527.118469238
2770,512.577758789
2771,516.168457031
2772,492.749908447
2773,501.497344971
2774,510.813934326
2775,530.886291504
2776,540.937438965
2777,517.864562988
2778,477.975769043
2779,538.036437988
2780,513.486877441
2781,471.749450684
2782,502.342956543
2783,485.328277588
2784,511.471710205
2785,549.556091309
2786,541.693786621
2787,523.237121582
2788,495.764251709
2789,575.778625488
2790,508.869110107
2791,519.31829834
2792,487.347900391
2793,532.710021973
2794,534.450744629
2795,479.276977539
2796,498.350494385
2797,534.038635254
2798,413.193511963
2799,492.152496338
2800,499.718902588
2801,502.7550354
2802,497.016479492
2803,526.238098145
2804,510.599151611
2805,545.323730469
2806,507.49911499
2807,531.751342773
2808,526.084594727
2809,475.387939453
2810,494.648010254
2811,533.536254883
2812,526.908935547
2813,508.099822998
2814,493.387329102
2815,554.721435547
2816,521.743225098
2817,516.375976562
2818,504.272979736
2819,466.489044189
2820,535.84777832
2821,473.004364014
2822,504.733673096
2823,463.269561768
2824,521.912109375
2825,463.257171631
2826,528.309082031
2827,447.321655273
2828,490.468444824
2829,545.165466309
2830,506.788146973
2831,546.666442871
2832,528.104614258
2833,537.515686035
2834,561.174987793
2835,562.110595703
2836,483.090667725
2837,520.133239746
2838,541.422546387
2839,499.561584473
2840,543.905456543
2841,485.480926514
2842,470.310211182
2843,495.92590332
2844,456.510223389
2845,525.680725098
2846,503.096710205
2847,468.389221191
2848,498.07925415
2849,482.211090088
2850,520.909423828
2851,442.697052002
2852,503.015197754
2853,469.584869385
2854,517.819458008
2855,499.545837402
2856,515.453369141
2857,460.040313721
2858,512.06463623
2859,517.212280273
2860,448.868286133
2861,524.395996094
2862,510.893096924
2863,512.193115234
2864,550.559509277
2865,462.035369873
2866,489.336486816
2867,551.039428711
2868,475.136901855
2869,468.449310303
2870,502.62878418
2871,551.503356934
2872,525.048095703
2873,436.185516357
2874,497.428497314
2875,475.001678467
2876,534.330993652
2877,473.866760254
2878,513.507080078
2879,495.06427002
2880,507.274749756
2881,480.605926514
2882,527.713195801
2883,503.916168213
2884,492.316192627
2885,445.593414307
2886,488.273956299
2887,502.638580322
2888,510.471466064
2889,496.642089844
2890,466.166687012
2891,552.545776367
2892,503.257385254
2893,520.733520508
2894,517.097473145
2895,435.241699219
2896,497.141998291
2897,520.098999023
2898,464.965942383
2899,548.46282959
2900,516.217590332
2901,508.682861328
2902,536.930175781
2903,557.229980469
2904,510.287445068
2905,501.821929932
2906,525.740722656
2907,496.425170898
2908,537.83001709
2909,497.519378662
2910,500.608398438
2911,548.889526367
2912,476.22946167
2913,484.008880615
2914,511.807830811
2915,514.451904297
2916,495.897521973
2917,527.896606445
2918,473.858184814
2919,499.936767578
2920,554.207275391
2921,529.38269043
2922,485.961517334
2923,511.416778564
2924,504.501098633
2925,521.738830566
2926,539.149414062
2927,463.480682373
2928,486.803466797
2929,481.38848877
2930,481.867401123
2931,485.058563232
2932,531.809753418
2933,512.803710938
2934,502.093109131
2935,457.070831299
2936,467.73651123
2937,486.360321045
2938,516.017028809
2939,428.806549072
2940,479.719207764
2941,483.48348999
2942,534.189208984
2943,479.510070801
2944,461.960205078
2945,495.64730835
2946,481.228973389
2947,527.738952637
2948,532.145874023
2949,497.842254639
2950,476.372375488
2951,450.162994385
2952,529.745117188
2953,476.312896729
2954,488.532196045
2955,527.420288086
2956,487.647735596
2957,538.630065918
2958,494.168914795
2959,451.521240234
2960,486.729431152
2961,467.919647217
2962,503.408966064
2963,501.814147949
2964,484.072875977
2965,511.300201416
2966,485.425140381
2967,478.642791748
2968,523.436828613
2969,522.17376709
2970,515.065795898
2971,449.326690674
2972,491.325805664
2973,530.133605957
2974,503.116638184
2975,534.570495605
2976,459.347137451
2977,451.875518799
2978,485.311706543
2979,506.941741943
2980,452.494415283
2981,458.044067383
2982,512.768737793
2983,513.563537598
2984,506.638946533
2985,482.286956787
2986,491.252990723
2987,526.671875
2988,496.170623779
2989,519.662231445
2990,480.029144287
2991,513.659973145
2992,480.854125977
2993,519.039794922
2994,478.270874023
2995,497.107391357
2996,514.620666504
2997,509.289825439
2998,498.977600098
2999,508.463470459
3000,465.317504883
3001,483.172576904
3002,514.647155762
3003,506.861968994
3004,502.542510986
3005,525.593261719
3006,476.013244629
3007,453.407226562
3008,479.589569092
3009,491.059509277
3010,512.25982666
3011,501.241546631
3012,478.589172363
3013,482.211639404
3014,493.303497314
3015,512.203369141
3016,478.973022461
3017,560.094665527
3018,482.186828613
3019,481.462524414
3020,456.854949951
3021,506.420379639
3022,515.706970215
3023,497.866973877
3024,458.009887695
3025,501.711029053
3026,506.134674072
3027,487.720977783
3028,469.473052979
3029,489.920440674
3030,472.933807373
3031,504.651672363
3032,495.137268066
3033,501.938995361
3034,452.642028809
3035,517.277526855
3036,503.8175354
3037,501.851531982
3038,527.530029297
3039,465.49899292
3040,466.59552002
3041,454.209228516
3042,484.982055664
3043,478.240692139
3044,485.204833984
3045,543.766723633
3046,481.225921631
3047,514.720947266
3048,498.417663574
3049,456.540252686
3050,497.982910156
3051,500.429504395
3052,494.01651001
3053,513.008422852
3054,470.122802734
3055,556.654907227
3056,530.854125977
3057,516.16607666
3058,499.251251221
3059,464.794281006
3060,495.385070801
3061,458.244506836
3062,501.132263184
3063,471.882751465
3064,494.348693848
3065,490.846893311
3066,503.38180542
3067,473.851959229
3068,498.159118652
3069,511.98348999
3070,484.627502441
3071,513.390991211
3072,507.011047363
3073,486.329803467
3074,481.294342041
3075,576.234191895
3076,448.725830078
3077,458.881072998
3078,506.354248047
3079,503.468383789
3080,495.547943115
3081,515.182678223
3082,475.673522949
3083,531.377380371
3084,530.592346191
3085,511.962860107
3086,481.97366333
3087,447.147277832
3088,452.090301514
3089,425.9972229
3090,455.720458984
3091,462.531890869
3092,540.585632324
3093,495.440246582
3094,479.808227539
3095,523.949584961
3096,450.655273438
3097,483.798187256
3098,512.73046875
3099,464.794342041
3100,467.444396973
3101,492.381500244
3102,525.059997559
3103,504.820617676
3104,453.316864014
3105,482.988189697
3106,501.910217285
3107,481.72479248
3108,526.199462891
3109,534.191711426
3110,497.07232666
3111,535.719299316
3112,486.084594727
3113,491.142120361
3114,499.384307861
3115,459.658508301
3116,480.658081055
3117,520.086364746
3118,461.722961426
3119,461.167266846
3120,513.426269531
3121,477.054199219
3122,485.55569458
3123,485.683776855
3124,500.283691406
3125,480.241607666
3126,476.391021729
3127,533.520629883
3128,476.453125
3129,465.633758545
3130,541.302185059
3131,487.036712646
3132,522.872680664
3133,478.627838135
3134,478.588226318
3135,447.678619385
3136,451.146087646
3137,478.133026123
3138,474.237915039
3139,420.660125732
3140,458.856811523
3141,464.994842529
3142,507.257873535
3143,482.557952881
3144,528.99432373
3145,460.998382568
3146,548.961242676
3147,470.340911865
3148,486.571777344
3149,495.301025391
3150,486.029327393
3151,465.193847656
3152,480.123535156
3153,464.242095947
3154,450.625061035
3155,507.654724121
3156,483.103393555
3157,520.056213379
3158,477.649932861
3159,440.465362549
3160,477.209411621
3161,484.015441895
3162,464.706939697
3163,454.652770996
3164,467.316467285
3165,487.131744385
3166,530.601074219
3167,471.358306885
3168,506.665405273
3169,518.425842285
3170,468.133544922
3171,437.845367432
3172,463.968933105
3173,517.983886719
3174,519.441467285
3175,542.828430176
3176,484.29800415
3177,516.127258301
3178,479.572967529
3179,450.300079346
3180,471.772827148
3181,516.662841797
3182,556.285705566
3183,453.382720947
3184,470.440032959
3185,457.779998779
3186,524.644592285
3187,461.987609863
3188,523.644226074
3189,550.036682129
3190,460.050323486
3191,443.221893311
3192,479.014068604
3193,496.237304688
3194,539.092468262
3195,484.232269287
3196,462.648834229
3197,487.49899292
3198,490.527038574
3199,464.092346191
3200,500.438354492
3201,475.141967773
3202,484.971984863
3203,473.871643066
3204,490.707122803
3205,480.144836426
3206,503.800567627
3207,448.117431641
3208,453.752349854
3209,484.321594238
3210,489.815032959
3211,530.40447998
3212,484.887664795
3213,438.937225342
3214,439.977966309
3215,481.687896729
3216,489.731933594
3217,431.278411865
3218,504.102844238
3219,455.083770752
3220,492.315032959
3221,489.393737793
3222,490.23260498
3223,483.223083496
3224,499.695678711
3225,471.553833008
3226,474.567382812
3227,470.216796875
3228,499.023681641
3229,463.167388916
3230,450.254974365
3231,484.880157471
3232,499.850585938
3233,464.400268555
3234,477.066223145
3235,482.822662354
3236,432.992370605
3237,491.787506104
3238,468.404541016
3239,471.638702393
3240,489.104858398
3241,444.601898193
3242,469.2684021
3243,432.71206665
3244,441.078338623
3245,413.722167969
3246,485.036437988
3247,474.939483643
3248,467.702850342
3249,423.221069336
3250,435.827453613
3251,541.203430176
3252,498.269500732
3253,478.521392822
3254,523.672058105
3255,499.357696533
3256,485.363616943
3257,464.204376221
3258,438.918701172
3259,473.316558838
3260,485.938568115
3261,467.436218262
3262,505.238677979
3263,507.790557861
3264,484.6043396
3265,461.684539795
3266,473.704559326
3267,499.83380127
3268,485.155639648
3269,471.010681152
3270,455.31439209
3271,429.614807129
3272,512.191772461
3273,554.273010254
3274,493.937255859
3275,500.233581543
3276,545.545288086
3277,486.355102539
3278,487.356414795
3279,445.599945068
3280,494.512115479
3281,519.065368652
3282,445.369293213
3283,486.046661377
3284,505.72857666
3285,523.20489502
3286,480.789703369
3287,507.571807861
3288,493.449676514
3289,483.338317871
3290,491.920288086
3291,431.248535156
3292,480.720245361
3293,479.185791016
3294,434.717651367
3295,434.265563965
3296,523.383911133
3297,487.700683594
3298,528.03314209
3299,447.320709229
3300,485.022033691
3301,474.293518066
3302,489.840270996
3303,444.609893799
3304,556.76373291
3305,472.470703125
3306,471.383880615
3307,446.225616455
3308,543.025390625
3309,490.585754395
3310,469.880401611
3311,506.690948486
3312,471.041778564
3313,518.177429199
3314,467.559692383
3315,454.689758301
3316,486.980438232
3317,488.347869873
3318,434.458557129
3319,457.46661377
3320,514.811401367
3321,510.701629639
3322,425.167480469
3323,494.934417725
3324,458.751495361
3325,482.668395996
3326,456.404174805
3327,476.03036499
3328,450.792663574
3329,482.832397461
3330,464.767700195
3331,465.52041626
3332,466.790588379
3333,452.150970459
3334,467.344573975
3335,444.283477783
3336,486.655609131
3337,474.64163208
3338,522.740600586
3339,463.809204102
3340,449.653686523
3341,475.418487549
3342,445.388031006
3343,458.658050537
3344,448.841400146
3345,471.128570557
3346,522.786376953
3347,462.326324463
3348,527.730224609
3349,488.970245361
3350,470.82333374
3351,526.976135254
3352,445.753753662
3353,477.789611816
3354,472.519348145
3355,486.483917236
3356,486.885345459
3357,509.06362915
3358,417.430786133
3359,485.4715271
3360,469.535339355
3361,516.928527832
3362,430.312072754
3363,514.241577148
3364,491.68371582
3365,446.211791992
3366,495.55380249
3367,437.559417725
3368,476.88269043
3369,442.843261719
3370,526.826171875
3371,459.772491455
3372,471.385375977
3373,408.817047119
3374,464.436126709
3375,461.184295654
3376,452.134429932
3377,499.652709961
3378,449.440093994
3379,494.341705322
3380,455.597137451
3381,519.391662598
3382,449.57131958
3383,501.16619873
3384,470.039031982
3385,529.212341309
3386,440.987091064
3387,468.601318359
3388,449.529022217
3389,512.67376709
3390,472.738250732
3391,462.573303223
3392,443.382781982
3393,467.957397461
3394,523.315185547
3395,479.005096436
3396,430.0909729
3397,481.42288208
3398,481.706634521
3399,456.258300781
3400,452.810821533
3401,487.231323242
3402,476.688049316
3403,415.710968018
3404,501.219085693
3405,465.807525635
3406,461.032806396
3407,423.444061279
3408,424.8984375
3409,484.230987549
3410,469.719146729
3411,465.314239502
3412,479.372161865
3413,432.769226074
3414,492.02835083
3415,475.996368408
3416,500.708007812
3417,419.238128662
3418,484.458892822
3419,490.098999023
3420,478.34753418
3421,439.496002197
3422,528.319702148
3423,487.151641846
3424,472.45135498
3425,457.199829102
3426,455.999176025
3427,453.875610352
3428,449.749328613
3429,465.900939941
3430,517.026306152
3431,494.392303467
3432,481.711303711
3433,461.801605225
3434,435.753967285
3435,427.886016846
3436,500.964355469
3437,486.872314453
3438,491.790679932
3439,461.27557373
3440,456.110321045
3441,481.639251709
3442,467.48828125
3443,460.556213379
3444,447.886566162
3445,460.762268066
3446,462.729217529
3447,481.765167236
3448,496.623321533
3449,452.292572021
3450,479.004638672
3451,474.481414795
3452,418.720855713
3453,479.195007324
3454,519.896911621
3455,396.169830322
3456,485.93536377
3457,433.924316406
3458,459.815093994
3459,465.079650879
3460,490.568817139
3461,444.999755859
3462,465.038452148
3463,551.714782715
3464,489.002044678
3465,457.8409729
3466,433.668029785
3467,501.316375732
3468,485.105865479
3469,450.006195068
3470,502.76473999
3471,502.911407471
3472,439.360931396
3473,500.509796143
3474,423.297729492
3475,477.452392578
3476,492.76373291
3477,471.067565918
3478,491.505004883
3479,420.832641602
3480,473.770629883
3481,473.138244629
3482,488.386230469
3483,483.003875732
3484,490.605865479
3485,485.07925415
3486,434.132110596
3487,487.21887207
3488,455.616882324
3489,442.359649658
3490,448.74987793
3491,461.208892822
3492,465.409973145
3493,427.672210693
3494,458.797576904
3495,515.871887207
3496,500.44619751
3497,438.482116699
3498,440.496520996
3499,474.024536133
3500,486.764953613
3501,480.771942139
3502,487.837982178
3503,444.626678467
3504,442.376281738
3505,435.660095215
3506,487.919281006
3507,430.610931396
3508,466.395111084
3509,467.296020508
3510,467.845275879
3511,458.589691162
3512,459.012786865
3513,460.86618042
3514,508.331970215
3515,471.473876953
3516,433.584320068
3517,490.50994873
3518,481.682312012
3519,480.168945312
3520,475.689788818
3521,452.707702637
3522,524.350036621
3523,474.104156494
3524,445.703948975
3525,416.023895264
3526,434.906402588
3527,447.59552002
3528,451.398620605
3529,468.023498535
3530,449.716552734
3531,459.124603271
3532,461.099975586
3533,475.287475586
3534,452.083526611
3535,445.726776123
3536,432.640960693
3537,450.529937744
3538,415.78326416
3539,451.263458252
3540,490.184509277
3541,507.158630371
3542,484.281921387
3543,480.138244629
3544,449.364746094
3545,472.793182373
3546,445.879821777
3547,489.587585449
3548,531.196655273
3549,449.497741699
3550,459.382659912
3551,486.268493652
3552,474.952514648
3553,464.550842285
3554,427.816680908
3555,447.259033203
3556,466.172241211
3557,464.198852539
3558,542.313537598
3559,439.786193848
3560,466.468505859
3561,445.966918945
3562,475.739379883
3563,496.181884766
3564,443.228973389
3565,498.816040039
3566,504.725341797
3567,438.138183594
3568,493.077270508
3569,498.625793457
3570,471.822265625
3571,437.475799561
3572,442.495941162
3573,444.261108398
3574,484.084594727
3575,430.652496338
3576,431.965820312
3577,432.923034668
3578,464.099578857
3579,484.944915771
3580,504.708618164
3581,470.347595215
3582,400.65222168
3583,469.114440918
3584,498.56060791
3585,426.257019043
3586,473.086486816
3587,434.524108887
3588,417.954071045
3589,483.155273438
3590,524.075805664
3591,447.309631348
3592,504.094116211
3593,461.19519043
3594,424.144989014
3595,440.782470703
3596,454.859649658
3597,448.869995117
3598,449.902526855
3599,489.182128906
3600,440.493408203
3601,477.940368652
3602,512.407653809
3603,452.46472168
3604,481.9296875
3605,480.100402832
3606,455.064117432
3607,443.411743164
3608,425.590332031
3609,491.806488037
3610,470.913604736
3611,458.735626221
3612,487.235107422
3613,482.511291504
3614,442.83782959
3615,526.536987305
3616,469.931518555
3617,438.669494629
3618,475.81350708
3619,461.32019043
3620,463.749511719
3621,507.321228027
3622,460.108856201
3623,467.06930542
3624,488.498016357
3625,464.690582275
3626,491.257537842
3627,452.939117432
3628,418.456970215
3629,444.672454834
3630,438.499511719
3631,456.86932373
3632,475.457702637
3633,462.625732422
3634,447.758209229
3635,497.255065918
3636,441.388366699
3637,507.849517822
3638,486.966827393
3639,514.979492188
3640,469.263397217
3641,480.348052979
3642,460.454925537
3643,490.505249023
3644,492.017150879
3645,475.93572998
3646,441.889282227
3647,446.460021973
3648,477.349578857
3649,450.160644531
3650,460.424194336
3651,432.939666748
3652,503.413909912
3653,510.46786499
3654,459.100921631
3655,444.188598633
3656,483.058990479
3657,476.423034668
3658,452.929260254
3659,443.044281006
3660,459.970489502
3661,483.416015625
3662,426.699676514
3663,439.457427979
3664,496.052612305
3665,438.110198975
3666,409.179931641
3667,446.662658691
3668,486.763336182
3669,461.73526001
3670,464.111816406
3671,469.101257324
3672,497.909820557
3673,386.885437012
3674,434.563751221
3675,504.848297119
3676,438.59375
3677,428.233459473
3678,471.481323242
3679,470.831634521
3680,443.745727539
3681,458.338531494
3682,458.771972656
3683,470.605682373
3684,428.541168213
3685,459.544067383
3686,469.230987549
3687,447.759796143
3688,496.465301514
3689,424.214996338
3690,479.553314209
3691,438.444763184
3692,470.430175781
3693,454.868469238
3694,442.627319336
3695,446.402526855
3696,466.824005127
3697,452.124023438
3698,491.19128418
3699,475.733154297
3700,474.897827148
3701,478.551635742
3702,465.221008301
3703,482.525970459
3704,446.946838379
3705,449.911132812
3706,421.425994873
3707,474.172119141
3708,440.997344971
3709,449.042785645
3710,541.724060059
3711,454.555541992
3712,473.480316162
3713,434.839508057
3714,495.013702393
3715,461.864074707
3716,483.164886475
3717,453.220977783
3718,474.183990479
3719,508.59487915
3720,467.342498779
3721,433.867767334
3722,473.389923096
3723,471.315216064
3724,475.069976807
3725,488.765228271
3726,461.719482422
3727,461.52041626
3728,419.825469971
3729,398.409606934
3730,421.95300293
3731,396.306030273
3732,431.775390625
3733,449.79864502
3734,411.643280029
3735,398.740844727
3736,425.676849365
3737,464.327636719
3738,437.82119751
3739,463.081359863
3740,396.341186523
3741,427.595825195
3742,448.945037842
3743,449.17767334
3744,455.753417969
3745,442.096588135
3746,446.386291504
3747,430.374267578
3748,453.66229248
3749,544.726135254
3750,467.965667725
3751,459.888397217
3752,466.722625732
3753,469.601318359
3754,443.908843994
3755,441.12890625
3756,479.722137451
3757,407.813964844
3758,485.677978516
3759,464.498840332
3760,449.785614014
3761,439.169830322
3762,461.744476318
3763,453.699005127
3764,425.213165283
3765,460.074127197
3766,430.109863281
3767,444.231384277
3768,450.746337891
3769,492.337677002
3770,442.702636719
3771,414.779022217
3772,474.402404785
3773,427.342346191
3774,486.917327881
3775,430.676269531
3776,434.932342529
3777,460.43460083
3778,465.933654785
3779,469.065765381
3780,456.6590271
3781,439.485076904
3782,446.176300049
3783,472.888549805
3784,444.061462402
3785,427.420959473
3786,477.922607422
3787,491.695465088
3788,479.887664795
3789,427.896881104
3790,467.111480713
3791,472.385162354
3792,474.182983398
3793,412.26940918
3794,452.96295166
3795,433.948638916
3796,499.17767334
3797,407.570068359
3798,454.133789062
3799,473.052368164
3800,485.792022705
3801,432.612548828
3802,474.017425537
3803,449.157165527
3804,450.201202393
3805,459.216522217
3806,425.799560547
3807,463.73614502
3808,498.166595459
3809,464.539703369
3810,487.659362793
3811,394.461425781
3812,431.330230713
3813,456.342956543
3814,453.161895752
3815,438.977996826
3816,455.131072998
3817,461.921173096
3818,450.82711792
3819,448.379577637
3820,410.158233643
3821,499.760192871
3822,449.614898682
3823,417.233001709
3824,455.917480469
3825,473.447845459
3826,448.422088623
3827,430.677490234
3828,452.949859619
3829,465.392669678
3830,439.616027832
3831,462.328613281
3832,423.584289551
3833,452.040252686
3834,425.995513916
3835,487.303009033
3836,473.433044434
3837,485.313476562
3838,437.57208252
3839,445.184753418
3840,445.433746338
3841,493.964263916
3842,441.614593506
3843,452.946746826
3844,399.062591553
3845,440.646759033
3846,440.853302002
3847,433.117370605
3848,461.329284668
3849,446.452056885
3850,478.808135986
3851,410.521636963
3852,454.135498047
3853,426.15435791
3854,464.721282959
3855,438.419342041
3856,477.303375244
3857,467.697021484
3858,470.787414551
3859,490.509368896
3860,487.899475098
3861,441.260528564
3862,532.744567871
3863,433.537811279
3864,477.012542725
3865,470.335906982
3866,456.597015381
3867,446.794281006
3868,467.33114624
3869,483.05645752
3870,417.764434814
3871,386.953704834
3872,443.569946289
3873,486.475402832
3874,451.622589111
3875,489.391021729
3876,457.689300537
3877,434.771575928
3878,492.035583496
3879,414.58996582
3880,434.946624756
3881,471.618347168
3882,418.334075928
3883,458.287414551
3884,444.22946167
3885,434.905303955
3886,422.734436035
3887,462.497344971
3888,428.27456665
3889,446.091217041
3890,425.953643799
3891,441.029724121
3892,453.563659668
3893,436.343444824
3894,437.691619873
3895,455.631347656
3896,431.648590088
3897,443.842437744
3898,419.819274902
3899,478.118743896
3900,464.308410645
3901,450.975646973
3902,466.843566895
3903,410.832855225
3904,467.869354248
3905,477.536102295
3906,457.825897217
3907,407.156341553
3908,462.63949585
3909,467.109558105
3910,431.064025879
3911,451.423156738
3912,425.3828125
3913,484.55065918
3914,433.978240967
3915,431.8175354
3916,438.299926758
3917,458.102630615
3918,451.696838379
3919,456.465423584
3920,389.406066895
3921,454.640869141
3922,426.65914917
3923,417.327178955
3924,460.488311768
3925,422.130493164
3926,473.809143066
3927,419.136199951
3928,425.964630127
3929,438.09777832
3930,469.146453857
3931,485.520050049
3932,455.133178711
3933,408.634979248
3934,431.351654053
3935,479.065460205
3936,455.016265869
3937,473.508361816
3938,535.742614746
3939,421.749633789
3940,474.841674805
3941,423.813690186
3942,436.801696777
3943,461.303588867
3944,457.712036133
3945,483.488037109
3946,444.25012207
3947,465.275939941
3948,436.387756348
3949,446.280029297
3950,448.885650635
3951,459.59487915
3952,476.589630127
3953,423.2421875
3954,505.972198486
3955,439.938720703
3956,471.716186523
3957,465.526611328
3958,462.240905762
3959,432.262023926
3960,432.930847168
3961,437.377960205
3962,429.678314209
3963,461.788085938
3964,460.60244751
3965,446.995452881
3966,475.327026367
3967,429.58001709
3968,421.743133545
3969,457.821716309
3970,449.818939209
3971,416.150360107
3972,479.519317627
3973,484.147369385
3974,443.115936279
3975,447.771820068
3976,439.743682861
3977,467.389068604
3978,444.325317383
3979,406.131011963
3980,455.516143799
3981,428.291351318
3982,440.865356445
3983,447.736328125
3984,456.12890625
3985,443.734680176
3986,482.997955322
3987,452.787506104
3988,457.485748291
3989,480.977355957
3990,441.022521973
3991,394.158081055
3992,453.892272949
3993,458.830444336
3994,463.933380127
3995,417.849975586
3996,442.227264404
3997,415.487060547
3998,387.122680664
3999,405.294281006
4000,440.885070801
4001,475.062347412
4002,441.828033447
4003,493.480743408
4004,503.125244141
4005,462.565307617
4006,493.386444092
4007,511.753662109
4008,439.748962402
4009,412.660339355
4010,475.629882812
4011,460.476165771
4012,459.936065674
4013,458.721740723
4014,485.082275391
4015,428.864135742
4016,428.072540283
4017,441.440551758
4018,417.719238281
4019,413.057525635
4020,457.527740479
4021,453.383880615
4022,418.111053467
4023,463.640258789
4024,448.129730225
4025,501.769134521
4026,433.889648438
4027,455.695648193
4028,481.329650879
4029,432.460449219
4030,485.492675781
4031,436.994659424
4032,508.619049072
4033,455.839294434
4034,454.69909668
4035,454.988586426
4036,463.070129395
4037,464.715911865
4038,413.081054688
4039,455.952056885
4040,462.738342285
4041,439.523651123
4042,430.382751465
4043,415.395324707
4044,440.091949463
4045,461.851654053
4046,477.965423584
4047,438.16696167
4048,448.966583252
4049,442.59072876
4050,459.008239746
4051,447.944732666
4052,453.395568848
4053,426.56463623
4054,437.00970459
4055,445.076385498
4056,482.362487793
4057,426.60546875
4058,457.525299072
4059,434.131256104
4060,449.276123047
4061,434.921478271
4062,425.174346924
4063,484.021881104
4064,436.006256104
4065,466.959472656
4066,466.183044434
4067,469.756652832
4068,431.448974609
4069,478.295379639
4070,435.180297852
4071,431.955413818
4072,454.906341553
4073,452.682403564
4074,441.015960693
4075,475.794647217
4076,382.66116333
4077,455.161865234
4078,427.780029297
4079,408.269012451
4080,438.160217285
4081,434.8956604
4082,452.648101807
4083,453.608337402
4084,388.292663574
4085,411.097564697
4086,472.850372314
4087,429.198455811
4088,393.81362915
4089,474.408660889
4090,450.26083374
4091,454.727752686
4092,466.003753662
4093,450.081695557
4094,447.468597412
4095,452.071014404
4096,463.883239746
4097,445.378814697
4098,466.686828613
4099,473.743011475
4100,403.087524414
4101,424.078704834
4102,481.208709717
4103,433.867156982
4104,460.035003662
4105,448.054260254
4106,419.09954834
4107,461.105804443
4108,429.314727783
4109,414.769958496
4110,436.770141602
4111,459.156585693
4112,449.925170898
4113,418.59161377
4114,435.41696167
4115,426.855682373
4116,416.098083496
4117,393.804107666
4118,438.461242676
4119,449.770690918
4120,426.351379395
4121,427.10723877
4122,490.843170166
4123,423.771392822
4124,413.35824585
4125,431.663421631
4126,440.987731934
4127,410.057250977
4128,431.748565674
4129,444.045623779
4130,422.856018066
4131,455.982696533
4132,418.77154541
4133,457.385864258
4134,478.87991333
4135,462.724609375
4136,430.808502197
4137,441.243469238
4138,407.110626221
4139,451.430328369
4140,440.324066162
4141,456.957763672
4142,431.891906738
4143,447.743225098
4144,490.195861816
4145,456.809753418
4146,443.234100342
4147,484.793945312
4148,418.098602295
4149,457.896636963
4150,461.392456055
4151,410.435546875
4152,431.621948242
4153,444.481903076
4154,419.73046875
4155,396.923553467
4156,453.126922607
4157,437.737640381
4158,469.116912842
4159,443.625915527
4160,463.857910156
4161,454.115570068
4162,414.028503418
4163,474.747375488
4164,421.613769531
4165,433.586578369
4166,454.982971191
4167,424.229125977
4168,455.060913086
4169,430.356109619
4170,407.213470459
4171,433.522674561
4172,467.068267822
4173,397.401245117
4174,429.657165527
4175,420.792724609
4176,459.350860596
4177,441.793457031
4178,428.872375488
4179,413.141784668
4180,462.783752441
4181,475.98828125
4182,464.845367432
4183,431.848754883
4184,457.678649902
4185,424.044830322
4186,445.613739014
4187,402.528045654
4188,423.833496094
4189,435.394317627
4190,459.624847412
4191,431.629058838
4192,448.473876953
4193,427.583953857
4194,431.559143066
4195,450.778991699
4196,444.167358398
4197,337.446777344
4198,443.212554932
4199,456.034973145
4200,445.800048828
4201,458.626861572
4202,400.970977783
4203,439.704772949
4204,423.80682373
4205,435.762023926
4206,457.496185303
4207,456.490447998
4208,411.593933105
4209,452.518737793
4210,506.538238525
4211,433.78994751
4212,428.20916748
4213,406.998443604
4214,418.916442871
4215,447.676177979
4216,401.768066406
4217,440.81149292
4218,398.119293213
4219,459.654022217
4220,411.061309814
4221,444.685577393
4222,456.27935791
4223,435.606262207
4224,411.334960938
4225,447.124389648
4226,451.731658936
4227,385.111877441
4228,441.012969971
4229,390.901977539
4230,456.719787598
4231,405.752288818
4232,447.53314209
4233,426.706207275
4234,458.008453369
4235,474.972808838
4236,434.998321533
4237,458.409790039
4238,457.019744873
4239,474.293640137
4240,422.921356201
4241,453.807312012
4242,406.98059082
4243,431.606506348
4244,438.915435791
4245,427.421722412
4246,430.83996582
4247,424.778533936
4248,462.272705078
4249,458.334075928
4250,373.721679688
4251,409.1690979
4252,456.165100098
4253,454.72265625
4254,449.358337402
4255,419.975036621
4256,434.777099609
4257,474.199707031
4258,443.18951416
4259,490.938323975
4260,421.904724121
4261,408.46295166
4262,425.121185303
4263,435.66784668
4264,428.216888428
4265,453.990020752
4266,441.906829834
4267,425.360900879
4268,432.083129883
4269,392.165039062
4270,431.593658447
4271,430.967376709
4272,453.905548096
4273,458.702850342
4274,477.543243408
4275,428.611968994
4276,448.583862305
4277,441.512329102
4278,477.190612793
4279,479.149047852
4280,398.264404297
4281,442.618286133
4282,444.891998291
4283,427.383514404
4284,448.212402344
4285,419.961578369
4286,427.329620361
4287,462.735351562
4288,428.857055664
4289,462.08505249
4290,449.240570068
4291,408.442687988
4292,370.640594482
4293,425.272857666
4294,449.031951904
4295,438.983703613
4296,403.503936768
4297,433.055328369
4298,425.028930664
4299,433.226837158
4300,493.626983643
4301,432.207122803
4302,440.632141113
4303,423.211547852
4304,415.516082764
4305,463.038330078
4306,432.018707275
4307,430.538146973
4308,426.991943359
4309,419.442169189
4310,464.046325684
4311,426.168762207
4312,464.328613281
4313,438.383300781
4314,447.523376465
4315,388.28225708
4316,422.415863037
4317,449.490539551
4318,412.93347168
4319,443.390930176
4320,425.023498535
4321,413.348480225
4322,380.011322021
4323,446.895477295
4324,430.173828125
4325,415.25579834
4326,459.099487305
4327,435.803039551
4328,457.497558594
4329,417.098236084
4330,410.175018311
4331,404.465515137
4332,425.277740479
4333,416.203430176
4334,426.682434082
4335,451.563751221
4336,438.457000732
4337,478.245483398
4338,424.105255127
4339,428.902435303
4340,405.530792236
4341,441.561676025
4342,414.543914795
4343,423.957733154
4344,442.861663818
4345,414.638824463
4346,424.133209229
4347,461.188415527
4348,402.185150146
4349,398.066864014
4350,442.067932129
4351,429.449737549
4352,440.631286621
4353,417.286743164
4354,415.916320801
4355,417.148651123
4356,474.75769043
4357,411.103851318
4358,416.496246338
4359,396.552520752
4360,433.049163818
4361,448.042938232
4362,458.661499023
4363,486.763916016
4364,433.671966553
4365,445.354400635
4366,414.933807373
4367,446.856262207
4368,452.931182861
4369,455.323608398
4370,425.783233643
4371,433.637512207
4372,441.021697998
4373,413.088470459
4374,454.046722412
4375,428.867431641
4376,405.991760254
4377,408.59664917
4378,425.196868896
4379,405.078399658
4380,459.262695312
4381,451.204040527
4382,434.93649292
4383,415.014648438
4384,424.580688477
4385,410.868011475
4386,456.857269287
4387,412.526611328
4388,495.176635742
4389,421.73135376
4390,453.342803955
4391,458.686645508
4392,422.69052124
4393,461.027862549
4394,428.246154785
4395,445.542633057
4396,408.4737854
4397,428.358734131
4398,430.246307373
4399,430.987030029
4400,444.808166504
4401,449.482055664
4402,414.499633789
4403,390.395721436
4404,411.323181152
4405,419.521881104
4406,444.4168396
4407,434.322814941
4408,430.683929443
4409,433.044189453
4410,471.143005371
4411,473.65927124
4412,446.110748291
4413,428.640197754
4414,457.086425781
4415,426.2315979
4416,439.229156494
4417,379.570465088
4418,430.756744385
4419,447.851959229
4420,429.755310059
4421,440.875305176
4422,402.289825439
4423,406.125549316
4424,430.145294189
4425,415.390411377
4426,429.574829102
4427,422.593292236
4428,444.38671875
4429,434.17300415
4430,422.575195312
4431,441.097198486
4432,417.093780518
4433,503.98727417
4434,427.787811279
4435,420.748260498
4436,407.652404785
4437,471.208618164
4438,438.681884766
4439,421.926483154
4440,454.386627197
4441,425.157775879
4442,454.993011475
4443,427.718475342
4444,422.019714355
4445,476.468566895
4446,444.812072754
4447,389.740753174
4448,424.412109375
4449,421.500915527
4450,427.731964111
4451,427.857208252
4452,479.737792969
4453,491.439849854
4454,426.158050537
4455,383.720855713
4456,415.149902344
4457,440.440307617
4458,438.408355713
4459,432.895721436
4460,426.065063477
4461,429.006622314
4462,427.838012695
4463,447.050170898
4464,423.797485352
4465,353.503967285
4466,419.179718018
4467,459.107452393
4468,419.839752197
4469,404.72668457
4470,381.253051758
4471,409.356781006
4472,443.253662109
4473,416.561920166
4474,377.020996094
4475,404.943664551
4476,423.731018066
4477,408.450317383
4478,422.401916504
4479,412.282714844
4480,448.007354736
4481,416.911834717
4482,424.241394043
4483,416.243408203
4484,458.055755615
4485,416.325012207
4486,435.395996094
4487,468.938537598
4488,381.113983154
4489,406.563964844
4490,439.340148926
4491,417.899353027
4492,486.216247559
4493,446.298858643
4494,393.277557373
4495,434.263031006
4496,457.108062744
4497,405.234313965
4498,423.657318115
4499,379.288543701
4500,432.980102539
4501,383.834747314
4502,417.433258057
4503,448.691894531
4504,429.804382324
4505,422.741973877
4506,414.075897217
4507,424.037353516
4508,389.630615234
4509,442.604736328
4510,398.276702881
4511,385.626220703
4512,423.963623047
4513,417.608917236
4514,385.336303711
4515,422.085754395
4516,380.826049805
4517,477.728637695
4518,485.897644043
4519,408.900360107
4520,480.590118408
4521,388.549255371
4522,406.141418457
4523,427.053466797
4524,449.254669189
4525,417.530517578
4526,451.579406738
4527,396.622161865
4528,457.955413818
4529,436.184234619
4530,409.761444092
4531,439.233062744
4532,449.841491699
4533,460.769134521
4534,452.734222412
4535,486.276885986
4536,444.462524414
4537,402.10546875
4538,437.745910645
4539,382.752471924
4540,415.132537842
4541,451.545654297
4542,445.34552002
4543,414.350250244
4544,424.184936523
4545,440.324432373
4546,443.700469971
4547,503.567962646
4548,430.865692139
4549,430.608551025
4550,414.719573975
4551,484.902252197
4552,436.394378662
4553,419.29284668
4554,478.261383057
4555,392.042297363
4556,437.386474609
4557,441.521575928
4558,416.611694336
4559,450.332794189
4560,398.668334961
4561,402.004272461
4562,411.430419922
4563,404.148529053
4564,427.685791016
4565,405.652404785
4566,426.31539917
4567,431.788391113
4568,346.540649414
4569,426.128295898
4570,408.177490234
4571,443.995147705
4572,450.515167236
4573,432.799987793
4574,380.564575195
4575,416.290252686
4576,472.799163818
4577,359.019836426
4578,426.689575195
4579,436.236968994
4580,390.54574585
4581,402.114593506
4582,465.054077148
4583,411.367584229
4584,413.826873779
4585,406.423065186
4586,425.727813721
4587,405.003265381
4588,448.829681396
4589,404.16897583
4590,438.49206543
4591,446.762695312
4592,438.811981201
4593,428.033569336
4594,430.993927002
4595,418.219024658
4596,406.16973877
4597,425.356781006
4598,402.351593018
4599,453.432983398
4600,404.519592285
4601,415.835205078
4602,394.693084717
4603,433.876464844
4604,414.875396729
4605,442.76272583
4606,413.178405762
4607,418.979003906
4608,449.886138916
4609,403.176116943
4610,412.289215088
4611,424.508575439
4612,427.888458252
4613,428.724639893
4614,406.577850342
4615,456.385894775
4616,411.912017822
4617,382.836273193
4618,460.311737061
4619,382.882171631
4620,379.245849609
4621,418.738037109
4622,406.181549072
4623,395.622070312
4624,444.260467529
4625,417.075805664
4626,404.895019531
4627,425.87399292
4628,377.695526123
4629,465.678863525
4630,453.166259766
4631,384.721191406
4632,478.971862793
4633,434.290100098
4634,404.627807617
4635,392.979492188
4636,427.759613037
4637,464.72857666
4638,407.765014648
4639,483.452514648
4640,423.002563477
4641,402.591033936
4642,435.349578857
4643,412.642974854
4644,430.477935791
4645,408.458343506
4646,403.545806885
4647,447.894683838
4648,431.294616699
4649,415.956787109
4650,395.464904785
4651,421.884277344
4652,402.591674805
4653,446.303466797
4654,425.822875977
4655,391.298217773
4656,412.303375244
4657,437.800567627
4658,383.649414062
4659,405.583618164
4660,470.447723389
4661,436.266357422
4662,437.391967773
4663,451.914825439
4664,431.515411377
4665,440.249145508
4666,413.59552002
4667,442.498138428
4668,392.677154541
4669,415.22064209
4670,451.627288818
4671,417.715637207
4672,383.572875977
4673,411.24609375
4674,433.843566895
4675,451.209991455
4676,397.201202393
4677,430.001464844
4678,397.71395874
4679,377.094696045
4680,367.578735352
4681,398.173492432
4682,417.387207031
4683,399.275390625
4684,421.445617676
4685,409.994873047
4686,426.016052246
4687,396.498199463
4688,446.186828613
4689,420.337036133
4690,461.986297607
4691,453.161651611
4692,467.080932617
4693,419.041870117
4694,386.623901367
4695,407.264892578
4696,393.860626221
4697,405.277618408
4698,415.206512451
4699,402.03237915
4700,437.139801025
4701,370.442565918
4702,433.653106689
4703,402.680480957
4704,390.398345947
4705,431.025909424
4706,396.787567139
4707,416.583374023
4708,389.919647217
4709,384.058532715
4710,474.022033691
4711,409.353881836
4712,359.154418945
4713,431.953491211
4714,405.25088501
4715,398.298156738
4716,403.955566406
4717,435.504119873
4718,455.162811279
4719,374.838684082
4720,423.26361084
4721,394.293395996
4722,445.013458252
4723,391.039398193
4724,394.836791992
4725,386.329437256
4726,442.795959473
4727,410.736846924
4728,412.282043457
4729,394.233581543
4730,415.432739258
4731,459.91519165
4732,386.985473633
4733,412.017883301
4734,426.410614014
4735,406.404388428
4736,422.974395752
4737,433.966583252
4738,411.906646729
4739,435.317504883
4740,424.28527832
4741,430.884307861
4742,418.367462158
4743,403.944213867
4744,401.971557617
4745,415.475982666
4746,455.108520508
4747,376.275665283
4748,431.187072754
4749,402.76461792
4750,418.458557129
4751,444.561157227
4752,407.361877441
4753,380.358215332
4754,402.11907959
4755,427.257202148
4756,398.530090332
4757,426.307067871
4758,374.584899902
4759,366.922546387
4760,414.933502197
4761,386.385345459
4762,430.761749268
4763,403.79788208
4764,410.99130249
4765,399.311279297
4766,430.301147461
4767,414.590209961
4768,415.645507812
4769,400.065917969
4770,419.120544434
4771,415.24029541
4772,392.742492676
4773,408.370452881
4774,459.546875
4775,404.022033691
4776,410.844451904
4777,413.966369629
4778,442.730255127
4779,451.126983643
4780,403.370269775
4781,425.161987305
