0,199763.5
1,179304.328125
2,132818.3125
3,107371.765625
4,89037.2265625
5,83278.671875
6,68965.1015625
7,64989.7421875
8,54028.0546875
9,52120.7265625
10,46293.796875
11,42084.1679688
12,38412.4609375
13,35868.6132812
14,33541.0546875
15,30151.8125
16,30767.8554688
17,31013.109375
18,29091.9335938
19,27397.5644531
20,25692.1855469
21,24966.3671875
22,23633.6035156
23,21998.9570312
24,20579.8535156
25,21777.5683594
26,21950.0039062
27,19401.0351562
28,20860.5917969
29,18144.4492188
30,16891.4160156
31,18315.6054688
32,17421.6933594
33,17383.5390625
34,16742.0
35,15929.6035156
36,16114.4169922
37,14985.5527344
38,15755.2294922
39,14749.7050781
40,14169.4433594
41,14182.5839844
42,13887.453125
43,13988.3183594
44,13041.640625
45,14046.2441406
46,12301.2724609
47,13149.8886719
48,12693.5205078
49,12516.2265625
50,11591.2138672
51,12252.9990234
52,11915.9511719
53,12187.21875
54,11824.6650391
55,12458.9492188
56,11787.7099609
57,11330.4257812
58,11329.5449219
59,11209.8320312
60,11202.5029297
61,11217.7490234
62,11493.3984375
63,10277.1445312
64,10874.3818359
65,10552.0087891
66,11226.2734375
67,10827.1728516
68,10196.5673828
69,10408.8359375
70,9860.29003906
71,9828.03320312
72,9989.27832031
73,9809.71679688
74,9796.75683594
75,10375.4414062
76,9968.05859375
77,10501.1630859
78,9363.56640625
79,9219.72753906
80,9814.31640625
81,9203.55761719
82,9975.70800781
83,9172.88671875
84,9206.72265625
85,9422.45898438
86,9021.35644531
87,9300.98242188
88,8661.85449219
89,8449.26660156
90,8432.703125
91,9056.88085938
92,8711.11621094
93,8403.765625
94,8872.12011719
95,8563.13769531
96,9071.70410156
97,8250.96191406
98,8180.42675781
99,8099.57324219
100,8240.45507812
101,8174.78417969
102,8148.30273438
103,7847.66259766
104,8288.96679688
105,8580.84570312
106,7763.30175781
107,8278.33984375
108,8285.81542969
109,8409.57421875
110,8066.02539062
111,7898.75
112,7863.46972656
113,7941.44580078
114,8003.28466797
115,8093.328125
116,7920.5546875
117,8399.48828125
118,8029.26171875
119,8368.56640625
120,7963.33984375
121,8159.84472656
122,7931.88769531
123,8064.45166016
124,8032.27148438
125,7727.171875
126,8492.6796875
127,7176.60791016
128,7847.25927734
129,7837.05273438
130,7484.57519531
131,7913.02246094
132,7349.45605469
133,7928.75683594
134,7501.37890625
135,7374.79101562
136,8106.72558594
137,7134.50976562
138,7208.49609375
139,7408.46435547
140,7263.83740234
141,7009.95605469
142,7147.89648438
143,7177.26513672
144,7084.52587891
145,7052.8203125
146,7227.13867188
147,7350.70361328
148,7274.39990234
149,7360.296875
150,7269.12451172
151,8073.63818359
152,7171.21777344
153,7502.53466797
154,6940.62109375
155,7588.09375
156,6848.65429688
157,7263.87060547
158,7192.9140625
159,6993.83496094
160,7076.51660156
161,7107.00830078
162,6584.74267578
163,6922.28173828
164,6933.22949219
165,7030.27050781
166,6800.23193359
167,7045.66796875
168,6835.88378906
169,7034.30078125
170,6346.24658203
171,6906.46191406
172,7226.88867188
173,6986.49853516
174,7277.17773438
175,6921.30078125
176,6982.62207031
177,7765.36035156
178,6752.07958984
179,7788.04492188
180,6710.68359375
181,8216.90722656
182,6517.98681641
183,7069.46826172
184,6777.95410156
185,7101.1953125
186,6606.51611328
187,6353.49707031
188,6608.02294922
189,6430.00634766
190,6795.43798828
191,6769.98242188
192,6564.27441406
193,6509.66699219
194,6272.05761719
195,7019.83447266
196,6647.75292969
197,6798.02636719
198,7510.19335938
199,6329.41210938
200,6279.77539062
201,6298.47558594
202,6035.83886719
203,6490.83447266
204,6642.95214844
205,6839.62939453
206,6363.97314453
207,6474.80615234
208,6558.76464844
209,6237.14746094
210,6518.98583984
211,6287.06542969
212,6642.54833984
213,5597.38427734
214,6990.44775391
215,6391.24316406
216,6672.08886719
217,6489.99023438
218,6894.95654297
219,5914.35058594
220,6820.74707031
221,6276.91064453
222,6232.67919922
223,6280.63134766
224,6190.20361328
225,6375.13378906
226,5855.28076172
227,6215.68310547
228,6277.93554688
229,6154.16699219
230,6108.50976562
231,6088.62109375
232,6423.93164062
233,6129.81005859
234,5900.41552734
235,6610.25292969
236,5913.8359375
237,6573.51953125
238,6176.54150391
239,6492.44140625
240,5687.42724609
241,6474.56103516
242,5535.00292969
243,6510.20458984
244,5948.32128906
245,6511.15283203
246,6428.0546875
247,6104.11425781
248,6284.87255859
249,5707.67773438
250,6292.97607422
251,5996.41064453
252,6404.50195312
253,6241.39404297
254,5831.50048828
255,5869.55615234
256,5517.89501953
257,5657.16845703
258,5636.04492188
259,5593.32617188
260,5381.36279297
261,6255.30126953
262,5290.96142578
263,6083.33496094
264,5820.32421875
265,5820.00878906
266,5712.73779297
267,5934.92919922
268,5943.04638672
269,5826.17822266
270,5875.07568359
271,5421.39697266
272,5535.99511719
273,5819.43945312
274,5799.72460938
275,5399.21777344
276,6064.09179688
277,5631.84082031
278,5407.23583984
279,5544.29882812
280,5048.65429688
281,5681.71826172
282,5452.37451172
283,5708.91943359
284,5776.91308594
285,5656.22802734
286,5467.66601562
287,5462.01416016
288,5360.62646484
289,5489.00146484
290,5541.59277344
291,5455.30126953
292,5739.16113281
293,5193.21289062
294,5830.21240234
295,5339.31542969
296,5631.29003906
297,5699.72363281
298,5061.44042969
299,5586.79296875
300,5547.95068359
301,5627.27783203
302,5716.83056641
303,5753.45166016
304,5440.55224609
305,5850.13574219
306,5826.01220703
307,5365.63476562
308,5650.15087891
309,5453.20068359
310,6059.66650391
311,5368.42285156
312,6056.83496094
313,5553.20898438
314,5530.97412109
315,5320.14306641
316,5507.73681641
317,5368.00976562
318,5438.03027344
319,5784.0859375
320,5556.34619141
321,5579.62597656
322,6852.70605469
323,5915.53173828
324,7233.09863281
325,5730.87939453
326,6639.19091797
327,5829.25927734
328,6041.84765625
329,5341.51953125
330,5561.50390625
331,5320.33544922
332,5586.10107422
333,5435.15576172
334,5590.63867188
335,5438.84179688
336,5389.63867188
337,5419.57421875
338,5006.56298828
339,5512.50488281
340,5254.73632812
341,5217.72119141
342,5245.28173828
343,5500.11572266
344,5842.89306641
345,5260.78369141
346,5967.95800781
347,5129.19628906
348,5850.84716797
349,5122.68847656
350,5009.49072266
351,5117.52001953
352,5521.47070312
353,5268.10205078
354,5381.73291016
355,5916.93945312
356,5117.70361328
357,5717.87011719
358,5300.43408203
359,5815.44238281
360,5600.59863281
361,6176.81103516
362,5647.20263672
363,5506.78417969
364,5457.61230469
365,5286.91796875
366,5559.40527344
367,5723.75537109
368,5306.37597656
369,5460.38232422
370,5193.38183594
371,5420.70263672
372,5625.26660156
373,6030.75390625
374,5620.80566406
375,5384.71191406
376,5637.65234375
377,4819.38623047
378,4950.94091797
379,4723.13085938
380,5088.06738281
381,5054.91210938
382,4747.171875
383,5046.10400391
384,4961.49609375
385,5178.61669922
386,5013.47558594
387,4908.1796875
388,5178.27490234
389,5319.34863281
390,4771.31542969
391,4978.40917969
392,5211.36474609
393,5106.84472656
394,5114.08740234
395,5097.01611328
396,4981.91650391
397,4875.97705078
398,5089.89160156
399,5323.10205078
400,4942.66894531
401,5315.64501953
402,5134.77148438
403,4968.09960938
404,5227.85058594
405,4938.42822266
406,5108.88134766
407,4933.03955078
408,5060.90869141
409,5175.46386719
410,4956.73535156
411,4602.09716797
412,5256.3046875
413,5204.01416016
414,4945.90673828
415,4804.09130859
416,4900.14550781
417,5014.20068359
418,4998.91455078
419,5097.21826172
420,4568.33007812
421,5092.54101562
422,4710.01171875
423,4934.4375
424,5059.73486328
425,4908.95458984
426,5082.02001953
427,4714.8046875
428,4696.30078125
429,4776.82958984
430,5394.94433594
431,5091.24609375
432,4950.16259766
433,4798.20507812
434,4877.37939453
435,4913.9140625
436,5328.78417969
437,4775.17578125
438,4938.82958984
439,5012.60253906
440,5291.77783203
441,4932.17626953
442,4873.57910156
443,5365.40185547
444,4750.76855469
445,4934.98632812
446,4644.37207031
447,5570.79296875
448,4934.23486328
449,5512.34423828
450,4665.61816406
451,5596.32373047
452,4675.15820312
453,5011.01855469
454,4607.03271484
455,4657.12597656
456,4442.76171875
457,4679.89453125
458,4608.16064453
459,4426.26367188
460,4601.55126953
461,4586.60546875
462,4738.59375
463,4704.32666016
464,4222.10986328
465,4419.70898438
466,4564.46533203
467,4733.12060547
468,4905.03564453
469,5198.51611328
470,4664.84277344
471,4822.21533203
472,5095.22900391
473,4628.47558594
474,4919.07617188
475,4592.72900391
476,4852.48730469
477,4668.10742188
478,4496.96728516
479,4603.20703125
480,4715.81640625
481,4807.13574219
482,4634.74365234
483,5169.83007812
484,4528.96972656
485,5408.734375
486,5040.91845703
487,5301.06884766
488,4804.04541016
489,5700.95458984
490,4824.0078125
491,5263.44433594
492,4506.31054688
493,4705.14746094
494,4606.87011719
495,4845.13720703
496,4926.47167969
497,4366.16552734
498,4529.74902344
499,4617.50195312
500,4722.26806641
501,4682.32861328
502,4450.49121094
503,4524.38378906
504,4615.75927734
505,4870.16357422
506,4574.36816406
507,4730.27685547
508,4810.63964844
509,4978.05322266
510,4696.24462891
511,4633.2265625
512,4764.23291016
513,4862.83789062
514,4338.16601562
515,5276.43261719
516,4923.61865234
517,4864.07128906
518,4584.84863281
519,4866.54101562
520,4424.78027344
521,5088.56005859
522,4638.37011719
523,4735.23828125
524,4604.29443359
525,4581.78320312
526,4783.08740234
527,4767.13964844
528,5175.38330078
529,4771.82226562
530,5637.12207031
531,4970.28076172
532,5495.53369141
533,4553.92285156
534,5434.84716797
535,4927.88623047
536,5166.3515625
537,4437.57177734
538,4715.57080078
539,4635.03955078
540,4568.83789062
541,4279.62890625
542,4560.60058594
543,4683.09912109
544,4482.00097656
545,4669.50976562
546,4479.53222656
547,4514.83398438
548,4577.13183594
549,4537.49023438
550,4405.74853516
551,4538.23242188
552,4453.54003906
553,4324.16845703
554,4596.10839844
555,4592.26074219
556,4930.83447266
557,4670.02148438
558,4537.90332031
559,4473.984375
560,4527.60693359
561,5133.07275391
562,4590.94970703
563,4643.80175781
564,4457.09179688
565,4429.06787109
566,4956.66503906
567,4581.69628906
568,4675.48291016
569,4642.75292969
570,5448.59277344
571,4493.15087891
572,5154.34179688
573,5288.6015625
574,4731.36523438
575,4892.12597656
576,4456.52490234
577,5114.94921875
578,4446.35449219
579,4554.11621094
580,4305.38037109
581,4693.30664062
582,4306.85644531
583,4575.61230469
584,4540.42724609
585,4622.74853516
586,4600.2421875
587,4829.20410156
588,4522.27441406
589,4544.65673828
590,4557.05957031
591,4463.87158203
592,4576.51269531
593,4317.59033203
594,4416.21923828
595,4662.62548828
596,4550.64160156
597,4511.60839844
598,4990.00390625
599,4683.14404297
600,4697.00146484
601,4656.35693359
602,4626.79541016
603,4983.33984375
604,4924.6875
605,4766.97851562
606,4618.68896484
607,4583.19384766
608,4873.61230469
609,4394.0390625
610,4351.14599609
611,4654.36132812
612,4419.00390625
613,4458.3359375
614,4637.38916016
615,4266.79296875
616,4505.54003906
617,4365.02832031
618,4730.37207031
619,4643.59960938
620,4540.07666016
621,4636.01513672
622,4197.93652344
623,4441.06835938
624,4313.71533203
625,4552.10644531
626,4786.81347656
627,4706.62353516
628,4794.44287109
629,4348.02734375
630,4869.43310547
631,4586.09765625
632,4517.54199219
633,4847.62207031
634,4692.52050781
635,4969.18945312
636,4501.74560547
637,4807.02685547
638,4440.78466797
639,4230.21582031
640,4487.67236328
641,4549.53515625
642,4366.62011719
643,4494.59521484
644,4604.23632812
645,4395.37548828
646,4299.76953125
647,4814.05322266
648,4383.40478516
649,4575.66650391
650,4457.06396484
651,4747.75976562
652,4675.4921875
653,4802.21679688
654,4675.36083984
655,4420.23046875
656,4704.00830078
657,4190.61083984
658,4479.19091797
659,4393.3359375
660,4761.63085938
661,4389.64794922
662,4212.81494141
663,4331.07714844
664,4465.50878906
665,4451.30273438
666,4310.82763672
667,4624.99511719
668,4611.18945312
669,4553.5078125
670,4782.11279297
671,4606.68945312
672,4638.84472656
673,4755.79980469
674,4976.22753906
675,4969.41308594
676,4554.91601562
677,4749.90283203
678,4827.81298828
679,4690.36865234
680,4510.11962891
681,4466.02050781
682,4411.60107422
683,4290.16015625
684,4448.69775391
685,4223.72802734
686,4584.11962891
687,4443.91699219
688,4742.08984375
689,4319.01074219
690,4576.15869141
691,4384.31005859
692,4183.51660156
693,4334.52880859
694,4507.02734375
695,4506.95019531
696,4225.50683594
697,4574.5
698,3998.47436523
699,4192.46630859
700,4339.12890625
701,4369.06835938
702,4389.41455078
703,4602.99121094
704,4319.85009766
705,4169.70019531
706,4422.19433594
707,4081.32666016
708,4620.01074219
709,4711.37451172
710,4421.81103516
711,4298.98046875
712,4402.5
713,4459.95019531
714,4237.90332031
715,4162.46142578
716,4406.34912109
717,4308.90527344
718,4516.67578125
719,4138.62646484
720,4454.17529297
721,4194.19873047
722,4472.17822266
723,4431.07080078
724,4486.50390625
725,4052.28173828
726,4115.38183594
727,3985.04199219
728,3920.69677734
729,4090.79418945
730,4251.43017578
731,4213.34619141
732,4360.26708984
733,4382.12695312
734,4502.89746094
735,4070.96679688
736,4518.87744141
737,4019.83105469
738,4310.71923828
739,4113.21923828
740,4126.09375
741,4498.15429688
742,4358.00634766
743,4247.62109375
744,4299.60839844
745,4430.37841797
746,4391.37255859
747,4137.8203125
748,4348.60693359
749,4476.19677734
750,3909.41967773
751,4354.53613281
752,4254.96630859
753,4141.5703125
754,4443.78125
755,4068.31665039
756,4165.79101562
757,3929.84960938
758,4546.28369141
759,3966.0690918
760,4071.08154297
761,4154.24609375
762,4282.796875
763,4171.21582031
764,4198.44287109
765,4271.07617188
766,4182.06591797
767,4280.80371094
768,4235.9609375
769,4571.68847656
770,4436.24804688
771,4252.83447266
772,4511.765625
773,4298.55175781
774,4334.18505859
775,4063.83227539
776,4748.1953125
777,3885.22753906
778,4609.75195312
779,4384.98046875
780,4304.48876953
781,4485.20654297
782,4128.74902344
783,4513.86328125
784,4644.28222656
785,4477.90722656
786,4221.77148438
787,4202.29785156
788,4614.81298828
789,4097.08935547
790,4557.74707031
791,4261.66210938
792,4502.02978516
793,4246.31738281
794,4607.7109375
795,4367.46923828
796,4586.18994141
797,4098.65429688
798,4622.54931641
799,4108.14501953
800,4426.57275391
801,4181.47900391
802,4421.70800781
803,4191.28320312
804,4382.52929688
805,4126.15478516
806,3876.79492188
807,4162.14941406
808,4064.19482422
809,4384.75
810,3901.24902344
811,4092.88623047
812,4087.20166016
813,4113.62304688
814,3885.3996582
815,4201.14941406
816,3988.6081543
817,4036.05737305
818,3960.48925781
819,4167.53759766
820,3909.03320312
821,4183.86328125
822,3982.68310547
823,4165.96191406
824,3949.06396484
825,4105.76269531
826,3919.70800781
827,4465.20166016
828,3957.61547852
829,4322.63916016
830,4242.19140625
831,4292.24072266
832,4094.64111328
833,4053.59716797
834,4108.27246094
835,4329.39257812
836,3997.50952148
837,4201.64111328
838,4085.02978516
839,4028.65063477
840,4124.08886719
841,4286.06005859
842,4043.13476562
843,4091.91308594
844,3884.80102539
845,4141.82421875
846,4052.58007812
847,4268.31738281
848,4019.07714844
849,3922.05322266
850,3977.42236328
851,4264.54882812
852,4187.04882812
853,4077.94921875
854,4189.52929688
855,4174.28613281
856,4451.77294922
857,4156.86914062
858,4287.24121094
859,4582.90478516
860,4087.09814453
861,5068.3828125
862,4123.56640625
863,5358.83691406
864,5056.43505859
865,4735.93652344
866,5180.01269531
867,3815.13769531
868,5343.99316406
869,4315.70068359
870,4671.81884766
871,4925.77246094
872,3958.61962891
873,4924.65039062
874,4060.27441406
875,4584.60498047
876,4171.90087891
877,4158.56445312
878,4365.21289062
879,4080.47900391
880,4028.22265625
881,4308.53808594
882,3981.3671875
883,4073.66577148
884,4154.59619141
885,4235.09472656
886,4238.88330078
887,4467.32177734
888,4442.08105469
889,4171.33642578
890,4200.59863281
891,3964.19091797
892,3869.84692383
893,4484.09716797
894,3949.38720703
895,4409.4453125
896,4474.67919922
897,4177.23876953
898,4181.24755859
899,4445.20214844
900,4425.27587891
901,4019.61914062
902,4238.42529297
903,4067.2902832
904,3830.51269531
905,4204.09130859
906,4480.43017578
907,4265.14160156
908,3968.41308594
909,4136.16601562
910,4164.15576172
911,4129.28027344
912,3898.04394531
913,3756.56689453
914,4262.42724609
915,3970.87597656
916,4074.41162109
917,4322.26171875
918,4063.72387695
919,4310.80859375
920,4024.23876953
921,4328.20703125
922,3805.15527344
923,3988.70214844
924,3896.22509766
925,4102.83935547
926,3791.05639648
927,3795.01513672
928,3632.88208008
929,3960.12890625
930,4129.88574219
931,3961.37744141
932,3785.60131836
933,3855.1784668
934,3851.31958008
935,4178.14599609
936,4160.40087891
937,3970.95117188
938,4100.12011719
939,3925.55859375
940,4074.16455078
941,4110.10449219
942,4240.08007812
943,4147.32568359
944,3914.73925781
945,4295.17382812
946,3943.84521484
947,3825.84863281
948,3755.45825195
949,3871.66210938
950,3813.64575195
951,3969.14819336
952,3941.91796875
953,3939.80419922
954,4090.41796875
955,3841.64111328
956,4319.49072266
957,3991.34814453
958,4063.99902344
959,4018.24414062
960,4370.77734375
961,4381.16308594
962,3896.16162109
963,4288.58496094
964,3872.91162109
965,3936.20654297
966,3925.93359375
967,4126.80322266
968,4183.32714844
969,3974.70214844
970,3897.96020508
971,3960.38232422
972,3923.67529297
973,3999.84277344
974,3862.24487305
975,3662.16894531
976,3883.68066406
977,3608.63354492
978,3985.55102539
979,4136.90722656
980,3788.27563477
981,4145.03808594
982,3915.90722656
983,4157.57080078
984,4025.81347656
985,3931.99829102
986,3708.96728516
987,4042.66210938
988,3812.64550781
989,4196.75
990,3864.72631836
991,3937.62963867
992,3642.06347656
993,3953.23583984
994,4193.78466797
995,4085.11914062
996,3991.41992188
997,3805.06445312
998,3825.27148438
999,3566.53369141
1000,3631.11645508
1001,3725.69213867
1002,4006.55517578
1003,3847.81958008
1004,4019.47192383
1005,3944.71435547
1006,3837.90185547
1007,3493.17358398
1008,3707.56298828
1009,3800.55322266
1010,3676.59863281
1011,3732.65625
1012,3714.44189453
1013,3894.94628906
1014,3525.96972656
1015,4048.29541016
1016,4007.76196289
1017,4094.98876953
1018,4073.49365234
1019,3807.796875
1020,4079.59667969
1021,3823.78930664
1022,4088.05029297
1023,3790.77734375
1024,3936.53344727
1025,3874.94970703
1026,4028.77758789
1027,3743.25610352
1028,3941.46484375
1029,3894.80078125
1030,4076.19750977
1031,3967.31640625
1032,3412.76342773
1033,4353.71337891
1034,4041.05249023
1035,4092.20458984
1036,3707.1171875
1037,3852.63671875
1038,4196.28125
1039,3897.90014648
1040,3964.2902832
1041,3928.71337891
1042,3950.15869141
1043,3720.73535156
1044,3706.21679688
1045,3642.85986328
1046,3746.02856445
1047,3815.12866211
1048,3635.27954102
1049,3590.37402344
1050,3715.95751953
1051,3636.66821289
1052,3834.28125
1053,3776.78857422
1054,3964.81201172
1055,3696.60107422
1056,4025.58398438
1057,4060.21069336
1058,3856.30053711
1059,3997.07983398
1060,3804.8671875
1061,3811.60400391
1062,3935.62744141
1063,3882.17382812
1064,4238.32910156
1065,4171.55224609
1066,3838.59008789
1067,4305.00585938
1068,3849.27246094
1069,4345.10791016
1070,3937.05151367
1071,3972.2109375
1072,3936.47460938
1073,3953.52368164
1074,4175.23242188
1075,4209.84228516
1076,4045.62963867
1077,4037.8918457
1078,3773.90112305
1079,4326.57226562
1080,4176.4609375
1081,4252.89892578
1082,4271.23681641
1083,4120.72851562
1084,4047.94116211
1085,4133.89160156
1086,3687.65893555
1087,4432.17089844
1088,3887.01635742
1089,3840.81591797
1090,4145.52636719
1091,4030.80541992
1092,3684.72412109
1093,3888.72387695
1094,3608.14111328
1095,3955.08081055
1096,4041.12744141
1097,3607.83886719
1098,4066.71728516
1099,3707.16064453
1100,3931.74365234
1101,3932.92480469
1102,3825.45068359
1103,3960.54443359
1104,4044.36230469
1105,4045.67163086
1106,3743.48193359
1107,3905.58764648
1108,3784.91381836
1109,3676.17041016
1110,3851.08862305
1111,3864.86669922
1112,3775.49072266
1113,3631.38061523
1114,3828.83349609
1115,3771.77685547
1116,3668.38964844
1117,3498.12011719
1118,3765.77954102
1119,3828.20141602
1120,3786.19287109
1121,3529.18920898
1122,3543.03759766
1123,3876.67724609
1124,3831.99609375
1125,3442.76123047
1126,3680.59765625
1127,3710.70410156
1128,3520.19921875
1129,3796.13720703
1130,3516.51733398
1131,3539.05395508
1132,3706.77539062
1133,3736.66259766
1134,3925.5949707
1135,3663.41845703
1136,4051.53759766
1137,3725.46337891
1138,3710.74121094
1139,3722.80566406
1140,3856.83789062
1141,3747.45166016
1142,3788.99633789
1143,3453.39501953
1144,3934.36010742
1145,3947.26782227
1146,3798.16625977
1147,3860.72021484
1148,3705.56787109
1149,3797.03125
1150,3596.62963867
1151,3741.92700195
1152,3613.35522461
1153,3800.44921875
1154,3627.84326172
1155,3793.73364258
1156,3757.75830078
1157,3852.37109375
1158,3801.8034668
1159,3846.18920898
1160,3873.39550781
1161,4108.44287109
1162,3801.2253418
1163,3921.29492188
1164,3610.42236328
1165,3963.61425781
1166,3748.64233398
1167,3750.22851562
1168,3722.13305664
1169,3617.16918945
1170,3768.3215332
1171,3815.08227539
1172,3701.74121094
1173,3690.95849609
1174,3805.05249023
1175,3969.54931641
1176,3620.1328125
1177,3667.21069336
1178,3660.59619141
1179,3809.22558594
1180,4020.49047852
1181,3926.07861328
1182,3680.63671875
1183,3614.45507812
1184,3727.33398438
1185,3489.45654297
1186,3710.99267578
1187,3842.17114258
1188,3443.22485352
1189,3782.39355469
1190,3858.71069336
1191,3599.4074707
1192,3889.19604492
1193,3970.11376953
1194,3952.87231445
1195,3858.79833984
1196,3843.7121582
1197,3732.59619141
1198,4035.7956543
1199,3907.53930664
1200,3865.53515625
1201,3712.24755859
1202,3643.7109375
1203,3584.19042969
1204,3841.19140625
1205,3579.98388672
1206,3584.16845703
1207,3722.69238281
1208,3760.58349609
1209,3903.79394531
1210,3868.27978516
1211,3651.20385742
1212,3720.66430664
1213,3644.68286133
1214,3824.16552734
1215,3866.0456543
1216,3964.11376953
1217,4080.80761719
1218,3656.54370117
1219,3649.75756836
1220,3724.94995117
1221,3970.96484375
1222,3847.35375977
1223,3698.19848633
1224,3954.95458984
1225,3616.76538086
1226,3524.68334961
1227,3597.29980469
1228,3735.97241211
1229,3523.43017578
1230,3984.57080078
1231,3678.48022461
1232,3877.89135742
1233,3595.72167969
1234,3745.96411133
1235,4011.90966797
1236,3540.52539062
1237,3630.9050293
1238,3652.27514648
1239,3742.88256836
1240,3732.46337891
1241,3427.90478516
1242,4353.18554688
1243,3742.82275391
1244,3900.82421875
1245,3989.25097656
1246,3789.55957031
1247,3947.68798828
1248,3916.53027344
1249,3728.94580078
1250,4673.73632812
1251,3709.84570312
1252,4376.81494141
1253,4095.58154297
1254,3679.34960938
1255,4371.35742188
1256,3816.75195312
1257,3982.25463867
1258,4143.26904297
1259,3734.01049805
1260,3999.28955078
1261,4198.98095703
1262,3644.77636719
1263,4140.72363281
1264,3783.56884766
1265,3600.00976562
1266,4087.15820312
1267,3571.10888672
1268,3722.9296875
1269,3822.32421875
1270,3546.40405273
1271,4196.87255859
1272,3569.70458984
1273,3641.86083984
1274,3732.64892578
1275,3461.09667969
1276,3845.50537109
1277,4087.77270508
1278,3850.48657227
1279,4004.39672852
1280,3756.20922852
1281,3707.38330078
1282,3953.68701172
1283,3517.04296875
1284,3756.8828125
1285,3892.87084961
1286,3659.68066406
1287,3861.92333984
1288,3704.35083008
1289,3681.82421875
1290,3832.36254883
1291,3770.69433594
1292,3856.29541016
1293,3636.41479492
1294,4149.37988281
1295,4093.11035156
1296,3434.45800781
1297,3913.84228516
1298,3603.51855469
1299,4038.06591797
1300,3689.44189453
1301,3891.48974609
1302,4034.66552734
1303,3831.47802734
1304,3567.35595703
1305,3996.41503906
1306,3683.11987305
1307,3823.04711914
1308,3779.05834961
1309,3729.85668945
1310,3879.26416016
1311,3814.22314453
1312,3566.22924805
1313,4008.78466797
1314,3628.51416016
1315,3484.41967773
1316,3671.29956055
1317,3592.55834961
1318,3617.96264648
1319,3532.44262695
1320,3810.33618164
1321,3580.7824707
1322,3553.96948242
1323,3366.28271484
1324,3626.5690918
1325,3362.95214844
1326,3513.57202148
1327,3584.26171875
1328,3488.61962891
1329,3479.25634766
1330,3757.95874023
1331,3558.38037109
1332,3744.47460938
1333,3747.06689453
1334,3735.41259766
1335,3463.33813477
1336,3861.17163086
1337,3498.39331055
1338,3739.51831055
1339,3639.95605469
1340,3786.06933594
1341,3451.18212891
1342,3866.71923828
1343,3791.93676758
1344,3525.69775391
1345,3827.44262695
1346,3823.15820312
1347,3592.26513672
1348,3667.40332031
1349,3932.13769531
1350,3635.17553711
1351,3890.89819336
1352,3347.14111328
1353,4110.48193359
1354,3986.69604492
1355,3560.96313477
1356,3755.51367188
1357,3584.17041016
1358,3729.43725586
1359,3516.69140625
1360,3673.66064453
1361,3532.84082031
1362,3696.09619141
1363,3342.89746094
1364,3644.54125977
1365,3744.14575195
1366,3586.84838867
1367,3677.98022461
1368,3668.64575195
1369,3867.64086914
1370,3636.08447266
1371,3501.29858398
1372,3605.35180664
1373,3462.18652344
1374,3802.36523438
1375,3823.98730469
1376,3334.06079102
1377,3695.62084961
1378,3421.21875
1379,3632.10791016
1380,3745.8671875
1381,3414.21142578
1382,4291.81298828
1383,4022.78491211
1384,4089.31958008
1385,3788.48046875
1386,3742.26660156
1387,3825.11791992
1388,3650.01416016
1389,3741.59375
1390,3953.46630859
1391,3632.86352539
1392,3600.59423828
1393,3715.13842773
1394,3962.19042969
1395,3488.13183594
1396,3421.16162109
1397,3631.16015625
1398,3707.99316406
1399,3588.30151367
1400,3660.53173828
1401,3713.99853516
1402,3584.70019531
1403,3642.44824219
1404,3410.4831543
1405,3711.57666016
1406,3558.31176758
1407,3766.86010742
1408,3521.93139648
1409,3589.88989258
1410,3511.66381836
1411,3654.04199219
1412,3766.41064453
1413,3557.01635742
1414,4002.81787109
1415,3469.88647461
1416,3605.82739258
1417,3656.35205078
1418,3631.96240234
1419,3583.18334961
1420,3776.98095703
1421,3941.05957031
1422,3532.79345703
1423,3673.77124023
1424,3677.50610352
1425,3462.91430664
1426,3478.2421875
1427,3496.00976562
1428,3430.76318359
1429,3746.51733398
1430,3572.61279297
1431,3440.40991211
1432,3675.09277344
1433,3548.99365234
1434,3867.71484375
1435,3460.03613281
1436,3581.36962891
1437,3856.18017578
1438,3486.39306641
1439,3658.24047852
1440,3430.52685547
1441,3591.10351562
1442,3771.05981445
1443,3451.17236328
1444,3506.12475586
1445,3744.36035156
1446,3609.08447266
1447,3574.43847656
1448,3183.07714844
1449,3379.81176758
1450,3709.74829102
1451,3335.80834961
1452,3640.84375
1453,3523.89160156
1454,3460.33154297
1455,3466.22216797
1456,3702.21362305
1457,3490.76318359
1458,3718.53466797
1459,3866.18896484
1460,3684.08886719
1461,4047.04663086
1462,3391.20532227
1463,3847.97705078
1464,3470.37768555
1465,3869.515625
1466,3954.96533203
1467,3844.8190918
1468,3845.56835938
1469,3342.40136719
1470,4182.58056641
1471,3760.68066406
1472,3513.79125977
1473,3839.15136719
1474,3348.99169922
1475,4015.28027344
1476,3809.76855469
1477,3441.71679688
1478,3870.29589844
1479,3632.99121094
1480,3662.04516602
1481,3411.9375
1482,3856.42724609
1483,3507.08911133
1484,3729.93359375
1485,3594.7487793
1486,3895.4519043
1487,3549.31274414
1488,3701.89672852
1489,3215.82861328
1490,3482.64916992
1491,3539.03076172
1492,3373.78173828
1493,3456.80615234
1494,3519.30273438
1495,3593.72631836
1496,3590.80322266
1497,3648.77148438
1498,3499.45947266
1499,3333.65405273
1500,3468.29321289
1501,3245.36523438
1502,3416.71166992
1503,3463.27539062
1504,3499.81738281
1505,3362.50317383
1506,3880.55175781
1507,3606.15063477
1508,3458.75561523
1509,3439.90527344
1510,3724.86914062
1511,3384.04199219
1512,3319.97363281
1513,3516.46923828
1514,3618.92529297
1515,3583.82666016
1516,3463.70898438
1517,3503.42260742
1518,3489.50146484
1519,3403.83520508
1520,3795.48144531
1521,3362.0
1522,3385.57275391
1523,3192.70166016
1524,3544.09033203
1525,3571.7512207
1526,3573.2890625
1527,3853.27905273
1528,3575.93554688
1529,3519.86474609
1530,3649.17529297
1531,3678.62792969
1532,3308.94873047
1533,3276.18701172
1534,3413.50756836
1535,3447.96582031
1536,3681.4362793
1537,3475.36230469
1538,3346.90185547
1539,3636.98217773
1540,3481.98901367
1541,3287.27050781
1542,3581.53320312
1543,3726.01342773
1544,3306.92578125
1545,3610.7980957
1546,3627.51464844
1547,3625.13623047
1548,3422.2109375
1549,3482.81152344
1550,3468.98364258
1551,3796.17480469
1552,3540.25097656
1553,3572.51757812
1554,3733.93798828
1555,3313.00170898
1556,3300.51147461
1557,3382.81884766
1558,3421.64916992
1559,3265.77832031
1560,3452.13623047
1561,3541.11743164
1562,3162.77978516
1563,3310.47485352
1564,3560.98168945
1565,3093.48461914
1566,3438.81079102
1567,3410.75244141
1568,3305.16650391
1569,3461.80664062
1570,3407.90307617
1571,3083.75244141
1572,3404.65283203
1573,3387.83349609
1574,3278.29882812
1575,3477.54394531
1576,3347.11157227
1577,3464.19116211
1578,3681.66870117
1579,3650.00341797
1580,3441.05273438
1581,3432.90673828
1582,3194.83959961
1583,3416.26513672
1584,3309.85180664
1585,3583.88549805
1586,3557.95043945
1587,3825.36694336
1588,3434.88842773
1589,3734.37939453
1590,3400.41918945
1591,3289.99829102
1592,3703.95898438
1593,3353.96191406
1594,3440.71459961
1595,3341.08105469
1596,3672.92822266
1597,3802.66796875
1598,3514.79003906
1599,3719.17749023
1600,3478.17724609
1601,4091.89990234
1602,3502.06713867
1603,3590.39453125
1604,3985.92456055
1605,3408.71582031
1606,3951.10986328
1607,3591.57568359
1608,3474.46972656
1609,3843.53466797
1610,3573.03271484
1611,3632.56225586
1612,3571.11914062
1613,3554.70703125
1614,3558.12402344
1615,3767.97192383
1616,3475.94873047
1617,3386.49829102
1618,3306.37524414
1619,3762.01171875
1620,3709.52587891
1621,3373.99804688
1622,3701.54272461
1623,3646.59130859
1624,3411.72265625
1625,3558.14916992
1626,3432.65234375
1627,3673.54443359
1628,3461.15771484
1629,3343.63427734
1630,3437.22827148
1631,3193.59350586
1632,3467.83251953
1633,3305.1315918
1634,3497.62304688
1635,3428.60253906
1636,3597.01464844
1637,3508.19775391
1638,3527.87670898
1639,3442.20849609
1640,3897.984375
1641,3566.7644043
1642,3360.99658203
1643,3560.42431641
1644,3413.80053711
1645,3441.58984375
1646,3624.70166016
1647,3346.84741211
1648,3405.55859375
1649,3494.03759766
1650,3428.4206543
1651,3452.31201172
1652,3330.64672852
1653,3276.12719727
1654,3611.45263672
1655,3341.05322266
1656,3698.16357422
1657,3407.54956055
1658,3527.68945312
1659,3529.67553711
1660,3142.18457031
1661,3673.18408203
1662,3573.01733398
1663,3511.12475586
1664,3626.77075195
1665,3200.33935547
1666,3228.57177734
1667,3235.05419922
1668,3288.40527344
1669,3332.8605957
1670,3482.03955078
1671,3215.73486328
1672,3536.31396484
1673,3495.17822266
1674,3310.92285156
1675,3359.21240234
1676,3518.05615234
1677,3411.93725586
1678,3423.20849609
1679,3837.27929688
1680,3152.72509766
1681,3441.62890625
1682,3355.21704102
1683,3086.78588867
1684,3368.97900391
1685,3332.22119141
1686,3392.7121582
1687,3283.20410156
1688,3576.7421875
1689,3209.57275391
1690,3468.21044922
1691,3250.17114258
1692,3392.92773438
1693,3508.85205078
1694,3456.18188477
1695,3518.54589844
1696,3369.3828125
1697,3471.22753906
1698,3565.83398438
1699,3403.02636719
1700,3462.92211914
1701,3366.36547852
1702,3403.78564453
1703,3463.83105469
1704,3450.9375
1705,3339.99194336
1706,3357.0859375
1707,3298.93408203
1708,3295.46264648
1709,3324.36938477
1710,3407.66455078
1711,3369.02587891
1712,3446.46264648
1713,3510.55712891
1714,3342.2487793
1715,3417.63818359
1716,3334.65576172
1717,3489.84277344
1718,3303.26660156
1719,3432.71118164
1720,3252.8215332
1721,3259.70703125
1722,3543.62207031
1723,3256.20361328
1724,3364.01074219
1725,3110.63061523
1726,3332.20678711
1727,3337.82226562
1728,3384.85766602
1729,3203.55102539
1730,3449.71704102
1731,3488.92529297
1732,3302.28100586
1733,3509.37060547
1734,3721.50073242
1735,3405.22241211
1736,3393.17138672
1737,3561.67578125
1738,3452.45214844
1739,3484.046875
1740,3096.34375
1741,3706.61401367
1742,3310.04443359
1743,3315.23144531
1744,3511.42675781
1745,3282.64526367
1746,3789.45996094
1747,3589.02270508
1748,3535.28662109
1749,3146.33496094
1750,3273.26879883
1751,3448.28613281
1752,3457.66552734
1753,3317.13037109
1754,3484.60107422
1755,3380.80126953
1756,3569.48925781
1757,3520.54907227
1758,3425.03857422
1759,3534.37231445
1760,3207.9375
1761,3395.3137207
1762,3590.33691406
1763,3408.82275391
1764,3516.84912109
1765,3220.06738281
1766,3325.92749023
1767,3457.79248047
1768,3364.40332031
1769,3362.07177734
1770,3310.58032227
1771,3577.43920898
1772,3711.02270508
1773,3708.26269531
1774,3244.64111328
1775,3845.37841797
1776,3312.6081543
1777,3475.1081543
1778,3756.81542969
1779,3554.50634766
1780,3698.05957031
1781,3528.41894531
1782,3187.90722656
1783,3234.29101562
1784,3632.89794922
1785,3357.77319336
1786,3781.21728516
1787,3193.0234375
1788,3562.12890625
1789,3200.48730469
1790,3440.22753906
1791,3477.46875
1792,3389.8125
1793,3506.02954102
1794,3184.26611328
1795,3495.59521484
1796,3426.703125
1797,3451.546875
1798,3362.90844727
1799,3484.56445312
1800,3192.3347168
1801,3141.97363281
1802,3307.81103516
1803,3501.79516602
1804,3414.46386719
1805,3311.61401367
1806,3547.39648438
1807,3417.24926758
1808,3400.10888672
1809,2942.34228516
1810,3340.67822266
1811,3132.02270508
1812,3410.38793945
1813,3431.48486328
1814,3328.31054688
1815,3333.76586914
1816,3318.65551758
1817,3286.49267578
1818,3230.88916016
1819,3015.625
1820,3060.24658203
1821,3333.81982422
1822,3398.56933594
1823,3444.59765625
1824,3510.23046875
1825,3333.20068359
1826,3383.99047852
1827,3360.88085938
1828,3167.13427734
1829,3560.32910156
1830,3181.60644531
1831,3164.12207031
1832,3447.24902344
1833,3451.10986328
1834,3384.79614258
1835,3366.78466797
1836,3645.42578125
1837,3185.12060547
1838,3345.66088867
1839,3118.67822266
1840,3479.79321289
1841,3354.30883789
1842,3359.72949219
1843,3515.67260742
1844,3283.22192383
1845,3242.31030273
1846,3402.76806641
1847,3532.41235352
1848,3612.3659668
1849,3212.67675781
1850,3354.86938477
1851,3371.19287109
1852,3469.26660156
1853,3337.01171875
1854,3509.45947266
1855,3060.03613281
1856,3570.53295898
1857,3250.14624023
1858,3501.00439453
1859,3408.54052734
1860,3235.28564453
1861,3260.47412109
1862,3478.77832031
1863,3257.67529297
1864,3250.30126953
1865,3204.17529297
1866,3270.04052734
1867,3653.78979492
1868,3309.20166016
1869,3339.0234375
1870,3259.10986328
1871,3290.91821289
1872,3272.38256836
1873,3222.7734375
1874,3149.98168945
1875,3444.41455078
1876,3080.49902344
1877,3073.8059082
1878,3141.86279297
1879,3285.46386719
1880,3123.80712891
1881,3233.24682617
1882,3189.20068359
1883,3283.5559082
1884,3156.33789062
1885,3128.0703125
1886,3156.7109375
1887,3022.13305664
1888,3294.37744141
1889,3493.54052734
1890,3229.61694336
1891,3272.69848633
1892,3154.93530273
1893,3024.3828125
1894,3255.7487793
1895,3233.69921875
1896,3251.74169922
1897,3152.13183594
1898,3377.52148438
1899,3453.55566406
1900,3647.47753906
1901,3344.01586914
1902,3521.91162109
1903,3643.17138672
1904,3528.62304688
1905,3341.80859375
1906,3791.63085938
1907,3614.58251953
1908,3507.45629883
1909,3315.81689453
1910,3629.19360352
1911,3416.10742188
1912,3265.5168457
1913,3494.15185547
1914,3277.57373047
1915,3505.36547852
1916,3585.06005859
1917,3189.61987305
1918,3441.82446289
1919,3079.57861328
1920,3017.38867188
1921,3463.48779297
1922,3351.9362793
1923,3241.13134766
1924,3313.45532227
1925,3588.57373047
1926,3414.25195312
1927,3419.29858398
1928,3360.1237793
1929,3512.84741211
1930,3117.15087891
1931,3042.90942383
1932,3451.63378906
1933,3510.55981445
1934,3227.62426758
1935,3446.25878906
1936,3449.19311523
1937,3129.46777344
1938,3123.6862793
1939,3531.46142578
1940,3249.66162109
1941,3427.94726562
1942,3311.99560547
1943,3341.03442383
1944,3305.84448242
1945,3360.36303711
1946,3343.0859375
1947,3479.16650391
1948,3557.42773438
1949,3322.21240234
1950,3581.48876953
1951,3304.34741211
1952,3311.1706543
1953,3065.17431641
1954,3336.08032227
1955,3360.91381836
1956,3362.14257812
1957,3357.64599609
1958,3483.04980469
1959,3083.03320312
1960,3217.26171875
1961,3173.4621582
1962,3267.00805664
1963,3247.50341797
1964,3242.30761719
1965,3495.45898438
1966,3338.20336914
1967,3151.28027344
1968,3223.52612305
1969,3538.45361328
1970,3160.20605469
1971,3241.79931641
1972,3396.53076172
1973,3289.26806641
1974,3251.9753418
1975,3335.33618164
1976,3142.07202148
1977,3301.48510742
1978,3300.39526367
1979,3089.12817383
1980,3379.17480469
1981,3097.53613281
1982,3069.5300293
1983,3179.20043945
1984,3024.68774414
1985,3379.19140625
1986,3526.8581543
1987,3529.29370117
1988,3516.58740234
1989,3444.40380859
1990,3282.42089844
1991,3486.13305664
1992,3292.71044922
1993,3376.64941406
1994,3400.38256836
1995,3336.61376953
1996,3452.98876953
1997,3203.99365234
1998,3296.99853516
1999,3230.26757812
2000,3228.78295898
2001,3185.22387695
2002,3265.95556641
2003,3495.57128906
2004,3521.7890625
2005,3105.55957031
2006,3558.87060547
2007,3125.26855469
2008,3289.14257812
2009,3429.95532227
2010,3221.84790039
2011,3212.39501953
2012,3164.10644531
2013,3380.03564453
2014,3347.31787109
2015,3152.74511719
2016,3378.1875
2017,3108.20117188
2018,3241.21606445
2019,3356.86523438
2020,3357.55517578
2021,3077.33056641
2022,3339.84765625
2023,2973.34130859
2024,2957.74511719
2025,3258.52929688
2026,3111.88818359
2027,3078.99584961
2028,3332.86962891
2029,3172.59521484
2030,3312.16601562
2031,3263.82910156
2032,3183.05371094
2033,3086.61279297
2034,3291.24951172
2035,3429.91796875
2036,3115.77075195
2037,3192.65087891
2038,3306.86010742
2039,3234.00634766
2040,3270.42114258
2041,3157.79541016
2042,3224.48632812
2043,3519.75830078
2044,3195.05761719
2045,3461.30371094
2046,3293.63085938
2047,3133.81030273
2048,3362.38085938
2049,3309.36230469
2050,2835.78515625
2051,3276.87939453
2052,3157.96289062
2053,3314.08227539
2054,3207.65917969
2055,3095.65722656
2056,3015.80419922
2057,3412.71142578
2058,3190.64770508
2059,3329.72412109
2060,3164.85253906
2061,3190.92675781
2062,3061.76708984
2063,3481.64697266
2064,3227.59741211
2065,3051.04711914
2066,3327.96533203
2067,3244.19946289
2068,3034.91552734
2069,3125.05517578
2070,2972.70947266
2071,3375.69604492
2072,3099.73022461
2073,3094.95581055
2074,3145.15258789
2075,3169.30883789
2076,3353.10888672
2077,3356.66088867
2078,3346.88476562
2079,3520.4699707
2080,3249.10961914
2081,3513.2890625
2082,3221.64526367
2083,3035.95996094
2084,3291.36425781
2085,3225.92382812
2086,3513.15185547
2087,3255.20776367
2088,3254.65917969
2089,3317.81201172
2090,3303.00634766
2091,3006.91845703
2092,3311.20141602
2093,3345.18164062
2094,3228.8828125
2095,3146.22729492
2096,3097.10595703
2097,3331.42089844
2098,3188.53808594
2099,3303.65039062
2100,3079.21337891
2101,3160.23535156
2102,3192.27075195
2103,3250.00488281
2104,3069.59106445
2105,3265.78930664
2106,3448.41064453
2107,3230.96289062
2108,3204.45556641
2109,3132.93945312
2110,3178.65771484
2111,3136.84545898
2112,3355.19482422
2113,3453.90136719
2114,2875.65283203
2115,3336.04394531
2116,3188.22485352
2117,2931.06225586
2118,3458.23730469
2119,3234.59228516
2120,3365.18554688
2121,3317.37939453
2122,3033.88647461
2123,3361.31738281
2124,3238.64160156
2125,3366.75512695
2126,3184.51464844
2127,3257.27709961
2128,3259.10595703
2129,3326.85400391
2130,3110.20898438
2131,3077.78125
2132,3179.00952148
2133,3226.80297852
2134,3294.05810547
2135,3121.11157227
2136,3257.8034668
2137,3380.23291016
2138,3194.9284668
2139,3371.30810547
2140,3614.09106445
2141,3225.72607422
2142,3178.56347656
2143,3175.03930664
2144,3219.4387207
2145,3249.70092773
2146,3218.37182617
2147,3183.31298828
2148,3411.27099609
2149,3378.15063477
2150,3148.1159668
2151,3134.28662109
2152,3244.09082031
2153,3367.04174805
2154,3081.73925781
2155,3374.22265625
2156,3406.53564453
2157,2916.95947266
2158,3354.5
2159,3167.48779297
2160,3237.75732422
2161,3132.69873047
2162,3337.51635742
2163,3267.15844727
2164,3207.34765625
2165,3408.16210938
2166,3334.56518555
2167,3205.42358398
2168,3525.69506836
2169,3309.43554688
2170,3427.29663086
2171,3320.46826172
2172,3255.74414062
2173,3300.55639648
2174,3173.5456543
2175,3160.22851562
2176,3274.1328125
2177,3620.18603516
2178,3367.51611328
2179,3147.85107422
2180,3738.59814453
2181,3434.90087891
2182,3404.86206055
2183,3380.85791016
2184,3248.1472168
2185,3592.39233398
2186,3566.8605957
2187,3386.97460938
2188,3292.41210938
2189,3285.62084961
2190,2920.15551758
2191,3101.35839844
2192,3319.81396484
2193,3259.46826172
2194,3572.14648438
2195,3094.27416992
2196,3204.18115234
2197,3370.38134766
2198,3175.00415039
2199,3047.91845703
2200,3079.30126953
2201,3298.65136719
2202,3303.8828125
2203,3153.08056641
2204,3342.44042969
2205,3289.02807617
2206,3058.49609375
2207,3396.67333984
2208,3311.62744141
2209,3124.73364258
2210,3437.36328125
2211,3178.20605469
2212,3119.11083984
2213,3154.43017578
2214,3286.10107422
2215,3007.37744141
2216,3300.6262207
2217,3094.25341797
2218,3123.48876953
2219,3258.1003418
2220,3269.12890625
2221,3469.17236328
2222,3102.6640625
2223,3194.07080078
2224,3278.77172852
2225,3277.03759766
2226,3250.47314453
2227,3286.01074219
2228,2962.93115234
2229,3106.53198242
2230,3093.28613281
2231,3068.60180664
2232,3014.32836914
2233,3167.44824219
2234,3236.65771484
2235,3151.12475586
2236,3182.85449219
2237,3416.05273438
2238,3290.11767578
2239,3206.62695312
2240,3428.67724609
2241,3059.31542969
2242,3105.52099609
2243,2920.86083984
2244,3071.89648438
2245,3145.09692383
2246,3283.82568359
2247,3268.02294922
2248,3258.0246582
2249,3386.83325195
2250,3220.60302734
2251,3273.96264648
2252,2945.11108398
2253,3244.65771484
2254,3172.89233398
2255,3203.91064453
2256,2793.67993164
2257,3193.57324219
2258,3006.1784668
2259,3046.05810547
2260,3466.87304688
2261,3016.71459961
2262,3057.29589844
2263,3378.54492188
2264,3155.97143555
2265,3333.18212891
2266,3150.88745117
2267,3259.78125
2268,3212.7668457
2269,3199.67797852
2270,3298.55688477
2271,3124.58398438
2272,3037.74707031
2273,2992.95068359
2274,3012.54760742
2275,3178.0246582
2276,3075.40844727
2277,3188.21240234
2278,3354.20043945
2279,3004.93505859
2280,3047.51855469
2281,3040.38525391
2282,3209.09521484
2283,3133.15380859
2284,3489.64404297
2285,3141.40917969
2286,2941.93188477
2287,2938.20239258
2288,3122.07226562
2289,3361.78344727
2290,3052.60058594
2291,3136.03759766
2292,2876.92504883
2293,3133.19360352
2294,3217.26635742
2295,3280.70507812
2296,3124.74682617
2297,3010.94384766
2298,3030.40063477
2299,3193.50854492
2300,3371.62158203
2301,3378.00952148
2302,3394.42578125
2303,3268.86181641
2304,3129.52978516
2305,3151.48046875
2306,3144.99072266
2307,3269.32617188
2308,3380.14526367
2309,2951.47509766
2310,3168.39208984
2311,3129.98681641
2312,2992.890625
2313,2792.08178711
2314,3122.00537109
2315,3419.18310547
2316,3225.546875
2317,3446.30249023
2318,3164.73608398
2319,3000.88574219
2320,3185.60498047
2321,2986.67822266
2322,3229.40234375
2323,3080.67822266
2324,3350.43847656
2325,3290.75976562
2326,3325.28222656
2327,3053.11791992
2328,3138.58447266
2329,3065.97851562
2330,3368.5378418
2331,2986.39575195
2332,2947.12988281
2333,3314.99853516
2334,3227.7734375
2335,2937.34594727
2336,2925.78564453
2337,3166.97583008
2338,3166.79980469
2339,3047.30517578
2340,2998.06347656
2341,3136.40429688
2342,3244.86401367
2343,2896.51977539
2344,3153.19140625
2345,3124.45996094
2346,3116.58618164
2347,3016.91015625
2348,3348.87231445
2349,2996.40527344
2350,3048.96313477
2351,3251.39892578
2352,2991.03955078
2353,3028.26464844
2354,3146.02563477
2355,3099.91772461
2356,3072.55737305
2357,3253.5871582
2358,3321.34619141
2359,3100.47509766
2360,3143.69140625
2361,3065.39208984
2362,3156.11352539
2363,3104.33056641
2364,3178.125
2365,2939.23608398
2366,3108.54248047
2367,3272.24121094
2368,2981.97998047
2369,3294.41186523
2370,2665.67871094
2371,2839.22338867
2372,3059.06860352
2373,3065.69677734
2374,3099.14575195
2375,2806.53051758
2376,3213.49633789
2377,2916.13696289
2378,3385.78833008
2379,3207.8659668
2380,3081.06738281
2381,3231.92822266
2382,2870.97460938
2383,3215.95922852
2384,3324.56103516
2385,3176.08935547
2386,3283.89624023
2387,3051.27587891
2388,2931.65551758
2389,3440.34057617
2390,3157.86523438
2391,3061.08300781
2392,2952.34765625
2393,3228.72973633
2394,2900.48901367
2395,2732.14086914
2396,3030.87084961
2397,3147.55151367
2398,2945.14916992
2399,3103.76708984
2400,3195.13891602
2401,3032.703125
2402,3217.17602539
2403,3259.50097656
2404,3013.7097168
2405,3359.37670898
2406,3306.51391602
2407,3048.8984375
2408,3211.5925293
2409,3136.20458984
2410,2993.43847656
2411,2916.83349609
2412,3049.18994141
2413,3375.77832031
2414,3221.98046875
2415,3140.81591797
2416,3127.56933594
2417,3151.03710938
2418,3133.64868164
2419,3221.32543945
2420,3063.69433594
2421,2990.80810547
2422,3186.02050781
2423,2985.46850586
2424,3161.87255859
2425,3152.36376953
2426,2956.83642578
2427,3103.70483398
2428,3243.80419922
2429,2832.49926758
2430,3444.86206055
2431,3264.70922852
2432,3067.10595703
2433,3423.18408203
2434,3249.06298828
2435,2966.19067383
2436,3239.31298828
2437,2933.95385742
2438,3083.22802734
2439,3152.37182617
2440,3324.46386719
2441,3148.90356445
2442,3100.70092773
2443,3093.00244141
2444,3324.01025391
2445,3152.56811523
2446,3050.48632812
2447,3139.32006836
2448,3238.81396484
2449,3142.17724609
2450,3234.79858398
2451,3284.90136719
2452,2818.14208984
2453,3027.85302734
2454,2978.68164062
2455,3170.27685547
2456,2932.72900391
2457,3320.15356445
2458,3269.44970703
2459,2881.22949219
2460,3523.12744141
2461,3087.64208984
2462,3015.29394531
2463,3187.33349609
2464,3098.22802734
2465,3177.11450195
2466,3021.81225586
2467,3467.49389648
2468,3144.14672852
2469,3054.5859375
2470,3444.04931641
2471,3158.36230469
2472,3133.07006836
2473,3052.55297852
2474,2987.40258789
2475,2987.7331543
2476,3026.23291016
2477,3220.42333984
2478,2935.22973633
2479,3147.44042969
2480,3262.50512695
2481,3056.95922852
2482,2915.71337891
2483,3285.70507812
2484,3143.26586914
2485,2996.38500977
2486,3070.09716797
2487,3238.06787109
2488,3091.13671875
2489,3153.46142578
2490,3391.05761719
2491,3041.02758789
2492,3168.04638672
2493,3254.38500977
2494,3081.44042969
2495,3399.61572266
2496,3106.20849609
2497,3202.83300781
2498,3156.84399414
2499,2988.37548828
2500,3221.43261719
2501,3056.33154297
2502,3097.86328125
2503,3055.70898438
2504,3220.49902344
2505,3054.38623047
2506,3016.56787109
2507,3045.47314453
2508,2877.87670898
2509,3125.81835938
2510,2983.80639648
2511,2989.68310547
2512,2883.19042969
2513,3214.47265625
2514,3093.07299805
2515,3062.89990234
2516,3090.5612793
2517,3023.48583984
2518,3232.86010742
2519,3099.74145508
2520,2913.59960938
2521,2955.82763672
2522,3039.52929688
2523,3079.45581055
2524,3217.09423828
2525,2815.95874023
2526,3105.00024414
2527,2956.98071289
2528,3144.77001953
2529,3126.49511719
2530,2989.76293945
2531,2872.92578125
2532,3109.88427734
2533,3040.99169922
2534,2998.68579102
2535,2888.66137695
2536,3170.12988281
2537,3100.9152832
2538,3302.16796875
2539,3342.46508789
2540,3053.68505859
2541,3044.69799805
2542,3088.03710938
2543,3044.40917969
2544,3164.59521484
2545,2969.44213867
2546,3351.24926758
2547,3077.23242188
2548,3421.99707031
2549,3145.94775391
2550,2926.84179688
2551,3363.57397461
2552,2866.94311523
2553,3134.60058594
2554,2980.01855469
2555,3033.58984375
2556,3172.12109375
2557,3003.52636719
2558,3198.74902344
2559,3045.17651367
2560,3348.79150391
2561,3210.30493164
2562,3231.92578125
2563,3056.95043945
2564,3103.32885742
2565,3238.68017578
2566,3118.39013672
2567,3226.31762695
2568,3133.58105469
2569,2977.78344727
2570,3185.64013672
2571,3023.09716797
2572,2984.69140625
2573,3278.3984375
2574,3162.98681641
2575,3093.48779297
2576,3064.56152344
2577,3150.02392578
2578,3040.2265625
2579,3222.09228516
2580,3070.20751953
2581,3118.72363281
2582,3365.20703125
2583,3079.62988281
2584,3086.42041016
2585,2970.98168945
2586,3227.95654297
2587,3085.18286133
2588,3197.99194336
2589,3166.80859375
2590,2962.54638672
2591,2987.8918457
2592,3083.4699707
2593,3044.57177734
2594,3201.12719727
2595,2979.85888672
2596,3160.13769531
2597,2877.56445312
2598,2966.94677734
2599,3214.15039062
2600,3129.51000977
2601,3034.02197266
2602,2868.875
2603,2890.60229492
2604,3082.03393555
2605,3021.12719727
2606,3077.43603516
2607,2952.35327148
2608,3100.00610352
2609,2937.87304688
2610,3121.05029297
2611,2837.46630859
2612,3098.77172852
2613,3178.36303711
2614,3144.39648438
2615,3008.76904297
2616,2985.42163086
2617,3280.14941406
2618,2929.08447266
2619,2861.46313477
2620,2945.39819336
2621,3325.16455078
2622,2894.77929688
2623,3031.22021484
2624,3236.31420898
2625,3301.90356445
2626,3155.24609375
2627,3178.25439453
2628,3224.90332031
2629,3038.66699219
2630,2927.50024414
2631,2901.41381836
2632,2985.56933594
2633,3200.3293457
2634,2905.05224609
2635,2770.64794922
2636,3033.83105469
2637,2978.75292969
2638,2980.77539062
2639,3063.01171875
2640,2966.36425781
2641,3007.76464844
2642,2786.91796875
2643,3013.19580078
2644,2876.32958984
2645,2991.4765625
2646,3156.40820312
2647,2878.62475586
2648,3295.19775391
2649,3101.4621582
2650,2827.39575195
2651,3097.16552734
2652,2902.74926758
2653,3368.73266602
2654,3094.12792969
2655,3367.62060547
2656,3168.64428711
2657,2968.47705078
2658,3204.45117188
2659,3042.11132812
2660,2895.10668945
2661,3194.58666992
2662,3009.25048828
2663,3232.70043945
2664,3112.87524414
2665,3147.05859375
2666,2999.0625
2667,3136.578125
2668,2821.22290039
2669,3075.43505859
2670,2794.10717773
2671,3184.56298828
2672,2911.50976562
2673,3056.24023438
2674,2877.05444336
2675,3033.62231445
2676,3340.48632812
2677,3186.94067383
2678,2901.33984375
2679,3213.70117188
2680,2992.60644531
2681,3162.86816406
2682,2768.17626953
2683,2969.45581055
2684,3269.08178711
2685,2848.55639648
2686,3053.33984375
2687,2964.50439453
2688,2847.84741211
2689,3290.11694336
2690,2979.75048828
2691,2976.31835938
2692,3206.81152344
2693,3111.22924805
2694,2863.05029297
2695,3053.64746094
2696,3060.53222656
2697,3038.9777832
2698,2982.12646484
2699,3190.60595703
2700,3028.41650391
2701,3049.08789062
2702,2920.52758789
2703,3000.62890625
2704,2855.95947266
2705,3079.30712891
2706,3094.13623047
2707,3014.90893555
2708,2851.75805664
2709,2835.90258789
2710,2696.80932617
2711,2916.8215332
2712,2816.51708984
2713,3016.62792969
2714,3076.73095703
2715,2888.42749023
2716,3202.72802734
2717,3017.72436523
2718,2907.40673828
2719,3016.33007812
2720,3033.52539062
2721,2908.94433594
2722,2987.43237305
2723,2966.13305664
2724,3042.06958008
2725,2999.76855469
2726,2962.4519043
2727,3156.86767578
2728,3042.6237793
2729,2912.66113281
2730,3010.76147461
2731,3006.77832031
2732,2951.53735352
2733,2941.53393555
2734,2847.75585938
2735,3149.00390625
2736,2901.06152344
2737,2937.38647461
2738,2899.8684082
2739,2994.27050781
2740,3051.49829102
2741,3115.81884766
2742,3144.97875977
2743,2992.28808594
2744,3169.10620117
2745,2789.48779297
2746,3061.95996094
2747,2821.76953125
2748,3105.75683594
2749,3105.8046875
2750,2973.03271484
2751,2789.19775391
2752,2938.20605469
2753,3106.42016602
2754,2814.16967773
2755,2940.24365234
2756,2971.87719727
2757,2986.50927734
2758,2885.64599609
2759,3104.93457031
2760,2934.0769043
2761,2783.98217773
2762,2849.2890625
2763,2906.45605469
2764,2954.53515625
2765,3155.66918945
2766,2729.19555664
2767,3044.09472656
2768,2800.296875
2769,2930.79052734
2770,2916.85400391
2771,3042.89233398
2772,2926.02978516
2773,2898.95678711
2774,3061.51953125
2775,3149.29248047
2776,2727.24902344
2777,3183.15673828
2778,2926.57421875
2779,2819.38623047
2780,2924.49438477
2781,3018.97680664
2782,2834.91040039
2783,2957.86572266
2784,2989.34301758
2785,2844.8347168
2786,2936.43847656
2787,2919.95507812
2788,2982.12353516
2789,2813.02075195
2790,2790.43896484
2791,2993.84277344
2792,2979.57421875
2793,3144.16845703
2794,2916.34643555
2795,3237.7746582
2796,3171.53833008
2797,2863.80737305
2798,2999.81298828
2799,3160.39453125
2800,3158.59179688
2801,2982.24707031
2802,3170.37744141
2803,2707.17553711
2804,3102.83691406
2805,3240.40869141
2806,3065.05688477
2807,2862.50048828
2808,3106.27587891
2809,2791.25488281
2810,2924.44628906
2811,2922.26757812
2812,2710.8125
2813,3031.6796875
2814,2897.52734375
2815,2748.16894531
2816,3046.45166016
2817,3075.53881836
2818,2976.49316406
2819,2856.87011719
2820,2855.16259766
2821,2927.60009766
2822,2987.82226562
2823,2944.9753418
2824,2944.07519531
2825,2797.24462891
2826,2924.19799805
2827,2922.23901367
2828,2795.94482422
2829,2888.13769531
2830,2890.39794922
2831,2935.93554688
2832,2699.00976562
2833,2963.87475586
2834,2793.06201172
2835,3133.0012207
2836,2995.53710938
2837,2987.80712891
2838,2818.66308594
2839,2988.93432617
2840,3126.05224609
2841,3034.56542969
2842,3008.52392578
2843,3534.07006836
2844,3090.90380859
2845,3326.58642578
2846,3176.16772461
2847,2960.41650391
2848,3267.31689453
2849,3433.84545898
2850,2941.80957031
2851,3059.11376953
2852,3289.53369141
2853,3233.66503906
2854,2985.27001953
2855,3006.35449219
2856,2890.22387695
2857,2781.55664062
2858,3094.30517578
2859,3072.63964844
2860,2965.48828125
2861,3120.75830078
2862,2895.00488281
2863,2989.41186523
2864,2891.87866211
2865,3046.46899414
2866,3015.8190918
2867,2768.34301758
2868,2952.00146484
2869,3072.39257812
2870,2757.47949219
2871,2829.60205078
2872,2844.03955078
2873,2887.33642578
2874,3112.78027344
2875,2700.81103516
2876,2937.45263672
2877,2890.10107422
2878,2939.32861328
2879,3035.63818359
2880,3095.49462891
2881,2995.4284668
2882,2773.40429688
2883,2912.19628906
2884,3151.53833008
2885,3136.17358398
2886,3183.13256836
2887,2913.49316406
2888,2925.53662109
2889,2846.28710938
2890,2886.05761719
2891,2892.71142578
2892,2906.88647461
2893,2784.01269531
2894,3075.65185547
2895,2771.13037109
2896,2845.22998047
2897,2849.77172852
2898,2812.7421875
2899,2913.71313477
2900,3129.94238281
2901,3047.0378418
2902,3147.86914062
2903,2838.43212891
2904,2838.77587891
2905,2757.17407227
2906,2712.60083008
2907,2756.0
2908,2847.81469727
2909,2997.16259766
2910,3005.18237305
2911,3108.59472656
2912,2851.83544922
2913,2877.9921875
2914,2998.59716797
2915,2919.24951172
2916,2872.52441406
2917,2830.07861328
2918,2923.21264648
2919,2930.56420898
2920,2921.72216797
2921,2807.08300781
2922,2862.3605957
2923,2857.5949707
2924,2723.98535156
2925,2817.48608398
2926,2888.29589844
2927,3000.0012207
2928,3041.39086914
2929,3127.22851562
2930,3155.36523438
2931,3198.53100586
2932,2955.53222656
2933,3032.06982422
2934,2906.0949707
2935,2934.30322266
2936,2871.68310547
2937,3115.2199707
2938,3157.61962891
2939,3156.03857422
2940,3046.484375
2941,2999.17016602
2942,3011.28466797
2943,2755.52954102
2944,2848.52392578
2945,3166.7902832
2946,2920.53710938
2947,2998.54516602
2948,2901.82666016
2949,2945.26977539
2950,2886.50048828
2951,2829.40063477
2952,3200.65063477
2953,2952.42578125
2954,3174.22338867
2955,2844.03710938
2956,3020.7331543
2957,3167.30493164
2958,3225.28320312
2959,2902.31347656
2960,3062.78515625
2961,3001.19677734
2962,2888.28222656
2963,3023.94970703
2964,3015.61865234
2965,2897.94140625
2966,2893.84521484
2967,2938.93725586
2968,2922.94897461
2969,3299.84521484
2970,2860.92236328
2971,2965.09521484
2972,2870.86938477
2973,2713.86523438
2974,2862.06347656
2975,2979.20092773
2976,2930.9128418
2977,2952.68994141
2978,2623.57519531
2979,3027.28222656
2980,2984.39941406
2981,2712.86352539
2982,3025.72412109
2983,2864.85864258
2984,2887.11791992
2985,3135.5324707
2986,2723.33081055
2987,3084.68481445
2988,2596.85351562
2989,2811.71362305
2990,2843.8984375
2991,2827.58642578
2992,2781.79272461
2993,3066.67163086
2994,2978.47705078
2995,2939.67382812
2996,2969.20996094
2997,2651.77270508
2998,2953.39501953
2999,2875.83520508
3000,2738.47192383
3001,2942.09277344
3002,2866.70996094
3003,3067.76318359
3004,2770.1484375
3005,2876.14892578
3006,3079.59765625
3007,3049.61767578
3008,2852.26904297
3009,3076.01171875
3010,2826.09643555
3011,3080.40429688
3012,2781.50854492
3013,2744.12988281
3014,2720.20947266
3015,2763.38671875
3016,3029.8581543
3017,3053.19091797
3018,2996.46044922
3019,2975.875
3020,2757.43505859
3021,3219.14477539
3022,3004.15991211
3023,2945.75805664
3024,2869.85595703
3025,3079.06298828
3026,2688.42260742
3027,3017.10839844
3028,2907.171875
3029,3102.13037109
3030,2797.03662109
3031,2793.28857422
3032,2917.82592773
3033,2658.76342773
3034,2741.79443359
3035,2776.15332031
3036,2939.99560547
3037,2796.24291992
3038,2874.8046875
3039,2861.71337891
3040,2637.27294922
3041,2988.95361328
3042,3027.76123047
3043,3159.93945312
3044,2839.24609375
3045,2958.0625
3046,2942.6003418
3047,3064.14257812
3048,2967.09106445
3049,2694.515625
3050,2938.48510742
3051,2986.93945312
3052,2914.30761719
3053,2810.15332031
3054,2812.17285156
3055,3075.32958984
3056,3047.99438477
3057,2840.30566406
3058,2941.36572266
3059,2786.48291016
3060,3208.91357422
3061,2924.38818359
3062,3007.10913086
3063,2885.65844727
3064,3076.23339844
3065,3010.27319336
3066,2808.97363281
3067,2932.92138672
3068,2980.42651367
3069,2981.66723633
3070,2913.35571289
3071,2809.38818359
3072,3149.88525391
3073,2833.70947266
3074,3152.17993164
3075,2955.12866211
3076,2968.62402344
3077,2984.83886719
3078,3032.09130859
3079,2712.63208008
3080,3233.41088867
3081,2822.36816406
3082,2871.56884766
3083,3045.47827148
3084,3073.05419922
3085,2802.19506836
3086,2969.95800781
3087,2972.32177734
3088,2911.99584961
3089,2870.17700195
3090,3063.54003906
3091,3006.31176758
3092,3051.93286133
3093,3036.49731445
3094,3027.16967773
3095,2835.90893555
3096,3040.55981445
3097,3111.15112305
3098,2793.93554688
3099,3167.10180664
3100,2986.43017578
3101,3187.2578125
3102,3164.59375
3103,3513.1394043
3104,2995.69287109
3105,3005.80371094
3106,2982.73632812
3107,2808.96679688
3108,3024.85839844
3109,2912.12353516
3110,2906.16601562
3111,2931.98339844
3112,2982.51928711
3113,2820.96411133
3114,2787.26318359
3115,2916.33129883
3116,2967.91821289
3117,2850.01635742
3118,2967.07006836
3119,2981.9387207
3120,2750.71655273
3121,2761.00024414
3122,2788.30395508
3123,2816.25268555
3124,2764.296875
3125,2796.8359375
3126,2900.87011719
3127,3074.86376953
3128,2817.9152832
3129,2995.25292969
3130,2800.25878906
3131,2856.89086914
3132,2746.01855469
3133,2749.81542969
3134,2664.82275391
3135,2903.13720703
3136,3039.01733398
3137,2995.06640625
3138,2941.29345703
3139,2687.54492188
3140,3104.45166016
3141,2949.0703125
3142,2961.11791992
3143,2945.81933594
3144,3003.48535156
3145,3122.48486328
3146,2768.77124023
3147,3120.15820312
3148,3234.45117188
3149,2890.58251953
3150,3001.08007812
3151,2816.97485352
3152,3068.68554688
3153,3003.35449219
3154,2970.55102539
3155,2892.35107422
3156,2736.37817383
3157,2808.47509766
3158,2870.05053711
3159,2643.75878906
3160,2822.21875
3161,2732.55493164
3162,2693.29833984
3163,3063.55053711
3164,2801.18798828
3165,2858.80688477
3166,3260.67456055
3167,2981.01196289
3168,2905.24755859
3169,2937.71826172
3170,2729.50341797
3171,3042.05273438
3172,2944.44287109
3173,3157.79321289
3174,2865.96728516
3175,2999.59375
3176,2944.11767578
3177,2795.96923828
3178,3093.68652344
3179,2784.10131836
3180,2899.10083008
3181,2950.77490234
3182,2865.30834961
3183,3018.86083984
3184,2606.17211914
3185,2642.95825195
3186,2947.50830078
3187,2769.60571289
3188,2910.63549805
3189,2819.76757812
3190,2998.83032227
3191,2872.5480957
3192,3003.02246094
3193,2794.42407227
3194,2743.93481445
3195,2910.67382812
3196,2861.76806641
3197,2922.27001953
3198,3023.48120117
3199,2844.98925781
3200,2719.19360352
3201,3066.05932617
3202,2928.33642578
3203,2725.76953125
3204,3116.54711914
3205,2984.79321289
3206,2765.91040039
3207,2747.24829102
3208,2996.88647461
3209,3046.52197266
3210,2703.19335938
3211,2957.09448242
3212,2639.45825195
3213,2666.55639648
3214,2852.37744141
3215,2701.203125
3216,2961.64477539
3217,2882.32275391
3218,3073.85668945
3219,2678.40966797
3220,2928.94873047
3221,2919.12890625
3222,2774.46777344
3223,2774.27880859
3224,2735.89404297
3225,2722.72802734
3226,3039.45800781
3227,2942.15014648
3228,2799.19482422
3229,2886.76416016
3230,3030.99829102
3231,2661.98779297
3232,2836.93066406
3233,3177.09277344
3234,3156.25073242
3235,2881.00415039
3236,2709.28637695
3237,2780.43164062
3238,2949.10107422
3239,2808.84375
3240,3079.70556641
3241,2970.57080078
3242,2869.5
3243,2831.56567383
3244,2815.54052734
3245,2743.67675781
3246,2600.17797852
3247,3044.32739258
3248,3047.44018555
3249,2967.04858398
3250,2800.54394531
3251,2788.46459961
3252,2936.83300781
3253,2605.26660156
3254,2771.64697266
3255,2870.51611328
3256,2949.10595703
3257,3001.63671875
3258,2734.22949219
3259,2885.10180664
3260,2646.97753906
3261,3074.25415039
3262,2846.60229492
3263,2791.74829102
3264,2715.18774414
3265,3101.38208008
3266,2669.47705078
3267,2857.83837891
3268,2907.87939453
3269,2985.95092773
3270,2830.30224609
3271,2829.6184082
3272,2837.24560547
3273,2595.52685547
3274,2731.27075195
3275,2989.04296875
3276,2810.95166016
3277,2671.81152344
3278,2761.67553711
3279,2828.70678711
3280,2752.08129883
3281,2708.96411133
3282,2812.41503906
3283,2851.91503906
3284,2900.47338867
3285,2440.48291016
3286,3035.24584961
3287,2830.95117188
3288,2824.83837891
3289,3021.88891602
3290,2949.81542969
3291,2686.20385742
3292,2714.09741211
3293,3006.2565918
3294,2839.5012207
3295,2665.88989258
3296,2778.01464844
3297,2893.18017578
3298,3085.77172852
3299,2761.39477539
3300,2698.52539062
3301,2815.58837891
3302,2691.04199219
3303,3075.56298828
3304,2866.23706055
3305,2876.78271484
3306,2836.69165039
3307,2977.84667969
3308,2748.91503906
3309,2916.97021484
3310,2744.203125
3311,2714.76953125
3312,3096.3984375
3313,2739.71386719
3314,3081.98583984
3315,2602.23657227
3316,2922.86132812
3317,3202.73852539
3318,2829.56689453
3319,3019.21435547
3320,2675.53759766
3321,2908.60644531
3322,2711.38134766
3323,2657.27392578
3324,2898.05981445
3325,2850.82324219
3326,3010.76318359
3327,2908.20288086
3328,2985.23510742
3329,2777.50073242
3330,2886.27832031
3331,3021.95117188
3332,2787.98632812
3333,2930.57373047
3334,2820.05126953
3335,3004.10498047
3336,2934.23681641
3337,2768.63305664
3338,2752.02490234
3339,2650.91430664
3340,3023.54882812
3341,2714.43115234
3342,2717.97021484
3343,2949.3972168
3344,2761.34033203
3345,2957.15356445
3346,2888.1652832
3347,2786.23291016
3348,2787.42236328
3349,2798.97802734
3350,2826.62548828
3351,2683.2487793
3352,2881.56152344
3353,2776.03369141
3354,2863.30249023
3355,2789.83105469
3356,2979.62573242
3357,2763.84887695
3358,2959.67797852
3359,3199.86132812
3360,3013.95410156
3361,2694.98583984
3362,3043.69116211
3363,3029.63720703
3364,2714.81054688
3365,2921.3828125
3366,3000.46972656
3367,2939.38427734
3368,2992.17724609
3369,3097.37573242
3370,2990.49291992
3371,2911.44287109
3372,2974.11376953
3373,3009.18530273
3374,2825.93847656
3375,2813.7253418
3376,2541.13208008
3377,3022.36962891
3378,3116.84130859
3379,2881.25
3380,3040.93798828
3381,3027.59814453
3382,2846.65332031
3383,2905.85253906
3384,2776.15673828
3385,2927.57910156
3386,2863.45166016
3387,2671.24658203
3388,2917.56567383
3389,2863.58642578
3390,2754.66162109
3391,2918.45410156
3392,2838.53320312
3393,2891.35131836
3394,2815.94921875
3395,2604.22851562
3396,2914.80322266
3397,2911.12255859
3398,3032.94262695
3399,3030.38989258
3400,2909.55566406
3401,2753.03222656
3402,2863.90234375
3403,2975.06689453
3404,3221.42138672
3405,2966.8840332
3406,2803.94873047
3407,2852.97827148
3408,2919.87158203
3409,2870.56054688
3410,2730.98168945
3411,2922.66796875
3412,2782.2746582
3413,2751.62158203
3414,2924.76489258
3415,2942.6184082
3416,2673.78051758
3417,2781.44726562
3418,2993.76416016
3419,3041.79516602
3420,2857.02001953
3421,2634.91430664
3422,3007.37280273
3423,2863.75732422
3424,2839.98803711
3425,2904.43847656
3426,2930.39477539
3427,2875.1262207
3428,3068.95507812
3429,2919.31298828
3430,2785.85522461
3431,3375.45019531
3432,3010.63452148
3433,2960.85400391
3434,2876.70361328
3435,2658.07519531
3436,2845.69506836
3437,3002.8371582
3438,2797.30053711
3439,3138.36181641
3440,2729.42431641
3441,3205.73779297
3442,3274.46166992
3443,2908.90698242
3444,2926.87744141
3445,3165.71728516
3446,2740.27319336
3447,3381.60449219
3448,3007.66064453
3449,2706.31616211
3450,3284.59692383
3451,3076.42089844
3452,2943.53759766
3453,3030.03515625
3454,2889.99536133
3455,3014.40600586
3456,2917.46289062
3457,2905.53515625
3458,3221.35229492
3459,2861.40087891
3460,2943.92138672
3461,3093.85058594
3462,2822.02612305
3463,3016.16992188
3464,3031.3347168
3465,2876.55981445
3466,3054.21972656
3467,2676.23217773
3468,2746.11987305
3469,2847.58496094
3470,2692.03564453
3471,2892.4230957
3472,2836.7019043
3473,2737.10913086
3474,2851.95581055
3475,2828.27416992
3476,2981.53125
3477,2804.97924805
3478,2718.94116211
3479,2919.23632812
3480,3030.61083984
3481,2819.70947266
3482,2706.83837891
3483,2930.71582031
3484,3077.12255859
3485,2939.51928711
3486,2830.73339844
3487,3045.07910156
3488,2882.72558594
3489,2725.98999023
3490,2983.3840332
3491,2933.32617188
3492,2997.35473633
3493,2748.65014648
3494,2776.54492188
3495,2650.26196289
3496,2622.51782227
3497,3083.52075195
3498,2730.38476562
3499,2693.5090332
3500,2829.44091797
3501,2828.03955078
3502,3008.51464844
3503,2769.82861328
3504,2941.60253906
3505,2894.44750977
3506,2665.09130859
3507,2902.68139648
3508,2827.77099609
3509,2788.93041992
3510,2966.0534668
3511,2912.44042969
3512,2710.90356445
3513,2710.46582031
3514,2790.50683594
3515,2653.11938477
3516,2873.4921875
3517,2887.42041016
3518,2555.94360352
3519,2859.76220703
3520,2729.22485352
3521,2888.87353516
3522,2898.97705078
3523,2728.91601562
3524,2960.71240234
3525,2730.26708984
3526,2788.90869141
3527,2813.80688477
3528,2641.22363281
3529,2887.75024414
3530,2853.39428711
3531,2860.06225586
3532,2711.52856445
3533,2592.48193359
3534,2772.19946289
3535,2684.91064453
3536,2752.96582031
3537,2822.98413086
3538,2853.48291016
3539,2823.24560547
3540,2699.05786133
3541,2804.24633789
3542,2764.77929688
3543,2733.81054688
3544,2711.82910156
3545,2807.43798828
3546,2728.02539062
3547,2731.02368164
3548,3021.609375
3549,2760.52685547
3550,3116.40722656
3551,2923.93041992
3552,2850.28125
3553,2889.38720703
3554,2631.52587891
3555,2743.47949219
3556,2797.7902832
3557,2660.64208984
3558,2852.93212891
3559,2752.35131836
3560,2717.96264648
3561,2837.2434082
3562,2461.98486328
3563,2721.62426758
3564,2774.69873047
3565,2753.61083984
3566,2794.35644531
3567,2671.03588867
3568,2666.27490234
3569,2748.83056641
3570,2800.14501953
3571,2755.80712891
3572,2917.61987305
3573,2792.7199707
3574,2864.37841797
3575,2597.18725586
3576,2879.68554688
3577,2792.40527344
3578,2662.8984375
3579,2820.84204102
3580,2609.86425781
3581,2654.03930664
3582,2617.82226562
3583,2538.14892578
3584,2707.75927734
3585,2806.13183594
3586,2938.56689453
3587,3048.21948242
3588,2633.30908203
3589,2923.93798828
3590,2727.27539062
3591,2759.56494141
3592,2818.50976562
3593,2674.36816406
3594,2847.2644043
3595,2914.70776367
3596,2888.67456055
3597,2672.25805664
3598,2626.56787109
3599,2753.59643555
3600,2776.95922852
3601,2713.88134766
3602,2648.05273438
3603,2653.59204102
3604,2648.72363281
3605,2736.90039062
3606,2852.09423828
3607,2965.96679688
3608,2810.55395508
3609,3118.31030273
3610,2811.44702148
3611,2795.46582031
3612,2800.07446289
3613,2729.26513672
3614,2785.11816406
3615,2983.95410156
3616,2655.53564453
3617,3011.56298828
3618,2870.57983398
3619,2834.1105957
3620,2833.828125
3621,2860.4519043
3622,3110.06225586
3623,2775.69165039
3624,2895.58837891
3625,2935.546875
3626,2819.89453125
3627,2888.47363281
3628,2700.41943359
3629,2785.89501953
3630,3074.55249023
3631,2912.56054688
3632,2679.36938477
3633,2818.61962891
3634,2886.65698242
3635,2778.22460938
3636,3170.22021484
3637,2878.21435547
3638,2593.70849609
3639,2920.72143555
3640,2962.37255859
3641,3020.37402344
3642,2867.25366211
3643,2680.65380859
3644,2852.28955078
3645,2764.55932617
3646,2781.47509766
3647,2916.59204102
3648,2989.15795898
3649,2662.41625977
3650,2524.62133789
3651,2570.02368164
3652,2906.9140625
3653,2698.15722656
3654,2654.76416016
3655,2655.36425781
3656,2635.8762207
3657,2628.71801758
3658,2691.24804688
3659,2712.33569336
3660,3091.69458008
3661,2918.42407227
3662,2708.11303711
3663,2752.96728516
3664,2662.2644043
3665,2627.46777344
3666,2747.79638672
3667,2940.55664062
3668,2818.90771484
3669,2698.53662109
3670,2891.8293457
3671,2812.72509766
3672,2567.2578125
3673,2715.03100586
3674,2843.45678711
3675,2988.39794922
3676,2714.83178711
3677,2773.11474609
3678,2843.90771484
3679,2557.1875
3680,2804.79492188
3681,2745.57104492
3682,2705.17871094
3683,2718.01416016
3684,2645.30297852
3685,2808.02246094
3686,2620.05444336
3687,2482.34155273
3688,2786.63427734
3689,2770.08154297
3690,2654.57617188
3691,2819.10424805
3692,2842.61669922
3693,2835.06201172
3694,2643.01928711
3695,2956.39379883
3696,2685.00463867
3697,2662.07470703
3698,2787.98754883
3699,2972.71923828
3700,2635.19189453
3701,2819.35620117
3702,2586.38720703
3703,2713.37646484
3704,2726.16796875
3705,2859.58422852
3706,2718.70019531
3707,2848.76000977
3708,2886.11352539
3709,2724.77685547
3710,2750.91625977
3711,3028.76635742
3712,2843.37890625
3713,2797.30004883
3714,2725.0234375
3715,2758.84179688
3716,2860.77246094
3717,2850.51171875
3718,2694.47314453
3719,2818.95629883
3720,2824.16064453
3721,2905.74389648
3722,2832.85668945
3723,2850.13354492
3724,2756.1940918
3725,2657.13574219
3726,2652.52636719
3727,2796.66210938
3728,2729.05932617
3729,2737.93457031
3730,2996.86230469
3731,2828.09790039
3732,2792.43603516
3733,2764.33789062
3734,2647.18408203
3735,3162.67626953
3736,2892.34521484
3737,3200.67626953
3738,2936.25146484
3739,2643.43359375
3740,3011.89233398
3741,2805.99536133
3742,2637.89013672
3743,2847.02587891
3744,2777.20117188
3745,2942.51538086
3746,2948.11865234
3747,2729.44775391
3748,2935.42236328
3749,2471.24194336
3750,2927.52099609
3751,2960.05102539
3752,2744.96777344
3753,2856.05273438
3754,2944.12109375
3755,2907.91821289
3756,2764.86352539
3757,2516.13208008
3758,2750.01757812
3759,2846.75512695
3760,2801.82788086
3761,2725.76000977
3762,2757.37011719
3763,2668.89550781
3764,2798.03295898
3765,2672.06542969
3766,2685.37475586
3767,2917.01318359
3768,2669.11328125
3769,2715.21606445
3770,2799.57666016
3771,2828.09277344
3772,2876.12402344
3773,2652.06787109
3774,2568.72851562
3775,2781.69946289
3776,2872.29077148
3777,2801.22680664
3778,2651.35595703
3779,3005.29052734
3780,2805.06958008
3781,2759.81542969
3782,2869.54492188
3783,2748.29223633
3784,2625.05395508
3785,2621.94384766
3786,2800.43652344
3787,2676.77685547
3788,2641.27416992
3789,2459.69970703
3790,2819.78808594
3791,2552.48803711
3792,2615.9675293
3793,2587.01098633
3794,3007.50439453
3795,2791.43115234
3796,2853.79931641
3797,3044.35961914
3798,2800.04638672
3799,2671.63427734
3800,2812.12915039
3801,2721.13232422
3802,2713.82080078
3803,2542.34790039
3804,2746.51513672
3805,2568.64697266
3806,2850.09716797
3807,2544.99755859
3808,2872.9050293
3809,2816.64501953
3810,2790.30078125
3811,2553.36621094
3812,2706.19287109
3813,2762.62280273
3814,2812.91796875
3815,2939.17993164
3816,2535.37426758
3817,2786.34545898
3818,2755.81054688
3819,2680.46484375
3820,2939.05761719
3821,2684.88305664
3822,2556.15844727
3823,3075.89916992
3824,2576.06225586
3825,2912.86865234
3826,2829.32495117
3827,2778.76269531
3828,2743.29589844
3829,2762.39160156
3830,2529.88378906
3831,2815.15063477
3832,2776.00024414
3833,2564.13232422
3834,2818.52832031
3835,2758.86914062
3836,2674.24267578
3837,2733.94677734
3838,2728.59277344
3839,2642.21459961
3840,2555.58349609
3841,3021.53369141
3842,2787.12695312
3843,2725.59155273
3844,2673.35400391
3845,2691.63037109
3846,2762.87182617
3847,2856.06469727
3848,2609.19140625
3849,2814.34448242
3850,2623.19482422
3851,2758.02148438
3852,2758.75634766
3853,2631.51855469
3854,2762.66894531
3855,2663.10009766
3856,2592.01220703
3857,2691.57348633
3858,2523.44775391
3859,2854.46728516
3860,2784.18261719
3861,2819.73046875
3862,2775.2644043
3863,2733.86230469
3864,2706.08642578
3865,2642.99365234
3866,2560.31445312
3867,2711.53417969
3868,2662.88427734
3869,2652.85083008
3870,2547.41088867
3871,2734.96142578
3872,2930.25561523
3873,2755.8359375
3874,2743.65673828
3875,2658.26953125
3876,2774.66235352
3877,2908.18481445
3878,2698.67480469
3879,2977.87939453
3880,2690.51123047
3881,2729.55224609
3882,2834.82714844
3883,2957.93310547
3884,2647.75219727
3885,2708.9831543
3886,2972.31347656
3887,2718.06396484
3888,2661.75024414
3889,2758.47167969
3890,2497.24804688
3891,2658.43359375
3892,2588.25317383
3893,2629.13867188
3894,2658.49291992
3895,2840.79443359
3896,2673.48193359
3897,2668.82519531
3898,2502.43164062
3899,2909.31420898
3900,2568.43530273
3901,2660.93603516
3902,2673.2722168
3903,2632.13061523
3904,2675.18408203
3905,2686.04443359
3906,2862.91772461
3907,2974.19921875
3908,2426.81396484
3909,2822.58886719
3910,2594.00146484
3911,2887.89453125
3912,2997.9621582
3913,2796.96166992
3914,2692.74047852
3915,2766.81152344
3916,2625.73950195
3917,2632.55322266
3918,2606.29296875
3919,2701.63378906
3920,2623.39086914
3921,2887.46240234
3922,2620.46948242
3923,3008.61035156
3924,2657.92675781
3925,2519.55761719
3926,2706.89477539
3927,2676.73852539
3928,2690.69702148
3929,2733.53466797
3930,2692.56225586
3931,2945.98657227
3932,2765.06884766
3933,2735.33740234
3934,2789.38452148
3935,2824.44799805
3936,2673.75073242
3937,2446.55761719
3938,2862.82641602
3939,2778.92114258
3940,2693.70849609
3941,2720.18505859
3942,2567.76733398
3943,2608.84619141
3944,2924.35083008
3945,2666.52807617
3946,2712.13916016
3947,2976.83447266
3948,2706.11279297
3949,2573.34179688
3950,2778.49707031
3951,2584.58544922
3952,2789.72314453
3953,2672.84814453
3954,2659.84765625
3955,2724.3684082
3956,2762.71704102
3957,2664.27416992
3958,2518.3347168
3959,2821.06860352
3960,2696.57421875
3961,2592.31762695
3962,2636.22802734
3963,2571.36230469
3964,2657.18066406
3965,2615.9152832
3966,2632.28393555
3967,2520.98681641
3968,2711.72729492
3969,2673.47241211
3970,2834.87109375
3971,2695.30541992
3972,2549.28637695
3973,2947.26806641
3974,2556.31298828
3975,2903.20800781
3976,2809.03417969
3977,2755.79345703
3978,2659.47949219
3979,2896.4921875
3980,2937.17089844
3981,2811.140625
3982,2730.06689453
3983,2822.68530273
3984,2649.94262695
3985,2642.1652832
3986,2696.96386719
3987,2769.69067383
3988,2756.48901367
3989,2503.7175293
3990,2562.64746094
3991,2874.90454102
3992,2743.87475586
3993,2675.56884766
3994,3042.65185547
3995,2746.23925781
3996,2759.82446289
3997,2757.43481445
3998,2768.56298828
3999,2667.74755859
4000,2837.50024414
4001,2683.1862793
4002,2674.53198242
4003,2823.03320312
4004,2786.57226562
4005,2681.12695312
4006,2479.44482422
4007,2805.84667969
4008,2477.48632812
4009,2665.4375
4010,2566.71875
4011,2743.62744141
4012,3017.87207031
4013,2431.7512207
4014,2597.41918945
4015,2980.3425293
4016,2748.54760742
4017,2618.97021484
4018,2837.5065918
4019,2711.8527832
4020,2868.34155273
4021,2522.40087891
4022,2784.37451172
4023,2545.953125
4024,2727.1784668
4025,2697.36547852
4026,2500.58154297
4027,2878.20288086
4028,2687.47509766
4029,2637.11425781
4030,2877.54833984
4031,2611.96679688
4032,2798.10986328
4033,2794.75439453
4034,2771.17211914
4035,2638.01879883
4036,2617.82177734
4037,2821.52636719
4038,2546.91357422
4039,2768.76269531
4040,2609.71289062
4041,2838.80151367
4042,2503.85253906
4043,2897.23095703
4044,2697.53198242
4045,2754.42382812
4046,2677.80395508
4047,2775.43896484
4048,2734.21337891
4049,2495.57373047
4050,2912.61035156
4051,2792.36669922
4052,2719.88061523
4053,2674.92480469
4054,2944.10180664
4055,2728.01025391
4056,2489.9140625
4057,2861.75512695
4058,2668.39404297
4059,2682.73242188
4060,2860.34204102
4061,2683.77392578
4062,2613.4987793
4063,2397.49584961
4064,2874.29052734
4065,2750.39331055
4066,2592.58496094
4067,2898.9831543
4068,2872.74511719
4069,2699.79467773
4070,2644.55297852
4071,2665.52075195
4072,2577.12744141
4073,2663.43798828
4074,2897.72680664
4075,2929.49291992
4076,2940.97998047
4077,2758.88818359
4078,2798.1171875
4079,2650.94677734
4080,2790.98876953
4081,2920.36938477
4082,2667.31396484
4083,2707.25366211
4084,2697.71557617
4085,2816.08056641
4086,2631.40600586
4087,2768.00878906
4088,2571.20458984
4089,2653.17138672
4090,2787.24023438
4091,2634.76953125
4092,2601.12890625
4093,2914.81640625
4094,2639.48876953
4095,2720.22851562
4096,2658.66455078
4097,2577.57519531
4098,2765.18188477
4099,2874.35791016
4100,2693.76416016
4101,2805.63989258
4102,2650.1237793
4103,2787.26586914
4104,2692.45410156
4105,2965.36303711
4106,2661.20825195
4107,2769.90405273
4108,2762.4609375
4109,2895.6171875
4110,2609.63232422
4111,2752.43261719
4112,2707.25537109
4113,2577.9543457
4114,2466.52880859
4115,2779.74731445
4116,2661.16357422
4117,2502.22558594
4118,2722.79956055
4119,2682.16552734
4120,2774.05664062
4121,2759.22460938
4122,2593.06958008
4123,2429.95556641
4124,2988.61108398
4125,2632.62866211
4126,2598.95996094
4127,2665.93457031
4128,2834.12548828
4129,2385.08105469
4130,2842.89672852
4131,2777.80981445
4132,2653.28100586
4133,2546.92553711
4134,2668.78369141
4135,2653.05371094
4136,2708.74462891
4137,2508.74291992
4138,2591.80249023
4139,2602.57495117
4140,2632.94848633
4141,2650.11132812
4142,2824.83276367
4143,2626.50317383
4144,2834.48876953
4145,2697.12792969
4146,2554.98461914
4147,2631.54443359
4148,3018.9934082
4149,2872.8371582
4150,2554.04003906
4151,2632.12133789
4152,2704.92382812
4153,2805.40771484
4154,2804.6628418
4155,2760.26245117
4156,2548.828125
4157,2503.4855957
4158,2431.15991211
4159,2488.42041016
4160,2696.19775391
4161,2640.18994141
4162,2744.92041016
4163,2587.84423828
4164,2679.77978516
4165,2797.33813477
4166,2643.79785156
4167,2739.10009766
4168,2818.20849609
4169,2473.69921875
4170,2490.02661133
4171,2659.9296875
4172,2643.03491211
4173,2780.66821289
4174,2643.84716797
4175,2774.13793945
4176,2731.12719727
4177,2662.06079102
4178,2646.91748047
4179,2690.16943359
4180,2437.26049805
4181,2645.71899414
4182,2847.71630859
4183,2713.58984375
4184,2776.45605469
4185,2506.63867188
4186,2702.87890625
4187,2786.14990234
4188,2825.81933594
4189,2726.90307617
4190,2689.84472656
4191,2724.03222656
4192,2756.81811523
4193,2673.56274414
4194,2605.50146484
4195,3044.7734375
4196,2548.00634766
4197,2700.80615234
4198,2754.92578125
4199,2620.91967773
4200,2575.68457031
4201,2666.38964844
4202,2699.88525391
4203,2661.88598633
4204,2552.77197266
4205,2735.90576172
4206,2608.98974609
4207,2864.10400391
4208,2645.3125
4209,2599.31298828
4210,2617.24462891
4211,2811.33666992
4212,2627.7878418
4213,2599.14550781
4214,2657.26586914
4215,2809.46191406
4216,2595.69335938
4217,2582.78759766
4218,2816.07666016
4219,2792.56347656
4220,2613.17700195
4221,2541.59716797
4222,2689.58276367
4223,2624.72167969
4224,2676.3515625
4225,2738.19921875
4226,2487.79370117
4227,2531.13500977
4228,2562.18359375
4229,2657.50561523
4230,2412.69213867
4231,2508.72241211
4232,2542.70239258
4233,2618.80957031
4234,2541.18896484
4235,2673.17626953
4236,2413.36010742
4237,2577.61157227
4238,2724.38110352
4239,2555.56103516
4240,2523.63671875
4241,2703.2956543
4242,2634.02539062
4243,2587.15258789
4244,2769.69702148
4245,2810.77050781
4246,2557.62036133
4247,2706.36962891
4248,2553.30126953
4249,2719.80078125
4250,2712.06445312
4251,2649.86938477
4252,2693.29394531
4253,2494.68554688
4254,2991.03271484
4255,2639.140625
4256,2466.00537109
4257,2485.39306641
4258,2662.41333008
4259,2733.4609375
4260,2804.14111328
4261,2565.25292969
4262,2679.57104492
4263,2608.07739258
4264,2690.43798828
4265,2651.93774414
4266,2565.79858398
4267,2941.70068359
4268,2621.8269043
4269,2651.24121094
4270,2899.7956543
4271,2689.50732422
4272,2548.73706055
4273,2702.66430664
4274,2462.13842773
4275,2726.56738281
4276,2578.6159668
4277,2582.72705078
4278,2525.5324707
4279,2636.29785156
4280,2734.11083984
4281,2689.40087891
4282,2654.23925781
4283,2650.55566406
4284,2790.53662109
4285,2382.78442383
4286,2556.57666016
4287,2981.81689453
4288,2785.44018555
4289,2523.72070312
4290,2571.73413086
4291,2575.20654297
4292,2641.3762207
4293,2623.47729492
4294,2716.51318359
4295,2601.37939453
4296,2834.22509766
4297,2670.21630859
4298,2588.19238281
4299,2649.37768555
4300,2625.66259766
4301,2700.97680664
4302,2647.3828125
4303,3114.07250977
4304,2636.24609375
4305,2789.02441406
4306,2840.75708008
4307,2543.31713867
4308,2526.83837891
4309,2542.82104492
4310,2645.37915039
4311,2516.94750977
4312,2655.57885742
4313,2955.3046875
4314,2560.3737793
4315,2408.75488281
4316,2595.4309082
4317,2612.20263672
4318,2587.12597656
4319,2625.79956055
4320,2728.48266602
4321,2582.11230469
4322,2626.00073242
4323,2568.94116211
4324,2881.0012207
4325,2325.93432617
4326,2670.3034668
4327,2540.49560547
4328,2543.98828125
4329,2579.14770508
4330,2657.84008789
4331,2562.73901367
4332,2484.14428711
4333,2544.12719727
4334,2701.26464844
4335,2665.00537109
4336,2588.42773438
4337,2551.5559082
4338,2649.49682617
4339,2408.00244141
4340,2371.30859375
4341,2566.1965332
4342,2489.31396484
4343,2390.17114258
4344,2690.55053711
4345,2573.29272461
4346,2931.16308594
4347,2857.54321289
4348,2527.87158203
4349,2571.2097168
4350,2539.80517578
4351,2787.88378906
4352,2565.24633789
4353,2668.30786133
4354,2713.90332031
4355,2454.72045898
4356,2965.42871094
4357,2669.8112793
4358,2696.97338867
4359,2710.14331055
4360,2608.10229492
4361,2662.25561523
4362,2658.50976562
4363,2652.16748047
4364,2711.70214844
4365,2964.77709961
4366,2840.23461914
4367,2536.90063477
4368,2563.06591797
4369,2617.34570312
4370,2615.47436523
4371,2785.80175781
4372,2703.04882812
4373,2919.20288086
4374,2593.32861328
4375,2644.83520508
4376,2648.38476562
4377,2858.55224609
4378,2764.12988281
4379,2698.31005859
4380,2576.42333984
4381,2533.01000977
4382,2874.58398438
4383,2681.14477539
4384,2672.85009766
4385,2638.74633789
4386,2767.53613281
4387,2752.53710938
4388,2531.93481445
4389,2596.12890625
4390,2596.98120117
4391,2434.2019043
4392,2680.40356445
4393,2410.74438477
4394,2633.15185547
4395,2753.37841797
4396,2500.03344727
4397,2793.52392578
4398,2563.84863281
4399,2561.85375977
4400,2750.40332031
4401,2730.2331543
4402,2677.09423828
4403,2679.50390625
4404,2422.36572266
4405,2558.72827148
4406,2575.69238281
4407,2340.09741211
4408,2707.30688477
4409,2485.35351562
4410,2805.23046875
4411,2599.03564453
4412,2609.3659668
4413,2640.17089844
4414,2485.48876953
4415,2641.76074219
4416,2611.61352539
4417,2941.40771484
4418,2833.51196289
4419,2628.69702148
4420,2601.11328125
4421,2727.56665039
4422,2955.48413086
4423,2760.57470703
4424,2683.10351562
4425,2637.98413086
4426,2857.5402832
4427,2708.84936523
4428,2464.30126953
4429,2638.89941406
4430,2689.1550293
4431,2634.51513672
4432,2456.43969727
4433,2816.38793945
4434,2709.015625
4435,2680.71557617
4436,2511.68774414
4437,2547.60351562
4438,2627.73754883
4439,2687.30053711
4440,2698.59326172
4441,2705.49609375
4442,2565.25024414
4443,2412.6796875
4444,2508.47070312
4445,2471.22924805
4446,2471.37963867
4447,2611.97167969
4448,2675.49316406
4449,2443.65258789
4450,2499.53100586
4451,2736.32226562
4452,2576.33154297
4453,2463.328125
4454,2649.90307617
4455,2768.6809082
4456,2637.20141602
4457,2574.53540039
4458,2706.01074219
4459,2649.92431641
4460,2861.86376953
4461,2711.07861328
4462,2616.93139648
4463,2463.59106445
4464,2493.08959961
4465,2722.07885742
4466,2611.3190918
4467,2626.33032227
4468,2584.48510742
4469,2574.72216797
4470,2861.17578125
4471,2420.71264648
4472,2746.79345703
4473,2599.49145508
4474,2725.59375
4475,2757.61645508
4476,2606.89697266
4477,2644.01123047
4478,2688.71337891
4479,2743.27392578
4480,2809.55175781
4481,2761.6862793
4482,2654.50195312
4483,2623.31518555
4484,2932.36962891
4485,2706.08911133
4486,2548.35791016
4487,2829.44433594
4488,2823.88891602
4489,2679.09179688
4490,2711.03686523
4491,2699.05126953
4492,2560.36376953
4493,2707.50561523
4494,2548.37719727
4495,2703.62402344
4496,2686.89257812
4497,2674.2902832
4498,2613.43994141
4499,2689.16088867
4500,3000.02050781
4501,2812.22094727
4502,2665.6418457
4503,2385.78564453
4504,2753.19604492
4505,2973.00830078
4506,2400.98828125
4507,2512.03295898
4508,2519.43139648
4509,2718.87353516
4510,2671.95898438
4511,2572.76733398
4512,2606.92016602
4513,2536.03125
4514,2662.11669922
4515,2414.74853516
4516,2592.16333008
4517,2596.4699707
4518,2553.95043945
4519,2653.66845703
4520,2497.89550781
4521,2667.21875
4522,2726.06640625
4523,2461.46875
4524,2593.56103516
4525,2748.70410156
4526,2614.83935547
4527,2609.6875
4528,2500.44506836
4529,2606.54394531
4530,2316.36572266
4531,2623.84838867
4532,2584.04541016
4533,2636.25292969
4534,2648.72827148
4535,2649.74804688
4536,2425.34667969
4537,2496.19848633
4538,2656.07055664
4539,2572.75756836
4540,2432.00463867
4541,2477.63720703
4542,2561.77490234
4543,2758.38696289
4544,2589.23242188
4545,2689.72558594
4546,2708.45703125
4547,2435.31640625
4548,2408.38500977
4549,2853.07373047
4550,2778.11791992
4551,2449.70800781
4552,2537.30639648
4553,2633.82177734
4554,2713.27075195
4555,2727.64575195
4556,2420.87133789
4557,2451.07739258
4558,2652.8112793
4559,2603.51953125
4560,2660.19287109
4561,2713.37524414
4562,2776.5078125
4563,2631.75048828
4564,2704.27294922
4565,2861.90356445
4566,2516.13916016
4567,2457.35913086
4568,2597.06054688
4569,2698.1159668
4570,2699.70068359
4571,2436.97631836
4572,2522.37109375
4573,2415.36425781
4574,2611.83422852
4575,2693.0300293
4576,2452.83837891
4577,2455.09204102
4578,2532.04467773
4579,2633.83886719
4580,2487.99023438
4581,2546.97070312
4582,2812.55151367
4583,2533.19580078
4584,2334.02514648
4585,2785.60009766
4586,2457.80664062
4587,2737.75268555
4588,2425.86157227
4589,2556.21142578
4590,2571.87353516
4591,2466.41137695
4592,2695.91381836
4593,2456.14575195
4594,2720.20214844
4595,2654.94873047
4596,2608.96386719
4597,2591.83496094
4598,2632.73095703
4599,2629.58496094
4600,2660.18383789
4601,2546.06225586
4602,2738.29394531
4603,2644.27612305
4604,2817.0012207
4605,2629.55517578
4606,2401.63354492
4607,2464.54125977
4608,2715.59375
4609,2524.21655273
4610,2576.75488281
4611,2405.97045898
4612,2481.22607422
4613,2511.31713867
4614,2505.15161133
4615,2403.02148438
4616,2511.38720703
4617,2421.57055664
4618,2581.57568359
4619,2401.71899414
4620,2479.1796875
4621,2450.76074219
4622,2460.23828125
4623,2428.72094727
4624,2564.74536133
4625,2388.65820312
4626,2550.85742188
4627,2677.79663086
4628,2583.98974609
4629,2503.95727539
4630,2585.27636719
4631,2823.34448242
4632,2485.33178711
4633,2792.14575195
4634,2675.65039062
4635,2600.10253906
4636,2707.78491211
4637,2484.9296875
4638,2416.88232422
4639,2358.78955078
4640,2348.27246094
4641,2721.69799805
4642,2432.44946289
4643,2577.05761719
4644,2725.01586914
4645,2494.48193359
4646,2806.59741211
4647,2457.61254883
4648,2372.03442383
4649,2642.92456055
4650,2746.13818359
4651,2873.02416992
4652,2575.09033203
4653,2904.77075195
4654,2845.76025391
4655,2640.85742188
4656,2567.02539062
4657,2726.71655273
4658,2668.54589844
4659,2362.02685547
4660,2763.25463867
4661,2712.27172852
4662,2771.24291992
4663,2436.45117188
4664,2302.05419922
4665,2643.7746582
4666,2588.86206055
4667,2491.55664062
4668,2583.3515625
4669,2839.13867188
4670,2497.49023438
4671,2478.43261719
4672,2491.61083984
4673,2476.96948242
4674,2734.00097656
4675,2406.36206055
4676,2585.17236328
4677,2328.99511719
4678,2446.66992188
4679,2515.12011719
4680,2478.04150391
4681,2536.75634766
4682,2833.1628418
4683,2829.47875977
4684,2531.83911133
4685,2340.98950195
4686,2687.25097656
4687,2674.58544922
4688,2513.45605469
4689,2452.53637695
4690,2678.578125
4691,2775.79882812
4692,2404.45117188
4693,2726.05615234
4694,2647.98950195
4695,2591.29443359
4696,2500.98144531
4697,2415.74047852
4698,2499.44067383
4699,2764.51489258
4700,2487.84277344
4701,2550.15454102
4702,2510.74755859
4703,2568.38989258
4704,2510.09765625
4705,2333.66870117
4706,2614.05737305
4707,2400.08032227
4708,2594.73144531
4709,2510.27783203
4710,2549.33935547
4711,2387.94775391
4712,2477.81787109
4713,2696.25952148
4714,2428.10839844
4715,2636.8503418
4716,2568.88476562
4717,2634.43701172
4718,2520.11962891
4719,2564.41845703
4720,2697.13085938
4721,2399.07226562
4722,2715.34643555
4723,2598.62890625
4724,2525.75390625
4725,2677.00488281
4726,2666.32177734
4727,2580.53173828
4728,2570.65966797
4729,2507.66723633
4730,2399.7800293
4731,2433.2722168
4732,2683.12280273
4733,2617.14941406
4734,2647.20336914
4735,2750.23486328
4736,2608.81005859
4737,2579.54223633
4738,2462.30883789
4739,2627.83496094
4740,2675.78710938
4741,2726.01220703
4742,2601.55224609
4743,2572.77490234
4744,2744.63354492
4745,2538.47631836
4746,2448.68676758
4747,2600.96386719
4748,2554.62744141
4749,2561.30712891
4750,2597.67114258
4751,2569.7253418
4752,2654.50366211
4753,2496.55029297
4754,2459.76342773
4755,2692.45068359
4756,2532.56005859
4757,2628.54101562
4758,2652.07592773
4759,2655.21972656
4760,2452.81347656
4761,2544.51293945
4762,2506.80761719
4763,2467.16674805
4764,2356.94750977
4765,2618.40454102
4766,2477.24389648
4767,2793.59790039
4768,2598.73925781
4769,2547.96826172
4770,2513.00927734
4771,2673.36401367
4772,2567.68676758
4773,2643.8659668
4774,2475.07397461
4775,2626.2097168
4776,2505.15234375
4777,2579.98339844
4778,2694.34570312
4779,2441.12182617
4780,2328.43920898
4781,2696.35180664
4782,2341.03515625
4783,2404.2421875
4784,2805.53369141
4785,2574.77978516
4786,2516.82397461
4787,2426.21582031
4788,2746.13916016
4789,2644.72412109
4790,2459.30078125
4791,2546.37548828
4792,2580.48144531
4793,2579.12109375
4794,2601.00073242
4795,2476.27587891
4796,2741.66772461
4797,2590.52807617
4798,2600.24462891
4799,2711.37524414
4800,2583.49462891
4801,2667.20922852
4802,2704.09423828
4803,2635.05541992
4804,2540.52246094
4805,2458.8425293
4806,2528.68579102
4807,2648.35327148
4808,2357.37280273
4809,2583.4152832
4810,2735.80712891
4811,2547.03979492
4812,2476.42480469
4813,2400.60009766
4814,2462.58544922
4815,2485.91625977
4816,2312.59448242
4817,2576.30859375
4818,2605.33618164
4819,2518.56201172
4820,2573.23535156
4821,2608.66967773
4822,2542.77026367
4823,2363.0793457
4824,2421.72290039
4825,2857.07226562
4826,2560.83764648
4827,2658.47851562
4828,2464.68261719
4829,2756.3359375
4830,2465.93041992
4831,2507.46777344
4832,2456.97900391
4833,2384.25683594
4834,2764.19848633
4835,2426.89599609
4836,2506.07128906
4837,2671.53076172
4838,2443.70336914
4839,2444.65429688
4840,2554.64379883
4841,2597.55273438
4842,2498.67407227
4843,2560.09838867
4844,2729.62817383
4845,2416.06591797
4846,2543.22583008
4847,2554.89746094
4848,2634.72900391
4849,2599.67480469
4850,2585.98901367
4851,2426.01611328
4852,2551.93334961
4853,2539.27685547
4854,2554.04321289
4855,2656.15771484
4856,2510.14501953
4857,2581.1171875
4858,2480.55883789
4859,2656.8347168
4860,2407.81933594
4861,2457.51123047
4862,2601.70141602
4863,2612.38720703
4864,2383.22021484
4865,2720.14575195
4866,2522.34375
4867,2648.90966797
4868,2517.03735352
4869,2360.79760742
4870,2367.4621582
4871,2413.31176758
4872,2438.24511719
4873,2580.73706055
4874,2570.81958008
4875,2543.17407227
4876,2830.66479492
4877,2410.14257812
4878,2577.70556641
4879,2513.45581055
4880,2552.07299805
4881,2671.90087891
4882,2358.24658203
4883,2433.00268555
4884,2485.96557617
4885,2668.71386719
4886,2380.44018555
4887,2531.48657227
4888,2425.02514648
4889,2789.5078125
4890,2626.90820312
4891,2501.00756836
4892,2586.62573242
4893,2557.39208984
4894,2676.89477539
4895,2427.66040039
4896,2407.81811523
4897,2767.24780273
4898,2447.16088867
4899,2535.39111328
4900,2573.45922852
4901,2349.26513672
4902,2392.90917969
4903,2359.140625
4904,2447.08959961
4905,2589.85766602
4906,2682.58959961
4907,2406.27050781
4908,2588.13989258
4909,2672.30126953
4910,2713.50390625
4911,2574.140625
4912,2572.4765625
4913,2597.69580078
4914,2669.36816406
4915,2565.74755859
4916,2617.10473633
4917,2728.95532227
4918,2501.67773438
4919,2413.0546875
4920,2706.8125
4921,2622.97900391
4922,2493.4387207
4923,2343.93603516
4924,2424.03515625
4925,2630.00390625
4926,2444.50219727
4927,2362.37915039
4928,2349.19433594
4929,2604.61938477
4930,2375.4597168
4931,2684.42236328
4932,2416.18310547
4933,2563.60107422
4934,2469.79785156
4935,2377.88818359
4936,2443.95898438
4937,2355.51538086
4938,2405.42480469
4939,2665.26513672
4940,2574.76416016
4941,2718.71704102
4942,2330.02001953
4943,2603.78857422
4944,2579.70996094
4945,2482.40698242
4946,2816.72338867
4947,2456.296875
4948,2618.92333984
4949,2428.97241211
4950,2521.67089844
4951,2605.92553711
4952,2505.94116211
4953,2582.53100586
4954,2506.98486328
4955,2546.40283203
4956,2523.55102539
4957,2568.45336914
4958,2571.69824219
4959,2556.02001953
4960,2493.81030273
4961,2597.734375
4962,2428.01367188
4963,2423.34008789
4964,2489.13232422
4965,2591.26464844
4966,2307.19628906
4967,2584.40893555
4968,2396.21435547
4969,2588.47119141
4970,2674.16137695
4971,2519.41210938
4972,2381.77246094
4973,2451.18481445
4974,2217.54589844
4975,2462.33154297
4976,2273.91455078
4977,2657.67626953
4978,2601.70776367
4979,2463.57592773
4980,2397.6003418
4981,2537.87573242
4982,2463.98779297
4983,2565.59082031
4984,2393.27124023
4985,2596.16186523
4986,2481.22021484
4987,2282.9855957
4988,2444.41772461
4989,2471.53295898
4990,2372.14526367
4991,2534.00073242
4992,2557.48217773
4993,2659.32397461
4994,2352.61767578
4995,2419.65454102
4996,2724.68408203
4997,2386.66503906
4998,2644.88696289
4999,2414.21044922
5000,2372.57543945
5001,2529.44189453
5002,2305.32397461
5003,2608.01123047
5004,2499.74365234
5005,2345.49584961
5006,2428.92431641
5007,2409.54296875
5008,2413.88574219
5009,2696.1796875
5010,2740.80200195
5011,2442.92016602
5012,2523.52832031
5013,2566.72094727
5014,2536.33544922
5015,2630.72436523
5016,2743.30834961
5017,2517.83325195
5018,2543.8203125
5019,2292.21582031
5020,2441.03369141
5021,2689.66259766
5022,2362.50537109
5023,2456.29199219
5024,2415.61669922
5025,2527.65722656
5026,2469.73632812
5027,2683.9831543
5028,2372.33422852
5029,2347.89477539
5030,2491.07568359
5031,2540.18408203
5032,2624.82958984
5033,2624.88964844
5034,2744.53271484
5035,2484.16992188
5036,2509.94726562
5037,2445.95800781
5038,2654.14038086
5039,2582.54248047
5040,2483.51806641
5041,2488.72998047
5042,2722.64257812
5043,2606.56591797
5044,2493.58081055
5045,2664.85302734
5046,2367.38037109
5047,2497.328125
5048,2449.75512695
5049,2708.08911133
5050,2705.42944336
5051,2554.05371094
5052,2746.97021484
5053,2595.77758789
5054,2677.81274414
5055,2521.13891602
5056,2306.97558594
5057,2587.95947266
5058,2534.85693359
5059,2610.98510742
5060,2510.59838867
5061,2319.2253418
5062,2538.890625
5063,2367.00854492
5064,2610.19775391
5065,2400.64404297
5066,2709.6315918
5067,2554.20166016
5068,2430.84985352
5069,2540.18066406
5070,2566.30786133
5071,2513.29394531
5072,2660.96557617
5073,2479.01831055
5074,2559.27368164
5075,2712.04321289
5076,2815.99365234
5077,2603.71020508
5078,2544.49511719
5079,2591.72705078
5080,2820.51831055
5081,2731.39550781
5082,2381.80078125
5083,2531.96508789
5084,2821.34204102
5085,2394.62548828
5086,2471.92529297
5087,2645.84472656
5088,2345.72827148
5089,2606.45996094
5090,2455.1394043
5091,2674.58129883
5092,2838.89770508
5093,2570.41772461
5094,2441.73950195
5095,2672.92407227
5096,2728.84130859
5097,2766.28564453
5098,2550.42480469
5099,2457.26367188
5100,2716.12011719
5101,2403.88110352
5102,2406.51074219
5103,2422.93115234
5104,2484.9309082
5105,2444.07543945
5106,2560.51464844
5107,2781.72949219
5108,2543.34375
5109,2330.31835938
5110,2507.29760742
5111,2657.68554688
5112,2683.04980469
5113,2428.55151367
5114,2707.5456543
5115,2539.23950195
5116,2614.92407227
5117,2686.69677734
5118,2315.45654297
5119,2602.77612305
5120,2306.51538086
5121,2484.80883789
5122,2385.22705078
5123,2617.83984375
5124,2548.00830078
5125,2525.43164062
5126,2779.15136719
5127,2726.93432617
5128,2471.12353516
5129,2806.2421875
5130,2512.68823242
5131,2701.91870117
5132,2678.19067383
5133,2599.07006836
5134,2536.23681641
5135,2356.14624023
5136,2571.00024414
5137,2565.96875
5138,2482.17602539
5139,2553.625
5140,2613.08520508
5141,2388.60644531
5142,2503.7097168
5143,2469.73339844
5144,2514.11938477
5145,2691.36425781
5146,2611.04370117
5147,2416.36523438
5148,2455.78417969
5149,2325.61914062
5150,2906.06005859
5151,2521.43212891
5152,2664.89868164
5153,2615.02661133
5154,2491.00439453
5155,2829.17114258
5156,2433.046875
5157,2784.86962891
5158,2752.01953125
5159,2511.83862305
5160,2779.37597656
5161,2627.15722656
5162,2545.21777344
5163,2684.07714844
5164,2572.90625
5165,2416.12597656
5166,2763.68188477
5167,2393.42944336
5168,2478.79370117
5169,2614.50585938
5170,2537.43212891
5171,2750.34790039
5172,2507.00830078
5173,2542.3503418
5174,2819.15454102
5175,2549.0546875
5176,2655.54003906
5177,2649.52807617
5178,2718.51245117
5179,2394.79394531
5180,2449.7409668
5181,2631.99926758
5182,2833.92114258
5183,2631.81323242
5184,2826.77539062
5185,2828.03173828
5186,2749.18481445
5187,2403.41381836
5188,2494.57910156
5189,2531.09082031
5190,2635.40698242
5191,2547.43969727
5192,2493.47729492
5193,2524.26928711
5194,2733.83398438
5195,2692.00048828
5196,2670.70874023
5197,2748.56494141
5198,3034.37670898
5199,2714.59301758
5200,2522.62524414
5201,2406.66088867
5202,2699.73583984
5203,2725.4387207
5204,2463.72045898
5205,2584.29638672
5206,2624.76953125
5207,2531.08227539
5208,2590.015625
5209,2507.64770508
5210,2708.21899414
5211,2712.20605469
5212,2462.80078125
5213,2476.04760742
5214,2610.53442383
