0,88497.5390625
1,55379.0859375
2,36945.0585938
3,28816.1523438
4,19643.1679688
5,17430.765625
6,17130.4511719
7,13788.3525391
8,12623.2226562
9,11495.0175781
10,11368.4150391
11,10366.1494141
12,9237.25292969
13,9442.47363281
14,8136.48974609
15,8110.25488281
16,7991.90869141
17,8259.26464844
18,8123.15625
19,6968.63720703
20,6806.984375
21,7002.74365234
22,6451.49755859
23,6186.484375
24,5679.86572266
25,5929.78662109
26,6010.34228516
27,6205.57519531
28,5784.36132812
29,5661.75683594
30,4976.70605469
31,4591.84472656
32,5029.21386719
33,5076.56396484
34,4694.7109375
35,4831.98779297
36,4497.20654297
37,4702.03857422
38,4736.81445312
39,4357.11083984
40,4778.57617188
41,4272.19042969
42,4205.47705078
43,4289.79980469
44,3882.82348633
45,3784.17797852
46,3344.83178711
47,3627.28637695
48,3659.30151367
49,3757.20947266
50,3886.47265625
51,3824.30981445
52,3520.34228516
53,3435.26464844
54,3593.44848633
55,3494.36254883
56,3780.77050781
57,3661.15551758
58,3179.69067383
59,3293.0456543
60,3212.3125
61,3205.34985352
62,3243.34326172
63,2984.55883789
64,3109.64892578
65,3106.76904297
66,3165.98046875
67,2822.69604492
68,2930.1105957
69,2517.8737793
70,2751.12792969
71,2684.06762695
72,2639.24975586
73,2758.14599609
74,2804.5871582
75,2488.86621094
76,2590.79223633
77,2449.23291016
78,2613.14233398
79,2400.37011719
80,2194.6706543
81,2390.25561523
82,2364.94091797
83,2173.17114258
84,2171.83496094
85,2293.74707031
86,2010.5847168
87,2222.55151367
88,2287.72241211
89,1896.01818848
90,2250.4987793
91,2186.24121094
92,2027.52648926
93,1887.73864746
94,1819.57189941
95,1936.41088867
96,1935.48352051
97,2117.48413086
98,1923.12316895
99,1872.49487305
100,1762.16772461
101,1729.07177734
102,1690.31237793
103,1780.50085449
104,1658.84020996
105,1851.62438965
106,1552.1138916
107,1765.98413086
108,1645.79846191
109,1591.16809082
110,1557.86535645
111,1728.68884277
112,1482.49145508
113,1492.82397461
114,1539.97595215
115,1519.91772461
116,1676.76831055
117,1472.15612793
118,1469.30078125
119,1757.84460449
120,1480.45739746
121,1527.34680176
122,1417.87207031
123,1564.79870605
124,1598.65637207
125,1444.79748535
126,1538.23181152
127,1570.57775879
128,1533.52111816
129,1387.78747559
130,1455.26367188
131,1407.93762207
132,1515.26635742
133,1475.11682129
134,1403.08203125
135,1352.89953613
136,1370.27111816
137,1409.31774902
138,1502.40185547
139,1448.95910645
140,1464.66503906
141,1441.18322754
142,1458.33483887
143,1396.26965332
144,1449.58898926
145,1446.80224609
146,1391.74462891
147,1385.16064453
148,1480.44641113
149,1322.46496582
150,1430.33532715
151,1502.32580566
152,1403.50683594
153,1439.88647461
154,1353.75524902
155,1383.8848877
156,1388.56433105
157,1267.18408203
158,1226.96484375
159,1330.06567383
160,1277.59289551
161,1272.79052734
162,1352.90686035
163,1258.91467285
164,1293.59619141
165,1207.53686523
166,1329.4675293
167,1283.84289551
168,1330.85314941
169,1275.79406738
170,1251.51379395
171,1324.80957031
172,1327.07177734
173,1267.44213867
174,1275.42980957
175,1352.1151123
176,1453.65820312
177,1326.45703125
178,1190.22216797
179,1375.89257812
180,1234.15014648
181,1160.73632812
182,1273.88110352
183,1237.94641113
184,1348.8215332
185,1268.05688477
186,1233.91296387
187,1222.21325684
188,1293.31079102
189,1209.64807129
190,1296.48901367
191,1245.80847168
192,1244.49047852
193,1317.75024414
194,1247.38818359
195,1250.76916504
196,1160.29748535
197,1280.81689453
198,1195.7253418
199,1282.12744141
200,1192.99743652
201,1245.52209473
202,1319.8626709
203,1327.99365234
204,1208.08068848
205,1178.03161621
206,1249.68530273
207,1274.86425781
208,1197.47387695
209,1172.91369629
210,1169.06335449
211,1187.47961426
212,1139.35974121
213,1201.3203125
214,1209.86071777
215,1200.83825684
216,1215.69934082
217,1237.05517578
218,1260.41552734
219,1274.60986328
220,1063.02282715
221,1172.35961914
222,1143.71069336
223,1159.38037109
224,1132.41650391
225,1165.86352539
226,1244.34069824
227,1184.24853516
228,1119.68615723
229,1139.83972168
230,1154.02307129
231,1112.64855957
232,1129.47644043
233,1132.31713867
234,1164.61230469
235,1222.76745605
236,1146.24865723
237,1195.1505127
238,1135.30810547
239,1229.03967285
240,1192.00268555
241,1207.42468262
242,1242.7097168
243,1164.55529785
244,1139.8092041
245,1195.92358398
246,1196.10522461
247,1210.93017578
248,1127.56567383
249,1164.51391602
250,1268.33654785
251,1127.43237305
252,1079.07312012
253,1119.71838379
254,1040.49975586
255,1052.75183105
256,1172.05444336
257,1117.71252441
258,1144.78820801
259,1191.25012207
260,1153.27282715
261,1184.07019043
262,1077.02685547
263,1171.9161377
264,1138.01452637
265,1025.40673828
266,1133.28723145
267,1056.88208008
268,1116.27197266
269,1178.79724121
270,1208.47314453
271,1083.20666504
272,1158.60424805
273,1107.7911377
274,1192.65148926
275,1088.24060059
276,1116.71533203
277,1034.92919922
278,1046.3458252
279,1071.75366211
280,1067.63110352
281,1060.21240234
282,1110.5637207
283,1029.1015625
284,1118.15673828
285,1214.55517578
286,1104.76269531
287,1039.07458496
288,1025.15808105
289,1124.71765137
290,1029.15002441
291,1183.53918457
292,1129.50744629
293,1030.1484375
294,1016.59869385
295,1081.87316895
296,1139.03710938
297,1076.86157227
298,976.774230957
299,957.213256836
300,1063.74572754
301,1063.28491211
302,1015.31298828
303,1068.35412598
304,1085.28271484
305,996.940612793
306,960.643981934
307,1088.24206543
308,1150.43432617
309,1034.13171387
310,1108.78967285
311,1057.05529785
312,1024.95471191
313,1050.76208496
314,1115.9765625
315,993.591918945
316,1067.36730957
317,1118.71435547
318,1034.31896973
319,1080.03063965
320,1005.3918457
321,1010.12451172
322,1049.77990723
323,992.965270996
324,1115.27429199
325,1087.02429199
326,1008.50054932
327,1054.13867188
328,1016.49584961
329,1139.60754395
330,1052.46936035
331,1054.25915527
332,981.033813477
333,1070.24523926
334,1028.01879883
335,1094.3503418
336,942.715270996
337,922.09967041
338,976.775939941
339,1033.03356934
340,947.239868164
341,916.780395508
342,988.350036621
343,938.173706055
344,1015.78424072
345,1004.86047363
346,1057.98486328
347,995.578369141
348,1039.8737793
349,1057.23303223
350,999.563293457
351,1095.95483398
352,992.260009766
353,966.692687988
354,910.555175781
355,985.834106445
356,991.308898926
357,1002.51922607
358,994.773376465
359,949.837219238
360,996.967224121
361,962.397338867
362,936.541259766
363,902.493347168
364,941.044067383
365,1001.80352783
366,1002.90270996
367,950.181274414
368,998.659973145
369,905.21270752
370,956.670288086
371,1008.26501465
372,960.846435547
373,917.604064941
374,932.102416992
375,986.25189209
376,958.631530762
377,974.246765137
378,1017.08044434
379,1012.25091553
380,1050.06750488
381,978.141296387
382,927.925048828
383,985.894958496
384,956.433959961
385,905.442504883
386,875.433288574
387,965.822143555
388,935.271057129
389,972.629577637
390,925.80267334
391,943.977355957
392,912.803466797
393,1050.02905273
394,992.157958984
395,946.900695801
396,877.120849609
397,981.476196289
398,942.472961426
399,927.563415527
400,848.910827637
401,884.271118164
402,855.051940918
403,960.43951416
404,960.904846191
405,964.476318359
406,952.531921387
407,949.583251953
408,1005.84143066
409,991.026733398
410,961.143371582
411,956.147705078
412,1004.8157959
413,935.979980469
414,964.42956543
415,989.79876709
416,898.371582031
417,878.337402344
418,915.073425293
419,863.858642578
420,946.225219727
421,930.511413574
422,968.835266113
423,954.592346191
424,956.980102539
425,954.200805664
426,939.885986328
427,921.715148926
428,880.694335938
429,910.928100586
430,991.373718262
431,856.40838623
432,910.491577148
433,953.321472168
434,875.205566406
435,865.510192871
436,874.181213379
437,892.981445312
438,884.055603027
439,990.398071289
440,1063.56103516
441,864.47064209
442,907.669494629
443,977.861083984
444,789.294433594
445,957.960144043
446,897.986633301
447,911.719360352
448,883.212280273
449,950.550354004
450,850.933227539
451,957.99407959
452,971.237060547
453,1012.88769531
454,932.289489746
455,933.899108887
456,917.41003418
457,897.633789062
458,969.312438965
459,863.999572754
460,945.429504395
461,951.889587402
462,938.834106445
463,862.293395996
464,876.104675293
465,918.013977051
466,997.779296875
467,891.643066406
468,904.72442627
469,856.387756348
470,873.731994629
471,872.928588867
472,932.737060547
473,898.136535645
474,905.59197998
475,884.85357666
476,883.224243164
477,961.497192383
478,979.51965332
479,848.223144531
480,877.609741211
481,870.826904297
482,876.776000977
483,912.251525879
484,950.937988281
485,904.430297852
486,846.702392578
487,912.587463379
488,899.941589355
489,868.763122559
490,876.034729004
491,814.767578125
492,846.144348145
493,944.410705566
494,864.455566406
495,870.787963867
496,903.32019043
497,961.151489258
498,936.016235352
499,949.155334473
500,894.709289551
501,787.276184082
502,840.010559082
503,861.204711914
504,824.650268555
505,875.428344727
506,935.858093262
507,782.170471191
508,909.398742676
509,788.61932373
510,858.489318848
511,878.646484375
512,879.717651367
513,953.658081055
514,861.572814941
515,804.946716309
516,765.856140137
517,824.309082031
518,933.794311523
519,915.831481934
520,871.599731445
521,898.698303223
522,949.022888184
523,870.15423584
524,789.975891113
525,871.613586426
526,840.454284668
527,830.632995605
528,925.811767578
529,892.460510254
530,885.776611328
531,883.567260742
532,831.606262207
533,822.209716797
534,826.544555664
535,824.367004395
536,883.815063477
537,841.144714355
538,831.565185547
539,802.279663086
540,852.437683105
541,831.270629883
542,860.025939941
543,808.098999023
544,839.625488281
545,818.798950195
546,899.322814941
547,820.039428711
548,826.320678711
549,913.284973145
550,800.443664551
551,875.897399902
552,831.858093262
553,930.229492188
554,836.06262207
555,824.476135254
556,823.070129395
557,801.587524414
558,879.216491699
559,897.561828613
560,775.610046387
561,804.905456543
562,786.675842285
563,736.144287109
564,883.524719238
565,842.015625
566,816.898620605
567,866.078796387
568,809.886413574
569,875.086120605
570,847.213745117
571,900.85369873
572,836.218933105
573,864.507019043
574,833.16015625
575,931.404174805
576,826.739135742
577,812.151733398
578,754.61920166
579,827.601867676
580,852.432250977
581,898.23815918
582,835.131103516
583,855.34979248
584,857.181274414
585,888.980529785
586,814.29876709
587,767.506774902
588,852.056640625
589,904.50994873
590,841.768981934
591,883.588806152
592,832.25177002
593,868.549072266
594,900.266113281
595,833.062561035
596,802.83782959
597,860.980834961
598,780.063110352
599,833.278869629
600,849.868530273
601,726.585571289
602,841.099731445
603,818.835876465
604,810.654846191
605,885.81237793
606,852.39050293
607,784.122131348
608,902.977539062
609,848.448303223
610,821.032531738
611,828.574035645
612,802.930786133
613,802.467712402
614,905.508239746
615,821.747070312
616,823.11730957
617,784.091369629
618,813.184875488
619,822.53314209
620,783.880310059
621,739.32434082
622,786.003845215
623,887.552490234
624,832.933044434
625,795.01776123
626,824.677856445
627,797.892333984
628,743.665649414
629,811.834533691
630,810.935852051
631,864.01184082
632,801.144775391
633,846.178161621
634,765.924255371
635,841.680725098
636,813.026733398
637,741.982543945
638,774.985717773
639,805.552246094
640,767.655029297
641,786.535888672
642,814.153137207
643,798.492004395
644,722.247131348
645,822.691467285
646,746.346374512
647,803.641296387
648,787.446411133
649,869.794555664
650,806.327209473
651,839.40423584
652,758.694213867
653,759.843566895
654,722.147033691
655,767.431945801
656,799.230224609
657,777.471740723
658,769.068664551
659,796.383422852
660,844.89831543
661,842.07421875
662,807.586853027
663,790.828735352
664,771.36706543
665,726.350952148
666,777.87701416
667,857.772521973
668,848.562133789
669,806.97454834
670,743.832397461
671,718.966064453
672,788.100097656
673,704.034423828
674,757.235900879
675,785.152160645
676,890.161376953
677,747.449035645
678,741.179321289
679,784.181640625
680,813.53302002
681,795.243469238
682,900.595214844
683,751.963378906
684,771.487182617
685,778.957641602
686,860.654541016
687,791.729919434
688,694.546447754
689,734.481384277
690,698.131896973
691,737.496582031
692,773.634338379
693,782.918273926
694,795.93927002
695,735.028747559
696,820.723083496
697,796.527526855
698,736.641906738
699,729.569213867
700,824.800598145
701,760.724243164
702,792.739624023
703,767.233947754
704,730.941223145
705,802.329650879
706,796.322143555
707,817.87310791
708,724.379150391
709,804.317626953
710,874.449645996
711,727.241760254
712,672.343933105
713,721.598449707
714,747.635925293
715,780.855285645
716,806.085876465
717,742.584594727
718,759.22442627
719,815.329589844
720,753.942138672
721,782.67590332
722,794.073303223
723,842.40020752
724,769.551757812
725,779.830078125
726,794.539489746
727,793.687011719
728,859.807983398
729,815.144042969
730,834.912963867
731,741.338195801
732,756.146118164
733,691.609313965
734,835.349304199
735,765.797790527
736,813.051757812
737,781.394104004
738,755.041381836
739,776.56439209
740,680.56072998
741,713.653503418
742,750.540649414
743,738.231567383
744,730.425842285
745,749.75958252
746,816.608520508
747,707.725952148
748,752.822692871
749,714.069641113
750,800.622741699
751,808.384094238
752,778.486633301
753,734.359741211
754,724.71105957
755,761.922851562
756,733.575561523
757,671.844482422
758,786.292175293
759,771.265258789
760,754.782531738
761,752.278625488
762,693.750854492
763,714.930053711
764,730.950073242
765,755.311218262
766,744.463134766
767,708.715942383
768,719.905395508
769,699.961608887
770,770.294006348
771,776.691101074
772,797.987609863
773,737.911621094
774,695.84564209
775,745.566589355
776,749.639892578
777,777.718017578
778,766.200439453
779,788.739929199
780,779.804077148
781,715.275878906
782,695.933349609
783,729.219726562
784,767.935180664
785,737.978759766
786,705.356445312
787,746.386474609
788,778.887023926
789,804.663574219
790,710.738037109
791,746.078186035
792,765.180664062
793,821.803405762
794,751.841247559
795,753.387634277
796,668.651062012
797,809.891479492
798,680.443359375
799,716.693847656
800,747.02935791
801,700.561401367
802,743.218261719
803,815.393798828
804,707.92010498
805,753.02923584
806,705.22265625
807,683.507324219
808,771.802734375
809,780.415466309
810,749.934204102
811,773.545776367
812,710.774230957
813,696.819458008
814,764.000976562
815,703.408813477
816,792.873657227
817,675.911865234
818,681.868896484
819,687.401367188
820,710.508117676
821,697.278808594
822,733.497192383
823,732.855834961
824,684.900024414
825,746.190429688
826,732.118103027
827,704.378601074
828,789.721801758
829,713.075317383
830,735.100952148
831,753.852539062
832,727.582397461
833,755.81652832
834,774.442016602
835,774.739501953
836,696.800598145
837,699.456481934
838,758.034179688
839,760.717224121
840,720.960449219
841,698.360168457
842,651.073791504
843,690.075927734
844,791.756713867
845,765.437011719
846,785.49005127
847,799.196411133
848,698.108276367
849,718.811523438
850,750.672485352
851,703.006835938
852,741.365112305
853,739.668518066
854,666.622619629
855,676.318603516
856,669.008239746
857,671.674560547
858,727.930664062
859,688.70501709
860,711.504455566
861,690.401977539
862,626.278259277
863,660.577697754
864,729.156555176
865,685.199829102
866,685.343566895
867,796.934753418
868,683.69128418
869,665.281982422
870,691.05657959
871,773.27130127
872,723.74432373
873,725.709655762
874,737.761657715
875,696.417053223
876,688.945251465
877,739.949523926
878,709.537536621
879,727.524230957
880,753.897949219
881,661.399719238
882,717.856506348
883,784.48059082
884,763.077697754
885,788.007751465
886,748.892883301
887,743.898132324
888,807.718261719
889,798.99029541
890,712.018005371
891,687.308532715
892,745.680480957
893,699.544311523
894,736.276367188
895,717.994812012
896,694.883056641
897,676.491882324
898,732.695861816
899,729.673950195
900,739.021240234
901,704.715270996
902,747.237731934
903,686.737731934
904,656.483215332
905,706.223449707
906,623.314758301
907,708.928405762
908,787.268615723
909,670.267089844
910,650.842224121
911,684.325195312
912,757.238952637
913,854.06439209
914,688.447265625
915,716.450256348
916,683.927185059
917,683.131469727
918,679.650695801
919,695.598205566
920,758.059204102
921,688.977050781
922,642.578979492
923,735.248535156
924,657.59185791
925,669.426086426
926,731.741943359
927,638.18939209
928,710.40234375
929,684.81072998
930,621.362304688
931,678.375305176
932,747.449401855
933,773.116210938
934,649.59375
935,633.332214355
936,669.69720459
937,660.878234863
938,689.747009277
939,660.953491211
940,709.24987793
941,687.672851562
942,687.596862793
943,722.681396484
944,688.003662109
945,714.392578125
946,686.790893555
947,789.342712402
948,718.152160645
949,721.993347168
950,746.041381836
951,674.043212891
952,771.932556152
953,670.70135498
954,712.78704834
955,696.947570801
956,681.21484375
957,701.796569824
958,717.172363281
959,763.917480469
960,677.802978516
961,713.289611816
962,694.60144043
963,727.10333252
964,662.633300781
965,683.332458496
966,681.80267334
967,631.52734375
968,778.322814941
969,621.075500488
970,762.219970703
971,685.972412109
972,676.671630859
973,647.550048828
974,710.22833252
975,730.420166016
976,696.605102539
977,714.862915039
978,624.022033691
979,704.981323242
980,685.915527344
981,700.722595215
982,639.589172363
983,683.518554688
984,727.979797363
985,707.294921875
986,646.43371582
987,712.362365723
988,663.922912598
989,676.37701416
990,704.631347656
991,683.73059082
992,645.33984375
993,681.621765137
994,728.488586426
995,662.25970459
996,673.359924316
997,641.781311035
998,692.208679199
999,704.330627441
1000,635.469421387
1001,659.478027344
1002,766.083190918
1003,688.389465332
1004,633.956054688
1005,712.624206543
1006,708.535827637
1007,707.597229004
1008,662.486328125
1009,720.476501465
1010,715.852050781
1011,747.276550293
1012,631.624450684
1013,730.109191895
1014,690.662475586
1015,682.440368652
1016,652.514831543
1017,704.544555664
1018,697.523376465
1019,708.183959961
1020,637.652404785
1021,678.810119629
1022,741.322692871
1023,606.807128906
1024,685.453857422
1025,652.462402344
1026,707.887329102
1027,640.82598877
1028,657.55859375
1029,680.785522461
1030,728.493164062
1031,683.835632324
1032,714.521789551
1033,722.726135254
1034,679.522705078
1035,613.060852051
1036,751.402526855
1037,718.178222656
1038,767.467590332
1039,696.75604248
1040,671.972473145
1041,685.032043457
1042,746.304382324
1043,629.987182617
1044,694.152954102
1045,658.639709473
1046,717.344360352
1047,680.727050781
1048,685.740783691
1049,653.570800781
1050,649.790161133
1051,685.121398926
1052,683.367858887
1053,593.154907227
1054,666.999816895
1055,636.688354492
1056,704.40447998
1057,650.404602051
1058,652.992980957
1059,691.774475098
1060,670.864196777
1061,742.863098145
1062,635.155456543
1063,683.830627441
1064,698.678039551
1065,657.356262207
1066,743.211242676
1067,678.997680664
1068,700.449462891
1069,653.087402344
1070,646.806884766
1071,679.935058594
1072,708.517211914
1073,720.253845215
1074,684.251586914
1075,679.742431641
1076,725.549194336
1077,655.033203125
1078,667.429443359
1079,643.830566406
1080,719.568237305
1081,734.266052246
1082,659.755371094
1083,700.129211426
1084,733.339782715
1085,639.349609375
1086,655.097045898
1087,663.591064453
1088,742.806884766
1089,719.372375488
1090,692.597961426
1091,701.332885742
1092,713.360595703
1093,713.050354004
1094,629.498657227
1095,692.461669922
1096,709.387451172
1097,710.889160156
1098,637.167724609
1099,722.274108887
1100,690.56854248
1101,650.051574707
1102,621.760620117
1103,644.193603516
1104,651.89453125
1105,668.074584961
1106,638.422241211
1107,715.04888916
1108,637.108642578
1109,673.482299805
1110,727.608215332
1111,677.275878906
1112,638.153564453
1113,640.791015625
1114,671.417114258
1115,654.230834961
1116,722.718811035
1117,674.492858887
1118,665.278686523
1119,687.34362793
1120,645.753417969
1121,613.434387207
1122,595.434020996
1123,689.40423584
1124,680.165466309
1125,672.97833252
1126,692.219543457
1127,630.755065918
1128,648.57220459
1129,633.99786377
1130,670.976501465
1131,584.853759766
1132,608.610412598
1133,598.569763184
1134,617.391113281
1135,654.550415039
1136,625.640319824
1137,647.697570801
1138,640.294311523
1139,704.563110352
1140,584.511108398
1141,668.638305664
1142,678.433654785
1143,666.907653809
1144,618.225036621
1145,677.664123535
1146,608.977661133
1147,676.964782715
1148,654.309875488
1149,664.673095703
1150,611.396789551
1151,723.296630859
1152,590.484436035
1153,623.046875
1154,627.086303711
1155,709.986694336
1156,668.750305176
1157,651.784057617
1158,639.556152344
1159,738.550415039
1160,640.132324219
1161,669.488525391
1162,646.604187012
1163,675.1328125
1164,651.633056641
1165,681.66204834
1166,615.983520508
1167,696.712646484
1168,625.422851562
1169,626.571166992
1170,638.163330078
1171,640.244873047
1172,614.899597168
1173,632.989257812
1174,683.335144043
1175,621.471557617
1176,676.218444824
1177,674.86340332
1178,701.477539062
1179,666.15234375
1180,649.949462891
1181,627.948303223
1182,666.758056641
1183,660.889892578
1184,658.165527344
1185,655.741271973
1186,657.953857422
1187,627.946044922
1188,627.638916016
1189,633.268676758
1190,674.945678711
1191,670.899780273
1192,680.378662109
1193,573.960449219
1194,627.96282959
1195,726.078063965
1196,675.209777832
1197,674.364746094
1198,662.365783691
1199,679.785522461
1200,650.116882324
1201,678.440551758
1202,632.53338623
1203,640.764343262
1204,608.550842285
1205,587.088500977
1206,653.300048828
1207,665.757873535
1208,658.903991699
1209,647.217102051
1210,667.196289062
1211,631.756591797
1212,640.580627441
1213,655.597229004
1214,634.680358887
1215,640.227722168
1216,698.006652832
1217,669.479736328
1218,644.131408691
1219,644.090942383
1220,594.895446777
1221,626.54864502
1222,646.505004883
1223,655.841125488
1224,660.437561035
1225,600.609008789
1226,679.759887695
1227,655.55090332
1228,622.0859375
1229,704.450012207
1230,616.140258789
1231,641.322631836
1232,626.392822266
1233,631.892578125
1234,636.611816406
1235,696.239685059
1236,746.166442871
1237,638.808044434
1238,652.876037598
1239,636.255187988
1240,586.306518555
1241,605.097473145
1242,684.364807129
1243,663.140808105
1244,668.938903809
1245,622.151000977
1246,620.56451416
1247,647.731018066
1248,645.775939941
1249,649.541503906
1250,605.462524414
1251,618.828125
1252,635.702514648
1253,586.780395508
1254,690.37890625
1255,669.935058594
1256,634.008789062
1257,594.220703125
1258,707.118469238
1259,598.516113281
1260,589.598144531
1261,609.033081055
1262,654.031921387
1263,605.638000488
1264,696.035400391
1265,639.394470215
1266,634.067016602
1267,660.558044434
1268,656.423156738
1269,641.279968262
1270,692.396484375
1271,616.926025391
1272,592.617919922
1273,630.328125
1274,649.583984375
1275,624.078491211
1276,588.106506348
1277,581.564147949
1278,630.997619629
1279,624.05682373
1280,592.703613281
1281,600.402893066
1282,618.589355469
1283,611.627807617
1284,578.133483887
1285,659.755310059
1286,642.148376465
1287,621.395568848
1288,611.071899414
1289,643.347290039
1290,652.671875
1291,625.960021973
1292,565.706054688
1293,611.394836426
1294,587.219238281
1295,635.997009277
1296,617.482666016
1297,581.093322754
1298,663.92779541
1299,638.370117188
1300,633.923278809
1301,660.349182129
1302,617.304931641
1303,673.311279297
1304,624.165344238
1305,571.025085449
1306,591.422546387
1307,614.028076172
1308,624.722351074
1309,636.963012695
1310,632.845458984
1311,580.051086426
1312,636.489440918
1313,629.987304688
1314,641.354919434
1315,601.184692383
1316,579.528808594
1317,607.514099121
1318,632.247924805
1319,567.265991211
1320,572.900085449
1321,600.190979004
1322,569.949707031
1323,581.146240234
1324,623.701416016
1325,684.048217773
1326,592.174316406
1327,669.021118164
1328,658.605957031
1329,591.776794434
1330,584.438537598
1331,606.50793457
1332,612.377319336
1333,637.391052246
1334,601.489624023
1335,654.050048828
1336,570.563964844
1337,660.954162598
1338,672.155761719
1339,611.239990234
1340,601.307373047
1341,637.849731445
1342,651.400695801
1343,623.584838867
1344,601.754150391
1345,633.014648438
1346,586.981323242
1347,609.024597168
1348,569.710571289
1349,664.704772949
1350,601.532958984
1351,711.002075195
1352,540.924987793
1353,574.84576416
1354,635.544494629
1355,551.657104492
1356,601.195678711
1357,580.300415039
1358,682.326965332
1359,621.560974121
1360,645.558654785
1361,663.649719238
1362,618.98614502
1363,599.825317383
1364,607.974975586
1365,662.551574707
1366,606.851745605
1367,531.248779297
1368,620.645446777
1369,655.281921387
1370,609.082397461
1371,579.666992188
1372,633.320129395
1373,630.210205078
1374,638.589904785
1375,605.366271973
1376,626.365112305
1377,596.738891602
1378,639.68951416
1379,632.356140137
1380,599.481506348
1381,596.690124512
1382,625.58795166
1383,625.45501709
1384,605.546813965
1385,611.429748535
1386,613.052429199
1387,605.492004395
1388,596.09576416
1389,594.978759766
1390,588.500488281
1391,636.271850586
1392,616.569458008
1393,599.542419434
1394,666.108093262
1395,630.919494629
1396,666.702270508
1397,564.563354492
1398,626.500854492
1399,706.814331055
1400,639.062072754
1401,603.522766113
1402,591.069152832
1403,569.258544922
1404,669.223571777
1405,623.092834473
1406,603.316589355
1407,647.967468262
1408,600.936340332
1409,585.157104492
1410,647.196411133
1411,679.438659668
1412,648.557373047
1413,647.261535645
1414,607.843139648
1415,608.600341797
1416,605.372619629
1417,635.53515625
1418,632.905883789
1419,649.70300293
1420,596.143432617
1421,598.03515625
1422,610.042541504
1423,620.832580566
1424,581.995849609
1425,538.929748535
1426,650.189025879
1427,589.714294434
1428,633.663269043
1429,639.095153809
1430,646.146057129
1431,552.649353027
1432,620.217651367
1433,589.684875488
1434,612.28527832
1435,658.104675293
1436,607.227172852
1437,610.015808105
1438,631.154785156
1439,615.422912598
1440,635.494750977
1441,614.461547852
1442,611.02947998
1443,620.102722168
1444,598.16986084
1445,648.273620605
1446,572.473205566
1447,647.610412598
1448,564.923034668
1449,614.335205078
1450,703.40637207
1451,555.07409668
1452,611.73260498
1453,704.049743652
1454,648.986694336
1455,659.686645508
1456,624.564208984
1457,649.072143555
1458,591.168151855
1459,615.631408691
1460,615.079284668
1461,587.698913574
1462,640.208984375
1463,602.643798828
1464,598.794189453
1465,619.753723145
1466,632.564208984
1467,581.244628906
1468,634.184082031
1469,623.417724609
1470,586.789428711
1471,622.112365723
1472,612.291442871
1473,639.790893555
1474,635.664916992
1475,556.342224121
1476,634.425354004
1477,644.932006836
1478,653.863525391
1479,567.087524414
1480,564.401672363
1481,590.756835938
1482,621.223022461
1483,612.890991211
1484,591.3671875
1485,563.270507812
1486,598.415588379
1487,613.106872559
1488,598.365661621
1489,571.479431152
1490,545.554870605
1491,561.739929199
1492,669.905456543
1493,596.268249512
1494,677.236938477
1495,603.882507324
1496,574.935119629
1497,565.957519531
1498,567.114685059
1499,635.110961914
1500,568.012634277
1501,590.513244629
1502,591.796691895
1503,604.694519043
1504,621.735656738
1505,665.104370117
1506,566.000244141
1507,626.380065918
1508,595.183044434
1509,653.585083008
1510,615.164489746
1511,597.450256348
1512,595.251281738
1513,568.07434082
1514,559.048156738
1515,592.29864502
1516,549.209655762
1517,642.501037598
1518,594.56628418
1519,598.318481445
1520,597.108398438
1521,596.883666992
1522,634.091308594
1523,630.57800293
1524,579.803344727
1525,611.868835449
1526,581.557006836
1527,622.131958008
1528,648.976623535
1529,642.01385498
1530,628.571228027
1531,539.098754883
1532,533.53302002
1533,651.532958984
1534,575.683959961
1535,637.039672852
1536,589.289245605
1537,620.125793457
1538,599.013977051
1539,675.97454834
1540,637.344116211
1541,609.140136719
1542,605.798950195
1543,571.622436523
1544,664.464477539
1545,619.949951172
1546,588.279663086
1547,583.353027344
1548,665.333496094
1549,564.866149902
1550,572.2109375
1551,545.716918945
1552,547.17956543
1553,590.43536377
1554,592.992797852
1555,612.903198242
1556,660.13684082
1557,595.544189453
1558,608.485839844
1559,558.332641602
1560,568.760375977
1561,591.811523438
1562,572.702209473
1563,620.187438965
1564,583.143371582
1565,604.927612305
1566,545.770324707
1567,577.033630371
1568,568.478881836
1569,588.971801758
1570,573.293762207
1571,534.378051758
1572,625.004211426
1573,572.029663086
1574,648.953979492
1575,615.057189941
1576,623.307373047
1577,602.550354004
1578,565.893127441
1579,579.782653809
1580,593.492919922
1581,568.177978516
1582,583.504272461
1583,617.407531738
1584,613.325073242
1585,607.793945312
1586,628.764343262
1587,633.964599609
1588,588.822631836
1589,595.851745605
1590,577.655395508
1591,554.597961426
1592,599.024414062
1593,513.866149902
1594,592.073791504
1595,573.997619629
1596,566.112976074
1597,535.886657715
1598,612.34967041
1599,597.07220459
1600,594.937561035
1601,592.455505371
1602,592.770996094
1603,635.420349121
1604,620.65246582
1605,613.893127441
1606,630.89642334
1607,562.911560059
1608,636.065612793
1609,612.492553711
1610,589.644592285
1611,553.002380371
1612,593.33203125
1613,600.777282715
1614,618.078552246
1615,532.28326416
1616,564.53918457
1617,575.481872559
1618,587.270751953
1619,591.093261719
1620,637.193969727
1621,576.074890137
1622,633.903503418
1623,634.437438965
1624,520.888549805
1625,563.205871582
1626,587.393127441
1627,597.544128418
1628,542.567565918
1629,591.432189941
1630,594.443359375
1631,614.347106934
1632,556.471923828
1633,547.506896973
1634,580.627990723
1635,568.556030273
1636,569.430541992
1637,529.481384277
1638,550.610473633
1639,587.011779785
1640,543.264465332
1641,551.433776855
1642,531.956298828
1643,544.605834961
1644,605.3046875
1645,565.333129883
1646,635.037719727
1647,602.146789551
1648,515.270019531
1649,588.933837891
1650,587.576843262
1651,553.00793457
1652,596.381408691
1653,585.504882812
1654,580.695129395
1655,594.587341309
1656,511.264678955
1657,586.453979492
1658,546.620605469
1659,544.975280762
1660,566.99230957
1661,571.028686523
1662,611.666381836
1663,525.748535156
1664,577.315246582
1665,578.364074707
1666,548.252258301
1667,639.601257324
1668,614.547729492
1669,578.26965332
1670,587.811889648
1671,607.308837891
1672,581.647460938
1673,622.68145752
1674,575.952087402
1675,620.780456543
1676,574.994750977
1677,568.269592285
1678,563.792663574
1679,582.850097656
1680,558.004760742
1681,555.948608398
1682,558.361083984
1683,582.398071289
1684,600.418884277
1685,565.435546875
1686,628.737426758
1687,606.181518555
1688,599.448425293
1689,581.939758301
1690,597.691833496
1691,594.217773438
1692,610.71484375
1693,548.253173828
1694,576.59375
1695,556.227050781
1696,532.345092773
1697,600.301147461
1698,558.674133301
1699,615.535400391
1700,577.241210938
1701,526.059753418
1702,519.607788086
1703,633.47644043
1704,556.135681152
1705,553.22869873
1706,528.360046387
1707,613.990966797
1708,558.152526855
1709,558.407836914
1710,566.847045898
1711,585.992675781
1712,541.13671875
1713,540.878540039
1714,653.616882324
1715,600.911376953
1716,595.014404297
1717,604.998168945
1718,539.751281738
1719,574.988464355
1720,557.110656738
1721,608.905883789
1722,619.904052734
1723,567.770812988
1724,556.181640625
1725,561.543640137
1726,540.24206543
1727,582.78918457
1728,541.591430664
1729,653.664001465
1730,599.170043945
1731,598.932800293
1732,563.253051758
1733,592.420776367
1734,604.62890625
1735,550.657958984
1736,566.582946777
1737,580.075256348
1738,607.424377441
1739,599.90020752
1740,573.305053711
1741,576.213745117
1742,560.101806641
1743,541.345581055
1744,647.916625977
1745,567.139160156
1746,524.410644531
1747,554.654418945
1748,590.144836426
1749,590.681640625
1750,589.56237793
1751,589.368347168
1752,529.502807617
1753,542.021362305
1754,538.180786133
1755,546.292480469
1756,563.719909668
1757,549.826049805
1758,616.53326416
1759,593.268615723
1760,578.689331055
1761,597.20690918
1762,574.01953125
1763,629.431335449
1764,557.456115723
1765,551.11151123
1766,561.951782227
1767,650.348327637
1768,551.232543945
1769,587.180969238
1770,587.597961426
1771,555.583984375
1772,572.328613281
1773,553.731750488
1774,556.738952637
1775,575.659912109
1776,563.927978516
1777,569.067016602
1778,586.832214355
1779,571.389709473
1780,572.879272461
1781,583.837219238
1782,593.015563965
1783,548.50592041
1784,549.195861816
1785,551.195678711
1786,613.630371094
1787,605.657897949
1788,555.927001953
1789,525.266357422
1790,554.425354004
1791,536.895385742
1792,608.456787109
1793,565.046813965
1794,548.216064453
1795,546.857299805
1796,525.067382812
1797,603.307373047
1798,554.795776367
1799,567.727416992
1800,637.183166504
1801,546.820556641
1802,525.990234375
1803,512.21697998
1804,564.3515625
1805,552.571777344
1806,579.938964844
1807,619.014221191
1808,565.482543945
1809,592.034240723
1810,561.36932373
1811,562.709899902
1812,594.23638916
1813,542.736755371
1814,548.831359863
1815,549.850158691
1816,561.075317383
1817,558.754089355
1818,624.712463379
1819,567.845397949
1820,591.660217285
1821,547.188659668
1822,540.407043457
1823,572.792663574
1824,554.471496582
1825,547.59942627
1826,582.965515137
1827,558.662780762
1828,527.927368164
1829,555.874694824
1830,562.229064941
1831,613.512634277
1832,613.997009277
1833,577.624511719
1834,544.826171875
1835,560.795532227
1836,530.354431152
1837,560.999633789
1838,519.462402344
1839,560.454223633
1840,539.956848145
1841,556.703063965
1842,565.494995117
1843,500.266357422
1844,586.091064453
1845,530.199951172
1846,476.482666016
1847,533.502868652
1848,569.573608398
1849,564.542907715
1850,503.529510498
1851,573.836120605
1852,622.947692871
1853,578.505432129
1854,526.268737793
1855,559.639038086
1856,545.87322998
1857,588.36895752
1858,496.596893311
1859,548.523376465
1860,583.25177002
1861,556.302185059
1862,590.557922363
1863,569.539978027
1864,530.348205566
1865,569.770751953
1866,512.089355469
1867,501.238098145
1868,577.808166504
1869,603.167907715
1870,568.841003418
1871,574.938781738
1872,538.589294434
1873,546.366333008
1874,500.516021729
1875,571.870849609
1876,597.687988281
1877,556.123535156
1878,546.064025879
1879,544.658569336
1880,559.648132324
1881,555.359436035
1882,581.866821289
1883,571.237365723
1884,558.274841309
1885,598.518859863
1886,565.57220459
1887,534.53503418
1888,550.148254395
1889,582.040161133
1890,571.019714355
1891,584.148254395
1892,539.528320312
1893,603.465515137
1894,629.714050293
1895,619.291992188
1896,612.407043457
1897,641.568603516
1898,570.870727539
1899,572.288024902
1900,560.098144531
1901,580.315063477
1902,613.802978516
1903,600.18157959
1904,557.359313965
1905,535.664916992
1906,515.585205078
1907,618.609680176
1908,578.572753906
1909,537.760925293
1910,551.827697754
1911,591.842163086
1912,535.399414062
1913,499.428344727
1914,563.032409668
1915,561.33581543
1916,545.061950684
1917,539.756835938
1918,495.570678711
1919,546.040710449
1920,543.856384277
1921,555.26348877
1922,542.528259277
1923,578.12701416
1924,576.771606445
1925,518.467651367
1926,538.771057129
1927,549.323364258
1928,513.098388672
1929,514.743713379
1930,497.318389893
1931,551.631286621
1932,494.08795166
1933,521.070800781
1934,545.059326172
1935,535.105957031
1936,535.438232422
1937,532.206787109
1938,589.036071777
1939,492.306762695
1940,538.690612793
1941,582.523864746
1942,543.741333008
1943,578.962463379
1944,542.691711426
1945,561.511169434
1946,514.888549805
1947,576.428771973
1948,563.079711914
1949,556.422790527
1950,554.607421875
1951,591.275878906
1952,572.630859375
1953,554.525390625
1954,545.929199219
1955,482.694458008
1956,562.341674805
1957,562.059631348
1958,558.062805176
1959,481.643585205
1960,584.398071289
1961,557.548217773
1962,542.452880859
1963,527.161865234
1964,508.223449707
1965,488.078765869
1966,582.411804199
1967,563.968017578
1968,590.528991699
1969,560.888427734
1970,583.155639648
1971,521.751037598
1972,516.268371582
1973,589.390380859
1974,566.018920898
1975,556.576721191
1976,549.323547363
1977,543.43560791
1978,558.235290527
1979,545.024841309
1980,551.604675293
1981,526.575927734
1982,581.381164551
1983,530.899108887
1984,579.87902832
1985,558.266784668
1986,525.084594727
1987,538.555969238
1988,521.517150879
1989,531.15625
1990,517.415588379
1991,518.928466797
1992,459.249511719
1993,572.256958008
1994,592.017944336
1995,554.250610352
1996,560.462524414
1997,484.698272705
1998,548.708068848
1999,553.391296387
2000,599.108764648
2001,509.206542969
2002,553.989135742
2003,540.560180664
2004,538.655761719
2005,525.719665527
2006,553.12689209
2007,557.168395996
2008,528.196472168
2009,489.114898682
2010,557.312805176
2011,549.820739746
2012,524.143493652
2013,560.797424316
2014,551.641784668
2015,527.042419434
2016,595.728637695
2017,531.283996582
2018,493.467193604
2019,577.297424316
2020,560.569702148
2021,565.97668457
2022,596.597595215
2023,544.592224121
2024,548.077392578
2025,547.734558105
2026,561.088195801
2027,528.613769531
2028,550.363220215
2029,538.236694336
2030,529.001098633
2031,515.587890625
2032,573.664978027
2033,573.320007324
2034,554.053894043
2035,531.375549316
2036,549.407165527
2037,562.70135498
2038,588.678222656
2039,497.503112793
2040,515.594482422
2041,482.486053467
2042,532.634155273
2043,568.545654297
2044,563.748718262
2045,492.240875244
2046,517.318786621
2047,597.575134277
2048,530.470947266
2049,520.067504883
2050,582.120544434
2051,541.776184082
2052,523.078735352
2053,480.688903809
2054,553.121704102
2055,548.984619141
2056,522.275024414
2057,574.041870117
2058,553.910644531
2059,495.274688721
2060,535.06854248
2061,519.106018066
2062,529.570129395
2063,509.6171875
2064,532.269592285
2065,523.708862305
2066,534.090637207
2067,570.199035645
2068,522.589294434
2069,540.057434082
2070,506.882659912
2071,500.456359863
2072,522.325439453
2073,532.65032959
2074,521.933776855
2075,560.035949707
2076,525.323791504
2077,559.078552246
2078,535.570739746
2079,556.760681152
2080,569.558898926
2081,559.351013184
2082,513.577636719
2083,512.078979492
2084,532.741271973
2085,571.237609863
2086,531.889709473
2087,533.654418945
2088,528.719421387
2089,556.054382324
2090,515.529968262
2091,542.645446777
2092,594.685546875
2093,545.532348633
2094,473.499694824
2095,602.521057129
2096,516.79107666
2097,583.945983887
2098,574.928527832
2099,524.136291504
2100,540.763122559
2101,593.959716797
2102,469.2734375
2103,502.706176758
2104,596.165405273
2105,467.530883789
2106,514.356384277
2107,541.779602051
2108,543.795166016
2109,515.496398926
2110,558.326171875
2111,533.050598145
2112,522.030700684
2113,540.191101074
2114,538.178039551
2115,535.761657715
2116,527.148254395
2117,554.106079102
2118,503.661071777
2119,528.896911621
2120,491.582641602
2121,593.112243652
2122,562.586975098
2123,493.764160156
2124,511.631896973
2125,527.438903809
2126,503.099304199
2127,496.512115479
2128,507.944671631
2129,552.090515137
2130,551.116333008
2131,523.956298828
2132,617.263183594
2133,477.664611816
2134,479.78338623
2135,541.691101074
2136,545.156677246
2137,497.278015137
2138,502.222015381
2139,508.205627441
2140,526.831481934
2141,532.208496094
2142,505.714630127
2143,481.709777832
2144,534.715270996
2145,561.512695312
2146,587.474121094
2147,540.873046875
2148,528.859680176
2149,548.43359375
2150,542.157836914
2151,524.972412109
2152,552.916381836
2153,533.574462891
2154,541.481689453
2155,580.786865234
2156,573.281555176
2157,524.478515625
2158,526.902709961
2159,543.358703613
2160,549.285095215
2161,586.834655762
2162,556.260070801
2163,603.621704102
2164,521.379577637
2165,539.075012207
2166,506.872894287
2167,513.782287598
2168,534.513061523
2169,571.449401855
2170,523.828979492
2171,525.226013184
2172,530.09552002
2173,560.817382812
2174,548.881103516
2175,564.800231934
2176,533.122375488
2177,520.848632812
2178,546.227111816
2179,519.694580078
2180,557.676513672
2181,529.874938965
2182,562.828735352
2183,514.196228027
2184,443.596832275
2185,491.694335938
2186,528.240112305
2187,528.760131836
2188,493.342468262
2189,514.204528809
2190,526.147949219
2191,486.71484375
2192,525.677124023
2193,511.089691162
2194,519.996765137
2195,521.243225098
2196,521.144836426
2197,516.575073242
2198,508.066162109
2199,510.963500977
2200,497.53616333
2201,547.047424316
2202,508.719696045
2203,529.704467773
2204,601.333312988
2205,477.160858154
2206,550.198547363
2207,492.808624268
2208,530.908508301
2209,558.643188477
2210,511.646331787
2211,515.317382812
2212,480.897766113
2213,556.379272461
2214,505.330749512
2215,513.622009277
2216,546.279785156
2217,549.692077637
2218,530.230773926
2219,559.345397949
2220,529.674072266
2221,507.583251953
2222,499.6902771
2223,504.671112061
2224,509.022033691
2225,488.101776123
2226,529.812561035
2227,594.02923584
2228,531.50579834
2229,541.401855469
2230,526.458435059
2231,512.103942871
2232,569.399719238
2233,504.307495117
2234,519.969421387
2235,509.305358887
2236,496.642578125
2237,578.204833984
2238,534.84387207
2239,536.95123291
2240,494.803588867
2241,545.102600098
2242,486.302581787
2243,560.035339355
2244,544.357116699
2245,515.425720215
2246,498.391693115
2247,520.809814453
2248,465.26776123
2249,552.72253418
2250,520.411987305
2251,529.66607666
2252,546.061828613
2253,525.79888916
2254,521.995544434
2255,519.685241699
2256,542.685180664
2257,547.061096191
2258,538.651306152
2259,485.311523438
2260,477.992279053
2261,520.578430176
2262,501.17175293
2263,495.747497559
2264,538.706298828
2265,496.687438965
2266,524.284057617
2267,513.528259277
2268,485.829193115
2269,546.209472656
2270,479.893585205
2271,485.456359863
2272,513.34161377
2273,500.613494873
2274,486.380859375
2275,518.26550293
2276,519.531738281
2277,542.663452148
2278,526.121398926
2279,511.396331787
2280,484.94329834
2281,542.910095215
2282,467.056304932
2283,472.185821533
2284,530.31060791
2285,509.661621094
2286,514.450805664
2287,488.109466553
2288,464.742034912
2289,505.519836426
2290,532.307250977
2291,506.474487305
2292,533.687438965
2293,511.721679688
2294,594.378356934
2295,462.1065979
2296,511.583282471
2297,519.918945312
2298,463.775665283
2299,493.79083252
2300,539.572509766
2301,523.761291504
2302,510.611602783
2303,495.717041016
2304,489.548675537
2305,471.406311035
2306,545.01751709
2307,504.069152832
2308,525.271240234
2309,543.327697754
2310,479.279388428
2311,553.06817627
2312,493.381286621
2313,498.972808838
2314,563.672668457
2315,539.352355957
2316,517.047302246
2317,547.188293457
2318,492.461517334
2319,511.652618408
2320,514.488586426
2321,506.89855957
2322,533.333435059
2323,538.007263184
2324,477.554656982
2325,502.286254883
2326,494.203033447
2327,508.912811279
2328,528.754211426
2329,485.495574951
2330,503.528808594
2331,533.117980957
2332,478.450683594
2333,519.912536621
2334,570.119934082
2335,555.432128906
2336,537.505249023
2337,509.447906494
2338,563.343688965
2339,493.011962891
2340,539.304077148
2341,506.756103516
2342,514.309326172
2343,581.906005859
2344,514.174743652
2345,511.429504395
2346,528.299133301
2347,493.084136963
2348,550.358764648
2349,438.214172363
2350,557.543334961
2351,518.746887207
2352,506.600891113
2353,469.703491211
2354,485.139953613
2355,482.771118164
2356,534.30255127
2357,566.30267334
2358,494.778961182
2359,499.4894104
2360,557.928649902
2361,531.091186523
2362,523.299072266
2363,514.967956543
2364,455.191223145
2365,526.619567871
2366,467.951049805
2367,506.501220703
2368,519.058898926
2369,570.500671387
2370,501.773223877
2371,500.259613037
2372,589.56060791
2373,479.081604004
2374,511.405273438
2375,481.743652344
2376,508.249023438
2377,521.769165039
2378,520.944885254
2379,551.316589355
2380,518.608886719
2381,524.051635742
2382,550.067382812
2383,519.782836914
2384,482.29876709
2385,522.737854004
2386,557.320800781
2387,545.964050293
2388,542.399230957
2389,517.001098633
2390,514.394348145
2391,535.077636719
2392,525.218566895
2393,488.761779785
2394,514.981628418
2395,530.602905273
2396,505.93548584
2397,543.638183594
2398,441.343017578
2399,501.894683838
2400,559.901855469
2401,554.103881836
2402,513.763061523
2403,571.123779297
2404,554.145019531
2405,529.016967773
2406,501.084014893
2407,556.64642334
2408,457.012756348
2409,527.056091309
2410,539.148864746
2411,458.931640625
2412,555.259521484
2413,500.989929199
2414,503.391448975
2415,467.262451172
2416,464.742004395
2417,467.32623291
2418,512.42401123
2419,519.889465332
2420,591.239196777
2421,544.659667969
2422,518.179748535
2423,495.666931152
2424,497.418548584
2425,523.69720459
2426,496.209533691
2427,512.80871582
2428,512.143066406
2429,529.884399414
2430,506.25112915
2431,476.428894043
2432,508.100524902
2433,511.0546875
2434,501.661773682
2435,496.112640381
2436,498.761871338
2437,468.318115234
2438,508.447296143
2439,496.057891846
2440,559.438537598
2441,555.277954102
2442,496.646514893
2443,489.624389648
2444,502.368377686
2445,441.384857178
2446,483.158508301
2447,539.400085449
2448,546.212585449
2449,476.383514404
2450,457.203887939
2451,485.990112305
2452,526.62286377
2453,510.04864502
2454,481.276702881
2455,541.268676758
2456,456.574707031
2457,503.584777832
2458,500.250518799
2459,542.097106934
2460,578.319274902
2461,478.857116699
2462,524.668579102
2463,503.198394775
2464,495.231384277
2465,512.161254883
2466,471.200469971
2467,487.938018799
2468,485.612640381
2469,523.730957031
2470,487.41897583
2471,510.654937744
2472,474.858886719
2473,541.500061035
2474,472.104278564
2475,495.8387146
2476,534.867675781
2477,467.375061035
2478,494.303436279
2479,498.676544189
2480,520.540527344
2481,474.601837158
2482,538.878173828
2483,483.80065918
2484,452.020294189
2485,501.267486572
2486,469.466705322
2487,468.00970459
2488,479.515350342
2489,517.461242676
2490,480.179840088
2491,500.667480469
2492,511.685455322
2493,496.34173584
2494,489.876464844
2495,518.624694824
2496,490.735839844
2497,483.483917236
2498,491.376861572
2499,518.168579102
2500,529.661254883
2501,520.816833496
2502,478.921264648
2503,490.52053833
2504,513.444702148
2505,524.206787109
2506,493.707672119
2507,520.031616211
2508,484.414154053
2509,509.900543213
2510,464.317138672
2511,473.688171387
2512,493.143615723
2513,476.277618408
2514,457.980651855
2515,505.074829102
2516,524.785949707
2517,517.934020996
2518,471.29296875
2519,477.033721924
2520,495.992370605
2521,494.192199707
2522,472.540344238
2523,520.837890625
2524,532.812072754
2525,518.143981934
2526,494.744995117
2527,481.086303711
2528,534.114074707
2529,526.149658203
2530,468.85244751
2531,507.471282959
2532,512.547485352
2533,520.977416992
2534,518.722412109
2535,443.254333496
2536,517.35760498
2537,511.462249756
2538,541.655578613
2539,501.309753418
2540,496.456542969
2541,499.871398926
2542,443.968933105
2543,469.678649902
2544,478.636047363
2545,454.542816162
2546,487.064819336
2547,439.265686035
2548,492.584686279
2549,530.94152832
2550,435.813659668
2551,479.113311768
2552,528.855224609
2553,526.858215332
2554,528.678955078
2555,499.870819092
2556,504.31854248
2557,506.705413818
2558,506.710449219
2559,487.21105957
2560,518.912536621
2561,470.45993042
2562,503.721466064
2563,480.980285645
2564,511.21685791
2565,531.908081055
2566,526.070739746
2567,469.445098877
2568,477.533843994
2569,473.573059082
2570,483.066467285
2571,453.910461426
2572,469.43951416
2573,477.532897949
2574,470.153900146
2575,467.00769043
2576,510.301635742
2577,543.799621582
2578,489.439361572
2579,480.723175049
2580,540.237060547
2581,483.088684082
2582,479.361907959
2583,491.088562012
2584,544.516235352
2585,437.555450439
2586,508.470581055
2587,488.29574585
2588,409.341247559
2589,472.705688477
2590,530.931762695
2591,490.118408203
2592,518.369628906
2593,462.931274414
2594,498.28527832
2595,533.142883301
2596,513.032043457
2597,494.09487915
2598,454.741699219
2599,486.956451416
2600,483.393341064
2601,535.088439941
2602,513.646362305
2603,495.920074463
2604,488.878601074
2605,540.083862305
2606,475.114501953
2607,480.92199707
2608,526.891418457
2609,517.315124512
2610,469.33404541
2611,499.453308105
2612,530.481689453
2613,462.437530518
2614,548.796569824
2615,483.61819458
2616,462.182647705
2617,489.800079346
2618,469.032409668
2619,457.238647461
2620,477.571685791
2621,499.852600098
2622,500.934631348
2623,448.950622559
2624,499.794036865
2625,433.709503174
2626,522.342529297
2627,519.737548828
2628,507.591369629
2629,492.167633057
2630,497.897613525
2631,462.16986084
2632,496.110076904
2633,480.243469238
2634,501.198608398
2635,468.123657227
2636,462.977203369
2637,491.241210938
2638,462.678649902
2639,471.701324463
2640,483.338165283
2641,481.901489258
2642,502.614746094
2643,481.467315674
2644,473.972015381
2645,511.063354492
2646,450.015869141
2647,534.430847168
2648,471.575286865
2649,461.44418335
2650,490.553222656
2651,485.023681641
2652,514.243591309
2653,485.352966309
2654,471.250732422
2655,483.068481445
2656,453.491973877
2657,475.546203613
2658,508.543579102
2659,529.576416016
2660,470.109619141
2661,490.855560303
2662,484.009368896
2663,466.868835449
2664,510.552459717
2665,482.178497314
2666,513.39465332
2667,477.660430908
2668,503.339263916
2669,489.69039917
2670,500.650970459
2671,491.547515869
2672,471.945983887
2673,471.698577881
2674,459.010345459
2675,464.651672363
2676,507.223876953
2677,514.784362793
2678,546.985778809
2679,508.984619141
2680,445.401092529
2681,495.796173096
2682,489.175262451
2683,513.007995605
2684,498.332061768
2685,476.132598877
2686,508.791748047
2687,519.793884277
2688,513.358032227
2689,516.62097168
2690,494.936584473
2691,534.656677246
2692,511.546936035
2693,495.939758301
2694,467.949768066
2695,444.83807373
2696,450.204467773
2697,525.184692383
2698,471.889404297
2699,424.870941162
2700,510.07611084
2701,464.8800354
2702,508.100646973
2703,511.129272461
2704,491.171783447
2705,488.073913574
2706,479.169433594
2707,493.89956665
2708,537.054077148
2709,482.798919678
2710,562.624633789
2711,494.21395874
2712,496.380706787
2713,476.620666504
2714,468.660461426
2715,501.15234375
2716,501.638763428
2717,469.84463501
2718,442.768951416
2719,547.192749023
2720,462.770324707
2721,480.718688965
2722,462.222717285
2723,483.685333252
2724,458.03414917
2725,500.353912354
2726,486.742248535
2727,472.13381958
2728,488.89465332
2729,416.082763672
2730,499.7394104
2731,463.486541748
2732,451.807312012
2733,450.617980957
2734,498.46496582
2735,528.756652832
2736,460.8671875
2737,485.607452393
2738,472.010406494
2739,467.640777588
2740,481.066925049
2741,485.511505127
2742,477.358276367
2743,491.192077637
2744,476.168945312
2745,452.597686768
2746,432.268981934
2747,473.236907959
2748,484.408081055
2749,450.66293335
2750,480.194213867
2751,427.387023926
2752,492.519897461
2753,466.051849365
2754,502.469329834
2755,456.1484375
2756,461.025299072
2757,475.870239258
2758,541.20098877
2759,514.491577148
2760,435.990447998
2761,438.373809814
2762,450.198150635
2763,436.738586426
2764,498.562866211
2765,488.094787598
2766,487.250427246
2767,485.849761963
2768,453.003234863
2769,523.816711426
2770,531.386169434
2771,491.39855957
2772,514.139282227
2773,447.690216064
2774,461.263427734
2775,510.714324951
2776,499.129425049
2777,458.690795898
2778,466.870513916
2779,515.604064941
2780,540.019836426
2781,474.471282959
2782,503.797119141
2783,468.080413818
2784,490.665039062
2785,447.362487793
2786,496.239471436
2787,455.101013184
2788,492.754974365
2789,501.050872803
2790,458.559051514
2791,439.176544189
2792,495.297180176
2793,515.42767334
2794,440.724090576
2795,460.243652344
2796,414.086639404
2797,485.044433594
2798,480.129516602
2799,456.625732422
2800,428.870422363
2801,467.711853027
2802,491.969268799
2803,539.814697266
2804,473.520721436
2805,456.620269775
2806,458.131713867
2807,453.816772461
2808,502.603302002
2809,495.82989502
2810,494.899810791
2811,471.617401123
2812,479.766326904
2813,474.518493652
2814,502.685028076
2815,491.35244751
2816,506.572021484
2817,521.459350586
2818,461.512573242
2819,461.407836914
2820,476.995574951
2821,506.063690186
2822,478.13293457
2823,479.420928955
2824,430.814819336
2825,464.734527588
2826,438.613433838
2827,504.993713379
2828,428.730895996
2829,512.93548584
2830,448.503509521
2831,522.444030762
2832,484.8878479
2833,495.551940918
2834,491.487915039
2835,507.049713135
2836,471.353271484
2837,465.880554199
2838,434.001342773
2839,479.078735352
2840,520.760192871
2841,460.566314697
2842,481.476776123
2843,513.107910156
2844,484.962005615
2845,492.472290039
2846,459.159118652
2847,454.979858398
2848,454.008361816
2849,471.956970215
2850,452.997161865
2851,474.297637939
2852,465.01663208
2853,486.824829102
2854,469.626403809
2855,473.814331055
2856,457.90322876
2857,475.612792969
2858,457.464538574
2859,463.771209717
2860,424.014831543
2861,479.715637207
2862,488.2215271
2863,441.430389404
2864,470.288238525
2865,477.879852295
2866,477.193786621
2867,522.237792969
2868,453.473846436
2869,488.632843018
2870,439.867095947
2871,467.34677124
2872,477.69543457
2873,448.47769165
2874,489.287353516
2875,457.972961426
2876,471.909484863
2877,423.997192383
2878,475.366088867
2879,442.536804199
2880,505.034088135
2881,488.539581299
2882,529.106872559
2883,466.261932373
2884,522.597351074
2885,507.686889648
2886,453.968231201
2887,462.348571777
2888,513.249755859
2889,477.403411865
2890,488.019805908
2891,441.55255127
2892,425.585662842
2893,489.424316406
2894,518.670166016
2895,448.559631348
2896,456.784423828
2897,509.591033936
2898,479.211364746
2899,459.763580322
2900,506.599334717
2901,466.809967041
2902,434.751831055
2903,466.865264893
2904,495.784088135
2905,523.616088867
2906,476.891204834
2907,482.258056641
2908,460.983032227
2909,467.775634766
2910,456.658050537
2911,477.600921631
2912,443.300231934
2913,507.696929932
2914,472.095916748
2915,520.127380371
2916,475.007293701
2917,481.213317871
2918,518.343139648
2919,490.903015137
2920,492.895324707
2921,456.760406494
2922,527.721862793
2923,520.17364502
2924,508.804046631
2925,527.987976074
2926,454.900604248
2927,465.091339111
2928,507.564453125
2929,476.29800415
2930,481.616668701
2931,452.40020752
2932,424.130767822
2933,446.526550293
2934,483.304931641
2935,453.851135254
2936,506.432098389
2937,457.99597168
2938,508.522888184
2939,463.788513184
2940,451.328094482
2941,463.641876221
2942,467.800506592
2943,459.913970947
2944,458.250396729
2945,409.168884277
2946,503.18661499
2947,478.359710693
2948,468.079071045
2949,489.246856689
2950,469.910095215
2951,495.092712402
2952,466.552337646
2953,474.376068115
2954,454.455535889
2955,471.774139404
2956,484.28692627
2957,478.454437256
2958,480.734771729
2959,491.997924805
2960,459.740875244
2961,490.169311523
2962,440.167510986
2963,428.00100708
2964,496.225006104
2965,471.653656006
2966,460.560791016
2967,433.735595703
2968,499.46762085
2969,457.893066406
2970,417.270202637
2971,494.987945557
2972,498.439544678
2973,537.124023438
2974,425.649383545
2975,471.228973389
2976,445.549346924
2977,483.317718506
2978,507.143005371
2979,484.679962158
2980,478.700836182
2981,418.697540283
2982,441.850311279
2983,425.606323242
2984,438.164764404
2985,442.819763184
2986,411.522613525
2987,474.84564209
2988,456.933288574
2989,533.942749023
2990,467.555023193
2991,468.45904541
2992,435.569793701
2993,465.094421387
2994,464.840301514
2995,464.791748047
2996,437.289154053
2997,444.76083374
2998,453.749176025
2999,472.74621582
3000,433.99105835
3001,468.918609619
3002,481.754241943
3003,463.677642822
3004,440.990936279
3005,477.336791992
3006,459.108642578
3007,456.32434082
3008,482.263000488
3009,454.250610352
3010,520.581542969
3011,454.741424561
3012,463.40423584
3013,471.321136475
3014,411.005004883
3015,462.387969971
3016,481.373321533
3017,478.708709717
3018,502.727630615
3019,467.674255371
3020,493.843414307
3021,496.891571045
3022,475.736114502
3023,438.709838867
3024,453.640228271
3025,518.950317383
3026,511.203521729
3027,475.764160156
3028,502.103790283
3029,490.527923584
3030,487.492523193
3031,446.293151855
3032,460.380432129
3033,478.453643799
3034,452.893066406
3035,498.907073975
3036,497.973114014
3037,454.22479248
3038,442.910736084
3039,460.719085693
3040,443.167724609
3041,447.55178833
3042,446.430847168
3043,462.840393066
3044,445.11819458
3045,420.845428467
3046,481.765289307
3047,470.459075928
3048,513.483947754
3049,515.299560547
3050,487.664764404
3051,461.31628418
3052,475.836669922
3053,429.162231445
3054,510.149291992
3055,470.576751709
3056,442.520996094
3057,439.316925049
3058,445.827789307
3059,472.043212891
3060,474.367156982
3061,460.47052002
3062,459.116943359
3063,483.994140625
3064,425.459106445
3065,474.036376953
3066,437.728271484
3067,500.643157959
3068,470.057739258
3069,502.795776367
3070,444.780090332
3071,435.203491211
3072,467.224151611
3073,425.72555542
3074,470.356170654
3075,485.1222229
3076,443.170166016
3077,454.99432373
3078,476.690429688
3079,451.343994141
3080,478.722198486
3081,493.603729248
3082,409.750854492
3083,472.188537598
3084,449.08795166
3085,490.216400146
3086,459.635803223
3087,457.605041504
3088,468.017547607
3089,453.829498291
3090,472.596679688
3091,478.442779541
3092,400.581268311
3093,430.577331543
3094,460.156341553
3095,484.743377686
3096,459.060760498
3097,464.864318848
3098,434.00793457
3099,506.515289307
3100,464.319122314
3101,449.267333984
3102,469.285583496
3103,466.540405273
3104,455.677246094
3105,441.217590332
3106,474.817871094
3107,448.455871582
3108,478.160522461
3109,446.481323242
3110,456.396881104
3111,480.960266113
3112,471.331817627
3113,479.825012207
3114,444.775512695
3115,440.576080322
3116,444.076934814
3117,430.260986328
3118,438.798309326
3119,480.768829346
3120,481.594573975
3121,440.396789551
3122,484.261749268
3123,450.86630249
3124,456.801879883
3125,390.265014648
3126,425.975982666
3127,478.132446289
3128,472.877838135
3129,412.885925293
3130,480.360168457
3131,456.801391602
3132,448.542358398
3133,494.518615723
3134,408.537261963
3135,460.200317383
3136,461.852813721
3137,463.856506348
3138,452.661193848
3139,421.262329102
3140,526.936950684
3141,440.646331787
3142,440.398864746
3143,485.38458252
3144,479.613922119
3145,503.249389648
3146,451.438720703
3147,423.888122559
3148,435.52142334
3149,484.032806396
3150,420.320983887
3151,473.547943115
3152,518.306152344
3153,413.565765381
3154,428.920074463
3155,490.093566895
3156,475.467132568
3157,466.201751709
3158,430.754241943
3159,439.706451416
3160,423.864898682
3161,451.59979248
3162,505.361968994
3163,501.223388672
3164,439.583282471
3165,458.799072266
3166,457.273345947
3167,444.68270874
3168,416.208526611
3169,464.934906006
3170,423.306762695
3171,445.999755859
3172,423.079772949
3173,471.197570801
3174,473.200164795
3175,446.821472168
3176,464.183746338
3177,433.324371338
3178,459.640686035
3179,422.143768311
3180,438.128051758
3181,454.109222412
3182,416.817749023
3183,479.240875244
3184,458.114624023
3185,428.008636475
3186,462.140441895
3187,463.848815918
3188,498.238830566
3189,454.551086426
3190,485.034545898
3191,429.378265381
3192,469.705688477
3193,497.287322998
3194,496.272277832
3195,477.682434082
3196,491.974761963
3197,449.367675781
3198,476.966094971
3199,441.587036133
3200,475.805297852
3201,466.254089355
3202,472.868041992
3203,455.031433105
3204,403.341705322
3205,452.104217529
3206,448.966796875
3207,451.739257812
3208,485.199493408
3209,460.194030762
3210,451.971038818
3211,505.373382568
3212,487.921081543
3213,424.630859375
3214,421.657501221
3215,438.999389648
3216,458.384216309
3217,481.892944336
3218,476.822723389
3219,475.754852295
3220,421.369110107
3221,463.640319824
3222,445.927429199
3223,466.620819092
3224,425.798034668
3225,472.516296387
3226,458.634368896
3227,460.168731689
3228,496.878540039
3229,456.098724365
3230,395.148193359
3231,454.936004639
3232,485.986816406
3233,462.238525391
3234,480.630279541
3235,420.163269043
3236,419.577667236
3237,462.256744385
3238,487.13949585
3239,458.094451904
3240,444.735229492
3241,452.203918457
3242,451.469329834
3243,462.870056152
3244,404.576782227
3245,447.51071167
3246,428.285949707
3247,449.174316406
3248,506.433227539
3249,454.210571289
3250,452.647491455
3251,438.27166748
3252,391.991851807
3253,464.592285156
3254,484.200714111
3255,446.845855713
3256,460.774963379
3257,446.030731201
3258,458.916442871
3259,459.651550293
3260,447.169250488
3261,400.172576904
3262,465.624633789
3263,448.282196045
3264,500.652648926
3265,451.595733643
3266,471.937072754
3267,474.337890625
3268,460.954345703
3269,429.412780762
3270,481.575714111
3271,411.13458252
3272,435.878814697
3273,452.339172363
3274,432.360656738
3275,451.421691895
3276,456.878479004
3277,466.585083008
3278,455.451385498
3279,413.079742432
3280,452.037231445
3281,425.058258057
3282,436.990081787
3283,456.092102051
3284,449.47543335
3285,447.749267578
3286,411.339538574
3287,455.438049316
3288,397.958374023
3289,442.778320312
3290,438.389343262
3291,455.114440918
3292,475.949371338
3293,444.680358887
3294,447.793212891
3295,456.376464844
3296,427.370117188
3297,519.7265625
3298,463.330688477
3299,459.543945312
3300,472.836334229
3301,430.883056641
3302,424.439300537
3303,470.625854492
3304,486.565704346
3305,422.227966309
3306,496.141418457
3307,421.227416992
3308,485.614898682
3309,472.599945068
3310,507.170806885
3311,449.89541626
3312,423.282165527
3313,453.329162598
3314,442.289581299
3315,439.270172119
3316,502.488555908
3317,454.787109375
3318,445.746368408
3319,444.232147217
3320,471.081817627
3321,390.052337646
3322,467.968505859
3323,490.658081055
3324,461.374420166
3325,476.304626465
3326,421.171447754
3327,467.724517822
3328,437.485137939
3329,474.521728516
3330,460.546661377
3331,489.654418945
3332,411.331481934
3333,430.64239502
3334,459.725952148
3335,494.806213379
3336,454.287567139
3337,420.314788818
3338,470.142272949
3339,424.018157959
3340,488.687103271
3341,447.822052002
3342,447.466339111
3343,449.783721924
3344,407.966705322
3345,416.075164795
3346,421.199829102
3347,428.096466064
3348,482.898193359
3349,494.7940979
3350,453.684570312
3351,391.364379883
3352,456.972320557
3353,449.911621094
3354,471.120178223
3355,452.644134521
3356,438.042510986
3357,426.364562988
3358,507.448883057
3359,477.666381836
3360,462.593475342
3361,472.191040039
3362,454.132080078
3363,389.093811035
3364,489.370758057
3365,448.651702881
3366,458.07989502
3367,481.540924072
3368,487.420257568
3369,428.683074951
3370,460.144714355
3371,454.432220459
3372,451.524963379
3373,423.468933105
3374,449.841247559
3375,436.809631348
3376,458.081787109
3377,454.531951904
3378,436.711883545
3379,422.465484619
3380,450.026306152
3381,436.674072266
3382,431.130615234
3383,460.494018555
3384,472.563537598
3385,409.869018555
3386,429.659820557
3387,418.678161621
3388,417.532104492
3389,468.069091797
3390,407.25793457
3391,465.541473389
3392,431.366546631
3393,447.40335083
3394,446.461364746
3395,418.03338623
3396,438.748596191
3397,443.359222412
3398,420.686035156
3399,442.869384766
3400,454.22354126
3401,428.513244629
3402,455.163085938
3403,480.31552124
3404,445.685974121
3405,440.729431152
3406,474.733917236
3407,455.354766846
3408,401.642425537
3409,428.632385254
3410,420.346282959
3411,459.206878662
3412,464.91519165
3413,444.087982178
3414,437.704315186
3415,405.32913208
3416,459.486968994
3417,489.796264648
3418,434.040344238
3419,451.450897217
3420,447.413330078
3421,427.175872803
3422,417.54888916
3423,445.78793335
3424,410.668487549
3425,402.766693115
3426,441.225097656
3427,448.754730225
3428,451.671691895
3429,414.790496826
3430,474.426849365
3431,425.56652832
3432,455.931854248
3433,452.816040039
3434,445.593933105
3435,454.439239502
3436,448.720825195
3437,458.109619141
3438,403.310577393
3439,453.600189209
3440,461.93548584
3441,457.288146973
3442,467.231384277
3443,411.101623535
3444,392.382446289
3445,482.338195801
3446,466.043884277
3447,422.087219238
3448,433.289123535
3449,462.762512207
3450,448.858642578
3451,416.79385376
3452,451.991485596
3453,421.83770752
3454,439.585571289
3455,410.539154053
3456,468.603149414
3457,483.180664062
3458,446.264678955
3459,421.94619751
3460,437.461578369
3461,440.079498291
3462,442.116424561
3463,433.585479736
3464,427.074645996
3465,471.067596436
3466,452.718597412
3467,439.876647949
3468,409.7862854
3469,469.310913086
3470,460.533355713
3471,404.174285889
3472,469.94140625
3473,425.569396973
3474,452.884277344
3475,443.459991455
3476,460.795288086
3477,429.903686523
3478,438.584014893
3479,452.350494385
3480,449.041259766
3481,444.6484375
3482,453.2449646
3483,453.466094971
3484,483.277130127
3485,463.647918701
3486,441.329986572
3487,448.645507812
3488,386.343505859
3489,460.396514893
3490,445.284759521
3491,422.058135986
3492,465.508605957
3493,421.543823242
3494,420.184326172
3495,431.253082275
3496,409.3097229
3497,444.869903564
3498,420.912322998
3499,453.406219482
3500,431.884124756
3501,479.390167236
3502,400.193664551
3503,454.771697998
3504,389.070770264
3505,452.932800293
3506,467.734741211
3507,462.969024658
3508,436.398284912
3509,455.707702637
3510,416.957458496
3511,461.731384277
3512,487.663665771
3513,438.394287109
3514,451.499237061
3515,446.471008301
3516,418.909515381
3517,459.194152832
3518,494.576202393
3519,476.735778809
3520,481.612884521
3521,445.530578613
3522,442.427612305
3523,415.905456543
3524,444.293273926
3525,392.645843506
3526,420.088012695
3527,426.174499512
3528,409.851776123
3529,411.584503174
3530,430.622802734
3531,443.138671875
3532,443.682556152
3533,489.560272217
3534,444.791870117
3535,400.654937744
3536,411.666503906
3537,451.905517578
3538,412.122772217
3539,431.725708008
3540,442.449005127
3541,447.008270264
3542,473.986663818
3543,434.566741943
3544,408.493774414
3545,449.24105835
3546,441.761291504
3547,461.957550049
3548,441.586303711
3549,454.969024658
3550,438.215057373
3551,435.749969482
3552,430.430389404
3553,417.768218994
3554,429.049346924
3555,452.278808594
3556,425.914337158
3557,460.512695312
3558,434.491210938
3559,437.038421631
3560,423.732666016
3561,409.599395752
3562,423.320678711
3563,383.90133667
3564,456.930786133
3565,423.705963135
3566,404.848632812
3567,415.416473389
3568,426.086608887
3569,419.431060791
3570,457.86920166
3571,409.707885742
3572,451.066711426
3573,456.46282959
3574,429.461608887
3575,469.896606445
3576,440.709075928
3577,395.934265137
3578,400.267028809
3579,441.290222168
3580,451.978942871
3581,411.200927734
3582,428.127075195
3583,438.454345703
3584,419.74432373
3585,458.506469727
3586,417.170043945
3587,436.418945312
3588,420.156646729
3589,417.506164551
3590,457.399139404
3591,415.361022949
3592,456.600189209
3593,430.444152832
3594,400.374816895
3595,494.792510986
3596,447.653717041
3597,471.233673096
3598,431.431945801
3599,438.809448242
3600,434.762878418
3601,472.220062256
3602,479.388458252
3603,441.690246582
3604,448.353790283
3605,416.220184326
3606,455.73840332
3607,437.798828125
3608,432.177520752
3609,450.750701904
3610,421.445983887
3611,421.362213135
3612,437.212982178
3613,427.040527344
3614,421.594818115
3615,410.23928833
3616,424.490264893
3617,437.267822266
3618,459.509460449
3619,473.406951904
3620,436.553009033
3621,431.281616211
3622,419.884613037
3623,438.023193359
3624,414.670593262
3625,460.394195557
3626,392.919891357
3627,415.270996094
3628,405.068725586
3629,483.78817749
3630,425.074310303
3631,406.532623291
3632,408.079650879
3633,496.759674072
3634,461.09173584
3635,463.604217529
3636,394.26751709
3637,417.209716797
3638,462.708618164
3639,481.6378479
3640,445.940490723
3641,418.687225342
3642,423.082550049
3643,486.673126221
3644,396.731567383
3645,502.272979736
3646,421.611724854
3647,440.68258667
3648,431.224884033
3649,427.36618042
3650,402.099945068
3651,428.052642822
3652,457.555084229
3653,399.340179443
3654,491.813079834
3655,418.749328613
3656,408.018005371
3657,433.604187012
3658,475.882904053
3659,443.088409424
3660,393.678405762
3661,458.514709473
3662,436.594970703
3663,429.642456055
3664,404.174377441
3665,480.978607178
3666,438.214080811
3667,423.949981689
3668,420.532470703
3669,466.342559814
3670,403.086639404
3671,438.265075684
3672,428.44317627
3673,424.368713379
3674,377.024658203
3675,451.803619385
3676,441.89730835
3677,455.595092773
3678,451.273193359
3679,390.368896484
3680,371.815765381
3681,484.665039062
3682,437.837768555
3683,460.516265869
3684,450.175231934
3685,412.076446533
3686,458.804870605
3687,453.768890381
3688,409.679443359
3689,515.706359863
3690,463.967651367
3691,472.154937744
3692,404.25592041
3693,428.068084717
3694,450.167419434
3695,419.185760498
3696,405.023681641
3697,400.831665039
3698,389.518676758
3699,428.339355469
3700,405.942321777
3701,441.782043457
3702,413.83026123
3703,398.999206543
3704,474.09753418
3705,435.125549316
3706,411.232849121
3707,444.269378662
3708,420.025909424
3709,399.493347168
3710,401.582122803
3711,421.680877686
3712,405.929534912
3713,414.422576904
3714,442.02822876
3715,467.81036377
3716,384.834472656
3717,447.741943359
3718,440.112670898
3719,434.423492432
3720,477.06539917
3721,393.050506592
3722,443.191680908
3723,409.998077393
3724,449.569946289
3725,420.642669678
3726,376.389373779
3727,389.104675293
3728,430.882507324
3729,446.602478027
3730,459.089111328
3731,396.369018555
3732,424.918029785
3733,385.303131104
3734,408.810333252
3735,418.611968994
3736,434.265899658
3737,415.194610596
3738,454.059570312
3739,408.65524292
3740,389.384368896
3741,448.053649902
3742,435.135345459
3743,442.621856689
3744,392.382568359
3745,442.827178955
3746,419.493621826
3747,467.393310547
3748,458.495727539
3749,463.648620605
3750,378.981445312
3751,421.346130371
3752,406.270812988
3753,402.146484375
3754,415.518615723
3755,384.894592285
3756,436.515014648
3757,422.074249268
3758,415.781829834
3759,427.925415039
3760,396.604888916
3761,416.066802979
3762,411.847473145
3763,441.67477417
3764,449.473815918
3765,424.578308105
3766,433.95401001
3767,463.566864014
3768,452.87109375
3769,435.192657471
3770,430.38079834
3771,449.402618408
3772,423.274993896
3773,393.007171631
3774,476.629669189
3775,412.559844971
3776,432.708282471
3777,449.470581055
3778,426.78704834
3779,426.41708374
3780,447.793212891
3781,441.381378174
3782,433.839477539
3783,425.771362305
3784,455.369171143
3785,438.689758301
3786,363.846923828
3787,427.300750732
3788,424.266113281
3789,438.552490234
3790,402.589202881
3791,456.33291626
3792,434.701873779
3793,413.205718994
3794,384.808105469
3795,451.41519165
3796,425.100067139
3797,426.170043945
3798,418.329620361
3799,402.667053223
3800,436.428344727
3801,431.939147949
3802,430.360443115
3803,452.654510498
3804,434.717681885
3805,378.354522705
3806,410.344665527
3807,445.60269165
3808,401.765777588
3809,421.582122803
3810,422.956817627
3811,393.278442383
3812,399.074157715
3813,384.621856689
3814,445.667388916
3815,454.410644531
3816,441.275512695
3817,470.2137146
3818,411.382171631
3819,405.789581299
3820,406.849334717
3821,426.587463379
3822,401.89465332
3823,429.53503418
3824,430.123718262
3825,397.797729492
3826,422.410827637
3827,450.357025146
3828,409.603546143
3829,400.642242432
3830,432.62109375
3831,420.507843018
3832,414.310821533
3833,411.698455811
3834,428.572235107
3835,442.606018066
3836,427.989990234
3837,421.938232422
3838,435.879547119
3839,418.10369873
3840,426.420043945
3841,394.417938232
3842,426.136505127
3843,403.064300537
3844,377.235656738
3845,403.547210693
3846,425.556121826
3847,450.196563721
3848,457.175933838
3849,414.241119385
3850,419.039764404
3851,380.632141113
3852,419.910461426
3853,414.268951416
3854,424.569335938
3855,440.956481934
3856,403.587860107
3857,428.58883667
3858,427.445220947
3859,429.73336792
3860,443.426422119
3861,433.166442871
3862,391.510681152
3863,438.027496338
3864,455.326019287
3865,402.823394775
3866,434.814025879
3867,417.340209961
3868,425.278747559
3869,397.817749023
3870,397.167358398
3871,429.568115234
3872,447.249145508
3873,414.912445068
3874,472.858398438
3875,409.500183105
3876,429.897613525
3877,405.141326904
3878,425.817077637
3879,435.358947754
3880,395.749084473
3881,382.914367676
3882,439.470306396
3883,415.092895508
3884,395.503082275
3885,436.792877197
3886,436.451568604
3887,410.908691406
3888,420.397247314
3889,382.772674561
3890,423.30279541
3891,420.997650146
3892,471.391357422
3893,456.485321045
3894,418.852111816
3895,452.711395264
3896,419.392181396
3897,431.172515869
3898,413.394287109
3899,422.762115479
3900,430.653411865
3901,414.733062744
3902,432.552947998
3903,427.260925293
3904,405.869842529
3905,420.298187256
3906,393.637573242
3907,434.061676025
3908,443.277832031
3909,384.374938965
3910,398.876678467
3911,410.949798584
3912,426.247711182
3913,441.3878479
3914,380.527709961
3915,428.668060303
3916,404.635101318
3917,412.946502686
3918,418.348632812
3919,447.236572266
3920,408.841156006
3921,435.840789795
3922,436.010101318
3923,361.92300415
3924,383.461425781
3925,411.544677734
3926,427.673278809
3927,441.909881592
3928,428.056304932
3929,385.203460693
3930,399.34487915
3931,440.705108643
3932,437.735717773
3933,402.326538086
3934,419.213562012
3935,430.519805908
3936,434.610137939
3937,415.008422852
3938,455.226043701
3939,410.896789551
3940,388.617736816
3941,367.616271973
3942,437.661437988
3943,393.469726562
3944,419.942047119
3945,407.461761475
3946,407.831512451
3947,459.42388916
3948,442.009094238
3949,407.195983887
3950,354.266174316
3951,451.452331543
3952,405.390625
3953,463.467010498
3954,427.248016357
3955,410.42755127
3956,422.190429688
3957,424.272827148
3958,397.177337646
3959,363.121246338
3960,406.783508301
3961,411.042266846
3962,440.992523193
3963,410.042938232
3964,434.254821777
3965,467.245361328
3966,417.348937988
3967,378.803466797
3968,412.175170898
3969,421.193511963
3970,406.053588867
3971,421.671966553
3972,420.09185791
3973,421.199188232
3974,472.325683594
3975,401.85559082
3976,447.115386963
3977,396.711151123
3978,400.267852783
3979,423.261932373
3980,420.122039795
3981,461.886383057
3982,454.740020752
3983,424.386871338
3984,438.08996582
3985,439.369384766
3986,377.590270996
3987,426.327087402
3988,418.119384766
3989,396.399291992
3990,434.448486328
3991,440.350341797
3992,434.191253662
3993,441.265045166
3994,387.278533936
3995,436.895111084
3996,404.789154053
3997,427.843688965
3998,411.627929688
3999,396.63394165
4000,362.904266357
4001,389.866088867
4002,446.327148438
4003,397.704589844
4004,440.664733887
4005,446.189483643
4006,416.398193359
4007,476.355804443
4008,391.139404297
4009,430.792449951
4010,416.631744385
4011,370.789733887
4012,401.522491455
4013,421.964996338
4014,440.886535645
4015,425.069335938
4016,411.31072998
4017,429.303985596
4018,440.720550537
4019,412.033935547
4020,434.330444336
4021,417.737335205
4022,422.263427734
4023,417.173278809
4024,402.475372314
4025,368.307312012
4026,387.665863037
4027,418.473876953
4028,457.547302246
4029,427.112884521
4030,416.211303711
4031,396.20904541
4032,398.531158447
4033,407.097839355
4034,471.849975586
4035,467.719726562
4036,458.057006836
4037,446.23324585
4038,413.636047363
4039,439.997711182
4040,393.948547363
4041,395.430023193
4042,417.846466064
4043,452.096405029
4044,384.577606201
4045,432.50869751
4046,422.854919434
4047,410.851074219
4048,417.437561035
4049,446.479553223
4050,377.734985352
4051,403.897796631
4052,454.300720215
4053,410.479858398
4054,423.577178955
4055,444.680908203
4056,407.433166504
4057,418.825042725
4058,381.949951172
4059,410.65246582
4060,401.310241699
4061,412.739898682
4062,403.277801514
4063,389.485351562
4064,443.113067627
4065,409.263763428
4066,407.951599121
4067,416.460449219
4068,464.101135254
4069,443.74710083
4070,440.607177734
4071,384.486663818
4072,437.257598877
4073,421.993774414
4074,407.909820557
4075,430.970947266
4076,385.456542969
4077,413.562133789
4078,427.646606445
4079,424.023651123
4080,411.532287598
4081,410.964172363
4082,400.22366333
4083,387.002380371
4084,425.539733887
4085,428.052368164
4086,418.639678955
4087,438.059875488
4088,450.808013916
4089,446.346466064
4090,408.44543457
4091,421.710388184
4092,373.543426514
4093,418.716003418
4094,418.480163574
4095,414.520202637
4096,423.583679199
4097,372.132171631
4098,409.150146484
4099,430.048187256
4100,373.027984619
4101,349.242340088
4102,446.145721436
4103,392.923309326
4104,422.460906982
4105,450.167022705
4106,383.972106934
4107,442.894836426
4108,427.463287354
4109,425.620178223
4110,414.910308838
4111,394.207458496
4112,432.644256592
4113,395.59967041
4114,423.742462158
4115,370.191650391
4116,358.758361816
4117,417.156860352
4118,413.976379395
4119,386.676849365
4120,434.182220459
4121,408.047302246
4122,414.285247803
4123,412.212341309
4124,379.179077148
4125,406.984375
4126,384.507720947
4127,383.508789062
4128,434.594909668
4129,409.606506348
4130,427.440856934
4131,407.405639648
