0,57950.328125
1,38865.6171875
2,29642.6738281
3,25236.5996094
4,18897.1972656
5,16729.8652344
6,14766.9804688
7,11595.5371094
8,11477.2246094
9,10366.5253906
10,10829.7919922
11,9572.95019531
12,8539.3046875
13,7799.5703125
14,7687.07617188
15,7674.97607422
16,7224.40966797
17,7955.0390625
18,7485.62744141
19,6945.51660156
20,7364.82617188
21,6895.515625
22,6911.99169922
23,6295.77832031
24,6351.52636719
25,6288.22265625
26,6090.03759766
27,6463.38330078
28,5990.44042969
29,5273.87841797
30,5740.328125
31,5660.66357422
32,6069.59423828
33,5602.31884766
34,5918.61035156
35,5612.5078125
36,6063.16552734
37,5182.01171875
38,5151.22949219
39,5130.97753906
40,4739.67675781
41,4954.54980469
42,5358.39306641
43,4965.59326172
44,5002.75097656
45,4642.6796875
46,5040.76757812
47,4662.2421875
48,4667.33154297
49,4822.14599609
50,4556.71728516
51,4673.83203125
52,4063.65454102
53,4330.68603516
54,4272.40673828
55,4527.08984375
56,4138.50683594
57,3905.20629883
58,4666.95898438
59,3969.80444336
60,4529.32910156
61,4766.80322266
62,3930.77636719
63,3983.76611328
64,3693.92749023
65,3574.53686523
66,4315.39697266
67,3813.56176758
68,3731.00805664
69,3755.55493164
70,3710.56835938
71,3571.60839844
72,3971.89770508
73,3632.73046875
74,3402.70751953
75,3711.28417969
76,3350.96435547
77,3225.44799805
78,3040.25244141
79,3057.80004883
80,3070.31054688
81,3839.90722656
82,3598.35351562
83,3170.50439453
84,3102.62963867
85,3032.21972656
86,3271.12353516
87,2806.98632812
88,2717.1472168
89,3248.22558594
90,2667.80493164
91,2933.97949219
92,2574.609375
93,2426.46069336
94,2808.28857422
95,2584.38598633
96,2829.42871094
97,2446.00952148
98,2796.53198242
99,2562.77197266
100,2364.27514648
101,2362.61645508
102,2188.71166992
103,2432.45092773
104,2453.30297852
105,2432.65600586
106,2524.17919922
107,2412.64697266
108,2129.39379883
109,2161.54370117
110,2384.57885742
111,2154.98413086
112,2229.85253906
113,2189.6262207
114,2513.56298828
115,2612.38012695
116,2216.97607422
117,2791.02685547
118,2812.15014648
119,1964.62316895
120,2544.31542969
121,2052.62036133
122,2364.78076172
123,2323.8371582
124,2327.40893555
125,2196.70214844
126,2056.44213867
127,2463.3203125
128,2095.83203125
129,2256.5871582
130,2238.12573242
131,2024.64746094
132,1981.17492676
133,2632.38110352
134,2057.58007812
135,2244.44384766
136,2419.86157227
137,1918.35058594
138,1815.54711914
139,2005.97753906
140,2338.34179688
141,2055.58813477
142,2225.53198242
143,2181.71044922
144,1778.55383301
145,2379.88378906
146,2001.94506836
147,1714.56225586
148,2153.62231445
149,1936.15283203
150,2180.4543457
151,1847.46630859
152,2408.07348633
153,2259.9597168
154,2178.3425293
155,2240.85571289
156,2132.35644531
157,2459.84863281
158,1981.58837891
159,2214.64428711
160,2047.57946777
161,1756.18225098
162,2096.13720703
163,2224.34301758
164,1822.33129883
165,2162.21313477
166,1805.26586914
167,2158.91137695
168,1705.96130371
169,1861.38134766
170,2124.98535156
171,2273.52709961
172,1827.64147949
173,1733.61621094
174,1996.31030273
175,1699.79296875
176,2046.25366211
177,2137.63354492
178,2014.43237305
179,1703.25817871
180,2070.61206055
181,2080.62768555
182,1837.75915527
183,1808.17260742
184,2092.54516602
185,2138.85205078
186,2038.09069824
187,2004.44458008
188,1489.74304199
189,1996.85913086
190,1849.3782959
191,1934.63317871
192,1856.34008789
193,1721.1385498
194,1781.46533203
195,1737.10412598
196,1666.89807129
197,2174.05151367
198,1735.36657715
199,1920.97973633
200,1729.5982666
201,1662.74353027
202,1651.46704102
203,1587.35852051
204,1696.12084961
205,1614.21411133
206,1629.02319336
207,1761.61828613
208,2057.34545898
209,1714.26428223
210,1740.50476074
211,1986.27050781
212,1870.28674316
213,1950.7598877
214,1837.35424805
215,1606.27954102
216,1602.49584961
217,1592.52197266
218,1945.63867188
219,1755.70080566
220,1471.28796387
221,1702.81140137
222,1688.69543457
223,1941.45544434
224,1987.90307617
225,1668.94763184
226,1608.63830566
227,1710.38000488
228,1917.53405762
229,1625.36181641
230,1723.62365723
231,1675.93029785
232,1599.05004883
233,1757.08300781
234,1545.46057129
235,1760.14892578
236,1549.69165039
237,1606.33850098
238,1579.18225098
239,1804.95898438
240,1749.53930664
241,1511.25622559
242,1453.30102539
243,1630.01452637
244,1642.39343262
245,1649.32922363
246,1501.84802246
247,1501.10144043
248,1486.74597168
249,1533.25061035
250,1637.25671387
251,1585.08520508
252,1522.09411621
253,1679.17712402
254,1699.96826172
255,1710.53393555
256,1732.46081543
257,1655.71582031
258,1590.36889648
259,1333.77026367
260,1498.77404785
261,1560.13439941
262,1611.94958496
263,1580.98742676
264,1427.8223877
265,1688.82446289
266,1833.08093262
267,1750.06982422
268,1774.23291016
269,1714.84631348
270,1782.74951172
271,1798.48803711
272,1463.13635254
273,1506.15612793
274,1445.55493164
275,1607.58190918
276,1445.27624512
277,1482.73156738
278,1623.45251465
279,1449.3380127
280,1500.91589355
281,1935.29553223
282,1355.06176758
283,1531.6072998
284,1529.13989258
285,1539.00634766
286,1414.31311035
287,1907.65234375
288,1399.61010742
289,1579.17211914
290,1444.95983887
291,1569.88586426
292,1562.13928223
293,1542.52941895
294,1424.99731445
295,1538.16027832
296,1568.20202637
297,1579.1907959
298,1485.84436035
299,1375.4498291
300,1455.71594238
301,1428.31188965
302,1516.50085449
303,1495.21655273
304,1472.00183105
305,1712.96264648
306,1503.0189209
307,1347.72595215
308,1572.81237793
309,1443.27526855
310,1454.70153809
311,1689.73681641
312,1341.32177734
313,1423.32849121
314,1552.88549805
315,1502.98461914
316,1412.57958984
317,1679.99121094
318,1529.65002441
319,1327.69580078
320,1478.24414062
321,1518.49609375
322,1443.07006836
323,1623.06079102
324,1363.57373047
325,1575.03173828
326,1384.91210938
327,1457.27929688
328,1433.08837891
329,1499.88354492
330,1395.31408691
331,1482.17944336
332,1506.19384766
333,1428.79223633
334,1407.90368652
335,1623.67468262
336,1518.03222656
337,1503.95947266
338,1319.38366699
339,1882.68554688
340,1815.55358887
341,1471.37329102
342,1411.95556641
343,1619.2980957
344,1349.20129395
345,1509.02026367
346,1425.56201172
347,1508.51367188
348,1570.35668945
349,1478.89855957
350,1430.54162598
351,1424.55371094
352,1319.99462891
353,1530.63085938
354,1468.88989258
355,1540.39453125
356,1820.08959961
357,1408.90625
358,1420.82202148
359,1482.29223633
360,2106.61889648
361,1386.05102539
362,1913.44555664
363,1424.90869141
364,1333.80993652
365,1320.29406738
366,1422.12365723
367,1409.47668457
368,1588.72314453
369,1405.42028809
370,1775.84277344
371,1598.61535645
372,1447.34997559
373,1568.32092285
374,1352.80725098
375,1425.22155762
376,1442.19055176
377,1498.17382812
378,1516.47058105
379,1372.12841797
380,1346.87854004
381,1285.76599121
382,1307.14831543
383,1345.70947266
384,1229.67785645
385,1252.64697266
386,1290.51013184
387,1329.98010254
388,1637.78942871
389,1320.16345215
390,1271.85839844
391,1362.10852051
392,1352.01867676
393,1481.6439209
394,1771.64660645
395,1462.47912598
396,1355.90454102
397,1392.46875
398,1328.0
399,1282.00927734
400,1336.4786377
401,1317.84594727
402,1353.54638672
403,1312.34765625
404,1195.7824707
405,1339.35742188
406,1270.11865234
407,1306.61254883
408,1322.38598633
409,1302.4855957
410,1126.21704102
411,1168.80200195
412,1194.85131836
413,1202.90258789
414,1471.2746582
415,1275.89660645
416,1208.00817871
417,1510.31445312
418,1268.15869141
419,1238.24987793
420,1229.24169922
421,1256.76647949
422,1561.69042969
423,1440.8347168
424,1342.29174805
425,1414.47680664
426,1258.74304199
427,1136.60998535
428,1250.05004883
429,1578.27783203
430,1421.66992188
431,1453.67163086
432,1408.33569336
433,1120.03417969
434,1259.76660156
435,1314.23339844
436,1191.57495117
437,1440.42114258
438,1169.33251953
439,1432.37402344
440,1286.24243164
441,1248.85131836
442,1320.49243164
443,1263.87768555
444,1236.31274414
445,1309.8560791
446,1231.5435791
447,1187.71191406
448,1297.63684082
449,1215.41601562
450,1224.26306152
451,1197.54187012
452,1382.30029297
453,1257.26867676
454,1280.98522949
455,1279.51708984
456,1178.0123291
457,1245.77856445
458,1288.16491699
459,1281.80822754
460,1284.96569824
461,1275.71386719
462,1225.91491699
463,1153.31665039
464,1147.484375
465,1152.55908203
466,1219.60961914
467,1306.80895996
468,1385.11633301
469,1168.42028809
470,1258.01696777
471,1120.73999023
472,1169.96044922
473,1167.41357422
474,1095.36889648
475,1308.02575684
476,1176.19140625
477,1208.03063965
478,1442.36767578
479,1303.77734375
480,1166.39904785
481,1220.98718262
482,1303.9864502
483,1263.17590332
484,1268.41503906
485,1237.51000977
486,1160.40759277
487,1178.87243652
488,1118.02514648
489,1235.3425293
490,1150.83422852
491,1039.50439453
492,1311.24194336
493,1175.19702148
494,1203.33117676
495,1212.62658691
496,1302.7442627
497,1227.2598877
498,1231.80407715
499,1239.34094238
500,1185.13745117
501,1176.67663574
502,1210.88256836
503,1264.58947754
504,1153.98791504
505,1224.35998535
506,1122.92858887
507,1166.02709961
508,1198.89685059
509,1119.45544434
510,1209.58959961
511,1092.25183105
512,1191.66638184
513,1089.3704834
514,1057.48498535
515,1250.05126953
516,1200.81774902
517,1487.99353027
518,1125.56921387
519,1163.15124512
520,1236.76428223
521,1243.22167969
522,1180.3996582
523,1169.08288574
524,1299.05822754
525,1239.67419434
526,1090.56335449
527,1187.98486328
528,1137.50012207
529,1122.69775391
530,1139.50244141
531,1150.39099121
532,1257.0526123
533,1406.95471191
534,1105.63220215
535,1174.18151855
536,1143.62744141
537,1213.29528809
538,1112.52539062
539,1099.76855469
540,1284.06115723
541,1169.39978027
542,1215.57580566
543,1163.81872559
544,1189.54309082
545,1276.32495117
546,1141.3203125
547,1086.42810059
548,1087.99523926
549,1173.26501465
550,1368.5657959
551,1140.49243164
552,1352.02612305
553,1139.99645996
554,1135.13562012
555,1261.24145508
556,1193.9161377
557,1144.7322998
558,1282.27819824
559,1207.3704834
560,1090.1361084
561,1179.4329834
562,1067.42297363
563,1167.98144531
564,1245.67443848
565,1098.04821777
566,1150.4029541
567,1136.17004395
568,1113.91247559
569,1118.25476074
570,1340.94128418
571,1322.3828125
572,1031.38891602
573,1123.11657715
574,1168.51342773
575,1209.65222168
576,1197.34033203
577,1258.13818359
578,1147.69689941
579,1778.6060791
580,1074.35095215
581,1121.73132324
582,1255.55725098
583,1755.82629395
584,1198.92907715
585,1187.80383301
586,1153.52099609
587,1406.54016113
588,1211.29443359
589,1080.18310547
590,1125.38244629
591,1166.75073242
592,1110.6114502
593,1104.39819336
594,1143.86523438
595,1111.7364502
596,1101.22290039
597,1083.91308594
598,1079.15869141
599,1138.3112793
600,1075.45251465
601,1107.25964355
602,1076.14770508
603,1115.76660156
604,1104.05603027
605,1148.35473633
606,1092.97973633
607,1007.0289917
608,1009.01629639
609,944.940368652
610,1021.71661377
611,1158.9810791
612,1150.21557617
613,1059.5970459
614,1041.37854004
615,1099.59875488
616,1051.71655273
617,1087.96582031
618,1081.75048828
619,1169.92993164
620,1164.71887207
621,1094.20922852
622,1008.77972412
623,1005.01257324
624,1042.11572266
625,1059.80053711
626,1003.5022583
627,1196.93041992
628,1096.87963867
629,1083.5871582
630,1092.18408203
631,1089.99267578
632,1091.59216309
633,1112.30871582
634,1006.50360107
635,1079.42871094
636,1032.61474609
637,1053.25061035
638,1199.87023926
639,1035.12084961
640,1026.11767578
641,1090.56799316
642,1289.8079834
643,1132.38244629
644,1010.63775635
645,1171.50830078
646,1150.09765625
647,1042.3770752
648,1059.54077148
649,1110.83911133
650,1082.44946289
651,1048.53088379
652,1186.56835938
653,1108.91064453
654,1113.79663086
655,1035.82861328
656,1202.33398438
657,1089.69555664
658,1049.13500977
659,1156.87646484
660,1076.17675781
661,1017.61169434
662,1183.48156738
663,1056.95605469
664,980.418029785
665,1002.2310791
666,1144.84887695
667,1052.84570312
668,1061.42456055
669,1087.60791016
670,1263.94226074
671,1114.7512207
672,1045.51867676
673,1105.60876465
674,1026.65930176
675,1093.80932617
676,1122.61853027
677,1042.92614746
678,1052.38476562
679,1096.58642578
680,1025.07641602
681,1050.08605957
682,1130.45825195
683,1089.00268555
684,1016.04980469
685,1073.65356445
686,1129.40039062
687,996.488037109
688,1483.81494141
689,1135.19396973
690,1121.05151367
691,1187.7980957
692,1030.8996582
693,1323.03662109
694,1121.66625977
695,1010.16229248
696,1080.43652344
697,1070.1385498
698,1265.24169922
699,1053.09472656
700,1056.08703613
701,1149.72277832
702,1190.23962402
703,1085.07055664
704,1047.28515625
705,1086.47802734
706,983.825744629
707,1122.24145508
708,1022.69024658
709,881.843444824
710,1242.11291504
711,1083.80236816
712,1038.12634277
713,1038.84985352
714,1054.20532227
715,1014.98809814
716,963.524719238
717,1006.86560059
718,1051.91760254
719,1110.67041016
720,1104.75854492
721,1081.37487793
722,1148.1159668
723,964.254699707
724,1065.02160645
725,1065.18835449
726,999.543212891
727,946.872924805
728,1026.26550293
729,1087.37194824
730,1102.47558594
731,1152.83410645
732,932.797241211
733,1092.45373535
734,985.456359863
735,1055.66369629
736,1104.1907959
737,1044.29528809
738,1148.29162598
739,1126.00964355
740,1017.35015869
741,1034.24633789
742,1024.1192627
743,1044.51159668
744,1160.52355957
745,1025.99145508
746,966.253540039
747,996.653442383
748,1000.1184082
749,1013.09423828
750,919.814086914
751,1017.03094482
752,993.680236816
753,1327.59362793
754,1111.22888184
755,1017.74291992
756,1058.04748535
757,1115.5012207
758,1055.3536377
759,1090.47546387
760,1136.65197754
761,1072.98718262
762,1095.88049316
763,1021.86334229
764,1044.17419434
765,1076.38977051
766,1026.03234863
767,1155.52258301
768,1005.79046631
769,1102.17077637
770,1060.74755859
771,955.894104004
772,975.804382324
773,1163.8536377
774,1177.80224609
775,1070.37573242
776,1071.91650391
777,1156.71984863
778,1045.10498047
779,1076.91809082
780,977.080627441
781,1082.59277344
782,1001.60015869
783,1025.21606445
784,1066.81628418
785,1163.39562988
786,1028.09509277
787,1044.39904785
788,987.584228516
789,1631.20019531
790,1053.23083496
791,1134.03442383
792,1083.69641113
793,1413.46716309
794,1055.83532715
795,984.958190918
796,1088.70227051
797,938.166381836
798,1016.83135986
799,1000.42877197
800,1021.70648193
801,1217.82922363
802,961.61340332
803,1037.70666504
804,1024.50939941
805,964.239624023
806,1021.63616943
807,1056.60522461
808,993.670959473
809,975.659606934
810,1081.45043945
811,925.466064453
812,988.543701172
813,1010.0791626
814,1055.71643066
815,938.472839355
816,1061.51123047
817,1103.33679199
818,1064.04626465
819,1058.89477539
820,1093.62463379
821,1007.37744141
822,976.531066895
823,1091.28967285
824,1062.65100098
825,1022.07562256
826,988.117553711
827,917.173400879
828,950.004089355
829,1007.51916504
830,1248.38574219
831,1038.54309082
832,978.044189453
833,949.16595459
834,920.773132324
835,950.635070801
836,959.960205078
837,996.371582031
838,1015.77331543
839,861.606811523
840,965.940856934
841,938.566955566
842,906.080810547
843,926.130432129
844,994.558349609
845,945.33215332
846,1028.44226074
847,963.621704102
848,987.356628418
849,1038.87072754
850,920.573181152
851,1206.37414551
852,1071.97033691
853,1065.57629395
854,989.256835938
855,895.512451172
856,982.383117676
857,1066.02624512
858,1073.94250488
859,969.785217285
860,950.273803711
861,894.221069336
862,967.672241211
863,1019.7487793
864,1090.13830566
865,1126.16418457
866,907.418823242
867,993.289794922
868,1026.45825195
869,944.033325195
870,939.319396973
871,1093.03881836
872,940.948669434
873,1051.62976074
874,1072.99499512
875,1007.10681152
876,1016.52935791
877,926.519470215
878,961.704711914
879,957.823059082
880,1089.95129395
881,1000.48986816
882,970.497314453
883,980.252929688
884,983.703613281
885,917.021240234
886,965.34387207
887,1010.39324951
888,974.672668457
889,965.500671387
890,1011.11651611
891,993.682495117
892,918.097412109
893,970.310241699
894,1030.54260254
895,882.481750488
896,1072.44604492
897,1110.81640625
898,955.471069336
899,1024.33740234
900,1163.12744141
901,1035.95837402
902,1175.07373047
903,914.517028809
904,883.817871094
905,1072.14941406
906,1130.82128906
907,1007.16088867
908,1004.40405273
909,961.826293945
910,1050.50744629
911,951.436035156
912,1009.91607666
913,1023.10943604
914,912.495727539
915,997.685302734
916,1016.30664062
917,1009.44335938
918,1067.67541504
919,962.836669922
920,942.54284668
921,969.156860352
922,1121.05688477
923,1044.62988281
924,928.657104492
925,930.555786133
926,1001.57568359
927,902.846984863
928,985.387084961
929,929.937988281
930,935.243896484
931,868.953369141
932,955.310974121
933,969.478637695
934,923.554321289
935,901.344787598
936,1104.29589844
937,948.268066406
938,947.566467285
939,933.987243652
940,945.741149902
941,874.354553223
942,879.895996094
943,929.538879395
944,951.027099609
945,900.30291748
946,1026.44384766
947,908.346801758
948,986.70098877
949,858.143493652
950,926.344604492
951,1006.17181396
952,921.992675781
953,861.545959473
954,950.83013916
955,1470.41577148
956,1055.69848633
957,914.688903809
958,972.200073242
959,998.71862793
960,1014.72839355
961,951.316833496
962,1009.87109375
963,972.135070801
964,969.527160645
965,1006.50976562
966,948.713256836
967,983.487304688
968,893.312927246
969,1399.80334473
970,894.643310547
971,1076.36010742
972,919.647949219
973,1085.78271484
974,1011.48498535
975,913.33215332
976,930.244750977
977,942.182434082
978,956.451416016
979,987.910827637
980,939.026184082
981,1109.78137207
982,1081.82336426
983,1409.89221191
984,1076.55126953
985,999.221496582
986,925.233764648
987,978.200683594
988,1021.45373535
989,937.230102539
990,983.298706055
991,939.934082031
992,876.869506836
993,902.912841797
994,876.038452148
995,1060.05517578
996,976.666748047
997,1030.56762695
998,915.797058105
999,969.268737793
1000,955.545532227
1001,882.163452148
1002,949.206420898
1003,969.620239258
1004,1085.92578125
1005,896.328491211
1006,977.750366211
1007,821.426940918
1008,887.944152832
1009,1185.22338867
1010,935.750427246
1011,867.453186035
1012,1430.33959961
1013,945.761108398
1014,915.474487305
1015,1080.47705078
1016,894.424255371
1017,882.416381836
1018,862.687805176
1019,1051.05053711
1020,932.592956543
1021,922.314025879
1022,954.217041016
1023,990.330749512
1024,980.662841797
1025,1509.75048828
1026,1201.27856445
1027,1005.87371826
1028,999.265563965
1029,1013.50036621
1030,902.390686035
1031,924.857788086
1032,920.583068848
1033,982.449523926
1034,1187.42675781
1035,1225.53552246
1036,987.610229492
1037,1113.31860352
1038,944.592895508
1039,930.388366699
1040,885.977355957
1041,934.481872559
1042,995.030395508
1043,949.474060059
1044,1023.18054199
1045,1061.5760498
1046,951.757873535
1047,941.517822266
1048,849.778869629
1049,1002.14135742
1050,825.294189453
1051,923.49621582
1052,910.626708984
1053,887.809082031
1054,913.218505859
1055,893.368347168
1056,915.938598633
1057,865.696960449
1058,937.261901855
1059,874.096069336
1060,1070.53295898
1061,847.914672852
1062,916.389099121
1063,906.027099609
1064,900.123718262
1065,913.436523438
1066,892.474243164
1067,915.788696289
1068,985.145751953
1069,849.019470215
1070,965.598876953
1071,929.260925293
1072,862.25189209
1073,927.131408691
1074,878.882202148
1075,944.144470215
1076,852.975708008
1077,910.260192871
1078,845.003356934
1079,902.158508301
1080,808.865966797
1081,854.582519531
1082,882.564453125
1083,859.145690918
1084,1032.046875
1085,903.933044434
1086,1077.40698242
1087,832.178894043
1088,956.886962891
1089,898.801086426
1090,819.405883789
1091,838.342041016
1092,863.468078613
1093,849.179443359
1094,794.690185547
1095,856.950927734
1096,925.813293457
1097,1136.63061523
1098,975.762207031
1099,924.124511719
1100,937.839294434
1101,849.58013916
1102,913.569763184
1103,834.519165039
1104,864.065856934
1105,866.088928223
1106,929.439086914
1107,907.385498047
1108,1000.54650879
1109,984.280029297
1110,823.205993652
1111,864.651245117
1112,970.178894043
1113,855.23815918
1114,974.802185059
1115,897.189453125
1116,988.894287109
1117,871.736816406
1118,815.890930176
1119,918.436401367
1120,1051.86169434
1121,828.936340332
1122,818.431396484
1123,938.101074219
1124,873.506225586
1125,890.733337402
1126,880.861633301
1127,794.577697754
1128,799.829833984
1129,948.59564209
1130,859.903991699
1131,866.520324707
1132,940.549255371
1133,918.9140625
1134,927.997680664
1135,796.606872559
1136,892.372375488
1137,940.668762207
1138,957.283081055
1139,863.398071289
1140,990.99609375
1141,958.067626953
1142,953.079284668
1143,924.493530273
1144,868.44708252
1145,858.058959961
1146,906.987182617
1147,856.18145752
1148,962.709350586
1149,928.370361328
1150,823.873901367
1151,867.17980957
1152,883.610839844
1153,1034.79223633
1154,840.983581543
1155,928.488891602
1156,893.353149414
1157,868.561523438
1158,833.231567383
1159,864.802001953
1160,821.995727539
1161,945.931884766
1162,948.772827148
1163,897.233093262
1164,786.066467285
1165,860.096923828
1166,821.001647949
1167,917.182983398
1168,806.082397461
1169,898.207885742
1170,858.517700195
1171,932.222351074
1172,894.748657227
1173,1020.23327637
1174,912.377563477
1175,829.558044434
1176,880.807006836
1177,812.284423828
1178,1114.80688477
1179,923.237731934
1180,861.555297852
1181,827.362426758
1182,853.908752441
1183,926.950927734
1184,852.568664551
1185,897.921447754
1186,835.208190918
1187,810.174133301
1188,877.575927734
1189,908.37487793
1190,925.23059082
1191,830.76739502
1192,892.11328125
1193,878.703918457
1194,872.973510742
1195,813.847290039
1196,805.684997559
1197,920.211730957
1198,881.674072266
1199,983.748718262
1200,925.498718262
1201,918.121337891
1202,863.961486816
1203,866.659362793
1204,841.368347168
1205,864.780029297
1206,832.652954102
1207,832.20690918
1208,806.252075195
1209,820.694580078
1210,769.977416992
1211,956.446655273
1212,1014.09643555
1213,877.849304199
1214,1285.90393066
1215,870.980957031
1216,967.21105957
1217,863.393310547
1218,855.156799316
1219,834.75994873
1220,923.613525391
1221,909.433410645
1222,1143.03491211
1223,852.16027832
1224,828.008361816
1225,1712.27062988
1226,798.333374023
1227,876.492248535
1228,937.184997559
1229,797.609680176
1230,977.792358398
1231,852.02355957
1232,814.757507324
1233,802.262634277
1234,814.689147949
1235,841.950622559
1236,822.56451416
1237,907.374938965
1238,899.587341309
1239,856.466125488
1240,865.618835449
1241,855.079956055
1242,853.72668457
1243,958.551025391
1244,854.063049316
1245,846.503417969
1246,755.823425293
1247,818.55267334
1248,839.961425781
1249,930.336975098
1250,764.266113281
1251,799.686462402
1252,933.501708984
1253,981.747192383
1254,1037.90942383
1255,838.23059082
1256,817.488830566
1257,842.287231445
1258,852.288574219
1259,865.166442871
1260,848.920898438
1261,782.28302002
1262,853.063720703
1263,732.527587891
1264,839.352233887
1265,820.733032227
1266,818.458007812
1267,788.106811523
1268,834.018066406
1269,873.440246582
1270,835.391479492
1271,808.020019531
1272,786.33984375
1273,778.174133301
1274,852.155029297
1275,764.262939453
1276,883.8359375
1277,850.25213623
1278,837.145263672
1279,747.431274414
1280,811.323852539
1281,821.632019043
1282,847.49621582
1283,785.19317627
1284,863.671630859
1285,776.140869141
1286,913.406799316
1287,900.766113281
1288,879.980651855
1289,788.471496582
1290,817.45690918
1291,850.666137695
1292,961.265136719
1293,852.401977539
1294,794.39251709
1295,831.418457031
1296,681.45098877
1297,813.050231934
1298,884.619812012
1299,891.773010254
1300,888.027893066
1301,890.213867188
1302,841.73626709
1303,832.50402832
1304,923.731689453
1305,825.356201172
1306,845.082641602
1307,888.91027832
1308,846.83807373
1309,788.613769531
1310,870.827880859
1311,857.231872559
1312,898.622375488
1313,899.563720703
1314,939.45501709
1315,713.518066406
1316,831.703552246
1317,941.127441406
1318,1117.62792969
1319,920.71081543
1320,930.387512207
1321,856.722351074
1322,898.276367188
1323,833.661376953
1324,877.503112793
1325,943.426574707
1326,836.049987793
1327,936.955200195
1328,823.725036621
1329,820.451538086
1330,792.143981934
1331,779.975708008
1332,913.170532227
1333,797.74432373
1334,856.847045898
1335,828.026245117
1336,783.678161621
1337,836.127380371
1338,839.913635254
1339,837.606323242
1340,789.002075195
1341,832.244018555
1342,854.405822754
1343,860.628662109
1344,811.38470459
1345,946.268737793
1346,915.911804199
1347,884.130187988
1348,845.534484863
1349,763.126647949
1350,765.401977539
1351,919.102661133
1352,898.543212891
1353,833.427001953
1354,846.777404785
1355,769.891052246
1356,826.815490723
1357,904.154968262
1358,819.24041748
1359,874.469787598
1360,795.876586914
1361,917.554321289
1362,853.96295166
1363,923.217102051
1364,820.505615234
1365,719.424133301
1366,842.37097168
1367,793.014709473
1368,906.848266602
1369,843.75994873
1370,850.950073242
1371,771.560119629
1372,784.85369873
1373,866.838684082
1374,746.214111328
1375,798.493225098
1376,869.640808105
1377,866.510253906
1378,835.377624512
1379,791.708068848
1380,917.379699707
1381,789.806091309
1382,830.170837402
1383,779.685913086
1384,952.020080566
1385,697.140869141
1386,814.658813477
1387,791.676513672
1388,927.994506836
1389,780.822387695
1390,769.945983887
1391,845.000610352
1392,960.541503906
1393,762.893310547
1394,779.583251953
1395,774.282958984
1396,826.711914062
1397,735.366394043
1398,775.257446289
1399,749.584106445
1400,740.726928711
1401,803.580810547
1402,799.828491211
1403,831.741577148
1404,810.982421875
1405,881.206665039
1406,816.760375977
1407,911.386230469
1408,822.988708496
1409,889.044372559
1410,863.553100586
1411,778.76373291
1412,759.897644043
1413,794.395568848
1414,851.551147461
1415,856.747619629
1416,836.375732422
1417,881.387084961
1418,911.898925781
1419,864.703552246
1420,797.046264648
1421,846.220275879
1422,762.693969727
1423,785.492675781
1424,818.809692383
1425,829.288696289
1426,823.504882812
1427,762.87109375
1428,723.955810547
1429,783.67578125
1430,775.701721191
1431,923.973571777
1432,805.775512695
1433,761.289916992
1434,759.368896484
1435,814.838989258
1436,799.55078125
1437,834.157226562
1438,834.755187988
1439,756.719055176
1440,756.716186523
1441,753.693237305
1442,871.258422852
1443,805.432128906
1444,786.254882812
1445,839.953552246
1446,897.810424805
1447,813.973022461
1448,704.889160156
1449,901.242492676
1450,1224.28051758
1451,921.13848877
1452,935.63092041
1453,837.914978027
1454,912.950134277
1455,901.487854004
1456,956.343383789
1457,815.924072266
1458,841.579223633
1459,816.048278809
1460,831.207763672
1461,978.221984863
1462,851.611816406
1463,787.44543457
1464,881.221374512
1465,889.468139648
1466,780.262939453
1467,1049.40698242
1468,953.462158203
1469,874.654052734
1470,991.996948242
1471,981.229492188
1472,788.708435059
1473,832.838623047
1474,811.616943359
1475,840.481323242
1476,861.110839844
1477,819.441711426
1478,882.249755859
1479,814.773254395
1480,822.49206543
1481,797.437561035
1482,865.043029785
1483,826.152770996
1484,842.289245605
1485,777.555908203
1486,845.286254883
1487,903.151733398
1488,850.000488281
1489,917.239196777
1490,822.324707031
1491,790.767944336
1492,799.189453125
1493,793.325561523
1494,812.807922363
1495,751.078552246
1496,927.573547363
1497,795.796569824
1498,864.778930664
1499,739.43737793
1500,837.777099609
1501,860.304321289
1502,828.00213623
1503,825.367919922
1504,759.27722168
1505,809.267211914
1506,770.55670166
1507,888.502746582
1508,869.649414062
1509,770.860900879
1510,748.879211426
1511,804.741149902
1512,764.111572266
1513,735.235717773
1514,830.691467285
1515,723.781555176
1516,755.510986328
1517,750.174743652
1518,816.815795898
1519,844.506896973
1520,760.92956543
1521,776.288757324
1522,740.679992676
1523,872.243713379
1524,739.968933105
1525,833.442626953
1526,743.553283691
1527,736.344543457
1528,735.229553223
1529,881.971252441
1530,838.773254395
1531,701.811096191
1532,948.635009766
1533,801.487609863
1534,790.695983887
1535,857.475708008
1536,769.784301758
1537,763.442321777
1538,773.805114746
1539,916.456115723
1540,819.217346191
1541,757.539428711
1542,847.33215332
1543,902.794921875
1544,842.594116211
1545,822.123046875
1546,796.160705566
1547,775.313232422
1548,784.304199219
1549,769.627990723
1550,808.043029785
1551,810.91394043
1552,825.562805176
1553,767.753051758
1554,815.253051758
1555,817.824462891
1556,791.872924805
1557,841.67956543
1558,784.612304688
1559,822.91394043
1560,730.248168945
1561,743.240234375
1562,745.692260742
1563,1198.94506836
1564,785.179992676
1565,900.854431152
1566,786.786437988
1567,901.098327637
1568,1048.69848633
1569,749.502502441
1570,904.74395752
1571,901.990905762
1572,802.715454102
1573,813.094848633
1574,828.360351562
1575,779.504516602
1576,756.657592773
1577,759.029968262
1578,757.440917969
1579,775.898986816
1580,736.466796875
1581,837.139343262
1582,729.416870117
1583,766.175231934
1584,815.130493164
1585,770.023986816
1586,821.544921875
1587,1046.61376953
1588,739.760009766
1589,725.55645752
1590,854.590454102
1591,832.511230469
1592,878.103820801
1593,891.136352539
1594,784.17565918
1595,845.911437988
1596,756.074768066
1597,836.656005859
1598,791.443786621
1599,851.784423828
1600,828.555114746
1601,860.903930664
1602,741.780761719
1603,791.375732422
1604,759.484069824
1605,809.27142334
1606,784.25213623
1607,747.073486328
1608,793.70904541
1609,759.091430664
1610,720.272949219
1611,819.077148438
1612,726.204223633
1613,746.367004395
1614,787.821777344
1615,719.119873047
1616,827.935180664
1617,944.267456055
1618,845.261535645
1619,769.390197754
1620,789.20703125
1621,798.875793457
1622,673.590698242
1623,809.448730469
1624,785.337280273
1625,705.412231445
1626,725.748840332
1627,744.212646484
1628,790.90222168
1629,727.716064453
1630,867.842407227
1631,722.005493164
1632,747.024108887
1633,794.165527344
1634,741.013549805
1635,697.17779541
1636,751.230895996
1637,782.355224609
1638,765.774169922
1639,827.967407227
1640,785.358398438
1641,846.348754883
1642,720.943359375
1643,809.675720215
1644,889.970703125
1645,737.062072754
1646,724.464477539
1647,741.705688477
1648,840.534240723
1649,841.332885742
1650,705.157226562
1651,818.073242188
1652,818.210205078
1653,725.174621582
1654,894.024597168
1655,812.446472168
1656,788.592102051
1657,882.328063965
1658,754.156799316
1659,853.007385254
1660,742.438537598
1661,743.824401855
1662,791.967224121
1663,820.687988281
1664,739.658935547
1665,746.58203125
1666,764.20501709
1667,769.485961914
1668,835.380249023
1669,789.751525879
1670,748.135009766
1671,799.455200195
1672,717.024047852
1673,799.412841797
1674,858.755615234
1675,758.901611328
1676,689.261962891
1677,861.215393066
1678,809.205078125
1679,799.485717773
1680,711.241882324
1681,827.74230957
1682,724.669921875
1683,728.613342285
1684,738.437927246
1685,838.390380859
1686,937.171264648
1687,927.594055176
1688,702.989624023
1689,860.841552734
1690,870.766601562
1691,774.567626953
1692,781.49609375
1693,726.270690918
1694,847.904724121
1695,818.275024414
1696,743.200622559
1697,832.349365234
1698,836.952331543
1699,700.776794434
1700,851.371948242
1701,947.353088379
1702,829.217102051
1703,714.729431152
1704,869.050354004
1705,800.438354492
1706,784.282104492
1707,746.516845703
1708,720.23651123
1709,659.770629883
1710,754.118652344
1711,738.832824707
1712,771.333984375
1713,955.773925781
1714,793.802368164
1715,893.543334961
1716,718.985656738
1717,741.727478027
1718,782.77545166
1719,817.731079102
1720,823.866088867
1721,848.096008301
1722,723.33807373
1723,728.868103027
1724,785.196105957
1725,768.073181152
1726,746.71862793
1727,759.81427002
1728,803.337463379
1729,765.470703125
1730,720.566040039
1731,742.043395996
1732,907.711914062
1733,747.226013184
1734,800.434326172
1735,763.670288086
1736,890.557617188
1737,725.387878418
1738,786.326416016
1739,809.665588379
1740,796.401550293
1741,842.314758301
1742,753.425048828
1743,743.468505859
1744,857.493896484
1745,731.431213379
1746,788.010437012
1747,789.557739258
1748,784.525390625
1749,739.198547363
1750,739.165100098
1751,695.370483398
1752,775.009277344
1753,829.196044922
1754,693.537780762
1755,918.088623047
1756,772.737304688
1757,756.132141113
1758,727.28717041
1759,1072.42810059
1760,826.662658691
1761,818.880126953
1762,775.581176758
1763,781.463867188
1764,900.541503906
1765,793.928161621
1766,948.994628906
1767,743.146240234
1768,795.216369629
1769,748.942199707
1770,851.426269531
1771,773.742431641
1772,791.758361816
1773,733.663635254
1774,767.907653809
1775,763.503662109
1776,763.92199707
1777,856.030212402
1778,776.039001465
1779,791.360656738
1780,753.04510498
1781,820.144897461
1782,701.627502441
1783,713.611694336
1784,765.375366211
1785,764.243408203
1786,759.536499023
1787,711.346191406
1788,717.822753906
1789,723.873046875
1790,790.288635254
1791,715.984375
1792,789.119873047
1793,748.893005371
1794,841.51385498
1795,748.20513916
1796,861.602600098
1797,687.578491211
1798,788.204223633
1799,752.455505371
1800,712.550842285
1801,725.043823242
1802,748.894104004
1803,713.375488281
1804,738.458190918
1805,738.97052002
1806,723.651245117
1807,812.800842285
1808,881.126647949
1809,813.182373047
1810,734.048400879
1811,799.483337402
1812,1616.61669922
1813,760.90838623
1814,727.112915039
1815,696.418762207
1816,909.379821777
1817,735.623413086
1818,734.411193848
1819,743.698242188
1820,728.206176758
1821,802.74786377
1822,793.874328613
1823,764.321044922
1824,729.052368164
1825,1425.61889648
1826,770.358337402
1827,804.375427246
1828,861.138305664
1829,765.16027832
1830,781.103942871
1831,886.851135254
1832,763.433288574
1833,808.144470215
1834,793.049987793
1835,747.150939941
1836,717.68145752
1837,663.498596191
1838,776.925109863
1839,757.781738281
1840,671.522521973
1841,737.850036621
1842,679.953552246
1843,747.176391602
1844,703.002502441
1845,764.608276367
1846,761.20300293
1847,762.300720215
1848,741.668640137
1849,747.257629395
1850,692.252502441
1851,708.256774902
1852,682.324645996
1853,719.107177734
1854,774.296936035
1855,809.516113281
1856,784.784912109
1857,732.519592285
1858,748.969482422
1859,712.774597168
1860,770.143493652
1861,702.132202148
1862,757.184326172
1863,846.513244629
1864,637.761474609
1865,729.786865234
1866,682.073974609
1867,816.832824707
1868,794.107788086
1869,715.206115723
1870,819.516601562
1871,763.861633301
1872,759.066040039
1873,691.421813965
1874,683.976928711
1875,705.251708984
1876,755.005249023
1877,724.111694336
1878,700.186279297
1879,799.797729492
1880,718.251586914
1881,759.805297852
1882,897.218017578
1883,713.04296875
1884,758.356384277
1885,734.785888672
1886,816.505004883
1887,717.464355469
1888,699.913879395
1889,701.418212891
1890,752.422485352
1891,758.006591797
1892,772.37109375
1893,720.304077148
1894,720.478515625
1895,747.22277832
1896,723.401367188
1897,790.030090332
1898,779.045715332
1899,784.727111816
1900,742.152099609
1901,794.683959961
1902,749.814208984
1903,658.735412598
1904,762.070678711
1905,713.82208252
1906,730.550964355
1907,720.635559082
1908,727.709716797
1909,737.663452148
1910,760.392700195
1911,694.040588379
1912,706.323364258
1913,809.718444824
1914,762.006408691
1915,688.653625488
1916,782.536254883
1917,721.973571777
1918,742.521606445
1919,714.894592285
1920,732.171264648
1921,831.558410645
1922,741.581726074
1923,794.11151123
1924,682.58416748
1925,721.623901367
1926,697.735839844
1927,841.366699219
1928,695.065185547
1929,723.48059082
1930,663.136962891
1931,849.578308105
1932,721.589050293
1933,807.00378418
1934,671.362915039
1935,744.248046875
1936,712.15435791
1937,651.89666748
1938,735.150817871
1939,674.485534668
1940,717.617004395
1941,746.340393066
1942,712.883483887
1943,858.410888672
1944,767.767822266
1945,727.348754883
1946,744.64263916
1947,763.181152344
1948,743.341003418
1949,838.719848633
1950,686.991210938
1951,837.093933105
1952,705.389831543
1953,760.13458252
1954,796.726501465
1955,727.195373535
1956,699.417419434
1957,762.346740723
1958,763.66619873
1959,660.727111816
1960,720.75970459
1961,693.794006348
1962,763.764709473
1963,766.718933105
1964,782.838806152
1965,772.557617188
1966,721.401062012
1967,788.026794434
1968,701.595275879
1969,692.060913086
1970,811.653503418
1971,773.770202637
1972,817.299377441
1973,694.364990234
1974,717.725036621
1975,800.219787598
1976,735.138122559
1977,769.182983398
1978,858.183288574
1979,729.997375488
1980,711.866027832
1981,738.538269043
1982,761.189147949
1983,684.02557373
1984,900.552062988
1985,772.74017334
1986,718.356018066
1987,733.450927734
1988,826.18560791
1989,739.069885254
1990,728.648132324
1991,710.684753418
1992,692.729675293
1993,739.890075684
1994,1123.06665039
1995,825.966003418
1996,795.050964355
1997,766.284973145
1998,721.162536621
1999,900.156982422
2000,756.988830566
2001,786.782409668
2002,717.146057129
2003,712.240722656
2004,743.801757812
2005,1545.67614746
2006,703.379699707
2007,737.230407715
2008,944.763549805
2009,769.134094238
2010,763.426818848
2011,815.087890625
2012,774.473449707
2013,719.234802246
2014,707.987426758
2015,922.455505371
2016,957.695861816
2017,826.347900391
2018,813.440673828
2019,879.147399902
2020,871.03515625
2021,832.390258789
2022,736.04510498
2023,676.657653809
2024,729.768493652
2025,813.897583008
2026,800.762329102
2027,887.692077637
2028,702.113098145
2029,788.306274414
2030,751.893737793
2031,690.041748047
2032,869.748535156
2033,720.003479004
2034,712.755554199
2035,756.650146484
2036,769.120361328
2037,697.527770996
2038,703.098510742
2039,879.094665527
2040,710.67175293
2041,730.312927246
2042,701.693603516
2043,725.02355957
2044,742.846862793
2045,900.16998291
2046,742.469665527
2047,781.929931641
2048,686.855529785
2049,731.95135498
2050,725.657592773
2051,738.409667969
2052,801.988952637
2053,723.506530762
2054,722.399414062
2055,842.433227539
2056,769.22644043
2057,813.016357422
2058,717.237792969
2059,696.58404541
2060,630.647399902
2061,669.590270996
2062,723.008483887
2063,733.970275879
2064,774.222167969
2065,674.602416992
2066,731.987060547
2067,716.381286621
2068,702.61340332
2069,658.993041992
2070,697.12322998
2071,699.858764648
2072,816.766906738
2073,725.059814453
2074,777.973876953
2075,651.19342041
2076,770.782958984
2077,793.525390625
2078,706.965332031
2079,685.57989502
2080,773.319152832
2081,704.489746094
2082,725.21484375
2083,769.755432129
2084,656.090454102
2085,763.791320801
2086,784.008178711
2087,700.232299805
2088,659.336120605
2089,689.770263672
2090,777.033935547
2091,682.577331543
2092,723.181030273
2093,743.025756836
2094,720.339172363
2095,779.145874023
2096,662.505981445
2097,691.774047852
2098,690.059143066
2099,659.737792969
2100,723.619262695
2101,712.050720215
2102,705.360595703
2103,677.314575195
2104,737.85534668
2105,699.991210938
2106,704.818359375
2107,690.57043457
2108,664.210510254
2109,728.454772949
2110,739.378662109
2111,639.321472168
2112,717.022521973
2113,756.47253418
2114,715.011352539
2115,833.287231445
2116,693.847351074
2117,718.300964355
2118,724.225769043
2119,794.062438965
2120,671.551147461
2121,751.490661621
2122,683.717834473
2123,633.466247559
2124,762.469055176
2125,684.36895752
2126,781.215637207
2127,710.416015625
2128,660.747436523
2129,682.381713867
2130,688.831054688
2131,764.652099609
2132,738.166137695
2133,758.245422363
2134,724.094787598
2135,732.778808594
2136,753.504882812
2137,708.29486084
2138,738.109313965
2139,689.143432617
2140,688.439819336
2141,654.606933594
2142,692.144226074
2143,738.297851562
2144,729.655456543
2145,742.613891602
2146,697.782958984
2147,698.364501953
2148,704.454406738
2149,727.053222656
2150,707.144897461
2151,702.145324707
2152,741.800537109
2153,755.603515625
2154,796.183105469
2155,661.211914062
2156,798.434814453
2157,724.877929688
2158,688.092407227
2159,767.720031738
2160,694.234985352
2161,727.423156738
2162,770.328125
2163,717.923034668
2164,685.368835449
2165,705.193908691
2166,776.68572998
2167,701.079162598
2168,711.417602539
2169,693.347717285
2170,662.209228516
2171,778.805297852
2172,676.172912598
2173,871.446899414
2174,695.321777344
2175,748.545715332
2176,662.723510742
2177,673.452209473
2178,711.40814209
2179,766.194946289
2180,686.065429688
2181,711.784057617
2182,691.687072754
2183,712.230407715
2184,828.807250977
2185,775.556640625
2186,703.201904297
2187,659.07043457
2188,711.213989258
2189,740.865356445
2190,689.337341309
2191,734.815551758
2192,697.433227539
2193,696.53894043
2194,681.852172852
2195,723.147705078
2196,691.800415039
2197,684.40234375
2198,760.138305664
2199,676.36706543
2200,719.840087891
2201,646.253540039
2202,676.207885742
2203,694.878845215
2204,638.518127441
2205,651.117004395
2206,731.555664062
2207,699.440307617
2208,692.364990234
2209,743.713623047
2210,722.072692871
2211,720.932128906
2212,745.750183105
2213,709.278564453
2214,711.977661133
2215,706.489135742
2216,696.495361328
2217,712.081054688
2218,791.875610352
2219,714.336425781
2220,625.677978516
2221,655.539306641
2222,757.070617676
2223,736.94140625
2224,799.423706055
2225,683.870605469
2226,651.398986816
2227,611.116027832
2228,676.044616699
2229,701.947570801
2230,725.015808105
2231,672.892272949
2232,759.230895996
2233,674.096679688
2234,695.994567871
2235,690.759216309
2236,870.196044922
2237,699.112304688
2238,762.123535156
2239,607.11730957
2240,692.222412109
2241,653.049316406
2242,697.56262207
2243,708.959594727
2244,732.023193359
2245,689.485961914
2246,772.743713379
2247,765.14050293
2248,677.262084961
2249,674.676391602
2250,779.197875977
2251,646.885864258
2252,743.883422852
2253,705.019348145
2254,684.430541992
2255,607.945068359
2256,786.203186035
2257,617.133483887
2258,630.373657227
2259,657.465332031
2260,677.557983398
2261,654.331848145
2262,736.23034668
2263,673.649963379
2264,732.303344727
2265,605.799133301
2266,659.119750977
2267,665.10345459
2268,719.94354248
2269,610.95324707
2270,665.491394043
2271,744.386474609
2272,682.231140137
2273,875.167419434
2274,671.252197266
2275,710.595214844
2276,681.79309082
2277,759.012451172
2278,715.583007812
2279,637.768432617
2280,770.993408203
2281,732.04864502
2282,723.864929199
2283,671.616333008
2284,692.47833252
2285,707.641845703
2286,685.071777344
2287,696.314331055
2288,707.998168945
2289,704.405395508
2290,728.173461914
2291,622.321899414
2292,653.103271484
2293,690.748535156
2294,644.153442383
2295,770.571411133
2296,633.919677734
2297,712.121459961
2298,684.947631836
2299,700.142944336
2300,812.380981445
2301,629.773376465
2302,669.291259766
2303,631.460449219
2304,721.835693359
2305,699.245483398
2306,655.752807617
2307,670.749816895
2308,656.479736328
2309,712.660644531
2310,636.868835449
2311,702.398498535
2312,694.818115234
2313,693.162719727
2314,673.73223877
2315,746.125915527
2316,619.694580078
2317,812.570617676
2318,703.428833008
2319,703.579956055
2320,660.568359375
2321,670.743652344
2322,646.027709961
2323,692.470581055
2324,654.107849121
2325,646.25579834
2326,669.36541748
2327,930.861816406
2328,724.483093262
2329,664.963928223
2330,665.55859375
2331,692.718994141
2332,669.382446289
2333,630.408569336
2334,724.273498535
2335,714.985717773
2336,749.292785645
2337,651.99798584
2338,671.746643066
2339,694.888916016
2340,684.970275879
2341,662.130432129
2342,706.022155762
2343,719.809997559
2344,716.083374023
2345,677.989440918
2346,733.890197754
2347,634.957580566
2348,642.00201416
2349,668.986755371
2350,823.056091309
2351,673.708129883
2352,673.255187988
2353,846.044372559
2354,615.871948242
2355,588.170532227
2356,745.082275391
2357,732.260986328
2358,702.403320312
2359,656.349975586
2360,691.333618164
2361,690.651550293
2362,753.095703125
2363,632.687011719
2364,666.052246094
2365,738.938476562
2366,628.426818848
2367,651.104248047
2368,646.284301758
2369,650.006286621
2370,652.847473145
2371,669.795898438
2372,773.843139648
2373,727.722900391
2374,726.049194336
2375,606.593994141
2376,649.764770508
2377,689.74432373
2378,665.848449707
2379,650.954040527
2380,715.830078125
2381,741.995788574
2382,887.582580566
2383,733.800292969
2384,650.825500488
2385,769.602355957
2386,673.666381836
2387,741.692504883
2388,829.369689941
2389,684.12109375
2390,762.939086914
2391,834.393188477
2392,820.156738281
2393,749.634643555
2394,767.682250977
2395,723.785095215
2396,706.510498047
2397,610.625183105
2398,744.213012695
2399,727.545593262
2400,736.647094727
2401,637.656188965
2402,735.789245605
2403,715.640258789
2404,784.328613281
2405,635.138366699
2406,634.643554688
2407,698.660461426
2408,690.213317871
2409,666.282958984
2410,632.443786621
2411,680.048706055
2412,678.285400391
2413,711.099731445
2414,693.272399902
2415,711.083068848
2416,684.01776123
2417,676.010803223
2418,722.457214355
2419,693.447021484
2420,747.379638672
2421,720.61138916
2422,760.126708984
2423,765.683532715
2424,660.847412109
2425,659.142944336
2426,676.797241211
2427,699.416137695
2428,645.557373047
2429,698.641235352
2430,708.737304688
2431,695.862548828
2432,618.5625
2433,638.46472168
2434,716.151855469
2435,685.979858398
2436,622.15411377
2437,645.585876465
2438,744.069335938
2439,675.736755371
2440,641.511474609
2441,649.864379883
2442,637.977722168
2443,753.954467773
2444,633.939697266
2445,632.553771973
2446,655.691101074
2447,677.574279785
2448,686.238952637
2449,652.273132324
2450,700.650939941
2451,681.248962402
2452,627.901916504
2453,685.894104004
2454,649.906433105
2455,752.55657959
2456,645.340270996
2457,634.655578613
2458,628.752807617
2459,665.018188477
2460,677.573974609
2461,686.554992676
2462,658.567199707
2463,642.356567383
2464,669.444580078
2465,672.475219727
2466,676.161865234
2467,680.002685547
2468,619.488342285
2469,772.080444336
2470,699.659545898
2471,702.558227539
2472,694.373413086
2473,703.15020752
2474,691.063537598
2475,716.429931641
2476,647.474609375
2477,624.934753418
2478,645.432373047
2479,759.404052734
2480,709.469116211
2481,635.107055664
2482,710.99407959
2483,672.352233887
2484,661.825317383
2485,729.254211426
2486,660.711914062
2487,615.889038086
2488,677.14074707
2489,682.149414062
2490,673.391357422
2491,756.078552246
2492,617.512207031
2493,659.575256348
2494,660.430725098
2495,674.007995605
2496,646.189575195
2497,718.407104492
2498,617.760559082
2499,743.107421875
2500,694.502441406
2501,819.544494629
2502,597.574035645
2503,718.693664551
2504,664.379333496
2505,656.825256348
2506,731.045410156
2507,709.561340332
2508,830.11529541
2509,681.686889648
2510,649.498657227
2511,651.93560791
2512,695.567871094
2513,656.518737793
2514,728.661987305
2515,722.536499023
2516,687.030273438
2517,599.406188965
2518,643.506408691
2519,650.636108398
2520,696.710021973
2521,688.296691895
2522,707.516723633
2523,642.373291016
2524,685.073608398
2525,675.154052734
2526,636.594238281
2527,757.315734863
2528,692.127380371
2529,652.717407227
2530,645.414672852
2531,627.421569824
2532,691.265319824
2533,605.988769531
2534,632.826538086
2535,665.026489258
2536,739.833251953
2537,652.475463867
2538,652.19329834
2539,688.159301758
2540,668.070556641
2541,697.633239746
2542,637.601074219
2543,699.837768555
2544,689.65411377
2545,699.556396484
2546,728.719543457
2547,690.436828613
2548,660.519226074
2549,720.005859375
2550,682.067810059
2551,624.466247559
2552,707.326721191
2553,608.755310059
2554,693.300109863
2555,636.774597168
2556,631.302307129
2557,651.629638672
2558,683.475097656
2559,716.625671387
2560,659.989746094
2561,801.618774414
2562,628.656799316
2563,660.382202148
2564,683.130371094
2565,629.971862793
2566,622.008850098
2567,613.25201416
2568,614.330871582
2569,741.216369629
2570,660.94354248
2571,659.48638916
2572,609.885009766
2573,617.288757324
2574,768.086120605
2575,637.498535156
2576,692.092651367
2577,644.714477539
2578,626.994384766
2579,622.469116211
2580,632.519470215
2581,662.196472168
2582,698.215515137
2583,685.428466797
2584,702.706115723
2585,647.799865723
2586,700.612243652
2587,703.631530762
2588,630.88684082
2589,699.735656738
2590,600.432434082
2591,600.035766602
2592,627.453796387
2593,669.227966309
2594,613.041687012
2595,722.072875977
2596,658.250732422
2597,653.322937012
2598,623.514282227
2599,607.889099121
2600,649.757141113
2601,721.290222168
2602,673.384216309
2603,677.008300781
2604,656.641418457
2605,698.415588379
2606,624.226379395
2607,728.079528809
2608,681.072937012
2609,745.654724121
2610,670.364440918
2611,717.540222168
2612,640.989379883
2613,692.450561523
2614,657.622192383
2615,647.293579102
2616,626.88293457
2617,648.557373047
2618,664.859741211
2619,698.873535156
2620,649.554077148
2621,682.263183594
2622,644.592651367
2623,751.35534668
2624,561.476318359
2625,608.820251465
2626,637.773193359
2627,640.234680176
2628,588.019897461
2629,673.824645996
2630,643.991516113
2631,846.487365723
2632,674.878356934
2633,658.512023926
2634,674.168884277
2635,669.040161133
2636,601.760681152
2637,647.553161621
2638,680.046142578
2639,665.428771973
2640,626.038146973
2641,627.221862793
2642,689.550598145
2643,658.598327637
2644,593.233215332
2645,638.093994141
2646,714.155212402
2647,620.362487793
2648,583.548583984
2649,661.480834961
2650,649.874633789
2651,703.80682373
2652,658.797546387
2653,695.841125488
2654,642.361083984
2655,625.282409668
2656,699.526977539
2657,625.50177002
2658,633.016235352
2659,669.494934082
2660,596.334960938
2661,643.779296875
2662,629.614196777
2663,639.246826172
2664,658.466064453
2665,659.431945801
2666,656.254455566
2667,594.974487305
2668,590.159606934
2669,648.216186523
2670,678.473815918
2671,633.969909668
2672,683.191894531
2673,694.733642578
2674,573.537963867
2675,580.392883301
2676,636.342102051
2677,716.176269531
2678,660.362976074
2679,652.457519531
2680,709.567932129
2681,658.744506836
2682,630.718933105
2683,680.083618164
2684,679.829528809
2685,715.00994873
2686,631.397399902
2687,696.665710449
2688,815.561889648
2689,666.959228516
2690,645.020385742
2691,620.151977539
2692,603.438598633
2693,689.638793945
2694,649.624389648
2695,705.705078125
2696,690.01171875
2697,564.322875977
2698,656.282836914
2699,678.964660645
2700,732.910827637
2701,695.610534668
2702,651.518371582
2703,746.42590332
2704,694.157531738
2705,712.885131836
2706,616.137817383
2707,608.215637207
2708,660.439819336
2709,636.575927734
2710,604.861572266
2711,651.815185547
2712,674.868652344
2713,696.175964355
2714,636.105102539
2715,672.282714844
2716,641.508911133
2717,647.485778809
2718,613.87121582
2719,765.952270508
2720,567.980285645
2721,615.522521973
2722,644.304748535
2723,689.21685791
2724,683.760925293
2725,655.29888916
2726,778.538818359
2727,675.278381348
2728,624.088623047
2729,577.58996582
2730,628.734924316
2731,701.07019043
2732,645.578857422
2733,649.134216309
2734,654.803405762
2735,578.248413086
2736,627.290466309
2737,604.56048584
2738,658.773742676
2739,654.58380127
2740,624.698547363
2741,620.812988281
2742,621.346130371
2743,649.341125488
2744,653.559326172
2745,652.697631836
2746,634.039916992
2747,595.113708496
2748,623.363647461
2749,696.485534668
2750,631.832702637
2751,584.853515625
2752,622.355102539
2753,705.873657227
2754,754.591064453
2755,649.428405762
2756,593.492492676
2757,627.77331543
2758,666.071594238
2759,639.66595459
2760,677.198120117
2761,603.059631348
2762,644.469482422
2763,607.706604004
2764,612.124511719
2765,687.12487793
2766,638.094848633
2767,614.525634766
2768,631.996704102
2769,824.060058594
2770,631.255432129
2771,604.118103027
2772,705.160766602
2773,644.49798584
2774,723.350341797
2775,647.124755859
2776,713.80682373
2777,639.049377441
2778,619.862060547
2779,662.878051758
2780,641.95300293
2781,648.275146484
2782,612.194396973
2783,646.826416016
2784,643.677307129
2785,727.734619141
2786,640.514404297
2787,582.956481934
2788,586.251586914
2789,608.789001465
2790,573.693481445
2791,620.876586914
2792,655.233703613
2793,650.441894531
2794,631.84576416
2795,622.766723633
2796,687.797668457
2797,701.454345703
2798,632.511779785
2799,761.993408203
2800,645.241516113
2801,586.893493652
2802,641.313781738
2803,714.711730957
2804,604.855651855
2805,674.040161133
2806,715.59564209
2807,635.85357666
2808,635.657653809
2809,677.990905762
2810,608.938293457
2811,632.738464355
2812,571.330383301
2813,712.43951416
2814,679.398986816
2815,598.541564941
2816,645.467346191
2817,602.526367188
2818,591.99798584
2819,649.437194824
2820,1308.98388672
2821,671.741455078
2822,886.273254395
2823,641.600891113
2824,799.331359863
2825,718.574768066
2826,806.793884277
2827,918.646484375
2828,710.215820312
2829,779.682922363
2830,757.147155762
2831,743.381164551
2832,734.008972168
2833,727.367797852
2834,723.48425293
2835,629.081787109
2836,666.312255859
2837,674.889160156
2838,689.216369629
2839,770.516357422
2840,746.465026855
2841,640.669250488
2842,688.104431152
2843,670.937133789
2844,724.465209961
2845,720.909179688
2846,622.390136719
2847,666.383422852
2848,675.932434082
2849,669.674194336
2850,1078.8861084
2851,683.647827148
2852,694.896240234
2853,674.18560791
2854,673.635925293
2855,915.280029297
2856,680.680297852
2857,715.139648438
2858,918.616088867
2859,727.30255127
2860,721.243652344
2861,653.829467773
2862,829.219970703
2863,703.865722656
2864,840.775024414
2865,690.692565918
2866,685.648986816
2867,705.28894043
2868,728.326171875
2869,666.837585449
2870,666.383666992
2871,594.985656738
2872,1614.49035645
2873,936.708007812
2874,667.517822266
2875,696.047729492
2876,703.662231445
2877,881.360351562
2878,645.067810059
2879,727.345214844
2880,628.817993164
2881,757.636108398
2882,735.859924316
2883,728.967834473
2884,659.575744629
2885,735.568786621
2886,1036.17614746
2887,665.787353516
2888,661.146240234
2889,728.088806152
2890,655.028259277
2891,754.273864746
2892,664.195129395
2893,666.195556641
2894,768.886291504
2895,854.667907715
2896,1343.48620605
2897,672.921081543
2898,737.761779785
2899,759.430969238
2900,646.644592285
2901,626.356079102
2902,767.21307373
2903,1079.70910645
2904,723.66217041
2905,767.851867676
2906,873.238708496
2907,723.303344727
2908,697.922607422
2909,732.232727051
2910,875.653625488
2911,754.387817383
2912,709.967651367
2913,676.11138916
2914,716.162658691
2915,729.873718262
2916,692.762268066
2917,664.604797363
2918,630.276550293
2919,733.058227539
2920,669.110473633
2921,674.342346191
2922,709.145446777
2923,706.665649414
2924,707.441467285
2925,936.429931641
2926,698.083312988
2927,724.83996582
2928,703.133666992
2929,757.893676758
2930,704.921875
2931,631.912353516
2932,719.426818848
2933,668.601196289
2934,691.190856934
2935,695.703796387
2936,723.98651123
2937,692.34161377
2938,667.582824707
2939,650.087219238
2940,659.345703125
2941,661.678405762
2942,647.194030762
2943,671.648132324
2944,710.000671387
2945,820.764892578
2946,643.385192871
2947,743.898498535
2948,628.31048584
2949,665.096801758
2950,887.928039551
2951,669.739746094
2952,765.953857422
2953,608.01751709
2954,722.597595215
2955,631.533996582
2956,674.841796875
2957,645.779968262
2958,661.715270996
2959,638.867370605
2960,701.996582031
2961,630.739379883
2962,719.950683594
2963,709.102233887
2964,579.264709473
2965,649.891296387
2966,653.674865723
2967,690.924987793
2968,644.525390625
2969,742.600891113
2970,580.627929688
2971,635.890441895
2972,584.724609375
2973,617.630249023
2974,577.652587891
2975,617.845947266
2976,662.718017578
2977,613.451171875
2978,625.585449219
2979,590.323181152
2980,615.379455566
2981,800.118652344
2982,627.873779297
2983,732.122009277
2984,595.159851074
2985,571.744384766
2986,638.363342285
2987,602.237609863
2988,548.116699219
2989,636.21472168
2990,601.909667969
2991,768.558349609
2992,683.09387207
2993,833.675048828
2994,679.093139648
2995,607.344116211
2996,626.528442383
2997,593.660522461
2998,766.125976562
2999,629.177490234
3000,699.040222168
3001,630.932006836
3002,720.761962891
3003,645.346923828
3004,689.535339355
3005,582.848266602
3006,575.723571777
3007,623.174377441
3008,616.120727539
3009,633.485168457
3010,618.072143555
3011,610.53894043
3012,621.775878906
3013,627.771118164
3014,598.715454102
3015,631.637878418
3016,621.927978516
3017,699.218261719
3018,602.687255859
3019,708.073730469
3020,620.86340332
3021,607.039428711
3022,630.632263184
3023,586.264709473
3024,633.489379883
3025,693.299316406
3026,619.929992676
3027,674.912658691
3028,652.31439209
3029,637.15020752
3030,578.160888672
3031,602.341491699
3032,641.346252441
3033,669.807556152
3034,691.47442627
3035,661.067077637
3036,688.114318848
3037,724.113586426
3038,793.458740234
3039,698.505432129
3040,694.625976562
3041,648.306274414
3042,591.169616699
3043,618.541870117
3044,551.069824219
3045,585.921508789
3046,648.574584961
3047,588.695068359
3048,618.347839355
3049,581.027770996
3050,603.309143066
3051,590.354980469
3052,611.408447266
3053,612.124511719
3054,594.003112793
3055,708.099914551
3056,630.00213623
3057,659.827209473
3058,524.162719727
3059,577.905517578
3060,652.218017578
3061,613.527954102
3062,704.371337891
3063,615.180053711
3064,682.186157227
3065,617.627380371
3066,593.602844238
3067,682.971313477
3068,671.252929688
3069,600.86529541
3070,603.469238281
3071,628.564880371
3072,646.469543457
3073,615.789123535
3074,639.949462891
3075,579.051635742
3076,629.84387207
3077,628.549560547
3078,616.41796875
3079,613.542724609
3080,638.149047852
3081,690.59197998
3082,592.909057617
3083,687.785217285
3084,682.385009766
3085,619.423095703
3086,666.98223877
3087,615.287597656
3088,615.276916504
3089,584.746765137
3090,576.300964355
3091,753.980834961
3092,643.880554199
3093,656.26385498
3094,578.352355957
3095,583.534484863
3096,586.510009766
3097,589.12298584
3098,615.681335449
3099,619.602722168
3100,636.92010498
3101,649.657897949
3102,596.012023926
3103,631.841125488
3104,645.541809082
3105,610.828369141
3106,600.122802734
3107,596.366394043
3108,637.158325195
3109,586.842346191
3110,663.155395508
3111,580.253601074
3112,624.324462891
3113,631.315063477
3114,604.414916992
3115,625.213684082
3116,637.530273438
3117,641.352539062
3118,634.787658691
3119,610.42401123
3120,975.233642578
3121,623.434875488
3122,580.553283691
3123,643.311889648
3124,658.602722168
3125,772.779724121
3126,631.162414551
3127,720.697937012
3128,671.688659668
3129,740.076965332
3130,681.098693848
3131,773.025634766
3132,633.809509277
3133,675.217895508
3134,602.87310791
3135,701.098937988
3136,1259.24487305
3137,784.882141113
3138,759.886535645
3139,719.146057129
3140,634.286315918
3141,637.836547852
3142,678.467346191
3143,693.678100586
3144,650.44732666
3145,644.760803223
3146,657.92779541
3147,635.767822266
3148,590.523071289
3149,668.56439209
3150,633.929321289
3151,679.557373047
3152,610.02532959
3153,611.491943359
3154,654.653320312
3155,642.219604492
3156,734.446899414
3157,649.335693359
3158,651.494995117
3159,587.074890137
3160,581.254760742
3161,691.256103516
3162,607.170349121
3163,656.611022949
3164,595.897277832
3165,607.285705566
3166,615.216552734
3167,634.424499512
3168,602.468322754
3169,574.925231934
3170,627.605651855
3171,581.124450684
3172,658.419250488
3173,638.752197266
3174,564.175964355
3175,560.009643555
3176,601.275939941
3177,670.830749512
3178,621.383728027
3179,668.877563477
3180,553.340942383
3181,597.829956055
3182,535.244873047
3183,613.969970703
3184,663.362060547
3185,602.493774414
3186,635.575927734
3187,626.450622559
3188,742.671936035
3189,680.045410156
3190,570.426757812
3191,625.007446289
3192,538.613525391
3193,645.69519043
3194,572.897460938
3195,576.027954102
3196,666.473327637
3197,691.258239746
3198,582.810546875
3199,553.285888672
3200,624.399780273
3201,560.740966797
3202,614.258605957
3203,639.253112793
3204,557.159545898
3205,584.075378418
3206,605.370422363
3207,745.43548584
3208,610.955505371
3209,607.00604248
3210,670.080444336
3211,604.619689941
3212,616.597839355
3213,645.202880859
3214,584.632568359
3215,557.812255859
3216,619.365966797
3217,543.897766113
3218,639.990539551
3219,637.834472656
3220,674.979064941
3221,607.622192383
3222,642.675537109
3223,603.467773438
3224,603.32409668
3225,616.664306641
3226,667.880493164
3227,589.87689209
3228,586.321594238
3229,636.433288574
3230,609.95892334
3231,576.948913574
3232,547.584289551
3233,607.059448242
3234,621.637268066
3235,645.625854492
3236,614.961975098
3237,633.908874512
3238,608.166748047
3239,644.524658203
3240,653.936889648
3241,570.582458496
3242,540.950012207
3243,580.53717041
3244,573.131835938
3245,553.632995605
3246,578.545837402
3247,558.138000488
3248,674.84564209
3249,589.328918457
3250,752.72869873
3251,608.894165039
3252,616.994873047
3253,622.683349609
3254,600.044799805
3255,648.195251465
3256,711.154052734
3257,623.483825684
3258,609.782714844
3259,531.364257812
3260,582.279724121
3261,576.265258789
3262,695.932617188
3263,582.850524902
3264,545.743896484
3265,633.411987305
3266,565.048828125
3267,593.900024414
3268,658.845703125
3269,580.108520508
3270,615.812133789
3271,548.922241211
3272,597.07421875
3273,717.094055176
3274,653.572753906
3275,581.715087891
3276,611.184448242
3277,657.922668457
3278,606.24029541
3279,582.56427002
3280,647.736328125
3281,631.793151855
3282,579.755981445
3283,555.975891113
3284,551.450256348
3285,732.18927002
3286,644.693237305
3287,556.102783203
3288,553.563842773
3289,575.850524902
3290,566.903259277
3291,570.36340332
3292,595.172119141
3293,596.563537598
3294,742.918151855
3295,569.155822754
3296,618.023010254
3297,558.520202637
3298,613.245056152
3299,608.496398926
3300,516.503967285
3301,629.571350098
3302,566.649475098
3303,575.781677246
3304,727.072937012
3305,554.676513672
3306,656.277282715
3307,586.035339355
3308,602.936584473
3309,633.61340332
3310,569.511413574
3311,615.546508789
3312,610.559265137
3313,578.820251465
3314,479.687835693
3315,660.322387695
3316,553.338745117
3317,629.190795898
3318,552.779052734
3319,686.684753418
3320,552.726623535
3321,607.106933594
3322,604.511047363
3323,651.209777832
3324,571.208679199
3325,617.357727051
3326,619.011962891
3327,634.852844238
3328,584.034484863
3329,551.049987793
3330,631.279968262
3331,597.186889648
3332,646.215087891
3333,592.995605469
3334,559.008178711
3335,587.35723877
3336,555.995056152
3337,553.215026855
3338,655.418701172
3339,623.150024414
3340,603.830322266
3341,570.932617188
3342,663.763549805
3343,588.498352051
3344,565.213867188
3345,567.512268066
3346,634.340759277
3347,611.20489502
3348,577.185180664
3349,671.35760498
3350,562.634094238
3351,654.314147949
3352,667.303405762
3353,607.602294922
3354,648.793518066
3355,618.47454834
3356,555.268737793
3357,598.719360352
3358,659.510253906
3359,592.405212402
3360,551.485778809
3361,1603.37097168
3362,595.968688965
3363,609.214111328
3364,571.869812012
3365,554.930297852
3366,576.644042969
3367,592.052368164
3368,612.922180176
3369,634.086791992
3370,584.334289551
3371,563.071411133
3372,572.883117676
3373,577.114929199
3374,557.884887695
3375,595.584838867
3376,579.468078613
3377,612.105957031
3378,561.789672852
3379,585.192443848
3380,641.69152832
3381,672.799682617
3382,547.407836914
3383,572.098266602
3384,552.398681641
3385,619.305480957
3386,620.394165039
3387,582.678100586
3388,647.603393555
3389,681.404296875
3390,593.41027832
3391,549.937255859
3392,570.487670898
3393,539.70904541
3394,560.636535645
3395,571.6875
3396,564.991271973
3397,634.897155762
3398,690.121826172
3399,640.214416504
3400,665.919311523
3401,541.293640137
3402,611.614013672
3403,561.656188965
3404,566.243103027
3405,572.365783691
3406,658.60369873
3407,580.53137207
3408,615.721313477
3409,570.330810547
3410,528.66809082
3411,538.495727539
3412,579.253234863
3413,661.326477051
3414,727.077880859
3415,543.317687988
3416,662.763793945
3417,587.706420898
3418,544.728210449
3419,565.455383301
3420,610.612060547
3421,591.306274414
3422,556.825561523
3423,612.830444336
3424,565.455078125
3425,656.229064941
3426,598.51953125
3427,616.403442383
3428,557.841491699
3429,570.811950684
3430,663.039428711
3431,557.958190918
3432,487.976318359
3433,627.475402832
3434,530.567871094
3435,560.984802246
3436,574.344726562
3437,581.617431641
3438,585.935058594
3439,592.166381836
3440,626.070495605
3441,558.028198242
3442,601.786010742
3443,654.184448242
3444,580.600280762
3445,539.051818848
3446,545.065734863
3447,590.708984375
3448,621.929626465
3449,558.695617676
3450,656.267272949
3451,627.015930176
3452,633.642028809
3453,560.334716797
3454,541.366088867
3455,587.791015625
3456,553.026977539
3457,631.829467773
3458,613.292785645
3459,525.645446777
3460,657.239990234
3461,493.668304443
3462,550.637573242
3463,587.298461914
3464,551.009521484
3465,534.987548828
3466,590.939819336
3467,607.498657227
3468,568.140625
3469,561.055114746
3470,579.614257812
3471,617.83203125
3472,622.622924805
3473,559.937988281
3474,666.813964844
3475,576.724731445
3476,558.487670898
3477,582.690856934
3478,599.77166748
3479,581.133911133
3480,618.04095459
3481,603.419494629
3482,623.42755127
3483,610.774597168
3484,609.044799805
3485,523.172546387
3486,598.135559082
3487,650.247619629
3488,641.672302246
3489,656.028259277
3490,591.239318848
3491,642.263183594
3492,572.717834473
3493,691.04864502
3494,545.334716797
3495,637.20111084
3496,564.233276367
3497,583.337768555
3498,561.86706543
3499,674.248657227
3500,522.513916016
3501,572.285888672
3502,567.385620117
3503,618.257568359
3504,541.771972656
3505,536.110290527
3506,635.999938965
3507,582.146240234
3508,605.452392578
3509,569.201721191
3510,568.12878418
3511,538.056030273
3512,564.385498047
3513,553.884094238
3514,667.294433594
3515,563.907470703
3516,568.369506836
3517,634.326782227
3518,513.198242188
3519,585.529174805
3520,661.861083984
3521,649.392150879
3522,562.128112793
3523,575.742126465
3524,567.635742188
3525,643.06060791
3526,593.303222656
3527,501.445220947
3528,565.370117188
3529,551.824645996
3530,565.630371094
3531,576.153259277
3532,592.972900391
3533,529.251342773
3534,566.668457031
3535,581.603515625
3536,578.535217285
3537,572.993835449
3538,519.092346191
3539,574.442016602
3540,548.395751953
3541,572.816894531
3542,635.127075195
3543,597.389221191
3544,588.078430176
3545,714.956726074
3546,595.136779785
3547,598.449523926
3548,561.651672363
3549,533.936828613
3550,559.025939941
3551,545.447631836
3552,623.29095459
3553,554.094360352
3554,617.216491699
3555,598.752197266
3556,586.975952148
3557,590.61895752
3558,549.774902344
3559,554.390808105
3560,564.533630371
3561,547.426147461
3562,661.137451172
3563,610.626464844
3564,659.721557617
3565,564.756713867
3566,676.040893555
3567,590.993896484
3568,637.463012695
3569,545.258422852
3570,610.510864258
3571,478.859771729
3572,570.719970703
3573,625.697753906
3574,586.503417969
3575,570.889221191
3576,541.459350586
3577,603.337280273
3578,627.384338379
3579,569.341369629
3580,641.973388672
3581,531.615112305
3582,548.652404785
3583,548.796386719
3584,636.068908691
3585,599.788513184
3586,641.93157959
3587,558.1875
3588,540.522583008
3589,540.842041016
3590,549.214233398
3591,599.381896973
3592,643.697570801
3593,554.259765625
3594,546.058837891
3595,557.920715332
3596,609.91003418
3597,593.567077637
3598,570.077941895
3599,540.492492676
3600,557.264953613
