0,57512.0117188
1,35649.2695312
2,27203.5058594
3,20906.5566406
4,18811.1425781
5,14625.1220703
6,12096.8330078
7,11314.0595703
8,11137.4492188
9,9500.49804688
10,8909.45898438
11,8565.95800781
12,9135.57714844
13,7772.04296875
14,7526.95800781
15,7462.82714844
16,7209.90673828
17,7110.80419922
18,6841.30322266
19,6514.42822266
20,6750.50878906
21,6293.72558594
22,7073.85986328
23,6036.35302734
24,5684.52294922
25,5750.74511719
26,5922.18457031
27,6049.53125
28,5434.22998047
29,5592.48730469
30,5464.50830078
31,5437.42480469
32,5041.23876953
33,5616.08300781
34,5236.42529297
35,5045.33447266
36,4992.3203125
37,4760.13085938
38,5006.42333984
39,5174.36425781
40,4584.55126953
41,5447.81396484
42,4750.19384766
43,4852.25195312
44,4611.42285156
45,4446.95849609
46,4517.93847656
47,4730.95849609
48,4766.05078125
49,4579.28417969
50,4558.89306641
51,4422.76074219
52,4326.01904297
53,4302.70458984
54,3925.07275391
55,3939.23242188
56,4071.50585938
57,4112.31835938
58,3957.0222168
59,4134.37451172
60,4412.75390625
61,4255.67529297
62,3875.70947266
63,3873.3684082
64,3914.88134766
65,4146.20556641
66,3632.57568359
67,3720.48217773
68,3712.47387695
69,3780.41796875
70,3909.00585938
71,3850.23291016
72,3485.06884766
73,3742.66870117
74,3573.39794922
75,3416.59204102
76,3830.60058594
77,3160.05859375
78,3660.64282227
79,3258.65087891
80,2959.90576172
81,3157.75830078
82,3010.21630859
83,2855.59667969
84,2981.71923828
85,3197.66333008
86,2934.23144531
87,2735.2175293
88,2894.76782227
89,3156.17089844
90,2590.9777832
91,2840.27539062
92,2746.42163086
93,2772.79199219
94,2479.67602539
95,2549.6328125
96,2277.76904297
97,2286.79077148
98,2361.31762695
99,2435.67871094
100,2446.48901367
101,2262.79760742
102,2293.1940918
103,2212.921875
104,1980.45397949
105,2100.89819336
106,1974.43847656
107,2126.52685547
108,2249.49291992
109,1915.75646973
110,2069.58422852
111,1882.83105469
112,1988.86035156
113,1810.44262695
114,1687.90087891
115,1733.82336426
116,1804.22363281
117,1823.83532715
118,1839.58752441
119,1745.61608887
120,1809.98950195
121,1684.29699707
122,1591.03808594
123,1746.08532715
124,1502.78796387
125,1756.68066406
126,1565.4498291
127,1698.85632324
128,1635.92431641
129,1624.48046875
130,1649.57043457
131,1599.16552734
132,1614.94055176
133,1584.60754395
134,1566.9432373
135,1654.30725098
136,1624.28283691
137,1582.67272949
138,1600.03369141
139,1507.14440918
140,1524.52380371
141,1480.81079102
142,1487.01489258
143,1454.32727051
144,1436.10742188
145,1534.32275391
146,1421.21740723
147,1587.30126953
148,1517.9855957
149,1505.47949219
150,1601.40087891
151,1466.77160645
152,1507.48852539
153,1482.78198242
154,1442.83544922
155,1486.13830566
156,1609.48706055
157,1500.1295166
158,1492.50085449
159,1466.15197754
160,1438.49243164
161,1454.31213379
162,1516.9642334
163,1553.69006348
164,1434.47436523
165,1504.82653809
166,1557.77233887
167,1416.90368652
168,1493.33886719
169,1475.76538086
170,1534.98254395
171,1357.8137207
172,1356.36877441
173,1406.9185791
174,1376.72143555
175,1492.14855957
176,1348.74780273
177,1403.23046875
178,1497.67163086
179,1303.67663574
180,1349.10900879
181,1457.97106934
182,1317.1184082
183,1355.22399902
184,1404.70410156
185,1329.46569824
186,1380.74499512
187,1338.0189209
188,1326.72851562
189,1335.88623047
190,1462.85827637
191,1425.25952148
192,1357.20458984
193,1284.83007812
194,1326.78283691
195,1290.08654785
196,1182.21887207
197,1297.1574707
198,1262.31347656
199,1332.17138672
200,1350.21643066
201,1251.20800781
202,1366.04406738
203,1338.55065918
204,1190.9206543
205,1379.78027344
206,1269.41552734
207,1347.16540527
208,1306.94238281
209,1319.74084473
210,1190.28564453
211,1281.3873291
212,1431.52075195
213,1245.58605957
214,1282.21472168
215,1362.99768066
216,1282.81872559
217,1283.02355957
218,1349.12109375
219,1386.88085938
220,1257.97717285
221,1228.80505371
222,1237.66162109
223,1285.57287598
224,1259.45275879
225,1323.27038574
226,1259.13708496
227,1272.78527832
228,1323.44628906
229,1198.41308594
230,1214.89697266
231,1268.58508301
232,1247.92114258
233,1267.41906738
234,1197.64538574
235,1153.40710449
236,1223.95837402
237,1189.29650879
238,1189.51379395
239,1187.13452148
240,1292.70153809
241,1204.51086426
242,1184.23510742
243,1171.80859375
244,1349.63769531
245,1333.625
246,1233.50866699
247,1315.06896973
248,1092.28686523
249,1264.93762207
250,1254.04931641
251,1154.63183594
252,1187.16235352
253,1279.25354004
254,1266.35083008
255,1215.20300293
256,1155.73852539
257,1074.68652344
258,1161.70788574
259,1263.49621582
260,1341.89807129
261,1145.46142578
262,1179.39538574
263,1194.29345703
264,1259.92272949
265,1249.26416016
266,1144.17260742
267,1250.75219727
268,1222.7722168
269,1179.71948242
270,1121.97216797
271,1232.93566895
272,1167.13415527
273,1170.49243164
274,1129.98522949
275,1117.78796387
276,1167.42773438
277,1041.96118164
278,1111.57385254
279,1243.14782715
280,1146.08618164
281,1050.04003906
282,1094.13000488
283,1158.68432617
284,1113.30432129
285,1109.69238281
286,1013.33972168
287,1091.77075195
288,1167.32006836
289,1119.55810547
290,1176.10632324
291,1115.45849609
292,1186.03833008
293,1098.99841309
294,1138.78942871
295,1008.28894043
296,1090.64208984
297,1025.86120605
298,1096.06311035
299,1172.9588623
300,1082.93017578
301,1080.93823242
302,1116.77001953
303,1157.41748047
304,1142.44592285
305,1108.26599121
306,1054.66320801
307,1104.68200684
308,1108.92333984
309,1080.10046387
310,1110.9630127
311,1185.8692627
312,1092.52392578
313,1111.14318848
314,1088.74450684
315,1056.31896973
316,1080.66931152
317,1097.93225098
318,1013.82745361
319,1189.60058594
320,1041.1328125
321,1141.35742188
322,1074.14001465
323,1142.13342285
324,1112.75097656
325,1123.52893066
326,1035.8515625
327,1051.32531738
328,1102.19104004
329,1022.07836914
330,1136.00952148
331,984.166320801
332,1099.5020752
333,1202.97155762
334,1062.63476562
335,951.390869141
336,1060.27124023
337,966.684509277
338,1093.76538086
339,1040.41296387
340,1042.36889648
341,1058.65087891
342,1119.02807617
343,1136.08642578
344,996.982910156
345,1162.76635742
346,1043.62243652
347,1070.54162598
348,1035.06396484
349,991.215881348
350,1019.99121094
351,1071.70996094
352,1092.59838867
353,986.219726562
354,1041.9083252
355,1004.27587891
356,1041.32824707
357,1024.58288574
358,1014.97460938
359,1058.24401855
360,978.338256836
361,1005.91625977
362,1052.77770996
363,1118.50476074
364,995.364318848
365,1060.80883789
366,1037.54016113
367,1074.91223145
368,1047.7442627
369,1076.33605957
370,1159.94348145
371,1007.31402588
372,1086.44042969
373,1123.18139648
374,1012.98638916
375,1049.5111084
376,1083.58984375
377,1070.70678711
378,1103.93798828
379,977.250305176
380,998.358154297
381,1029.44616699
382,1057.04846191
383,965.005981445
384,998.821533203
385,1093.36401367
386,1065.58679199
387,1001.38781738
388,1074.56115723
389,1020.33117676
390,968.868347168
391,977.638793945
392,1041.42907715
393,1066.26501465
394,1124.92150879
395,1022.79211426
396,961.34362793
397,996.166687012
398,1053.05029297
399,1028.94470215
400,991.71282959
401,1022.86877441
402,997.199890137
403,978.444458008
404,1054.34765625
405,976.80255127
406,953.613708496
407,1023.5480957
408,949.003295898
409,1015.7109375
410,948.046875
411,963.368713379
412,957.517211914
413,1082.72033691
414,1038.31750488
415,999.455200195
416,978.914733887
417,1002.19171143
418,1001.12310791
419,875.403930664
420,966.096313477
421,1062.92175293
422,988.867736816
423,1065.73876953
424,1044.96142578
425,1041.14013672
426,952.997436523
427,961.234069824
428,955.372192383
429,945.068969727
430,929.968566895
431,1025.19470215
432,987.65814209
433,921.486877441
434,964.487670898
435,963.728271484
436,1026.25463867
437,1039.16687012
438,1035.20141602
439,1038.57080078
440,971.589599609
441,927.96661377
442,1042.5513916
443,986.859375
444,993.946655273
445,881.460693359
446,1023.00378418
447,1002.58166504
448,994.92199707
449,947.411804199
450,958.982788086
451,975.302368164
452,974.937805176
453,1041.32653809
454,966.759643555
455,955.212219238
456,1067.8972168
457,965.370605469
458,1020.99743652
459,919.164916992
460,938.350524902
461,837.313232422
462,934.26184082
463,1015.28131104
464,1005.51269531
465,987.858947754
466,983.449707031
467,903.820983887
468,983.131408691
469,995.574035645
470,974.08984375
471,1018.90118408
472,953.649475098
473,993.400085449
474,888.892578125
475,1034.0135498
476,958.518676758
477,931.298339844
478,1030.57580566
479,960.79888916
480,947.985595703
481,935.721862793
482,981.472839355
483,866.578613281
484,1001.11743164
485,928.403930664
486,1020.56396484
487,998.687194824
488,972.449279785
489,1025.80493164
490,909.03692627
491,975.590026855
492,1027.9564209
493,973.897888184
494,903.244384766
495,925.840759277
496,1024.8260498
497,954.500610352
498,911.713012695
499,903.84588623
500,932.353393555
501,930.675720215
502,943.454467773
503,880.700439453
504,941.260314941
505,971.668457031
506,872.783996582
507,949.94342041
508,971.17590332
509,929.337524414
510,856.187988281
511,920.957214355
512,883.273986816
513,909.72253418
514,876.303405762
515,934.849914551
516,908.684387207
517,933.968200684
518,960.826660156
519,914.711730957
520,996.22644043
521,858.445129395
522,931.094909668
523,914.172912598
524,939.7265625
525,894.950073242
526,936.5234375
527,889.010803223
528,845.252502441
529,929.308776855
530,898.962646484
531,989.93927002
532,883.66809082
533,888.102172852
534,956.840148926
535,912.475830078
536,979.252746582
537,920.815979004
538,987.819641113
539,863.227600098
540,867.71661377
541,921.252502441
542,840.098510742
543,887.524780273
544,880.085205078
545,984.83392334
546,914.49822998
547,944.152160645
548,917.383911133
549,882.487854004
550,952.913513184
551,894.896789551
552,836.913574219
553,912.738830566
554,841.204772949
555,935.270446777
556,873.231262207
557,871.393981934
558,831.208435059
559,955.314025879
560,908.312194824
561,846.628173828
562,898.926574707
563,962.709228516
564,879.034729004
565,927.237731934
566,880.151794434
567,876.752502441
568,877.927978516
569,839.043945312
570,857.932128906
571,918.047912598
572,907.046386719
573,920.133728027
574,880.377563477
575,885.291137695
576,896.402038574
577,869.522888184
578,889.245666504
579,911.780944824
580,866.303100586
581,942.106689453
582,844.590209961
583,891.574523926
584,954.378112793
585,908.524780273
586,888.151550293
587,840.206176758
588,919.563781738
589,925.515319824
590,840.765625
591,866.772644043
592,812.083068848
593,826.547607422
594,860.180725098
595,941.799987793
596,898.604370117
597,885.998291016
598,778.899780273
599,826.173339844
600,821.06451416
601,932.242797852
602,907.989929199
603,862.816955566
604,842.58972168
605,852.170288086
606,873.743164062
607,878.213806152
608,866.114501953
609,833.147827148
610,899.364135742
611,793.909179688
612,833.132202148
613,885.051879883
614,830.991577148
615,992.01184082
616,863.715087891
617,914.614135742
618,834.662963867
619,878.039733887
620,959.10357666
621,897.674194336
622,948.839477539
623,884.483276367
624,901.803771973
625,805.331726074
626,832.23614502
627,975.908935547
628,900.786193848
629,884.51159668
630,922.403198242
631,871.805236816
632,913.394348145
633,823.944152832
634,923.522644043
635,793.874206543
636,891.346557617
637,818.166931152
638,905.41607666
639,850.05090332
640,873.138793945
641,887.707641602
642,830.781433105
643,810.91229248
644,879.011291504
645,903.48248291
646,880.287658691
647,750.131774902
648,886.750549316
649,861.638244629
650,920.084472656
651,881.625976562
652,839.754089355
653,793.087524414
654,743.392883301
655,926.025390625
656,889.606628418
657,861.265258789
658,750.700012207
659,836.791748047
660,876.03326416
661,808.410583496
662,796.355957031
663,846.934204102
664,866.366149902
665,818.63067627
666,858.055725098
667,850.358215332
668,892.534851074
669,923.520690918
670,791.867492676
671,772.280822754
672,812.530029297
673,906.861083984
674,811.15234375
675,804.590698242
676,820.205505371
677,796.652832031
678,804.265686035
679,805.109130859
680,860.451843262
681,794.809143066
682,847.018981934
683,863.973876953
684,786.478942871
685,810.05279541
686,866.202453613
687,911.577209473
688,849.583068848
689,780.399108887
690,804.117797852
691,864.603149414
692,843.778198242
693,940.087097168
694,826.658569336
695,855.666870117
696,788.483093262
697,806.211730957
698,817.212890625
699,815.750610352
700,794.677307129
701,803.924438477
702,928.639587402
703,787.835510254
704,769.365661621
705,880.28302002
706,788.266235352
707,812.570922852
708,858.257263184
709,855.367431641
710,855.951599121
711,851.285888672
712,878.63104248
713,907.654418945
714,864.649719238
715,806.745788574
716,900.442871094
717,832.048217773
718,829.65411377
719,819.433837891
720,811.243469238
721,770.240966797
722,879.254455566
723,838.406860352
724,859.216674805
725,808.059143066
726,855.086730957
727,810.269775391
728,817.347167969
729,792.35534668
730,869.29498291
731,773.073303223
732,814.040100098
733,784.826965332
734,815.144470215
735,777.151489258
736,795.900512695
737,909.895996094
738,781.385498047
739,845.373352051
740,802.89642334
741,784.3359375
742,839.494628906
743,850.176574707
744,798.515869141
745,744.178466797
746,847.946166992
747,787.480285645
748,866.345703125
749,848.596069336
750,821.296936035
751,890.516662598
752,912.244995117
753,843.594360352
754,804.817382812
755,815.912719727
756,824.268554688
757,924.932983398
758,801.169799805
759,730.215881348
760,771.607666016
761,835.386535645
762,774.279296875
763,808.959533691
764,864.391662598
765,844.972900391
766,809.439941406
767,953.724060059
768,769.353637695
769,837.842712402
770,848.311157227
771,854.903686523
772,806.321350098
773,778.450561523
774,712.336791992
775,749.550598145
776,753.563781738
777,781.12902832
778,881.085266113
779,770.866210938
780,773.501220703
781,841.869750977
782,806.562255859
783,767.375854492
784,799.642822266
785,823.899169922
786,796.352172852
787,901.394836426
788,788.375
789,772.866760254
790,875.014526367
791,802.844604492
792,782.875183105
793,783.088439941
794,785.567443848
795,783.428283691
796,767.664978027
797,809.508300781
798,840.604614258
799,796.034179688
800,766.982543945
801,794.633056641
802,729.6640625
803,776.256530762
804,811.233032227
805,797.396179199
806,782.807434082
807,736.015808105
808,849.991577148
809,815.153198242
810,814.54083252
811,774.835693359
812,836.817138672
813,778.170776367
814,760.591796875
815,807.347839355
816,736.821289062
817,739.258117676
818,765.535095215
819,776.63848877
820,772.599731445
821,750.769470215
822,776.586853027
823,771.51385498
824,764.65057373
825,740.754211426
826,753.285339355
827,715.955749512
828,798.929626465
829,826.326049805
830,823.307800293
831,784.836914062
832,787.569030762
833,842.350830078
834,859.166564941
835,795.411193848
836,711.089355469
837,818.006652832
838,845.513305664
839,772.686218262
840,797.045043945
841,759.334960938
842,765.258789062
843,798.158081055
844,797.438171387
845,765.17590332
846,837.421142578
847,774.560546875
848,737.159790039
849,746.008056641
850,748.900634766
851,786.341430664
852,822.355102539
853,791.885803223
854,777.907226562
855,761.752624512
856,865.324279785
857,722.022644043
858,729.677001953
859,819.530944824
860,822.52557373
861,806.078735352
862,792.581054688
863,713.77355957
864,747.440551758
865,795.462036133
866,769.479858398
867,746.558227539
868,833.878540039
869,727.074951172
870,814.380493164
871,811.15246582
872,734.048156738
873,800.909973145
874,772.823242188
875,745.024902344
876,755.668701172
877,727.106628418
878,765.626220703
879,733.237976074
880,745.101623535
881,750.797668457
882,756.882080078
883,762.395874023
884,720.939575195
885,759.717651367
886,811.391052246
887,828.853210449
888,725.247924805
889,773.889282227
890,735.330688477
891,771.933410645
892,735.494995117
893,816.729736328
894,727.192810059
895,787.565307617
896,792.485595703
897,757.876037598
898,817.127258301
899,697.262878418
900,801.008972168
901,734.336547852
902,765.317443848
903,822.485839844
904,768.014160156
905,746.159790039
906,749.528747559
907,723.335449219
908,711.362854004
909,757.720031738
910,763.458374023
911,726.940124512
912,723.293334961
913,712.457519531
914,772.729736328
915,752.850341797
916,757.459106445
917,750.579772949
918,732.45916748
919,706.249938965
920,649.438903809
921,703.712768555
922,781.144287109
923,799.723815918
924,699.558227539
925,779.878051758
926,732.422912598
927,748.796020508
928,784.58404541
929,798.566162109
930,727.297668457
931,778.237731934
932,746.413269043
933,798.187927246
934,787.929992676
935,660.84588623
936,788.547302246
937,760.042114258
938,772.435974121
939,806.956726074
940,747.684326172
941,738.538452148
942,779.273864746
943,801.403869629
944,763.438537598
945,766.892700195
946,769.52545166
947,794.826843262
948,748.92010498
949,774.693115234
950,737.359069824
951,828.769165039
952,793.130554199
953,745.269226074
954,742.657043457
955,723.73815918
956,820.023254395
957,775.019714355
958,753.978637695
959,742.849853516
960,755.267089844
961,728.832458496
962,738.356262207
963,728.876342773
964,743.365905762
965,761.398803711
966,748.658325195
967,795.142822266
968,721.57043457
969,777.29107666
970,732.855102539
971,772.53326416
972,814.18371582
973,769.090209961
974,770.399475098
975,770.543273926
976,741.261352539
977,776.595275879
978,792.94744873
979,767.353637695
980,696.313659668
981,720.829162598
982,786.0625
983,729.391296387
984,786.091491699
985,711.218078613
986,750.652038574
987,725.211608887
988,746.895690918
989,715.846374512
990,708.679321289
991,678.15838623
992,665.948547363
993,717.124572754
994,746.003967285
995,682.429199219
996,742.540710449
997,660.960998535
998,684.206054688
999,716.444946289
1000,758.479797363
1001,695.132324219
1002,719.008972168
1003,732.514343262
1004,783.205383301
1005,767.233337402
1006,756.531555176
1007,730.750427246
1008,723.778747559
1009,711.270446777
1010,724.042053223
1011,767.857299805
1012,754.258666992
1013,709.867614746
1014,698.552429199
1015,821.40612793
1016,732.141601562
1017,693.308349609
1018,711.714477539
1019,671.376586914
1020,771.772644043
1021,770.587280273
1022,769.827392578
1023,759.886291504
1024,702.048278809
1025,783.642456055
1026,771.924804688
1027,675.047241211
1028,750.464660645
1029,741.329772949
1030,803.980651855
1031,731.289978027
1032,738.40020752
1033,760.130859375
1034,760.537536621
1035,675.680480957
1036,744.012268066
1037,669.693115234
1038,726.148986816
1039,676.803161621
1040,671.7109375
1041,745.453186035
1042,754.869812012
1043,719.812805176
1044,719.301330566
1045,729.467712402
1046,722.777893066
1047,809.715820312
1048,694.92755127
1049,794.881652832
1050,726.431762695
1051,765.904968262
1052,699.698242188
1053,719.830200195
1054,824.012817383
1055,671.757385254
1056,774.630859375
1057,695.067138672
1058,724.173278809
1059,728.116088867
1060,704.190246582
1061,739.209228516
1062,724.22857666
1063,757.50213623
1064,686.383056641
1065,747.010192871
1066,777.416992188
1067,752.881225586
1068,723.475891113
1069,735.93157959
1070,666.562866211
1071,767.215759277
1072,717.484924316
1073,693.575744629
1074,693.907165527
1075,741.956726074
1076,790.94317627
1077,755.349182129
1078,752.783325195
1079,689.836791992
1080,733.845581055
1081,691.38885498
1082,690.790466309
1083,741.037658691
1084,740.699462891
1085,657.466796875
1086,682.690917969
1087,725.187011719
1088,707.146240234
1089,703.552124023
1090,771.004638672
1091,726.074157715
1092,750.698913574
1093,779.440612793
1094,772.302062988
1095,698.190429688
1096,698.00982666
1097,655.11328125
1098,744.691589355
1099,721.134033203
1100,710.927307129
1101,704.998962402
1102,700.694458008
1103,679.568908691
1104,637.973327637
1105,703.546264648
1106,704.835205078
1107,749.153625488
1108,738.583190918
1109,680.488342285
1110,706.508300781
1111,715.626220703
1112,665.361938477
1113,666.209472656
1114,702.684082031
1115,754.114624023
1116,699.526855469
1117,711.94543457
1118,745.995117188
1119,748.107299805
1120,730.798706055
1121,743.536865234
1122,701.136169434
1123,765.058532715
1124,700.989379883
1125,742.229431152
1126,750.617675781
1127,701.559387207
1128,732.882507324
1129,672.170166016
1130,716.057739258
1131,694.438598633
1132,713.457214355
1133,665.381164551
1134,740.212463379
1135,694.019165039
1136,684.995483398
1137,744.192993164
1138,737.548156738
1139,713.352966309
1140,701.362854004
1141,729.316772461
1142,735.114746094
1143,649.303283691
1144,660.593200684
1145,687.637878418
1146,704.066467285
1147,697.254577637
1148,657.821350098
1149,692.246704102
1150,654.806335449
1151,623.722595215
1152,707.254394531
1153,702.391479492
1154,699.866882324
1155,783.875671387
1156,759.374206543
1157,730.077026367
1158,675.797302246
1159,678.517272949
1160,685.27911377
1161,735.683410645
1162,774.935668945
1163,703.031433105
1164,673.394287109
1165,682.818969727
1166,692.807678223
1167,747.261901855
1168,646.378662109
1169,736.150634766
1170,714.701660156
1171,738.723571777
1172,688.065734863
1173,678.138122559
1174,704.334777832
1175,738.122131348
1176,695.808288574
1177,659.618225098
1178,714.715881348
1179,697.086791992
1180,728.33416748
1181,770.612915039
1182,724.510192871
1183,755.500610352
1184,702.472473145
1185,745.482543945
1186,643.125366211
1187,661.267150879
1188,699.957580566
1189,718.09387207
1190,697.143798828
1191,662.820800781
1192,812.797058105
1193,701.658874512
1194,653.783569336
1195,663.024291992
1196,670.818908691
1197,674.503356934
1198,676.41217041
1199,772.538635254
1200,730.082275391
1201,748.101867676
1202,758.888549805
1203,690.717712402
1204,710.135986328
1205,754.199462891
1206,632.211181641
1207,744.523803711
1208,673.910888672
1209,681.969909668
1210,778.418151855
1211,685.218444824
1212,710.451171875
1213,671.406311035
1214,727.247497559
1215,690.587402344
1216,664.349243164
1217,719.889587402
1218,712.205627441
1219,715.354919434
1220,682.383605957
1221,668.542541504
1222,609.751342773
1223,677.968688965
1224,687.032287598
1225,673.017150879
1226,685.783752441
1227,649.37677002
1228,710.953125
1229,654.397827148
1230,697.065429688
1231,681.077087402
1232,659.063659668
1233,604.362243652
1234,632.601989746
1235,656.459777832
1236,654.249694824
1237,666.881774902
1238,712.394348145
1239,666.085266113
1240,660.597900391
1241,674.420471191
1242,651.368835449
1243,729.606262207
1244,667.92199707
1245,709.941467285
1246,675.395812988
1247,661.493225098
1248,710.109008789
1249,651.477172852
1250,697.990478516
1251,653.585327148
1252,678.636962891
1253,678.508422852
1254,734.648132324
1255,681.991577148
1256,660.707824707
1257,692.909667969
1258,660.993469238
1259,740.403747559
1260,663.179321289
1261,591.616333008
1262,691.609924316
1263,701.747558594
1264,700.999328613
1265,685.092346191
1266,678.950256348
1267,733.232299805
1268,632.40838623
1269,682.646362305
1270,697.380371094
1271,702.901672363
1272,762.462402344
1273,716.92956543
1274,728.57244873
1275,679.811889648
1276,634.698852539
1277,626.461486816
1278,624.269042969
1279,677.157958984
1280,702.673278809
1281,645.146606445
1282,598.117614746
1283,668.724365234
1284,622.488037109
1285,599.794067383
1286,648.765686035
1287,671.400695801
1288,715.540771484
1289,711.131958008
1290,616.146789551
1291,690.852233887
1292,728.452636719
1293,684.836120605
1294,644.202941895
1295,758.510559082
1296,649.533752441
1297,695.40814209
1298,674.043151855
1299,731.041625977
1300,687.334411621
1301,672.336669922
1302,666.889526367
1303,663.32043457
1304,672.612182617
1305,614.819519043
1306,627.583007812
1307,722.053527832
1308,677.355102539
1309,634.157531738
1310,700.91986084
1311,707.192932129
1312,713.777282715
1313,639.290527344
1314,688.145751953
1315,631.059692383
1316,715.731994629
1317,682.957519531
1318,686.386108398
1319,720.628540039
1320,775.698486328
1321,656.853210449
1322,693.451599121
1323,710.03918457
1324,729.906555176
1325,728.932373047
1326,696.529418945
1327,773.756469727
1328,659.37713623
1329,628.387573242
1330,672.877380371
1331,703.179443359
1332,703.721496582
1333,667.405029297
1334,638.910217285
1335,699.072143555
1336,714.566589355
1337,744.466796875
1338,670.793334961
1339,649.644836426
1340,742.575378418
1341,703.808288574
1342,703.484985352
1343,710.489013672
1344,709.398071289
1345,692.382629395
1346,693.949523926
1347,713.237915039
1348,611.154418945
1349,695.97253418
1350,669.517211914
1351,661.827636719
1352,671.305236816
1353,678.052490234
1354,618.233886719
1355,713.189453125
1356,700.80480957
1357,647.364318848
1358,630.319885254
1359,700.406738281
1360,684.553771973
1361,679.502685547
1362,684.140686035
1363,647.894714355
1364,658.611755371
1365,682.236083984
1366,614.622558594
1367,763.948242188
1368,662.369750977
1369,668.125915527
1370,673.501281738
1371,686.524291992
1372,659.780334473
1373,696.15435791
1374,649.897583008
1375,662.886230469
1376,697.688964844
1377,655.229309082
1378,678.946533203
1379,715.465637207
1380,609.010192871
1381,739.781616211
1382,707.72052002
1383,638.80456543
1384,678.621704102
1385,680.453674316
1386,672.505981445
1387,727.918212891
1388,696.416564941
1389,716.174560547
1390,718.224914551
1391,718.291564941
1392,702.505065918
1393,679.172485352
1394,680.822631836
1395,655.115966797
1396,674.154296875
1397,624.004882812
1398,652.162414551
1399,648.71685791
1400,657.310546875
1401,618.633666992
1402,666.039611816
1403,683.303833008
1404,663.186645508
1405,708.793945312
1406,698.34967041
1407,718.538818359
1408,628.164733887
1409,683.201538086
1410,703.262512207
1411,649.697265625
1412,673.870849609
1413,645.43371582
1414,644.990661621
1415,667.28515625
1416,673.069213867
1417,691.690917969
1418,635.8125
1419,683.267456055
1420,691.046142578
1421,576.586303711
1422,671.18347168
1423,650.621032715
1424,657.890930176
1425,618.421875
1426,658.079650879
1427,685.747131348
1428,673.965820312
1429,636.519592285
1430,677.621765137
1431,647.430847168
1432,674.600585938
1433,650.361450195
1434,673.000244141
1435,656.3359375
1436,628.60748291
1437,677.854064941
1438,671.153808594
1439,656.985168457
1440,646.149047852
1441,651.911743164
1442,670.756469727
1443,601.44354248
1444,647.099914551
1445,640.271911621
1446,631.348937988
1447,584.136169434
1448,659.644958496
1449,633.91192627
1450,604.620666504
1451,673.353271484
1452,639.73059082
1453,642.617248535
1454,641.090148926
1455,661.456359863
1456,632.729187012
1457,618.374694824
1458,634.825500488
1459,656.837646484
1460,682.489440918
1461,671.687683105
1462,634.275634766
1463,670.897521973
1464,668.784667969
1465,676.020812988
1466,596.877868652
1467,663.106811523
1468,624.92791748
1469,632.479492188
1470,608.034362793
1471,665.623168945
1472,696.616699219
1473,637.427978516
1474,626.494628906
1475,615.150268555
1476,672.149169922
1477,649.05480957
1478,618.615783691
1479,623.810791016
1480,636.532348633
1481,638.569580078
1482,688.932189941
1483,610.767883301
1484,622.384643555
1485,645.394104004
1486,694.926696777
1487,640.079284668
1488,638.839233398
1489,596.713256836
1490,620.736328125
1491,662.797302246
1492,648.004760742
1493,650.948120117
1494,671.148864746
1495,648.024902344
1496,650.734375
1497,610.306030273
1498,716.903747559
1499,654.630737305
1500,606.505493164
1501,659.489501953
1502,631.25579834
1503,669.593688965
1504,576.280822754
1505,683.961975098
1506,641.922119141
1507,650.852294922
1508,631.728515625
1509,623.904968262
1510,586.815368652
1511,636.079650879
1512,610.457336426
1513,653.83972168
1514,630.780639648
1515,652.65838623
1516,591.59552002
1517,640.549133301
1518,560.060668945
1519,630.778503418
1520,592.946777344
1521,592.180236816
1522,598.22869873
1523,655.818969727
1524,667.624084473
1525,668.987976074
1526,652.150085449
1527,659.088562012
1528,584.699523926
1529,632.351013184
1530,698.646606445
1531,644.683532715
1532,686.318054199
1533,650.907653809
1534,644.063415527
1535,628.659118652
1536,641.593566895
1537,682.079040527
1538,614.757446289
1539,612.705871582
1540,610.340026855
1541,655.855773926
1542,622.29888916
1543,628.850402832
1544,657.465087891
1545,622.021789551
1546,684.035095215
1547,655.363586426
1548,655.493530273
1549,687.059143066
1550,641.301391602
1551,641.837219238
1552,634.710388184
1553,662.18170166
1554,620.506286621
1555,653.483947754
1556,588.259338379
1557,634.908935547
1558,604.610229492
1559,603.692443848
1560,634.885314941
1561,692.659301758
1562,627.952026367
1563,639.182250977
1564,681.211791992
1565,588.279174805
1566,673.371276855
1567,657.30078125
1568,640.420166016
1569,642.631225586
1570,624.845825195
1571,623.527648926
1572,633.029174805
1573,569.081481934
1574,631.238464355
1575,656.006164551
1576,627.032287598
1577,640.085388184
1578,671.648132324
1579,648.453979492
1580,647.653259277
1581,580.913879395
1582,659.596069336
1583,634.999328613
1584,725.93572998
1585,659.801452637
1586,609.137145996
1587,629.958068848
1588,635.887268066
1589,643.271606445
1590,657.473937988
1591,685.645263672
1592,690.764526367
1593,611.940673828
1594,664.659240723
1595,596.303405762
1596,616.981201172
1597,594.593688965
1598,656.391662598
1599,712.434204102
1600,585.391784668
1601,676.271606445
1602,621.709777832
1603,640.975219727
1604,619.590209961
1605,567.548339844
1606,557.008544922
1607,616.551757812
1608,599.243408203
1609,687.268554688
1610,655.576782227
1611,642.44909668
1612,633.513427734
1613,629.313415527
1614,615.907470703
1615,620.207641602
1616,687.439575195
1617,659.999145508
1618,687.970947266
1619,608.862670898
1620,613.456665039
1621,611.993652344
1622,636.630615234
1623,577.876586914
1624,650.769226074
1625,657.267150879
1626,594.4765625
1627,597.818847656
1628,600.222045898
1629,634.55871582
1630,630.598754883
1631,618.644287109
1632,658.612915039
1633,636.03894043
1634,618.874633789
1635,618.281982422
1636,644.333190918
1637,700.117553711
1638,613.02557373
1639,618.333068848
1640,622.14831543
1641,620.71484375
1642,595.334106445
1643,691.043945312
1644,630.90057373
1645,656.935424805
1646,666.983520508
1647,633.291625977
1648,605.457885742
1649,626.438598633
1650,663.09375
1651,620.346862793
1652,637.268981934
1653,664.887268066
1654,677.488098145
1655,650.186340332
1656,679.765686035
1657,593.781799316
1658,628.979431152
1659,631.485534668
1660,636.228515625
1661,622.706726074
1662,583.774780273
1663,672.952209473
1664,621.545776367
1665,628.536743164
1666,632.005859375
1667,629.311340332
1668,609.264648438
1669,646.335632324
1670,601.965759277
1671,618.972595215
1672,658.979187012
1673,594.968811035
1674,607.267089844
1675,575.979614258
1676,630.866821289
1677,651.579101562
1678,620.754699707
1679,631.199645996
1680,655.076782227
1681,651.094909668
1682,667.124389648
1683,630.048522949
1684,597.682067871
1685,635.294006348
1686,640.779541016
1687,615.618041992
1688,682.206115723
1689,587.479431152
1690,616.99395752
1691,607.07409668
1692,594.922180176
1693,664.590209961
1694,656.222595215
1695,568.180969238
1696,662.426086426
1697,605.205444336
1698,636.039001465
1699,603.274841309
1700,603.293212891
1701,619.496643066
1702,645.117980957
1703,626.733581543
1704,628.14239502
1705,606.879943848
1706,631.714416504
1707,635.183410645
1708,608.968566895
1709,595.968078613
1710,595.475524902
1711,661.240844727
1712,557.187316895
1713,586.173461914
1714,614.945129395
1715,594.505004883
1716,697.247924805
1717,629.326293945
1718,625.34765625
1719,615.241333008
1720,667.381774902
1721,617.133544922
1722,626.741333008
1723,589.876403809
1724,601.680114746
1725,684.01159668
1726,682.265869141
1727,623.283081055
1728,701.074462891
1729,604.856201172
1730,687.504821777
1731,621.125549316
1732,620.92388916
1733,657.092163086
1734,642.853759766
1735,689.185302734
1736,630.3515625
1737,595.621520996
1738,636.768676758
1739,669.617797852
1740,594.609802246
1741,646.38848877
1742,609.127929688
1743,619.457214355
1744,623.147644043
1745,587.314575195
1746,617.253234863
1747,618.512634277
1748,678.524658203
1749,571.659667969
1750,678.42565918
1751,674.918151855
1752,644.573669434
1753,627.260864258
1754,642.821899414
1755,602.140563965
1756,574.085144043
1757,584.419616699
1758,583.494750977
1759,626.483886719
1760,606.572570801
1761,651.902770996
1762,670.034118652
1763,612.191833496
1764,619.463867188
1765,659.77154541
1766,625.61529541
1767,611.897766113
1768,602.053894043
1769,590.476745605
1770,615.192443848
1771,655.342407227
1772,664.595947266
1773,655.991516113
1774,617.371032715
1775,618.823181152
1776,654.315856934
1777,647.333007812
1778,625.601623535
1779,563.164367676
1780,555.60748291
1781,650.577087402
1782,625.335083008
1783,573.258911133
1784,615.922912598
1785,594.945129395
1786,612.363830566
1787,577.889831543
1788,647.576293945
1789,558.712890625
1790,635.476867676
1791,591.195556641
1792,573.677246094
1793,600.72277832
1794,623.685058594
1795,627.339294434
1796,584.724609375
1797,640.077758789
1798,629.522460938
1799,597.514648438
1800,626.833068848
1801,614.719482422
1802,585.572265625
1803,692.540588379
1804,596.366027832
1805,597.730224609
1806,635.624938965
1807,573.337280273
1808,632.820007324
1809,598.825927734
1810,614.189758301
1811,598.199157715
1812,603.105895996
1813,568.127868652
1814,581.136779785
1815,597.201843262
1816,582.439025879
1817,608.335021973
1818,564.37713623
1819,667.425048828
1820,644.124694824
1821,533.32989502
1822,563.747802734
1823,576.647521973
1824,592.606689453
1825,660.27545166
1826,552.879455566
1827,573.627380371
1828,612.875793457
1829,588.422668457
1830,636.023925781
1831,587.393127441
1832,580.592102051
1833,609.852722168
1834,573.290100098
1835,583.260314941
1836,589.157409668
1837,606.843505859
1838,561.97076416
1839,612.004699707
1840,594.914733887
1841,619.458190918
1842,616.062561035
1843,613.990661621
1844,520.35559082
1845,647.866210938
1846,575.633911133
1847,604.190734863
1848,617.405639648
1849,599.467651367
1850,601.3671875
1851,640.872009277
1852,658.907165527
1853,632.727050781
1854,560.082458496
1855,540.434997559
1856,589.370483398
1857,577.059326172
1858,575.901794434
1859,561.645507812
1860,615.397766113
1861,606.243225098
1862,604.954833984
1863,566.875610352
1864,603.950439453
1865,601.893737793
1866,607.849914551
1867,586.846862793
1868,574.607666016
1869,563.425048828
1870,578.34942627
1871,614.994506836
1872,590.561706543
1873,642.931091309
1874,589.219909668
1875,616.244812012
1876,614.06628418
1877,587.857421875
1878,620.063598633
1879,588.069824219
1880,567.022094727
1881,627.528015137
1882,612.640014648
1883,617.518859863
1884,580.320678711
1885,598.48236084
1886,685.41027832
1887,600.179077148
1888,594.917663574
1889,635.979003906
1890,535.184326172
1891,569.811035156
1892,599.966308594
1893,542.103637695
1894,593.970275879
1895,621.010681152
1896,607.287475586
1897,602.714111328
1898,603.703857422
1899,605.699035645
1900,568.690917969
1901,537.731018066
1902,619.483215332
1903,571.565856934
1904,550.494873047
1905,586.555541992
1906,613.543518066
1907,592.702087402
1908,628.276977539
1909,565.612426758
1910,596.166809082
1911,639.343566895
1912,607.003112793
1913,582.007568359
1914,577.683044434
1915,622.354980469
1916,605.820922852
1917,602.82989502
1918,645.075500488
1919,590.72442627
1920,589.809020996
1921,543.47857666
1922,545.444152832
1923,627.96295166
1924,581.791687012
1925,634.500671387
1926,614.749694824
1927,591.087585449
1928,589.570983887
1929,574.803222656
1930,628.492004395
1931,588.261169434
1932,630.315917969
1933,623.808410645
1934,616.697753906
1935,581.088195801
1936,612.16595459
1937,646.534118652
1938,584.888183594
1939,555.158813477
1940,608.06048584
1941,592.804870605
1942,632.613525391
1943,564.747375488
1944,586.66607666
1945,632.852661133
1946,558.435546875
1947,604.31439209
1948,586.50592041
1949,573.244934082
1950,601.623291016
1951,525.169616699
1952,605.18963623
1953,557.907775879
1954,591.097961426
1955,589.619262695
1956,561.189758301
1957,557.522521973
1958,564.742858887
1959,548.416625977
1960,597.480529785
1961,528.891540527
1962,619.285461426
1963,533.205749512
1964,567.695617676
1965,523.610351562
1966,630.612976074
1967,574.47833252
1968,604.997741699
1969,583.697692871
1970,601.15057373
1971,640.292419434
1972,626.073791504
1973,578.846252441
1974,582.902709961
1975,671.21673584
1976,596.160095215
1977,567.11315918
1978,640.498291016
1979,605.250427246
1980,584.483154297
1981,581.759033203
1982,569.801818848
1983,546.426574707
1984,631.85333252
1985,638.534118652
1986,638.492004395
1987,590.522888184
1988,598.017272949
1989,584.200073242
1990,588.237487793
1991,585.00604248
1992,580.779052734
1993,523.516052246
1994,577.343261719
1995,559.174072266
1996,562.466247559
1997,574.991394043
1998,646.089050293
1999,582.008728027
2000,604.932434082
2001,599.946594238
2002,623.131652832
2003,660.648376465
2004,637.374816895
2005,602.440917969
2006,573.433532715
2007,601.873535156
2008,605.303283691
2009,648.15802002
2010,636.707458496
2011,599.044433594
2012,589.876342773
2013,614.676757812
2014,624.133789062
2015,606.422058105
2016,638.887878418
2017,586.468322754
2018,566.817443848
2019,612.047485352
2020,565.053039551
2021,609.083190918
2022,589.909118652
2023,624.857055664
2024,609.314147949
2025,630.351806641
2026,567.435913086
2027,574.74017334
2028,613.940429688
2029,562.651733398
2030,523.906677246
2031,586.280700684
2032,599.991149902
2033,662.889404297
2034,588.127746582
2035,588.915771484
2036,613.606323242
2037,627.841552734
2038,585.174865723
2039,600.635681152
2040,594.624206543
2041,557.428833008
2042,615.715393066
2043,584.755432129
2044,586.093566895
2045,510.344573975
2046,604.34979248
2047,532.791564941
2048,595.670715332
2049,619.629089355
2050,612.962646484
2051,534.006591797
2052,632.750732422
2053,572.521057129
2054,604.384094238
2055,647.640319824
2056,631.890441895
2057,632.841796875
2058,559.856872559
2059,673.458740234
2060,641.123657227
2061,594.122558594
2062,671.939941406
2063,570.663085938
2064,581.17590332
2065,640.954101562
2066,599.387695312
2067,568.653808594
2068,579.419921875
2069,576.419067383
2070,568.676757812
2071,592.283569336
2072,600.33190918
2073,625.007324219
2074,640.132446289
2075,674.457397461
2076,626.233764648
2077,596.618103027
2078,605.543823242
2079,619.513671875
2080,566.857727051
2081,558.705688477
2082,562.589355469
2083,586.08380127
2084,549.059143066
2085,552.181884766
2086,575.35168457
2087,573.52911377
2088,593.234008789
2089,589.094299316
2090,600.784790039
2091,610.694641113
2092,549.276672363
2093,607.930236816
2094,589.35760498
2095,584.820495605
2096,597.429199219
2097,573.994934082
2098,546.180969238
2099,590.699157715
2100,649.252502441
2101,597.069396973
2102,593.528137207
2103,549.278991699
2104,573.905334473
2105,609.928039551
2106,622.330871582
2107,603.275085449
2108,596.522888184
2109,615.840698242
2110,574.89630127
2111,608.042114258
2112,549.302062988
2113,586.095947266
2114,561.549499512
2115,593.043945312
2116,587.156005859
2117,618.392211914
2118,591.450500488
2119,567.648132324
2120,571.487243652
2121,632.867675781
2122,575.824645996
2123,595.828491211
2124,539.712280273
2125,544.689086914
2126,592.369995117
2127,557.706481934
2128,522.194091797
2129,595.451171875
2130,582.214599609
2131,546.328857422
2132,547.563171387
2133,572.217102051
2134,544.65612793
2135,598.883300781
2136,541.790527344
2137,570.993469238
2138,543.499267578
2139,542.658081055
2140,556.725585938
2141,606.159973145
2142,568.413024902
2143,568.46472168
2144,565.531005859
2145,588.994628906
2146,559.606506348
2147,608.844421387
2148,554.048034668
2149,553.147766113
2150,460.419525146
2151,561.207580566
2152,592.917785645
2153,657.347229004
2154,603.798156738
2155,582.193054199
2156,541.443054199
2157,545.965332031
2158,578.957336426
2159,607.087219238
2160,597.098083496
2161,566.866271973
2162,603.735778809
2163,562.913513184
2164,584.833557129
2165,605.112182617
2166,582.219787598
2167,574.538635254
2168,552.041625977
2169,638.089172363
2170,570.29510498
2171,534.409729004
2172,585.068786621
2173,611.09967041
2174,568.792663574
2175,538.388977051
2176,576.291870117
2177,570.893249512
2178,572.821838379
2179,520.100830078
2180,555.02935791
2181,564.980712891
2182,573.81237793
2183,573.23828125
2184,613.825683594
2185,579.750610352
2186,570.051391602
2187,558.537780762
2188,648.475036621
2189,545.086975098
2190,651.540588379
2191,583.799133301
2192,596.567321777
2193,609.903137207
2194,557.662414551
2195,528.953186035
2196,516.462097168
2197,577.35760498
2198,551.41986084
2199,628.170410156
2200,558.938049316
2201,598.666564941
2202,563.707092285
2203,611.843566895
2204,570.006652832
2205,641.54296875
2206,562.17364502
2207,549.17199707
2208,562.877075195
2209,594.372558594
2210,516.22833252
2211,601.822631836
2212,572.495422363
2213,581.492004395
2214,557.726257324
2215,593.90625
2216,607.692626953
2217,517.439331055
2218,626.255004883
2219,594.389892578
2220,581.532226562
2221,549.402099609
2222,540.428710938
2223,570.746459961
2224,559.476318359
2225,524.042175293
2226,610.42767334
2227,567.034729004
2228,606.755859375
2229,564.084655762
2230,571.886291504
2231,571.626281738
2232,596.660217285
2233,647.622009277
2234,542.059631348
2235,587.422424316
2236,523.084899902
2237,574.613891602
2238,555.622558594
2239,627.214416504
2240,598.476501465
2241,542.424377441
2242,541.097839355
2243,579.072998047
2244,593.829040527
2245,607.035644531
2246,556.77532959
2247,547.941345215
2248,616.00970459
2249,580.108642578
2250,583.076538086
2251,589.33416748
2252,577.481689453
2253,557.893859863
2254,594.922180176
2255,577.606262207
2256,518.243347168
2257,552.160461426
2258,540.931091309
2259,593.409790039
2260,563.022399902
2261,605.569396973
2262,520.133056641
2263,521.141662598
2264,570.076293945
2265,575.009033203
2266,590.44732666
2267,575.879333496
2268,546.616821289
2269,623.248901367
2270,548.54309082
2271,531.244873047
2272,582.6328125
2273,590.950683594
2274,555.086669922
2275,575.882507324
2276,535.795898438
2277,586.657897949
2278,575.425354004
2279,570.560241699
2280,576.961975098
2281,568.104064941
2282,623.141418457
2283,563.074707031
2284,585.11895752
2285,592.85949707
2286,601.03692627
2287,554.567077637
2288,592.024230957
2289,574.053833008
2290,534.695922852
2291,592.782714844
2292,598.594909668
2293,532.057189941
2294,519.039611816
2295,540.534057617
2296,527.953674316
2297,506.168273926
2298,545.784606934
2299,614.377746582
2300,567.191101074
2301,594.500061035
2302,514.297424316
2303,575.31817627
2304,582.621154785
2305,557.430480957
2306,638.598388672
2307,600.333190918
2308,567.847290039
2309,560.286743164
2310,527.930786133
2311,572.864990234
2312,524.465698242
2313,571.950317383
2314,589.695556641
2315,601.225463867
2316,558.885375977
2317,556.884460449
2318,561.425170898
2319,576.079345703
2320,571.236022949
2321,562.836547852
2322,552.361083984
2323,559.547180176
2324,536.765808105
2325,561.295898438
2326,620.837768555
2327,603.32611084
2328,551.06829834
2329,591.589904785
2330,581.06036377
2331,542.957092285
2332,632.977355957
2333,612.657775879
2334,578.585144043
2335,558.514709473
2336,528.28326416
2337,555.547302246
2338,524.856811523
2339,566.290588379
2340,594.529052734
2341,563.055725098
2342,546.055175781
2343,557.682128906
2344,567.047851562
2345,521.477844238
2346,510.206726074
2347,599.838439941
2348,565.64440918
2349,501.452362061
2350,574.472839355
2351,589.702575684
2352,521.184570312
2353,544.67199707
2354,552.981994629
2355,562.700195312
2356,540.541564941
2357,522.800048828
2358,587.117675781
2359,549.326416016
2360,501.519348145
2361,584.102844238
2362,548.62689209
2363,556.718566895
2364,608.642150879
2365,568.105529785
2366,563.11517334
2367,514.893127441
2368,522.354431152
2369,571.807434082
2370,607.725158691
2371,574.26171875
2372,543.091369629
2373,535.397277832
2374,569.622253418
2375,534.429870605
2376,507.946594238
2377,594.99395752
2378,602.034362793
2379,534.99987793
2380,577.36932373
2381,590.630310059
2382,524.277954102
2383,532.389526367
2384,541.354614258
2385,507.556610107
2386,540.904724121
2387,591.829772949
2388,537.264648438
2389,572.879150391
2390,541.537536621
2391,541.681152344
2392,567.653991699
2393,554.665588379
2394,570.990905762
2395,548.578796387
2396,579.721618652
2397,573.339172363
2398,564.90838623
2399,570.823974609
2400,576.01550293
2401,561.08770752
2402,548.874938965
2403,510.153259277
2404,550.44354248
2405,553.436157227
2406,518.856079102
2407,558.365356445
2408,559.649291992
2409,504.456542969
2410,552.253662109
2411,532.179870605
2412,564.811645508
2413,584.013244629
2414,532.346130371
2415,517.739379883
2416,535.647949219
2417,568.842102051
2418,544.11907959
2419,577.017456055
2420,537.89263916
2421,542.195251465
2422,564.988037109
2423,496.605041504
2424,566.678100586
2425,541.258239746
2426,490.329223633
2427,518.864440918
2428,580.059204102
2429,527.997497559
2430,541.299865723
2431,541.78894043
2432,548.025390625
2433,561.398376465
2434,592.30847168
2435,534.682189941
2436,578.648803711
2437,559.05645752
2438,553.004333496
2439,597.272338867
2440,577.368286133
2441,545.907653809
2442,557.798400879
2443,574.651550293
2444,555.799194336
2445,479.911071777
2446,531.682556152
2447,575.181152344
2448,591.960388184
2449,536.593566895
2450,582.251464844
2451,598.229187012
2452,564.304870605
2453,565.3203125
2454,533.650878906
2455,516.624938965
2456,513.273864746
2457,543.871398926
2458,548.438964844
2459,563.713745117
2460,539.010009766
2461,544.913330078
2462,522.55657959
2463,556.028503418
2464,553.65612793
2465,612.538696289
2466,539.628173828
2467,533.597900391
2468,546.249145508
2469,553.089782715
2470,611.541625977
2471,506.388916016
2472,563.910095215
2473,514.440429688
2474,503.775024414
2475,566.821044922
2476,545.129333496
2477,507.504730225
2478,567.608947754
2479,520.510559082
2480,541.984619141
2481,552.381652832
2482,560.74822998
2483,593.652954102
2484,537.854003906
2485,515.823547363
2486,515.212585449
2487,547.284301758
2488,496.696929932
2489,582.23449707
2490,491.369903564
2491,523.731994629
2492,554.946472168
2493,554.848205566
2494,538.662536621
2495,510.065490723
2496,547.163574219
2497,511.944763184
2498,536.360168457
2499,547.511962891
2500,530.868896484
2501,557.131774902
2502,504.244628906
2503,581.22277832
2504,522.546264648
2505,539.301269531
2506,544.906860352
2507,530.547363281
2508,502.654541016
2509,567.820007324
2510,533.02532959
2511,526.741821289
2512,497.701934814
2513,525.127441406
2514,588.12286377
2515,546.028869629
2516,555.935302734
2517,557.363525391
2518,581.208007812
2519,572.023681641
2520,519.318603516
2521,589.814697266
2522,576.885681152
2523,524.563903809
2524,530.364562988
2525,510.613128662
2526,635.102111816
2527,565.534973145
2528,561.797729492
2529,507.554138184
2530,564.646789551
2531,536.364196777
2532,588.071472168
2533,544.699462891
2534,557.958557129
2535,535.393310547
2536,499.912445068
2537,502.355560303
2538,469.301300049
2539,512.219116211
2540,533.654602051
2541,546.763916016
2542,572.576477051
2543,547.233093262
2544,538.264709473
2545,533.987854004
2546,531.312805176
2547,540.355163574
2548,502.179870605
2549,543.120239258
2550,566.05456543
2551,537.704345703
2552,531.860168457
2553,594.744995117
2554,519.350830078
2555,564.203613281
2556,504.241119385
2557,545.509643555
2558,592.895996094
2559,548.966186523
2560,597.360412598
2561,530.963134766
2562,588.952880859
2563,587.194519043
2564,553.258361816
2565,568.779785156
2566,560.721923828
2567,533.967590332
2568,525.46295166
2569,586.229919434
2570,478.493225098
2571,520.643493652
2572,518.378845215
2573,564.38092041
2574,508.156311035
2575,569.528869629
2576,555.783752441
2577,596.190490723
2578,547.985900879
2579,513.767456055
2580,561.404602051
2581,475.628723145
2582,557.623413086
2583,571.066040039
2584,539.694702148
2585,565.385864258
2586,544.653076172
2587,530.471191406
2588,519.791503906
2589,518.856933594
2590,594.279174805
2591,543.071105957
2592,523.434509277
2593,515.51940918
2594,527.072021484
2595,483.433837891
2596,531.605834961
2597,542.467102051
2598,514.294128418
2599,513.708740234
2600,555.516174316
2601,526.021606445
2602,520.24395752
2603,532.690856934
2604,555.051330566
2605,462.669464111
2606,523.321777344
2607,552.393371582
2608,546.233032227
2609,539.013549805
2610,568.7109375
2611,514.621154785
2612,510.638214111
2613,511.513092041
2614,514.794311523
2615,546.520629883
2616,560.927001953
2617,571.443481445
2618,539.813354492
2619,550.418334961
2620,497.571228027
2621,537.750793457
2622,569.179016113
2623,532.644958496
2624,465.265258789
2625,561.936950684
2626,523.467773438
2627,514.403564453
2628,560.686096191
2629,542.172180176
2630,553.099731445
2631,574.383850098
2632,560.539001465
2633,514.774414062
2634,552.556335449
2635,542.669921875
2636,572.778503418
2637,531.976379395
2638,572.758911133
2639,554.352844238
2640,499.145965576
2641,548.485107422
2642,579.444641113
2643,524.311096191
2644,538.243530273
2645,553.769775391
2646,579.304870605
2647,552.822570801
2648,528.514465332
2649,505.314849854
2650,514.792663574
2651,524.336486816
2652,555.295471191
2653,528.024536133
2654,511.695098877
2655,540.503234863
2656,539.534729004
2657,508.435638428
2658,446.828521729
2659,562.375244141
2660,552.693603516
2661,543.196411133
2662,487.841033936
2663,557.123657227
2664,583.813598633
2665,566.106079102
2666,491.934753418
2667,506.161743164
2668,513.780212402
2669,543.329223633
2670,493.411682129
2671,536.141235352
2672,523.980957031
2673,510.632507324
2674,532.464233398
2675,576.252441406
2676,551.268493652
2677,538.756835938
2678,547.905517578
2679,518.888000488
2680,499.982574463
2681,517.669799805
2682,481.608398438
2683,573.253173828
2684,514.74987793
2685,530.141967773
2686,538.256347656
2687,500.453521729
2688,522.13671875
2689,522.689880371
2690,524.291320801
2691,530.696960449
2692,558.71295166
2693,538.166992188
2694,575.956115723
2695,482.089111328
2696,513.233398438
2697,583.335144043
2698,510.646606445
2699,561.746398926
2700,525.105712891
2701,549.05871582
2702,527.213623047
2703,529.608154297
2704,516.782348633
2705,526.198364258
2706,498.712890625
2707,499.299682617
2708,516.680603027
2709,518.462280273
2710,461.586730957
2711,552.701538086
2712,562.793701172
2713,488.77835083
2714,583.530029297
2715,523.387756348
2716,509.958465576
2717,530.436096191
2718,539.068237305
2719,507.627502441
2720,585.133789062
2721,551.467712402
2722,559.18951416
2723,531.320800781
2724,571.75
2725,514.501403809
2726,528.244873047
2727,513.801452637
2728,515.325866699
2729,542.168212891
2730,498.409088135
2731,577.298217773
2732,533.430297852
2733,521.201904297
2734,511.45791626
2735,549.574645996
2736,574.239257812
2737,519.034423828
2738,504.490570068
2739,530.695861816
2740,582.537597656
2741,548.776184082
2742,494.721221924
2743,512.273681641
2744,587.30279541
2745,485.373504639
2746,497.556610107
2747,527.55255127
2748,540.945861816
2749,512.796508789
2750,552.887329102
2751,551.864440918
2752,533.14440918
2753,539.503051758
2754,529.262573242
2755,564.611206055
2756,514.13659668
2757,538.641967773
2758,515.83190918
2759,545.303649902
2760,532.689453125
2761,495.317077637
2762,570.384765625
2763,497.314575195
2764,506.052337646
2765,508.150817871
2766,533.503845215
2767,495.488983154
2768,504.139099121
2769,493.213195801
2770,531.143005371
2771,524.533630371
2772,574.095275879
2773,592.0703125
2774,532.53314209
2775,507.753601074
2776,546.323974609
2777,502.815155029
2778,547.482421875
2779,525.446166992
2780,559.505493164
2781,465.765960693
2782,558.581787109
2783,517.280273438
2784,518.37121582
2785,489.962188721
2786,527.258056641
2787,566.11328125
2788,508.980285645
2789,536.935913086
2790,501.344360352
2791,510.440948486
2792,542.595825195
2793,516.286010742
2794,521.715332031
2795,501.365112305
2796,521.446289062
2797,522.722229004
2798,549.737121582
2799,477.326080322
2800,514.661560059
2801,504.671417236
2802,504.621551514
2803,468.850494385
2804,515.93963623
2805,548.437927246
2806,536.096008301
2807,479.294342041
2808,520.365600586
2809,554.924377441
2810,499.026245117
2811,548.888916016
2812,595.331115723
2813,497.838378906
2814,507.794006348
2815,489.634460449
2816,502.862854004
2817,495.67074585
2818,497.487365723
2819,527.458862305
2820,510.987609863
2821,508.86529541
2822,531.359741211
2823,569.606384277
2824,511.46661377
2825,500.113098145
2826,533.435852051
2827,473.030975342
2828,593.891052246
2829,574.405456543
2830,516.121948242
2831,502.261413574
2832,498.281524658
2833,523.538330078
2834,483.675079346
2835,497.314239502
2836,548.133300781
2837,505.962005615
2838,519.063537598
2839,518.525634766
2840,503.213500977
2841,475.360015869
2842,513.116638184
2843,519.91583252
2844,534.279602051
2845,535.237243652
2846,556.564147949
2847,496.932250977
2848,523.66796875
2849,577.26763916
2850,482.71862793
2851,500.268341064
2852,496.811767578
2853,493.793273926
2854,510.156951904
2855,524.303955078
2856,458.356048584
2857,522.677001953
2858,528.048828125
2859,521.967407227
2860,515.908081055
2861,501.915771484
2862,533.439575195
2863,499.871795654
2864,512.417663574
2865,519.395446777
2866,543.779602051
2867,508.276580811
2868,503.507385254
2869,510.798217773
2870,554.583679199
2871,483.662200928
2872,528.16229248
2873,521.395996094
2874,538.865844727
2875,528.701904297
2876,486.619873047
2877,495.374053955
2878,474.756408691
2879,536.172912598
2880,531.055297852
2881,533.440429688
2882,562.339233398
2883,508.251983643
2884,548.067687988
2885,538.359924316
2886,531.420471191
2887,556.331481934
2888,473.55657959
2889,512.143066406
2890,478.990386963
2891,536.448486328
2892,545.040771484
2893,510.279144287
2894,502.686279297
2895,539.516662598
2896,493.818267822
2897,556.829528809
2898,567.221496582
2899,539.090881348
2900,559.764343262
2901,496.87109375
2902,513.805541992
2903,516.001037598
2904,517.270141602
2905,498.052368164
2906,521.845275879
2907,484.817260742
2908,495.825592041
2909,485.514404297
2910,533.795837402
2911,498.044677734
2912,546.553283691
2913,521.438415527
2914,491.327667236
2915,529.479309082
2916,497.783966064
2917,480.060302734
2918,506.122344971
2919,539.630432129
2920,492.514892578
2921,480.053466797
2922,517.302124023
2923,492.378479004
2924,510.918365479
2925,480.715606689
2926,545.986694336
2927,452.064849854
2928,462.749633789
2929,563.520812988
2930,483.09854126
2931,518.095031738
2932,485.11239624
2933,492.114440918
2934,442.573364258
2935,559.941650391
2936,480.946380615
2937,540.468933105
2938,515.163146973
2939,507.061706543
2940,478.198120117
2941,554.8515625
2942,525.923706055
2943,534.196289062
2944,529.25982666
2945,518.375976562
2946,470.098999023
2947,494.926940918
2948,490.248687744
2949,509.22857666
2950,517.324829102
2951,463.676696777
2952,496.986907959
2953,496.284362793
2954,510.363342285
2955,468.217010498
2956,495.873168945
2957,507.848358154
2958,497.453979492
2959,552.323303223
2960,546.963684082
2961,494.283050537
2962,505.312896729
2963,506.193634033
2964,522.467041016
2965,490.532318115
2966,508.189361572
2967,503.524139404
2968,517.091491699
2969,516.477111816
2970,535.418701172
2971,480.79486084
2972,511.02722168
2973,547.36517334
2974,527.924316406
2975,546.848205566
2976,511.719543457
2977,489.221008301
2978,475.756317139
2979,462.471801758
2980,529.400146484
2981,513.992614746
2982,491.959411621
2983,476.604644775
2984,501.750762939
2985,501.135223389
2986,498.065032959
2987,473.64352417
2988,475.509490967
2989,506.864746094
2990,528.149414062
2991,520.353088379
2992,546.810119629
2993,486.561065674
2994,507.352783203
2995,476.589508057
2996,519.154724121
2997,499.227172852
2998,499.715362549
2999,543.027832031
3000,491.28604126
3001,499.500793457
3002,486.31060791
3003,512.722595215
3004,493.922332764
3005,512.571533203
3006,554.240905762
3007,509.689117432
3008,510.007507324
3009,545.902038574
3010,515.924255371
3011,510.692077637
3012,490.22467041
3013,510.928466797
3014,501.88269043
3015,511.444152832
3016,469.354034424
3017,531.337402344
3018,508.128356934
3019,498.431976318
3020,517.289916992
3021,493.41217041
3022,527.334838867
3023,477.211364746
3024,513.240478516
3025,521.761413574
3026,475.1378479
3027,514.344116211
3028,502.966156006
3029,476.443664551
3030,477.461364746
3031,573.12109375
3032,527.909484863
3033,509.714660645
3034,516.330383301
3035,520.304138184
3036,526.299438477
3037,466.224609375
3038,449.867614746
3039,519.22064209
3040,542.752441406
3041,585.022583008
3042,521.842773438
3043,458.142974854
3044,471.864837646
3045,520.781005859
3046,532.216552734
3047,502.665649414
3048,499.625976562
3049,476.481689453
3050,569.838623047
3051,540.960144043
3052,555.835388184
3053,501.096038818
3054,490.903717041
3055,523.901123047
3056,541.569152832
3057,524.737915039
3058,522.477783203
3059,538.301635742
3060,523.330444336
3061,551.600769043
3062,528.057312012
3063,476.685394287
3064,516.836547852
3065,501.184692383
3066,550.117614746
3067,501.732299805
3068,529.71685791
3069,479.260192871
3070,551.060668945
3071,517.473632812
3072,463.873931885
3073,529.819458008
3074,536.050170898
3075,538.525390625
3076,494.464874268
3077,489.533630371
3078,472.207733154
3079,486.257598877
3080,475.08416748
3081,486.625091553
3082,512.341247559
3083,470.125244141
3084,511.95916748
3085,501.301879883
3086,532.573669434
3087,442.454711914
3088,476.437133789
3089,492.684387207
3090,499.610046387
3091,506.016815186
3092,487.132781982
3093,503.078430176
3094,519.340454102
3095,501.288269043
3096,442.548095703
3097,557.057495117
3098,486.004821777
3099,498.903137207
3100,494.192657471
3101,486.685241699
3102,491.580596924
3103,559.76184082
3104,525.707092285
3105,530.222961426
3106,498.527587891
3107,497.998138428
3108,487.262084961
3109,528.593139648
3110,483.659881592
3111,527.660217285
3112,503.16998291
3113,485.418670654
3114,503.37310791
3115,536.692077637
3116,507.198699951
3117,499.392669678
3118,521.057495117
3119,509.590148926
3120,530.442382812
3121,521.95135498
3122,494.886932373
3123,511.743286133
3124,548.651428223
3125,508.076202393
3126,517.389282227
3127,512.371704102
3128,487.11895752
3129,519.028381348
3130,526.591430664
3131,508.214355469
3132,535.056518555
3133,493.027404785
3134,503.350769043
3135,503.216583252
3136,493.422088623
3137,484.447570801
3138,507.685150146
3139,523.242126465
3140,497.343261719
3141,482.744018555
3142,486.625610352
3143,532.75970459
3144,495.651947021
3145,470.386138916
3146,485.145690918
3147,514.706298828
3148,490.747467041
3149,486.186248779
3150,490.256469727
3151,551.293579102
3152,522.686462402
3153,473.29498291
3154,530.285888672
3155,502.68838501
3156,519.250732422
3157,530.850219727
3158,465.977081299
3159,478.740722656
3160,527.412963867
3161,494.91116333
3162,475.309387207
3163,479.828521729
3164,502.276519775
3165,483.369232178
3166,496.41973877
3167,517.93371582
3168,494.799255371
3169,499.618713379
3170,517.35559082
3171,541.357421875
3172,490.171722412
3173,446.296508789
3174,490.289276123
3175,511.065979004
3176,466.193847656
3177,467.424926758
3178,493.92401123
3179,535.210998535
3180,500.15637207
3181,488.960021973
3182,480.961486816
3183,490.50012207
3184,481.057617188
3185,513.38885498
3186,498.052490234
3187,503.415557861
3188,499.256225586
3189,496.476348877
3190,474.521972656
3191,526.882263184
3192,526.67401123
3193,492.325653076
3194,510.351898193
3195,520.156066895
3196,510.698638916
3197,487.144317627
3198,481.39755249
3199,493.794189453
3200,503.833068848
3201,503.911529541
3202,484.116729736
3203,518.165405273
3204,472.970031738
3205,511.206848145
3206,479.284332275
3207,512.133483887
3208,491.292114258
3209,500.951416016
3210,525.840332031
3211,498.90524292
3212,473.083557129
3213,472.939086914
3214,502.748138428
3215,482.283905029
3216,502.698638916
3217,488.136108398
3218,510.085083008
3219,490.947479248
3220,479.918518066
3221,492.889312744
3222,517.42175293
3223,540.3515625
3224,495.398071289
3225,537.007263184
3226,453.785583496
3227,488.068939209
3228,477.378936768
3229,510.699035645
3230,464.272491455
3231,505.902862549
3232,484.288330078
3233,538.948730469
3234,518.366088867
3235,538.337402344
3236,475.935394287
3237,488.144287109
3238,479.143432617
3239,526.379455566
3240,481.046569824
3241,510.585083008
3242,471.653076172
3243,493.710510254
3244,515.376464844
3245,524.330383301
3246,496.600494385
3247,528.374755859
3248,537.554992676
3249,527.05871582
3250,495.642181396
3251,479.838409424
3252,518.191345215
3253,497.787902832
3254,489.980834961
3255,498.426879883
3256,480.582733154
3257,529.600830078
3258,486.33505249
3259,503.047180176
3260,462.514465332
3261,512.553283691
3262,508.189880371
3263,484.42666626
3264,498.321838379
3265,479.566253662
3266,462.372344971
3267,487.075286865
3268,502.279693604
3269,492.273681641
3270,526.193664551
3271,499.565307617
3272,456.085479736
3273,461.1847229
3274,502.494842529
3275,515.920654297
3276,475.469055176
3277,488.935150146
3278,454.701934814
3279,490.184051514
3280,524.588439941
3281,542.996582031
3282,500.089233398
3283,552.624084473
3284,503.711914062
3285,488.469909668
3286,498.073760986
3287,469.075958252
3288,517.298583984
3289,467.015533447
3290,498.13494873
3291,502.552124023
3292,548.03125
3293,456.128814697
3294,468.571960449
3295,467.941986084
3296,514.430603027
3297,473.689697266
3298,499.503112793
3299,489.252441406
3300,522.104248047
3301,528.409179688
3302,491.394042969
3303,468.358337402
3304,518.609130859
3305,501.062835693
3306,486.730438232
3307,505.999206543
3308,545.796569824
3309,557.78125
3310,456.30770874
3311,485.263549805
3312,462.756317139
3313,472.299621582
3314,509.878601074
3315,505.074676514
3316,502.293395996
3317,442.335968018
3318,504.412628174
3319,498.55279541
3320,483.787017822
3321,482.533630371
3322,457.217407227
3323,456.88772583
3324,466.647583008
3325,513.403503418
3326,484.215942383
3327,438.881530762
3328,477.939697266
3329,465.352783203
3330,501.839111328
3331,482.948974609
3332,508.328033447
3333,468.023284912
3334,509.573699951
3335,520.809509277
3336,452.922149658
3337,464.293304443
3338,494.152923584
3339,549.016723633
3340,513.996948242
3341,516.118896484
3342,472.85559082
3343,481.30255127
3344,495.653320312
3345,480.418121338
3346,507.212463379
3347,475.696807861
3348,479.467224121
3349,509.971618652
3350,505.511352539
3351,482.513549805
3352,537.564941406
3353,478.196044922
3354,536.758850098
3355,483.106933594
3356,516.588134766
3357,449.921508789
3358,446.734039307
3359,476.640594482
3360,512.941345215
3361,481.98727417
3362,483.287536621
3363,450.077026367
3364,533.988464355
3365,480.925140381
3366,557.931518555
3367,498.544189453
3368,500.525604248
3369,451.774749756
3370,446.180389404
3371,518.984375
3372,536.936157227
3373,446.117980957
3374,486.747955322
3375,455.242218018
3376,485.558410645
3377,485.312591553
3378,473.853271484
3379,447.151702881
3380,440.977966309
3381,534.664245605
3382,513.81451416
3383,521.55255127
3384,460.815765381
3385,469.02545166
3386,559.922119141
3387,522.776000977
3388,488.465759277
3389,478.976013184
3390,504.788024902
3391,511.056518555
3392,446.1980896
3393,480.150726318
3394,519.872924805
3395,466.88079834
3396,459.809387207
3397,481.251220703
3398,480.454315186
3399,512.725097656
3400,498.18862915
3401,493.331268311
3402,503.799499512
3403,489.229919434
3404,441.866119385
3405,463.175415039
3406,454.4894104
3407,491.152069092
3408,493.990875244
3409,500.391571045
3410,496.522613525
3411,475.011047363
3412,511.756317139
3413,529.399902344
3414,500.515655518
3415,472.904693604
3416,467.480621338
3417,464.996185303
3418,453.790008545
3419,456.714355469
3420,505.653900146
3421,497.340667725
3422,467.770782471
3423,465.691070557
3424,460.810882568
3425,469.085906982
3426,519.882324219
3427,514.464233398
3428,518.863891602
3429,504.468017578
3430,497.066894531
3431,464.334350586
3432,474.679351807
3433,489.065063477
3434,547.536132812
3435,477.15246582
3436,497.779388428
3437,474.342529297
3438,510.44909668
3439,470.645202637
3440,499.982543945
3441,489.291046143
3442,481.065002441
3443,459.48236084
3444,464.403442383
3445,489.622344971
3446,479.931304932
3447,484.420257568
3448,460.555541992
3449,465.79888916
3450,501.22088623
3451,525.794555664
3452,476.23034668
3453,473.180267334
3454,486.740570068
3455,508.392486572
3456,484.649871826
3457,480.497650146
3458,484.86026001
3459,493.109313965
3460,502.688934326
3461,478.965576172
3462,484.351837158
3463,478.508911133
3464,521.326721191
3465,519.439331055
3466,436.519866943
3467,469.138336182
3468,442.02923584
3469,502.421386719
3470,499.616210938
3471,502.460235596
3472,459.860107422
3473,503.707244873
3474,457.715789795
3475,466.58883667
3476,466.779266357
3477,446.707794189
3478,454.111999512
3479,438.273620605
3480,470.298858643
3481,523.11706543
3482,478.889373779
3483,448.773742676
3484,467.542785645
3485,467.574005127
3486,460.258636475
3487,496.362731934
3488,482.32043457
3489,601.565246582
3490,515.350158691
3491,486.360595703
3492,479.300872803
3493,493.130584717
3494,451.162994385
3495,452.238311768
3496,462.245605469
3497,519.624206543
3498,464.820556641
3499,487.62701416
3500,468.953918457
3501,499.896331787
3502,490.635955811
3503,509.965942383
3504,421.3984375
3505,494.133880615
3506,502.721343994
3507,443.945892334
3508,490.937255859
3509,469.413116455
3510,480.153533936
3511,503.576385498
3512,451.340270996
3513,466.680847168
3514,486.645294189
3515,478.870635986
3516,475.817474365
3517,499.370483398
3518,484.504669189
3519,475.735321045
3520,494.077606201
3521,467.100158691
3522,460.15612793
3523,508.623687744
3524,515.93963623
3525,458.967987061
3526,437.346282959
3527,434.847625732
3528,518.93157959
3529,473.140777588
3530,463.866455078
3531,447.106079102
3532,498.043609619
3533,473.799865723
3534,496.357147217
3535,478.555480957
3536,490.012512207
3537,469.205932617
3538,444.81552124
3539,523.657348633
3540,494.949005127
3541,453.790496826
3542,506.997192383
3543,453.758056641
3544,469.984863281
3545,490.545593262
3546,509.724884033
3547,489.106536865
3548,520.265625
3549,465.915893555
3550,509.830505371
3551,466.170349121
3552,514.120056152
3553,521.760742188
3554,465.11038208
3555,502.546722412
3556,485.833251953
3557,507.878326416
3558,475.343139648
3559,478.551330566
3560,476.173553467
3561,468.286529541
3562,402.946014404
