0,57413.109375
1,36617.65625
2,29056.5234375
3,23759.8125
4,20009.4042969
5,16588.2207031
6,14375.7119141
7,11540.3417969
8,10492.8847656
9,9939.13671875
10,9133.76757812
11,9259.70507812
12,8785.73632812
13,7810.40527344
14,7089.41015625
15,7374.52880859
16,7399.20849609
17,6784.8359375
18,6591.31494141
19,6608.56835938
20,6412.94335938
21,6033.34082031
22,6099.84277344
23,6145.58251953
24,5519.51367188
25,5588.70166016
26,5669.98144531
27,5148.58056641
28,5138.77246094
29,5236.80859375
30,5042.57226562
31,4944.47900391
32,4938.39013672
33,4828.59863281
34,4392.9765625
35,4654.50927734
36,4564.53955078
37,4741.87060547
38,4541.16894531
39,4566.78320312
40,4040.0703125
41,4230.38867188
42,4245.09130859
43,4274.96289062
44,4121.41455078
45,3867.00952148
46,4051.95214844
47,3701.4831543
48,3644.99536133
49,3319.19506836
50,3868.92822266
51,3640.51879883
52,3583.81542969
53,3510.10229492
54,3108.76269531
55,3500.98974609
56,3201.21508789
57,3283.0769043
58,3273.66210938
59,2986.54272461
60,2959.79101562
61,3113.19287109
62,3000.67724609
63,2883.99047852
64,2891.77197266
65,3005.41918945
66,2716.49194336
67,2700.1574707
68,2818.15258789
69,2709.71582031
70,2608.18139648
71,2323.70117188
72,2503.12280273
73,2316.18530273
74,2556.97729492
75,2562.15063477
76,2154.21142578
77,2283.39575195
78,2312.73999023
79,2299.48681641
80,2090.51074219
81,2192.45410156
82,2137.84472656
83,2199.62841797
84,2282.64013672
85,2110.6237793
86,2090.19921875
87,1893.08813477
88,2204.09643555
89,1867.96459961
90,1843.14697266
91,1663.02832031
92,1838.27050781
93,1851.13525391
94,1819.25720215
95,1870.49243164
96,1864.62084961
97,1635.04821777
98,1773.12451172
99,1765.04528809
100,1826.18640137
101,1666.34350586
102,1542.96337891
103,1640.65673828
104,1508.93249512
105,1651.40136719
106,1635.67993164
107,1420.36999512
108,1535.22595215
109,1504.01403809
110,1433.87072754
111,1538.98278809
112,1456.0333252
113,1492.8572998
114,1531.18005371
115,1356.0423584
116,1570.25683594
117,1377.765625
118,1618.64221191
119,1466.9152832
120,1486.21594238
121,1403.88244629
122,1488.69567871
123,1410.96057129
124,1422.73278809
125,1494.63684082
126,1416.42028809
127,1434.9876709
128,1346.14477539
129,1429.51257324
130,1437.1282959
131,1345.27075195
132,1460.37695312
133,1416.06677246
134,1384.09472656
135,1370.57519531
136,1409.45849609
137,1386.34020996
138,1311.51293945
139,1350.63500977
140,1351.8684082
141,1390.15759277
142,1441.11413574
143,1317.05603027
144,1469.66320801
145,1307.88452148
146,1335.19995117
147,1370.82727051
148,1369.5012207
149,1302.68737793
150,1261.42553711
151,1242.54211426
152,1336.88562012
153,1310.42919922
154,1334.51611328
155,1257.91552734
156,1390.00537109
157,1266.48535156
158,1213.6986084
159,1281.5447998
160,1304.91113281
161,1293.46826172
162,1350.89099121
163,1215.5020752
164,1293.9597168
165,1305.67883301
166,1318.73962402
167,1237.80371094
168,1351.51550293
169,1365.79675293
170,1273.8572998
171,1227.06970215
172,1383.08325195
173,1270.82299805
174,1279.53918457
175,1293.07104492
176,1348.75512695
177,1208.17675781
178,1330.20507812
179,1317.67333984
180,1183.83435059
181,1250.35705566
182,1325.45141602
183,1184.00561523
184,1320.99328613
185,1325.76513672
186,1219.7890625
187,1197.46191406
188,1194.62316895
189,1260.3338623
190,1266.35144043
191,1211.0826416
192,1275.28173828
193,1219.31970215
194,1223.15551758
195,1195.22509766
196,1252.6237793
197,1206.13879395
198,1225.35705566
199,1241.73962402
200,1170.80603027
201,1180.71179199
202,1199.4967041
203,1247.49230957
204,1141.74743652
205,1079.37658691
206,1196.23425293
207,1228.76525879
208,1210.51293945
209,1225.56091309
210,1132.10473633
211,1075.31689453
212,1032.58410645
213,1220.03759766
214,1161.35046387
215,1223.33117676
216,1167.3885498
217,1146.45251465
218,1259.44824219
219,1049.30432129
220,1168.39807129
221,1133.1151123
222,1088.08935547
223,1168.42260742
224,1092.84301758
225,1097.22558594
226,1211.40380859
227,1130.12670898
228,1158.17150879
229,1098.82641602
230,1237.37487793
231,1201.77587891
232,1116.00549316
233,1110.35412598
234,1098.90319824
235,1123.67700195
236,1125.32470703
237,1058.24938965
238,1076.7052002
239,1097.01367188
240,1192.77612305
241,1141.9152832
242,1157.13183594
243,1072.1697998
244,1261.01086426
245,1060.03503418
246,1018.92712402
247,1049.75732422
248,1155.19067383
249,1139.93701172
250,1083.17626953
251,1132.4354248
252,1111.93981934
253,1133.06970215
254,1092.36242676
255,1144.11779785
256,1139.53869629
257,958.729553223
258,1063.97802734
259,1092.32543945
260,1075.92541504
261,1015.82775879
262,1026.73449707
263,1118.29101562
264,1082.51379395
265,1115.26916504
266,1059.51477051
267,1074.87268066
268,1061.25195312
269,1078.97631836
270,1004.60308838
271,1024.22229004
272,1030.19360352
273,1089.13781738
274,1057.95361328
275,1082.41430664
276,1060.68847656
277,1077.53479004
278,1049.38476562
279,1100.32250977
280,1064.94714355
281,1078.51757812
282,1118.31787109
283,1066.42358398
284,1122.98327637
285,1058.17163086
286,992.981201172
287,1069.01318359
288,1099.4609375
289,1084.99047852
290,1120.88183594
291,1086.10766602
292,1130.56713867
293,1123.64941406
294,1028.85400391
295,1077.80773926
296,1044.71398926
297,983.51171875
298,1037.90380859
299,1033.50585938
300,1036.39550781
301,992.281982422
302,987.022644043
303,1022.95471191
304,1017.91168213
305,908.598449707
306,1057.22961426
307,1070.48010254
308,968.638000488
309,1080.28210449
310,1034.2989502
311,1020.14703369
312,1014.1050415
313,1062.86816406
314,1032.81970215
315,1022.35583496
316,1022.85223389
317,1105.26525879
318,1057.36645508
319,1044.37219238
320,1069.94592285
321,1007.73791504
322,1067.41967773
323,1001.12438965
324,1043.64733887
325,1043.20239258
326,958.093322754
327,1000.2376709
328,1011.53735352
329,985.569580078
330,1006.04437256
331,979.326721191
332,1026.23425293
333,989.699584961
334,1047.05383301
335,961.598754883
336,984.145202637
337,966.050048828
338,1015.55828857
339,941.761291504
340,992.159423828
341,992.610290527
342,1003.1149292
343,1005.7833252
344,903.962585449
345,871.522888184
346,902.50994873
347,974.792724609
348,949.745300293
349,949.680053711
350,973.638122559
351,907.694641113
352,949.733215332
353,926.2421875
354,893.377075195
355,968.742675781
356,1001.47827148
357,1068.6920166
358,1037.84338379
359,936.849060059
360,996.365844727
361,1031.45556641
362,1028.16723633
363,1027.10522461
364,966.059753418
365,999.840148926
366,909.51385498
367,991.531799316
368,1032.36999512
369,945.592224121
370,934.370849609
371,932.851806641
372,916.631774902
373,909.14239502
374,1014.35687256
375,1071.54528809
376,942.596557617
377,931.342468262
378,1078.96801758
379,1056.01257324
380,959.405822754
381,1054.31030273
382,1044.56787109
383,1024.00158691
384,1007.30297852
385,1006.99243164
386,988.333740234
387,925.834472656
388,919.068664551
389,987.076782227
390,985.616210938
391,857.057617188
392,960.650085449
393,1054.12902832
394,987.377197266
395,902.895263672
396,985.865234375
397,981.156433105
398,1001.41217041
399,986.676879883
400,991.156982422
401,882.491394043
402,1002.60534668
403,983.299438477
404,904.303894043
405,889.747375488
406,921.911193848
407,905.119812012
408,909.867492676
409,923.911987305
410,900.937133789
411,919.375976562
412,899.230834961
413,874.102905273
414,815.156738281
415,908.42401123
416,863.983581543
417,900.696044922
418,933.17578125
419,859.935424805
420,953.657226562
421,870.394958496
422,987.455932617
423,902.75201416
424,924.012817383
425,892.819763184
426,884.827331543
427,994.727172852
428,950.754760742
429,928.488098145
430,890.910461426
431,929.07208252
432,812.4453125
433,877.96661377
434,1039.82775879
435,926.592041016
436,880.442504883
437,915.860778809
438,935.511474609
439,878.756286621
440,1011.93218994
441,884.889343262
442,934.825805664
443,852.707336426
444,982.436340332
445,936.780578613
446,916.462524414
447,913.720825195
448,923.041381836
449,972.538574219
450,840.427062988
451,943.514038086
452,945.015441895
453,837.009216309
454,994.909484863
455,815.428405762
456,904.695983887
457,954.68927002
458,937.60534668
459,900.08807373
460,867.219970703
461,896.176574707
462,896.771057129
463,910.423583984
464,887.838012695
465,897.15838623
466,916.89453125
467,890.612854004
468,831.12902832
469,894.24597168
470,855.129943848
471,920.571228027
472,895.267456055
473,881.354614258
474,842.502868652
475,798.092346191
476,932.507019043
477,843.343322754
478,885.999084473
479,936.60357666
480,923.648376465
481,807.453735352
482,907.847473145
483,844.92578125
484,868.026367188
485,855.247924805
486,837.58807373
487,865.614501953
488,849.102294922
489,916.861206055
490,876.731262207
491,836.708068848
492,958.629394531
493,932.284057617
494,915.760131836
495,905.801147461
496,891.687316895
497,863.572937012
498,902.833251953
499,880.177978516
500,854.667297363
501,801.766296387
502,860.335571289
503,891.70300293
504,849.148864746
505,825.789611816
506,938.813171387
507,894.475036621
508,854.468505859
509,856.72668457
510,941.394897461
511,822.710327148
512,868.452758789
513,805.092712402
514,915.32019043
515,849.221008301
516,842.22668457
517,800.667602539
518,881.208862305
519,882.317077637
520,894.92376709
521,885.650878906
522,848.654907227
523,833.229919434
524,873.206054688
525,840.22253418
526,938.917480469
527,919.878051758
528,791.97253418
529,886.658447266
530,876.199707031
531,891.599304199
532,821.79119873
533,912.349975586
534,800.343994141
535,868.432861328
536,871.83404541
537,868.726074219
538,842.354980469
539,877.03704834
540,856.492736816
541,787.313415527
542,827.9375
543,885.434020996
544,837.15234375
545,860.17401123
546,778.895690918
547,758.024658203
548,907.864868164
549,824.485412598
550,837.751342773
551,782.182617188
552,740.283874512
553,901.177368164
554,793.788513184
555,879.148742676
556,866.858703613
557,844.002380371
558,831.704162598
559,847.015014648
560,842.053222656
561,785.373596191
562,871.552612305
563,779.633056641
564,904.945068359
565,862.67401123
566,870.103820801
567,826.201843262
568,808.531188965
569,881.690673828
570,834.347229004
571,887.653503418
572,841.036254883
573,777.494445801
574,856.778869629
575,863.538452148
576,852.936340332
577,792.058654785
578,881.661437988
579,818.451599121
580,768.54675293
581,783.385192871
582,917.51348877
583,915.078918457
584,825.114624023
585,805.762023926
586,799.559143066
587,763.501831055
588,800.572021484
589,918.180053711
590,797.634460449
591,854.427185059
592,820.21673584
593,746.598022461
594,795.088806152
595,759.561401367
596,779.537841797
597,802.684570312
598,789.948059082
599,820.329101562
600,882.879760742
601,849.467529297
602,758.946960449
603,791.3359375
604,793.224365234
605,786.712890625
606,806.973266602
607,876.31829834
608,842.540588379
609,850.333312988
610,764.038513184
611,812.227905273
612,790.584350586
613,787.476501465
614,784.394897461
615,761.235290527
616,880.003723145
617,786.144348145
618,804.695373535
619,734.514221191
620,738.286437988
621,780.072265625
622,784.708496094
623,791.408325195
624,774.460083008
625,761.735595703
626,821.437866211
627,786.311401367
628,791.404418945
629,823.127807617
630,787.403076172
631,791.620788574
632,776.277160645
633,792.868591309
634,825.766601562
635,789.846740723
636,732.959838867
637,816.611755371
638,789.116333008
639,781.405395508
640,848.621643066
641,758.477905273
642,804.884155273
643,790.975097656
644,824.27331543
645,739.780395508
646,812.356872559
647,769.141784668
648,794.759277344
649,768.450561523
650,761.642272949
651,774.707885742
652,799.915588379
653,738.724121094
654,784.278320312
655,801.817443848
656,797.475708008
657,776.222229004
658,830.699279785
659,818.131103516
660,768.699157715
661,789.824645996
662,747.603942871
663,779.560974121
664,792.205566406
665,822.534606934
666,872.245483398
667,858.961730957
668,822.488769531
669,784.544189453
670,857.637573242
671,812.540039062
672,705.293029785
673,745.750427246
674,875.933105469
675,857.786499023
676,821.548461914
677,820.692749023
678,818.215759277
679,839.953308105
680,798.73223877
681,724.553344727
682,896.29675293
683,804.131591797
684,818.525024414
685,761.842956543
686,785.544250488
687,802.578308105
688,794.283874512
689,741.668457031
690,782.666015625
691,832.655639648
692,734.287963867
693,773.869873047
694,764.292358398
695,789.735046387
696,777.031494141
697,830.692993164
698,775.417236328
699,780.534362793
700,876.174926758
701,779.194946289
702,769.522460938
703,782.043945312
704,761.297668457
705,699.882263184
706,854.626220703
707,739.216430664
708,701.32824707
709,753.10760498
710,794.560791016
711,851.126831055
712,736.160583496
713,799.44317627
714,746.520629883
715,774.234863281
716,744.332580566
717,800.914489746
718,846.500061035
719,761.085083008
720,811.62097168
721,746.359924316
722,770.61706543
723,744.150146484
724,759.92565918
725,813.777587891
726,799.166625977
727,752.364746094
728,801.527099609
729,875.952880859
730,777.245239258
731,740.980712891
732,727.186401367
733,815.432373047
734,727.476074219
735,722.805786133
736,815.646972656
737,813.198669434
738,793.083496094
739,728.755615234
740,821.022338867
741,802.336853027
742,831.995910645
743,797.5
744,726.748352051
745,742.08203125
746,775.073547363
747,777.407592773
748,759.606262207
749,682.64630127
750,767.046081543
751,711.887145996
752,719.874816895
753,824.413818359
754,751.034667969
755,742.529541016
756,750.493652344
757,795.87902832
758,714.397583008
759,725.719604492
760,775.679931641
761,783.472106934
762,770.69140625
763,804.156860352
764,801.629760742
765,755.198364258
766,716.207275391
767,727.330078125
768,792.630981445
769,808.392456055
770,779.848754883
771,796.488464355
772,754.759277344
773,716.508728027
774,791.846679688
775,758.236816406
776,737.396850586
777,792.10369873
778,715.084655762
779,786.170043945
780,719.251708984
781,707.754394531
782,788.557250977
783,744.726074219
784,782.544250488
785,698.226196289
786,725.834533691
787,814.06427002
788,689.835388184
789,747.038330078
790,759.789428711
791,730.110656738
792,720.536743164
793,793.383544922
794,817.255493164
795,797.91003418
796,818.631591797
797,747.850219727
798,791.554077148
799,796.803100586
800,732.096008301
801,708.321533203
802,763.931518555
803,720.891723633
804,682.339538574
805,768.02532959
806,720.89465332
807,770.861083984
808,730.647338867
809,739.882568359
810,804.350891113
811,718.392089844
812,749.906555176
813,705.758728027
814,706.146484375
815,723.674255371
816,696.732177734
817,742.165344238
818,689.428894043
819,808.511352539
820,695.080444336
821,718.145324707
822,705.113769531
823,779.098999023
824,806.094238281
825,704.271484375
826,825.020935059
827,660.582214355
828,777.320861816
829,703.242736816
830,743.507995605
831,756.379089355
832,813.26763916
833,741.62689209
834,716.939758301
835,740.017272949
836,762.202697754
837,758.979797363
838,706.745910645
839,758.505187988
840,756.288452148
841,757.233398438
842,676.726257324
843,718.054321289
844,663.036254883
845,696.941040039
846,702.368469238
847,754.627197266
848,760.538818359
849,770.325256348
850,759.711914062
851,689.217346191
852,711.714233398
853,763.666931152
854,695.881469727
855,761.855957031
856,653.407287598
857,757.738647461
858,760.049499512
859,685.479797363
860,757.984863281
861,750.428466797
862,633.899597168
863,718.045532227
864,745.54498291
865,733.20715332
866,698.156677246
867,838.246887207
868,703.189697266
869,687.060668945
870,733.86340332
871,760.203979492
872,760.413269043
873,815.396728516
874,763.320617676
875,753.596008301
876,750.933837891
877,709.992248535
878,733.147827148
879,822.979614258
880,699.902893066
881,770.573425293
882,745.15423584
883,722.939147949
884,734.268615723
885,685.76763916
886,775.263366699
887,742.466308594
888,692.635070801
889,702.675842285
890,760.740905762
891,721.335998535
892,710.360351562
893,735.452941895
894,684.229125977
895,701.292297363
896,728.494934082
897,754.233520508
898,662.440246582
899,691.787658691
900,720.492004395
901,755.372375488
902,741.782043457
903,710.157348633
904,642.274291992
905,733.16583252
906,781.566711426
907,652.690856934
908,725.028991699
909,688.92364502
910,730.473083496
911,699.098266602
912,765.83013916
913,668.452514648
914,791.8046875
915,688.319213867
916,762.972045898
917,799.537719727
918,739.092895508
919,747.12097168
920,736.014160156
921,749.822753906
922,743.33795166
923,698.173461914
924,746.613037109
925,701.526367188
926,730.912902832
927,710.968261719
928,718.81262207
929,763.704406738
930,766.119995117
931,662.49395752
932,704.682983398
933,690.171508789
934,749.065917969
935,718.029663086
936,779.526062012
937,748.62677002
938,725.035461426
939,677.689880371
940,768.463378906
941,725.786560059
942,681.791809082
943,775.852111816
944,701.30255127
945,691.218994141
946,761.587341309
947,655.300354004
948,707.83795166
949,662.92376709
950,769.422668457
951,784.326904297
952,718.162109375
953,743.721496582
954,701.868835449
955,761.566772461
956,764.83972168
957,712.532409668
958,686.792053223
959,708.682495117
960,728.61340332
961,787.771972656
962,716.375488281
963,709.814880371
964,738.901428223
965,690.465209961
966,657.707336426
967,678.030395508
968,758.303771973
969,712.16003418
970,652.53125
971,655.596191406
972,638.99407959
973,655.737304688
974,637.433959961
975,764.045593262
976,740.208984375
977,706.573364258
978,658.204772949
979,706.505187988
980,744.241271973
981,610.666748047
982,658.180480957
983,751.027954102
984,655.518249512
985,702.328735352
986,730.599853516
987,719.349609375
988,738.639038086
989,716.969970703
990,740.785705566
991,648.385742188
992,678.887878418
993,621.334228516
994,694.951965332
995,639.629882812
996,697.209838867
997,744.704833984
998,811.228210449
999,659.228088379
1000,745.679321289
1001,717.178894043
1002,665.85345459
1003,686.487854004
1004,730.215515137
1005,651.647644043
1006,784.119750977
1007,758.429260254
1008,670.255981445
1009,677.830444336
1010,704.895874023
1011,754.159423828
1012,724.747619629
1013,712.795410156
1014,736.447570801
1015,688.000915527
1016,665.671203613
1017,727.841308594
1018,670.101074219
1019,773.710388184
1020,767.93145752
1021,693.258850098
1022,730.324768066
1023,694.690795898
1024,723.886474609
1025,679.145019531
1026,705.376220703
1027,677.925231934
1028,754.022399902
1029,663.257385254
1030,729.737487793
1031,761.231750488
1032,692.98638916
1033,703.753112793
1034,726.083068848
1035,705.252502441
1036,717.426879883
1037,709.215759277
1038,746.280700684
1039,685.56439209
1040,694.361022949
1041,749.453430176
1042,729.978393555
1043,791.444091797
1044,724.565795898
1045,694.176147461
1046,686.031005859
1047,707.472045898
1048,717.931335449
1049,752.581115723
1050,729.014831543
1051,677.11541748
1052,701.020507812
1053,768.61541748
1054,688.299133301
1055,660.530578613
1056,704.789489746
1057,689.02331543
1058,745.268493652
1059,704.420959473
1060,692.693664551
1061,692.26763916
1062,711.773010254
1063,653.379760742
1064,673.240600586
1065,707.434020996
1066,755.378234863
1067,680.871948242
1068,737.018737793
1069,651.270690918
1070,634.729675293
1071,686.346740723
1072,596.226745605
1073,669.331298828
1074,727.127929688
1075,697.514526367
1076,685.108825684
1077,696.854125977
1078,773.075866699
1079,650.882751465
1080,722.163452148
1081,671.731750488
1082,691.010437012
1083,639.04864502
1084,703.275695801
1085,681.463867188
1086,710.266845703
1087,684.232910156
1088,680.860412598
1089,649.784179688
1090,677.399414062
1091,659.346801758
1092,685.084716797
1093,679.652099609
1094,646.112731934
1095,655.928710938
1096,661.590454102
1097,693.431030273
1098,668.560974121
1099,654.426757812
1100,618.541687012
1101,739.648681641
1102,704.120666504
1103,662.903930664
1104,658.473083496
1105,692.177246094
1106,637.736877441
1107,668.96105957
1108,764.005554199
1109,654.349182129
1110,721.863769531
1111,706.432617188
1112,701.511230469
1113,726.445068359
1114,639.979553223
1115,661.273681641
1116,631.072509766
1117,643.564941406
1118,653.017700195
1119,676.853515625
1120,670.229125977
1121,682.434753418
1122,669.58972168
1123,683.195800781
1124,647.971435547
1125,712.271911621
1126,698.62701416
1127,696.303771973
1128,629.769897461
1129,715.74230957
1130,684.46887207
1131,620.594848633
1132,622.42175293
1133,682.307128906
1134,619.272583008
1135,737.156433105
1136,691.019897461
1137,676.314086914
1138,626.697387695
1139,658.804870605
1140,583.714660645
1141,652.758178711
1142,624.508544922
1143,626.722961426
1144,642.713439941
1145,702.496154785
1146,692.053649902
1147,563.695983887
1148,645.743469238
1149,728.918701172
1150,653.621276855
1151,643.202575684
1152,717.709777832
1153,672.746887207
1154,632.668334961
1155,651.194824219
1156,671.15625
1157,643.338745117
1158,652.449829102
1159,638.662536621
1160,711.102905273
1161,689.145629883
1162,644.270507812
1163,666.507995605
1164,647.767333984
1165,633.525085449
1166,646.477478027
1167,609.926452637
1168,606.753295898
1169,665.592163086
1170,639.674499512
1171,602.500427246
1172,630.053100586
1173,632.987670898
1174,703.386352539
1175,651.500061035
1176,666.368835449
1177,664.518432617
1178,630.609985352
1179,654.655761719
1180,644.989624023
1181,744.66583252
1182,637.079528809
1183,657.909973145
1184,689.46685791
1185,645.733703613
1186,657.058105469
1187,707.782531738
1188,661.165283203
1189,699.60345459
1190,606.064941406
1191,660.363708496
1192,671.250732422
1193,650.969055176
1194,617.626159668
1195,671.213500977
1196,645.958129883
1197,670.713745117
1198,652.291015625
1199,697.228210449
1200,742.643188477
1201,649.23449707
1202,662.737304688
1203,651.077087402
1204,638.586181641
1205,653.939453125
1206,705.862548828
1207,668.155151367
1208,705.520507812
1209,666.927368164
1210,688.767822266
1211,681.102172852
1212,631.0625
1213,699.201049805
1214,734.385375977
1215,663.57232666
1216,670.380493164
1217,591.967224121
1218,608.745300293
1219,689.571716309
1220,684.283691406
1221,668.039428711
1222,663.786560059
1223,647.875854492
1224,654.140930176
1225,682.415588379
1226,646.252075195
1227,665.985473633
1228,626.088745117
1229,732.218994141
1230,657.452575684
1231,621.090454102
1232,604.740783691
1233,625.025268555
1234,666.869140625
1235,663.80871582
1236,635.025817871
1237,689.558837891
1238,663.43963623
1239,646.783996582
1240,691.732116699
1241,656.572509766
1242,724.112670898
1243,651.400146484
1244,651.196716309
1245,604.186706543
1246,653.5390625
1247,710.514831543
1248,676.710998535
1249,649.962402344
1250,627.329589844
1251,665.331542969
1252,726.17755127
1253,622.010620117
1254,678.494384766
1255,700.828491211
1256,676.5859375
1257,599.053100586
1258,646.691894531
1259,560.872192383
1260,680.44128418
1261,676.071655273
1262,629.859863281
1263,578.563598633
1264,747.74609375
1265,640.516784668
1266,603.633056641
1267,592.909667969
1268,680.86730957
1269,623.11517334
1270,657.531555176
1271,648.388244629
1272,659.812194824
1273,633.310852051
1274,632.796020508
1275,594.68927002
1276,632.766967773
1277,663.667053223
1278,595.41015625
1279,689.839904785
1280,719.379638672
1281,632.48059082
1282,661.069458008
1283,706.213989258
1284,693.794433594
1285,692.712280273
1286,663.010620117
1287,652.053283691
1288,662.682678223
1289,633.328735352
1290,705.86315918
1291,615.874328613
1292,665.250488281
1293,647.010925293
1294,744.96270752
1295,708.756530762
1296,681.319702148
1297,598.975708008
1298,648.278686523
1299,692.694030762
1300,693.425415039
1301,709.840209961
1302,646.677001953
1303,678.907714844
1304,696.78692627
1305,633.251098633
1306,702.46697998
1307,696.422912598
1308,691.473144531
1309,611.046081543
1310,575.749084473
1311,629.369445801
1312,622.423156738
1313,659.992736816
1314,657.184692383
1315,599.910522461
1316,636.898132324
1317,666.650695801
1318,588.437805176
1319,681.742675781
1320,675.171813965
1321,621.054260254
1322,674.366638184
1323,630.905578613
1324,613.400085449
1325,665.321777344
1326,609.853393555
1327,683.96105957
1328,592.420776367
1329,676.661254883
1330,641.534973145
1331,651.023620605
1332,655.188110352
1333,642.368225098
1334,658.824951172
1335,608.31829834
1336,632.062988281
1337,657.992675781
1338,664.441101074
1339,607.690979004
1340,610.215087891
1341,656.608154297
1342,661.183654785
1343,638.361083984
1344,638.15625
1345,613.484863281
1346,613.80480957
1347,601.684326172
1348,603.073852539
1349,700.242126465
1350,599.093139648
1351,630.23651123
1352,639.528503418
1353,669.289978027
1354,678.297851562
1355,673.859741211
1356,666.527709961
1357,693.769104004
1358,654.278442383
1359,637.177185059
1360,611.889892578
1361,641.139648438
1362,674.924682617
1363,617.416381836
1364,684.164123535
1365,613.655639648
1366,659.428894043
1367,598.816955566
1368,667.531982422
1369,625.22052002
1370,629.509399414
1371,585.445678711
1372,608.472595215
1373,608.379150391
1374,643.358154297
1375,640.282287598
1376,598.106018066
1377,619.013671875
1378,593.863830566
1379,568.292358398
1380,611.636413574
1381,624.440246582
1382,603.268737793
1383,660.097717285
1384,642.005310059
1385,634.240844727
1386,621.498718262
1387,656.592407227
1388,649.614074707
1389,685.180175781
1390,628.610412598
1391,679.092285156
1392,594.089294434
1393,662.565002441
1394,649.12487793
1395,607.734375
1396,649.914550781
1397,676.241027832
1398,586.081420898
1399,623.057128906
1400,615.4453125
1401,620.548339844
1402,590.006530762
1403,604.208435059
1404,521.822998047
1405,635.429870605
1406,603.539550781
1407,617.560119629
1408,631.029296875
1409,591.435913086
1410,641.244873047
1411,638.77166748
1412,653.638183594
1413,583.973144531
1414,622.466064453
1415,696.744689941
1416,626.291748047
1417,599.506652832
1418,608.840759277
1419,654.289245605
1420,616.202575684
1421,631.50604248
1422,623.170349121
1423,630.286499023
1424,627.883117676
1425,589.3828125
1426,576.572814941
1427,652.225036621
1428,657.602233887
1429,536.598388672
1430,624.994262695
1431,611.184082031
1432,665.973205566
1433,650.483398438
1434,657.735778809
1435,621.509216309
1436,645.709289551
1437,664.111633301
1438,628.631469727
1439,635.63848877
1440,640.932556152
1441,639.328613281
1442,626.597595215
1443,574.522460938
1444,584.920532227
1445,570.708129883
1446,616.761474609
1447,627.763427734
1448,637.930786133
1449,623.455444336
1450,654.433044434
1451,656.172241211
1452,593.86340332
1453,672.892089844
1454,584.927062988
1455,722.016601562
1456,690.651672363
1457,616.139709473
1458,600.609924316
1459,657.930175781
1460,569.188476562
1461,649.682983398
1462,607.399353027
1463,614.161437988
1464,667.825927734
1465,627.876708984
1466,622.967956543
1467,593.80480957
1468,592.220214844
1469,626.353271484
1470,690.650817871
1471,618.077636719
1472,618.987121582
1473,648.512084961
1474,598.340209961
1475,580.061889648
1476,580.602539062
1477,583.110961914
1478,580.468078613
1479,617.642028809
1480,580.132385254
1481,662.997619629
1482,544.603088379
1483,625.648254395
1484,653.867248535
1485,599.721923828
1486,639.556335449
1487,647.521911621
1488,612.669128418
1489,581.511657715
1490,632.657409668
1491,625.521118164
1492,583.437561035
1493,570.649902344
1494,672.053100586
1495,682.042602539
1496,645.699279785
1497,641.737792969
1498,633.701660156
1499,659.354064941
1500,599.06262207
1501,652.047851562
1502,568.549194336
1503,667.277893066
1504,641.686889648
1505,630.846801758
1506,612.015686035
1507,633.312866211
1508,608.005004883
1509,582.807373047
1510,611.147033691
1511,619.444091797
1512,598.360595703
1513,647.494506836
1514,567.165222168
1515,610.921325684
1516,631.77166748
1517,703.034606934
1518,630.722839355
1519,608.413085938
1520,616.303894043
1521,576.381774902
1522,619.00958252
1523,578.628723145
1524,599.56829834
1525,591.928527832
1526,596.731567383
1527,569.07208252
1528,665.764953613
1529,601.997680664
1530,636.223754883
1531,621.631958008
1532,604.354919434
1533,622.755554199
1534,557.73815918
1535,645.428222656
1536,640.468078613
1537,622.984619141
1538,549.160827637
1539,619.763183594
1540,626.391601562
1541,638.952209473
1542,620.821289062
1543,655.741943359
1544,627.961791992
1545,609.184448242
1546,628.32409668
1547,617.918212891
1548,592.252441406
1549,645.535949707
1550,591.725585938
1551,646.632446289
1552,689.560974121
1553,588.60559082
1554,629.313232422
1555,646.397827148
1556,571.637573242
1557,650.35534668
1558,611.118896484
1559,605.916992188
1560,629.591125488
1561,606.463623047
1562,581.26171875
1563,665.392456055
1564,593.129089355
1565,633.741577148
1566,631.605041504
1567,663.03717041
1568,597.360351562
1569,599.953735352
1570,600.347473145
1571,618.159301758
1572,569.528076172
1573,592.440307617
1574,612.234436035
1575,608.827026367
1576,604.382385254
1577,642.630493164
1578,642.305847168
1579,593.851623535
1580,653.604553223
1581,610.14666748
1582,600.357299805
1583,589.163146973
1584,593.768432617
1585,559.66418457
1586,553.496154785
1587,525.988525391
1588,630.067260742
1589,587.58392334
1590,628.39263916
1591,613.553283691
1592,562.809448242
1593,586.772888184
1594,581.646789551
1595,611.963989258
1596,581.799499512
1597,580.090881348
1598,653.777404785
1599,577.120056152
1600,669.35723877
1601,597.301696777
1602,563.437438965
1603,576.789489746
1604,601.140075684
1605,614.656494141
1606,608.227478027
1607,621.452331543
1608,597.679138184
1609,583.309631348
1610,633.350402832
1611,572.463012695
1612,590.52154541
1613,577.70489502
1614,631.130249023
1615,615.059448242
1616,620.635498047
1617,581.082641602
1618,580.264038086
1619,548.424499512
1620,636.552062988
1621,607.510131836
1622,584.579956055
1623,643.707275391
1624,599.60760498
1625,616.18359375
1626,551.304199219
1627,597.960144043
1628,613.768920898
1629,550.644714355
1630,586.176147461
1631,571.437988281
1632,607.185302734
1633,640.158630371
1634,635.659301758
1635,598.495300293
1636,577.591003418
1637,673.888671875
1638,670.243408203
1639,582.838745117
1640,593.801696777
1641,541.276611328
1642,588.068359375
1643,654.778442383
1644,631.538330078
1645,608.414733887
1646,595.347167969
1647,571.132324219
1648,617.161254883
1649,569.272949219
1650,649.91418457
1651,571.188903809
1652,610.674377441
1653,615.215698242
1654,579.85369873
1655,605.790649414
1656,547.323913574
1657,610.587341309
1658,567.396484375
1659,610.532775879
1660,613.686767578
1661,600.384155273
1662,547.746459961
1663,591.942260742
1664,623.425598145
1665,623.515075684
1666,608.759399414
1667,682.925292969
1668,616.077575684
1669,665.928100586
1670,580.750854492
1671,560.766540527
1672,607.341491699
1673,616.271240234
1674,611.920654297
1675,557.832519531
1676,569.252441406
1677,592.896911621
1678,592.703308105
1679,623.283935547
1680,615.239624023
1681,588.446899414
1682,590.940673828
1683,598.431518555
1684,524.556274414
1685,608.452270508
1686,634.751464844
1687,673.989746094
1688,583.837036133
1689,598.392700195
1690,653.926940918
1691,580.316711426
1692,628.79699707
1693,642.507019043
1694,583.036987305
1695,554.345214844
1696,572.647155762
1697,597.993164062
1698,651.978515625
1699,585.581542969
1700,616.997131348
1701,630.270080566
1702,536.058654785
1703,528.639099121
1704,648.356384277
1705,634.820251465
1706,628.664001465
1707,618.141662598
1708,581.197631836
1709,559.768493652
1710,584.681945801
1711,613.465881348
1712,604.101501465
1713,530.56060791
1714,627.445373535
1715,590.002258301
1716,614.540344238
1717,599.179992676
1718,562.265197754
1719,602.746887207
1720,595.047058105
1721,622.722473145
1722,603.723144531
1723,610.174865723
1724,568.291564941
1725,579.544250488
1726,553.163574219
1727,556.314758301
1728,627.205322266
1729,584.917358398
1730,591.994995117
1731,565.180969238
1732,545.023498535
1733,617.04107666
1734,611.248779297
1735,638.678649902
1736,591.007019043
1737,616.268310547
1738,561.38104248
1739,596.63079834
1740,642.002258301
1741,574.655883789
1742,530.747375488
1743,583.980895996
1744,552.460510254
1745,640.786743164
1746,571.057678223
1747,587.04888916
1748,610.302429199
1749,630.897216797
1750,624.340820312
1751,581.984375
1752,568.834899902
1753,543.487060547
1754,613.963500977
1755,521.07208252
1756,603.686157227
1757,524.424682617
1758,595.66015625
1759,595.674133301
1760,565.219726562
1761,557.109130859
1762,532.739501953
1763,592.890258789
1764,576.54473877
1765,620.753173828
1766,560.082336426
1767,590.313232422
1768,598.703125
1769,550.902099609
1770,582.885498047
1771,605.70501709
1772,531.434997559
1773,623.045043945
1774,639.745849609
1775,545.469604492
1776,603.780639648
1777,629.630981445
1778,572.022094727
1779,593.635131836
1780,603.308898926
1781,549.14453125
1782,620.886657715
1783,623.894775391
1784,553.640197754
1785,539.417663574
1786,568.776794434
1787,542.99810791
1788,611.925964355
1789,583.324279785
1790,559.272644043
1791,646.622558594
1792,616.840698242
1793,644.73638916
1794,627.755310059
1795,670.828918457
1796,563.862365723
1797,595.592895508
1798,558.336853027
1799,533.152587891
1800,665.647521973
1801,573.586975098
1802,593.264648438
1803,596.790405273
1804,513.698608398
1805,583.282348633
1806,555.60534668
1807,599.353820801
1808,535.88079834
1809,527.983947754
1810,549.050720215
1811,627.978759766
1812,560.783813477
1813,570.48626709
1814,566.102722168
1815,546.208496094
1816,660.270446777
1817,581.360229492
1818,636.870178223
1819,568.232971191
1820,562.930236816
1821,619.788024902
1822,584.074401855
1823,575.211608887
1824,613.080322266
1825,622.976257324
1826,588.55871582
1827,563.491943359
1828,566.944152832
1829,551.976013184
1830,586.863037109
1831,557.771118164
1832,576.962890625
1833,580.312255859
1834,589.829284668
1835,598.89276123
1836,543.494140625
1837,569.662231445
1838,568.575073242
1839,551.908996582
1840,581.903930664
1841,561.983886719
1842,590.30267334
1843,508.722839355
1844,564.503295898
1845,582.389892578
1846,578.007141113
1847,501.503936768
1848,592.443969727
1849,592.844787598
1850,551.368286133
1851,580.808288574
1852,552.134765625
1853,566.704650879
1854,539.366516113
1855,584.370727539
1856,551.833129883
1857,569.618164062
1858,583.986572266
1859,523.954956055
1860,566.342102051
1861,610.918884277
1862,603.047790527
1863,564.535766602
1864,574.911071777
1865,580.026977539
1866,568.712097168
1867,567.288757324
1868,537.155273438
1869,606.976623535
1870,553.82635498
1871,546.686401367
1872,581.59375
1873,579.663696289
1874,624.922058105
1875,576.466125488
1876,568.608398438
1877,559.743103027
1878,568.963745117
1879,594.833435059
1880,572.562561035
1881,582.328552246
1882,579.378417969
1883,542.774719238
1884,661.525512695
1885,574.711364746
1886,569.062438965
1887,540.627746582
1888,536.540100098
1889,627.63079834
1890,580.302612305
1891,502.617980957
1892,575.571228027
1893,547.658874512
1894,579.089172363
1895,580.009338379
1896,535.70703125
1897,592.657714844
1898,558.884277344
1899,569.335693359
1900,537.796508789
1901,533.616943359
1902,600.917602539
1903,568.913818359
1904,559.306396484
1905,560.040649414
1906,560.973754883
1907,548.203674316
1908,516.238220215
1909,573.34185791
1910,586.76739502
1911,553.194396973
1912,583.38873291
1913,551.259216309
1914,548.58416748
1915,574.630615234
1916,548.92388916
1917,548.180358887
1918,498.282226562
1919,644.536987305
1920,596.915466309
1921,551.386413574
1922,599.487365723
1923,570.70715332
1924,572.428222656
1925,579.032043457
1926,632.522033691
1927,572.648498535
1928,607.230285645
1929,675.871459961
1930,576.55090332
1931,536.558105469
1932,571.880187988
1933,554.086730957
1934,541.321289062
1935,585.924865723
1936,615.460449219
1937,587.881469727
1938,603.87878418
1939,535.141601562
1940,547.47845459
1941,572.60534668
1942,564.845581055
1943,585.999023438
1944,573.104370117
1945,560.700683594
1946,555.782104492
1947,583.499084473
1948,521.68170166
1949,517.430114746
1950,539.811462402
1951,528.136108398
1952,581.536621094
1953,546.373840332
1954,575.157836914
1955,510.147277832
1956,561.315856934
1957,566.85546875
1958,594.710083008
1959,588.606933594
1960,545.591430664
1961,590.106445312
1962,528.310668945
1963,586.952331543
1964,570.791015625
1965,607.467529297
1966,568.835388184
1967,524.10168457
1968,576.04083252
1969,500.642822266
1970,518.960144043
1971,540.155761719
1972,570.502441406
1973,572.579956055
1974,592.878173828
1975,556.958129883
1976,628.729980469
1977,520.726379395
1978,574.874389648
1979,561.395019531
1980,625.953979492
1981,528.088928223
1982,564.824157715
1983,585.109802246
1984,566.714416504
1985,574.124206543
1986,546.067199707
1987,565.418518066
1988,558.55291748
1989,573.463012695
1990,594.862609863
1991,570.715576172
1992,602.022644043
1993,557.23425293
1994,592.422729492
1995,595.082092285
1996,559.312866211
1997,567.718200684
1998,549.950317383
1999,575.818725586
2000,545.320983887
2001,570.041748047
2002,542.090698242
2003,535.934814453
2004,560.022521973
2005,584.093383789
2006,567.362792969
2007,550.947631836
2008,492.507263184
2009,581.120178223
2010,486.29699707
2011,615.213928223
2012,592.780212402
2013,548.406799316
2014,564.744750977
2015,570.398986816
2016,575.870361328
2017,524.397949219
2018,567.141296387
2019,505.898498535
2020,618.048522949
2021,551.213256836
2022,559.291015625
2023,585.690307617
2024,566.352661133
2025,591.035949707
2026,600.994384766
2027,642.432739258
2028,543.104248047
2029,576.407592773
2030,558.753417969
2031,576.11932373
2032,606.958435059
2033,569.502563477
2034,567.354492188
2035,589.356384277
2036,528.944885254
2037,556.992431641
2038,541.796386719
2039,504.446990967
2040,540.585144043
2041,578.468811035
2042,549.179626465
2043,567.602722168
2044,609.664916992
2045,543.102966309
2046,564.38104248
2047,538.14251709
2048,609.416259766
2049,540.561950684
2050,564.384155273
2051,528.46282959
2052,544.163024902
2053,509.135528564
2054,512.059814453
2055,537.174377441
2056,554.725158691
2057,509.092956543
2058,536.488098145
2059,545.258300781
2060,560.228149414
2061,591.207946777
2062,550.334655762
2063,518.661254883
2064,593.172424316
2065,487.221496582
2066,568.555725098
2067,558.478393555
2068,564.400756836
2069,566.336425781
2070,584.134094238
2071,595.143005371
2072,568.161865234
2073,539.686584473
2074,543.259765625
2075,550.271972656
2076,562.206176758
2077,531.985107422
2078,517.081787109
2079,571.675292969
2080,500.762359619
2081,544.796569824
2082,553.129821777
2083,573.492614746
2084,506.822113037
2085,564.79864502
2086,565.744018555
2087,505.683563232
2088,534.215393066
2089,542.923034668
2090,526.192810059
2091,566.34576416
2092,531.088867188
2093,524.018981934
2094,522.680236816
2095,559.434509277
2096,548.04119873
2097,559.882873535
2098,545.582580566
2099,560.186584473
2100,512.565002441
2101,627.123718262
2102,548.515808105
2103,568.465820312
2104,540.986694336
2105,508.751342773
2106,543.281188965
2107,498.158081055
2108,544.147216797
2109,553.49017334
2110,525.820556641
2111,584.382751465
2112,509.800415039
2113,544.407470703
2114,558.131713867
2115,576.360534668
2116,498.762176514
2117,590.314086914
2118,543.811096191
2119,542.83984375
2120,528.698242188
2121,572.449829102
2122,553.546508789
2123,569.577392578
2124,497.891662598
2125,556.092163086
2126,566.534790039
2127,555.903320312
2128,529.323364258
2129,510.467437744
2130,516.586547852
2131,501.685668945
2132,570.941833496
2133,551.930175781
2134,548.013549805
2135,583.894165039
2136,549.325439453
2137,547.227172852
2138,527.50769043
2139,600.919921875
2140,572.930175781
2141,524.828308105
2142,554.527160645
2143,561.738586426
2144,517.576660156
2145,605.974060059
2146,572.483825684
2147,551.611999512
2148,513.011474609
2149,519.281677246
2150,578.189025879
2151,556.602905273
2152,530.524414062
2153,601.547485352
2154,592.411376953
2155,533.941223145
2156,561.068908691
2157,550.109802246
2158,553.05065918
2159,554.565063477
2160,572.134887695
2161,560.505310059
2162,513.188476562
2163,521.21862793
2164,541.174072266
2165,547.35357666
2166,572.604858398
2167,547.866760254
2168,580.694213867
2169,533.23059082
2170,552.190734863
2171,575.332092285
2172,497.995635986
2173,554.016967773
2174,536.126647949
2175,529.528686523
2176,488.585540771
2177,514.521484375
2178,507.44619751
2179,602.011047363
2180,524.149658203
2181,613.023803711
2182,515.557067871
2183,525.03137207
2184,553.217285156
2185,535.024963379
2186,526.734680176
2187,507.354125977
2188,541.879089355
2189,473.931274414
2190,559.274353027
2191,524.408508301
2192,558.126831055
2193,548.587402344
2194,524.688110352
2195,523.432250977
2196,544.355163574
2197,563.533325195
2198,533.463989258
2199,543.081542969
2200,516.394775391
2201,560.873840332
2202,542.981628418
2203,541.103393555
2204,539.364868164
2205,559.340454102
2206,485.830230713
2207,554.030273438
2208,558.316223145
2209,575.945556641
2210,503.670776367
2211,518.636047363
2212,541.495178223
2213,532.653686523
2214,517.453308105
2215,591.567016602
2216,538.202392578
2217,528.368103027
2218,563.859680176
2219,516.23059082
2220,486.43963623
2221,551.164550781
2222,525.743835449
2223,507.111114502
2224,533.074707031
2225,479.459136963
2226,479.424316406
2227,503.289337158
2228,548.988220215
2229,570.31262207
2230,539.051025391
2231,559.890563965
2232,524.431396484
2233,533.137939453
2234,560.518798828
2235,505.820770264
2236,517.320739746
2237,546.26171875
2238,547.643066406
2239,516.456604004
2240,532.241455078
2241,538.022705078
2242,537.907775879
2243,496.29296875
2244,549.757080078
2245,544.109863281
2246,539.302612305
2247,592.462890625
2248,539.970825195
2249,548.430480957
2250,582.43963623
2251,544.980957031
2252,518.352722168
2253,563.850830078
2254,519.263183594
2255,575.014282227
2256,513.773681641
2257,512.159790039
2258,560.518188477
2259,536.653625488
2260,490.170562744
2261,511.516540527
2262,512.174865723
2263,581.441711426
2264,505.611999512
2265,530.02722168
2266,525.387329102
2267,522.564880371
2268,528.499328613
2269,551.380432129
2270,559.359436035
2271,523.526550293
2272,522.421325684
2273,520.782470703
2274,577.144165039
2275,535.560119629
2276,569.025085449
2277,528.898498535
2278,531.445983887
2279,489.897369385
2280,566.313659668
2281,498.697479248
2282,513.020690918
2283,527.050109863
2284,559.480651855
2285,516.636291504
2286,514.21472168
2287,568.16607666
2288,582.692321777
2289,546.563110352
2290,491.61529541
2291,525.021057129
2292,514.991088867
2293,517.425537109
2294,559.532836914
2295,485.674621582
2296,514.193786621
2297,510.241333008
2298,524.127685547
2299,533.06640625
2300,489.866912842
2301,548.604248047
2302,491.353729248
2303,521.220947266
2304,497.884674072
2305,562.788146973
2306,596.894714355
2307,519.052307129
2308,556.255615234
2309,494.692047119
2310,579.397644043
2311,510.494659424
2312,530.815979004
2313,539.19317627
2314,566.580749512
2315,494.541534424
2316,549.386047363
2317,554.68560791
2318,564.502075195
2319,491.744750977
2320,524.528503418
2321,557.13104248
2322,540.835876465
2323,505.569458008
2324,558.85345459
2325,525.707397461
2326,519.09967041
2327,556.326965332
2328,502.446411133
2329,509.041351318
2330,581.989807129
2331,523.26763916
2332,568.385803223
2333,498.925140381
2334,511.07989502
2335,528.376525879
2336,547.467468262
2337,550.527282715
2338,508.164367676
2339,555.953796387
2340,503.219268799
2341,515.620422363
2342,519.702453613
2343,519.413696289
2344,531.502929688
2345,503.622375488
2346,551.17779541
2347,482.560455322
2348,526.242675781
2349,525.072753906
2350,523.990722656
2351,514.917236328
2352,527.430358887
2353,538.480163574
2354,529.887939453
2355,562.12878418
2356,541.689208984
2357,541.772583008
2358,563.935668945
2359,537.327758789
2360,524.66192627
2361,525.831359863
2362,510.505340576
2363,548.456420898
2364,532.373474121
2365,510.257202148
2366,457.629852295
2367,486.734436035
2368,535.112609863
2369,508.48739624
2370,457.758331299
2371,488.978942871
2372,507.065490723
2373,542.586608887
2374,484.79498291
2375,528.551757812
2376,520.975891113
2377,484.454467773
2378,531.149719238
2379,462.53125
2380,511.014129639
2381,510.976287842
2382,520.697998047
2383,548.964050293
2384,483.860778809
2385,548.208374023
2386,525.768066406
2387,470.273529053
2388,534.591918945
2389,554.991577148
2390,527.170471191
2391,541.373718262
2392,531.384460449
2393,546.35748291
2394,527.577270508
2395,504.220245361
2396,529.642822266
2397,562.299255371
2398,525.17578125
2399,525.311218262
2400,546.854736328
2401,535.244873047
2402,499.079315186
2403,468.064666748
2404,525.732788086
2405,571.078369141
2406,553.899841309
2407,502.89855957
2408,500.779083252
2409,544.398742676
2410,509.525024414
2411,474.653930664
2412,513.95135498
2413,484.053405762
2414,490.865783691
2415,579.875244141
2416,491.713409424
2417,557.997619629
2418,557.741882324
2419,508.914611816
2420,518.657409668
2421,544.072143555
2422,526.398010254
2423,511.094482422
2424,491.118438721
2425,540.26965332
2426,512.885314941
2427,479.04989624
2428,506.401489258
2429,495.236328125
2430,486.830444336
2431,541.490478516
2432,476.55569458
2433,508.289764404
2434,648.333435059
2435,518.3671875
2436,533.315307617
2437,555.249816895
2438,515.272216797
2439,523.85168457
2440,526.34185791
2441,512.051452637
2442,526.705627441
2443,500.838256836
2444,530.712463379
2445,525.636108398
2446,526.279907227
2447,514.445007324
2448,538.158691406
2449,494.711730957
2450,478.47088623
2451,478.182342529
2452,487.959503174
2453,523.303527832
2454,536.431518555
2455,494.566558838
2456,511.068511963
2457,578.646850586
2458,530.421020508
2459,556.460266113
2460,571.456115723
2461,554.622009277
2462,525.253295898
2463,535.742370605
2464,523.017456055
2465,519.870300293
2466,540.687255859
2467,520.424865723
2468,545.088684082
2469,494.465759277
2470,524.429138184
2471,503.4140625
2472,593.483337402
2473,527.153747559
2474,580.635925293
2475,528.901489258
2476,519.738708496
2477,507.669403076
2478,463.518463135
2479,517.56262207
2480,498.098754883
2481,522.714172363
2482,568.276062012
2483,538.148925781
2484,564.518920898
2485,491.987213135
2486,472.420806885
2487,513.275512695
2488,532.128417969
2489,509.656433105
2490,540.686157227
2491,520.675170898
2492,536.866699219
2493,564.788330078
2494,505.143005371
2495,469.784545898
2496,540.298278809
2497,562.169555664
2498,505.512908936
2499,518.003967285
2500,482.199523926
2501,534.721740723
2502,511.456207275
2503,506.235992432
2504,488.784332275
2505,488.041870117
2506,534.186096191
2507,539.317077637
2508,554.119812012
2509,543.081420898
2510,524.970581055
2511,467.341491699
2512,518.413757324
2513,481.01663208
2514,503.215484619
2515,525.8203125
2516,468.325439453
2517,498.736663818
2518,477.642456055
2519,514.326660156
2520,482.451324463
2521,520.760864258
2522,533.651367188
2523,460.240600586
2524,549.318237305
2525,547.311157227
2526,517.004760742
2527,496.225067139
2528,509.762664795
2529,476.046661377
2530,492.583953857
2531,498.922088623
2532,497.509094238
2533,526.210388184
2534,511.537811279
2535,524.061828613
2536,490.866546631
2537,540.523376465
2538,532.562988281
2539,483.689178467
2540,520.841796875
2541,530.549499512
2542,530.445800781
2543,474.764678955
2544,465.923431396
2545,480.540771484
2546,512.022705078
2547,515.426757812
2548,488.662628174
2549,527.800170898
2550,532.503173828
2551,498.281311035
2552,534.538146973
2553,551.20916748
2554,535.800354004
2555,521.233337402
2556,561.450256348
2557,563.395080566
2558,562.536804199
2559,499.234375
2560,538.551025391
2561,510.651672363
2562,490.840515137
2563,528.355285645
2564,493.750061035
2565,490.987640381
2566,501.738983154
2567,472.20501709
2568,464.160614014
2569,535.676330566
2570,483.646270752
2571,542.045166016
2572,500.046325684
2573,508.083190918
2574,531.081298828
2575,514.136413574
2576,521.25378418
2577,498.044921875
2578,485.362548828
2579,575.160339355
2580,539.690429688
2581,549.920837402
2582,522.60748291
2583,503.091400146
2584,460.39730835
2585,562.794128418
2586,515.985473633
2587,482.310791016
2588,513.041259766
2589,563.455383301
2590,560.408081055
2591,522.218688965
2592,556.690002441
2593,502.814208984
2594,502.966583252
2595,517.241333008
2596,490.457946777
2597,465.564575195
2598,479.785949707
2599,476.698608398
2600,563.916320801
2601,533.823791504
2602,491.639404297
2603,550.044250488
2604,500.154632568
2605,558.803039551
2606,483.22052002
2607,513.8359375
2608,514.347106934
2609,556.07598877
2610,513.035400391
2611,505.89465332
2612,515.991149902
2613,518.85723877
2614,501.27142334
2615,489.026000977
2616,436.088256836
2617,593.840393066
2618,514.989074707
2619,539.487854004
2620,527.765625
2621,500.109344482
2622,508.580474854
2623,459.970001221
2624,536.287597656
2625,508.569885254
2626,567.284545898
2627,506.414337158
2628,550.88684082
2629,466.723419189
2630,479.297271729
2631,543.11932373
2632,508.618133545
2633,473.825866699
2634,501.078674316
2635,537.818054199
2636,542.562683105
2637,459.741424561
2638,515.601074219
2639,521.671264648
2640,508.113067627
2641,522.819458008
2642,530.760986328
2643,510.361480713
2644,488.234069824
2645,512.228027344
2646,471.617919922
2647,482.461181641
2648,518.485351562
2649,515.774353027
2650,444.34274292
2651,536.843261719
2652,522.385620117
2653,510.980865479
2654,501.690826416
2655,508.839874268
2656,515.706359863
2657,516.614929199
2658,516.354675293
2659,488.903656006
2660,497.445831299
2661,549.355529785
2662,478.41986084
2663,536.214538574
2664,509.791412354
2665,490.73550415
2666,469.980102539
2667,533.25189209
2668,517.306396484
2669,485.620117188
2670,541.985900879
2671,475.782867432
2672,454.141723633
2673,482.560821533
2674,467.211547852
2675,529.963317871
2676,522.265563965
2677,529.749572754
2678,579.55645752
2679,501.255554199
2680,475.105102539
2681,434.522644043
2682,552.178222656
2683,541.205505371
2684,500.753265381
2685,513.838684082
2686,462.638580322
2687,544.31262207
2688,504.440734863
2689,528.847106934
2690,477.341827393
2691,472.742736816
2692,485.697753906
2693,508.621582031
2694,483.348205566
2695,545.598083496
2696,487.543823242
2697,496.741577148
2698,523.314880371
2699,525.442321777
2700,523.637268066
2701,495.807373047
2702,550.383666992
2703,519.250244141
2704,529.471435547
2705,514.571716309
2706,549.674316406
2707,514.027282715
2708,512.528747559
2709,479.687530518
2710,570.088256836
2711,519.70880127
2712,503.906036377
2713,476.360961914
2714,495.328491211
2715,508.479766846
2716,478.672363281
2717,524.400634766
2718,471.721252441
2719,505.946777344
2720,511.895904541
2721,509.519378662
2722,490.387664795
2723,469.056182861
2724,488.888824463
2725,529.952941895
2726,478.630310059
2727,537.39831543
2728,457.744903564
2729,477.194549561
2730,474.234039307
2731,508.456268311
2732,545.317138672
2733,510.867492676
2734,500.744354248
2735,527.661376953
2736,516.548095703
2737,534.340148926
2738,537.708068848
2739,564.72088623
2740,508.147186279
2741,517.731384277
2742,537.00189209
2743,519.238586426
2744,504.334228516
2745,498.562957764
2746,522.341430664
2747,511.818389893
2748,543.680053711
2749,532.758178711
2750,521.989501953
2751,460.652496338
2752,491.628143311
2753,507.962463379
2754,492.505828857
2755,491.69430542
2756,528.554199219
2757,513.502624512
2758,513.135742188
2759,475.007263184
2760,487.887969971
2761,503.668243408
2762,498.579162598
2763,527.250488281
2764,483.704498291
2765,500.401885986
2766,501.488342285
2767,485.685119629
2768,457.460571289
2769,511.69708252
2770,517.984863281
2771,502.364715576
2772,449.800537109
2773,478.349151611
2774,517.834594727
2775,540.369995117
2776,461.195495605
2777,465.243774414
2778,503.083953857
2779,490.539245605
2780,546.299682617
2781,488.69732666
2782,511.602478027
2783,482.609863281
2784,489.462341309
2785,471.259338379
2786,484.781646729
2787,440.950714111
2788,478.685913086
2789,488.114440918
2790,501.817504883
2791,507.885467529
2792,499.225616455
2793,488.708251953
2794,499.426696777
2795,453.156433105
2796,499.31072998
2797,444.591217041
2798,516.540771484
2799,488.657043457
2800,511.845214844
2801,531.501037598
2802,499.600799561
2803,487.784759521
2804,481.812713623
2805,478.876403809
2806,544.635742188
2807,492.073760986
2808,506.516723633
2809,476.60925293
2810,485.140869141
2811,506.170623779
2812,449.343200684
2813,474.332061768
2814,520.787353516
2815,479.142272949
2816,488.769104004
2817,525.596984863
2818,466.14263916
2819,536.266784668
2820,507.93762207
2821,515.965332031
2822,524.164306641
2823,460.813873291
2824,501.78338623
2825,475.599700928
2826,491.500579834
2827,513.89263916
2828,461.960449219
2829,449.453491211
2830,482.680236816
2831,481.479736328
2832,444.186431885
2833,454.315765381
2834,489.984588623
2835,471.830230713
2836,453.583709717
2837,523.426818848
2838,487.67010498
2839,498.171356201
2840,526.408813477
2841,452.143554688
2842,500.57598877
2843,476.05255127
2844,534.606079102
2845,479.341552734
2846,476.835632324
2847,494.02633667
2848,561.855163574
2849,473.718994141
2850,522.838378906
2851,503.2159729
2852,436.615447998
2853,485.612365723
2854,529.910827637
2855,493.608551025
2856,469.265869141
2857,508.962738037
2858,514.546142578
2859,503.731109619
2860,512.147949219
2861,503.371734619
2862,484.561920166
2863,482.914428711
2864,472.57635498
2865,507.471313477
2866,499.319030762
2867,490.848083496
2868,486.977722168
2869,518.186035156
2870,451.989715576
2871,476.94821167
2872,502.619415283
2873,457.398895264
2874,494.523284912
2875,462.75201416
2876,428.24911499
2877,487.939056396
2878,493.938720703
2879,514.309326172
2880,490.054931641
2881,486.639465332
2882,501.161315918
2883,497.628295898
2884,524.284057617
2885,501.392089844
2886,527.428466797
2887,529.425720215
2888,476.885437012
2889,530.336181641
2890,521.089172363
2891,467.618774414
2892,525.615966797
2893,478.130157471
2894,473.988586426
2895,512.74621582
2896,514.999084473
2897,456.2684021
2898,470.923797607
2899,468.808410645
2900,473.147613525
2901,466.057342529
2902,503.199645996
2903,469.89831543
2904,443.379241943
2905,487.765716553
2906,428.389831543
2907,483.622924805
2908,470.706634521
2909,530.124267578
2910,513.971801758
2911,487.469207764
2912,512.663452148
2913,505.12991333
2914,487.713806152
2915,450.962890625
2916,531.909240723
2917,448.47668457
2918,481.527709961
2919,470.407226562
2920,457.244903564
2921,483.889190674
2922,493.596893311
2923,471.563842773
2924,507.148712158
2925,483.586578369
2926,520.496887207
2927,499.472442627
2928,476.847351074
2929,508.687194824
2930,463.822601318
2931,535.872192383
2932,516.298156738
2933,501.663208008
2934,489.766693115
2935,489.663330078
2936,511.27432251
2937,477.523498535
2938,512.018371582
2939,466.248260498
2940,473.184051514
2941,504.859588623
2942,498.543060303
2943,496.472595215
2944,492.208496094
2945,515.647399902
2946,445.905975342
2947,481.767242432
2948,495.326293945
2949,432.078216553
2950,448.742004395
2951,468.089813232
2952,522.471374512
2953,502.425323486
2954,433.674285889
2955,503.702758789
2956,492.06729126
2957,459.253662109
2958,480.559692383
2959,520.01776123
2960,459.343353271
2961,450.05682373
2962,468.593231201
2963,480.443572998
2964,490.560089111
2965,504.829528809
2966,491.899902344
2967,495.080413818
2968,506.744354248
2969,556.938598633
2970,464.891601562
2971,452.725646973
2972,503.23425293
2973,447.899597168
2974,502.732055664
2975,469.642944336
2976,406.148498535
2977,461.460876465
2978,467.282531738
2979,507.578918457
2980,540.514526367
2981,512.985717773
2982,464.410552979
2983,479.551849365
2984,542.331726074
2985,532.048461914
2986,507.641815186
2987,526.835388184
2988,517.236328125
2989,485.988067627
2990,499.721923828
2991,518.912902832
2992,432.67678833
2993,487.194488525
2994,510.114318848
2995,488.641113281
2996,508.825378418
2997,535.602905273
2998,499.519439697
2999,537.202819824
3000,469.307495117
3001,524.073669434
3002,461.568817139
3003,459.825927734
3004,489.615875244
3005,468.406158447
3006,513.406433105
3007,488.1378479
3008,512.75769043
3009,502.768341064
3010,489.594329834
3011,455.289306641
3012,492.919158936
3013,481.079803467
3014,461.240539551
3015,480.72857666
3016,498.840667725
3017,432.089691162
3018,454.689025879
3019,436.380523682
3020,484.927612305
3021,448.576263428
3022,457.962646484
3023,495.124908447
3024,447.808105469
3025,503.081848145
3026,484.825134277
3027,460.917572021
3028,453.428649902
3029,504.76272583
3030,467.155700684
3031,466.714050293
3032,455.750793457
3033,456.152099609
3034,484.473937988
3035,454.391601562
3036,470.949829102
3037,454.82333374
3038,486.502685547
3039,472.696228027
3040,457.095489502
3041,487.517120361
3042,468.87878418
3043,468.521606445
3044,504.238464355
3045,489.809875488
3046,450.651245117
3047,525.132751465
3048,494.822662354
3049,468.077087402
3050,499.519195557
3051,499.634857178
3052,487.559967041
3053,445.515625
3054,448.72354126
3055,440.20703125
3056,433.429626465
3057,480.520477295
3058,506.291809082
3059,492.119598389
3060,514.236999512
3061,468.532470703
3062,449.382965088
3063,449.112182617
3064,476.886566162
3065,452.153106689
3066,484.272338867
3067,475.31842041
3068,466.033752441
3069,459.400238037
3070,442.79800415
3071,448.130889893
3072,438.41784668
3073,443.884277344
3074,476.122528076
3075,480.84576416
3076,446.285827637
3077,549.151489258
3078,498.684997559
3079,559.116516113
3080,483.548950195
3081,456.33505249
3082,451.562805176
3083,466.584838867
3084,486.314361572
3085,473.582458496
3086,486.700286865
3087,453.915588379
3088,456.991516113
3089,478.907318115
3090,479.337158203
3091,485.907287598
3092,469.070983887
3093,537.69744873
3094,501.506652832
3095,498.778564453
3096,468.342651367
3097,440.180450439
3098,460.622497559
3099,477.771179199
3100,477.712127686
3101,508.296447754
3102,476.097869873
3103,479.963256836
3104,518.75201416
3105,468.846191406
3106,484.821899414
3107,495.327941895
3108,419.581359863
3109,496.502227783
3110,492.438720703
3111,459.211029053
3112,461.569885254
3113,454.617523193
3114,470.562561035
3115,454.807342529
3116,467.922241211
3117,447.236633301
3118,453.272583008
3119,416.216796875
3120,479.601318359
3121,504.199310303
3122,522.534301758
3123,492.61819458
3124,558.013183594
3125,506.241241455
3126,488.700286865
3127,532.28729248
3128,477.411804199
3129,447.261749268
3130,524.817871094
3131,469.249755859
3132,491.590270996
3133,442.21987915
3134,499.366424561
3135,478.36932373
3136,457.344512939
3137,490.13482666
3138,533.583190918
3139,412.455566406
3140,514.292114258
3141,516.007446289
3142,496.910064697
3143,468.869537354
3144,464.695739746
3145,448.672576904
3146,482.47769165
3147,479.41003418
3148,488.786865234
3149,488.700195312
3150,496.657897949
3151,510.202331543
3152,437.145629883
3153,448.0753479
3154,461.60168457
3155,458.45880127
3156,473.783294678
3157,476.044952393
3158,477.962646484
3159,508.501739502
3160,481.737121582
3161,490.254272461
3162,489.482757568
3163,499.861999512
3164,447.330291748
3165,436.786224365
3166,448.369995117
3167,467.956695557
3168,508.915344238
3169,483.383148193
3170,454.557952881
3171,451.48336792
3172,503.843719482
3173,524.082336426
3174,482.332366943
3175,467.621032715
3176,432.843963623
3177,469.422302246
3178,531.006469727
3179,492.910308838
3180,451.022064209
3181,449.818756104
3182,477.177886963
3183,502.060974121
3184,500.020477295
3185,470.141876221
3186,488.114898682
3187,469.133117676
3188,458.902496338
3189,484.286682129
3190,482.992492676
3191,496.771911621
3192,465.821472168
3193,538.290466309
3194,445.744476318
3195,447.986358643
3196,468.812225342
3197,472.731689453
3198,491.564971924
3199,463.076019287
3200,495.177398682
3201,467.640441895
3202,495.052001953
3203,473.328918457
3204,478.195281982
3205,507.702178955
3206,505.175598145
3207,485.032226562
3208,474.252624512
3209,472.66317749
3210,483.470031738
3211,519.459838867
3212,476.229400635
3213,477.231719971
3214,460.287414551
3215,505.942108154
3216,465.820037842
3217,439.009368896
3218,447.395324707
3219,471.196716309
3220,470.76852417
3221,458.031921387
3222,423.666473389
3223,461.4090271
3224,462.553466797
3225,476.974914551
3226,479.022338867
3227,464.075531006
3228,436.137664795
3229,477.806427002
3230,515.864379883
3231,455.67980957
3232,469.365539551
3233,463.954345703
3234,495.038574219
3235,472.982940674
3236,468.215362549
3237,465.946411133
3238,423.410736084
3239,483.063568115
3240,490.233428955
3241,443.804656982
3242,438.120941162
3243,456.967498779
3244,524.653808594
3245,499.970092773
3246,496.010650635
3247,436.262268066
3248,468.324890137
3249,511.601257324
3250,478.006530762
3251,431.142425537
3252,469.609466553
3253,462.446990967
3254,514.485229492
3255,455.373535156
3256,484.268707275
3257,506.998931885
3258,471.279541016
3259,470.609344482
3260,506.908752441
3261,477.121307373
3262,451.471893311
3263,508.452423096
3264,457.252502441
3265,506.089355469
3266,455.938537598
3267,445.45703125
3268,419.873626709
3269,426.316223145
3270,486.891815186
3271,456.94418335
3272,458.831115723
3273,462.882873535
3274,452.68447876
3275,469.203338623
3276,442.201416016
3277,434.758728027
3278,514.84387207
3279,497.058197021
3280,485.332977295
3281,468.602508545
3282,470.265838623
3283,453.657653809
3284,437.594818115
3285,465.901977539
3286,444.702209473
3287,439.957977295
3288,469.416717529
3289,471.22869873
3290,497.588043213
3291,474.550842285
3292,438.993835449
3293,441.008331299
3294,497.79284668
3295,477.533569336
3296,484.717529297
3297,421.098815918
3298,475.229736328
3299,446.816467285
3300,531.966186523
3301,437.851837158
3302,527.859985352
3303,486.381439209
3304,458.626220703
3305,443.025939941
3306,484.426971436
3307,458.266967773
3308,493.272583008
3309,468.049407959
3310,462.158813477
3311,462.683898926
3312,473.698669434
3313,433.028717041
3314,466.404876709
3315,436.205596924
3316,455.827911377
3317,396.926483154
3318,441.896026611
3319,447.114837646
3320,449.40737915
3321,435.081451416
3322,458.17489624
3323,518.772094727
3324,469.326721191
3325,441.038909912
3326,472.845184326
3327,468.09954834
3328,467.096282959
3329,477.394775391
3330,491.096130371
3331,483.529602051
3332,442.121704102
3333,476.427368164
3334,458.941375732
3335,476.292755127
3336,504.550384521
3337,440.099975586
3338,425.432739258
3339,490.274810791
3340,489.517242432
3341,459.964477539
3342,450.573699951
3343,455.454101562
3344,481.593475342
3345,471.440948486
3346,461.189697266
3347,498.98916626
3348,519.539123535
3349,430.425933838
3350,491.848510742
3351,429.59664917
3352,444.181671143
3353,464.525390625
3354,473.440551758
3355,474.165679932
3356,528.560913086
3357,456.810882568
3358,443.407318115
3359,459.16986084
3360,446.455291748
3361,459.268371582
3362,486.875061035
3363,470.347747803
3364,480.957214355
3365,452.191192627
3366,459.509399414
3367,448.64352417
3368,447.21182251
3369,456.875579834
3370,478.158752441
3371,448.873809814
3372,482.501342773
3373,477.335906982
3374,460.029296875
3375,420.619689941
3376,463.808502197
3377,473.706542969
3378,464.328521729
3379,428.519378662
3380,501.248413086
3381,396.488250732
3382,426.070007324
3383,473.889282227
3384,447.686248779
3385,481.336608887
3386,474.251251221
3387,437.045318604
3388,485.687774658
3389,461.208435059
3390,471.121307373
3391,497.808349609
3392,503.51260376
3393,421.131896973
3394,445.747497559
3395,433.910369873
3396,455.293548584
3397,444.077392578
3398,477.920501709
3399,441.915130615
3400,487.074981689
3401,443.608795166
3402,461.766998291
3403,491.276977539
3404,496.906982422
3405,479.915557861
3406,449.353607178
3407,456.523193359
3408,456.664703369
3409,456.905334473
3410,461.095703125
3411,499.403625488
3412,488.012145996
3413,484.285522461
3414,460.422637939
3415,506.365356445
3416,454.395080566
3417,504.373016357
3418,470.775268555
3419,506.254425049
3420,448.868377686
3421,455.851196289
3422,457.781280518
3423,469.370513916
3424,455.41607666
3425,500.464935303
3426,446.35333252
3427,440.665924072
3428,501.460144043
3429,483.808502197
3430,442.550170898
3431,474.995910645
3432,419.216278076
3433,446.395477295
3434,476.258331299
3435,443.898468018
3436,477.333587646
3437,491.922088623
3438,440.127685547
3439,450.440948486
3440,430.80569458
3441,409.134124756
3442,462.095458984
3443,415.122741699
3444,463.272247314
3445,443.762268066
3446,459.708679199
3447,501.187561035
3448,443.456970215
3449,481.004486084
3450,467.879302979
3451,470.973297119
3452,452.06048584
3453,474.908691406
3454,463.045593262
3455,450.562408447
3456,480.707580566
3457,466.825561523
3458,417.969726562
3459,480.56652832
3460,415.731018066
3461,420.0340271
3462,445.155151367
3463,456.342651367
3464,442.153289795
3465,472.581787109
3466,463.35043335
3467,501.017669678
3468,485.410308838
3469,501.202667236
3470,448.28237915
3471,452.152008057
3472,454.155456543
3473,424.34564209
3474,464.444702148
3475,476.140899658
3476,436.242797852
3477,464.903564453
3478,451.058288574
3479,475.984375
3480,487.23223877
3481,446.235412598
3482,420.78338623
3483,459.473968506
3484,517.639953613
3485,472.574676514
3486,479.149749756
3487,496.079498291
3488,449.966064453
3489,473.304779053
3490,411.959442139
3491,468.370452881
3492,374.428253174
3493,501.326934814
3494,490.744628906
3495,419.429290771
3496,444.801635742
3497,460.916900635
3498,490.201049805
3499,465.34475708
3500,441.481933594
3501,484.404418945
3502,427.620544434
3503,445.562774658
3504,461.131256104
3505,448.052429199
3506,490.579589844
3507,501.542907715
3508,437.34161377
3509,432.46194458
3510,466.107727051
3511,469.081237793
3512,450.880371094
3513,466.732543945
3514,425.568878174
3515,423.664581299
3516,440.705657959
3517,427.402496338
3518,466.675476074
3519,431.030181885
3520,462.399383545
3521,443.245727539
3522,448.719268799
3523,503.000488281
3524,465.721343994
3525,426.193023682
3526,452.810882568
3527,485.799865723
3528,488.125823975
3529,424.509521484
3530,463.562011719
3531,424.309265137
3532,453.620788574
3533,453.80480957
3534,466.585662842
3535,444.24395752
3536,470.527404785
3537,449.849975586
3538,498.639770508
3539,464.318511963
3540,486.383361816
3541,414.241027832
3542,444.358062744
3543,476.619812012
3544,423.670410156
3545,469.814666748
3546,440.155883789
3547,464.042358398
3548,446.355133057
3549,443.207244873
3550,441.209014893
3551,453.425964355
3552,479.866882324
3553,437.450439453
3554,477.162872314
3555,465.908508301
3556,444.113769531
3557,434.240142822
3558,491.532470703
3559,417.172241211
3560,441.201782227
3561,472.12322998
3562,465.866821289
3563,418.93359375
3564,439.219726562
3565,452.053222656
3566,456.738555908
3567,422.492706299
3568,444.809143066
3569,451.466125488
3570,473.107025146
3571,463.795898438
3572,441.922637939
3573,435.071563721
3574,465.494506836
3575,468.558898926
3576,433.519195557
3577,427.129486084
3578,462.221374512
3579,452.924133301
3580,479.191589355
3581,463.553588867
3582,484.270568848
3583,510.403991699
3584,508.896911621
3585,489.609863281
3586,505.367401123
3587,529.157104492
3588,437.796020508
3589,421.38269043
3590,470.998748779
3591,438.362518311
3592,500.261505127
3593,432.19821167
3594,457.72869873
3595,468.849365234
3596,416.706390381
3597,421.988800049
3598,455.757720947
3599,459.755401611
3600,497.386291504
3601,495.871429443
3602,413.402130127
3603,421.91317749
3604,458.905548096
3605,431.92074585
3606,442.8331604
3607,484.914337158
3608,455.679504395
3609,491.872375488
3610,431.617492676
3611,461.805267334
3612,396.906036377
3613,469.58984375
3614,469.054534912
3615,473.394348145
3616,424.769897461
3617,483.626068115
3618,477.755310059
3619,442.221893311
3620,455.117706299
3621,438.353240967
3622,436.543457031
3623,475.214202881
3624,495.278533936
3625,433.55166626
3626,444.978942871
3627,474.010070801
3628,432.59185791
3629,468.322021484
3630,429.731872559
3631,460.216033936
3632,453.832519531
3633,413.952026367
3634,439.37399292
3635,461.128417969
3636,476.158996582
3637,446.668334961
3638,468.154693604
3639,439.563293457
3640,472.441925049
3641,449.02243042
3642,433.40145874
3643,489.958618164
3644,420.489135742
3645,477.768829346
3646,451.020904541
3647,440.678497314
3648,454.309051514
3649,440.975982666
3650,436.016937256
3651,460.980987549
3652,450.792724609
3653,467.764160156
3654,429.977905273
3655,453.000244141
3656,478.633636475
3657,409.108886719
3658,439.26739502
3659,454.200195312
3660,462.235595703
3661,469.914245605
3662,483.161499023
3663,451.853942871
3664,447.818023682
3665,477.218658447
3666,446.00680542
3667,438.144927979
3668,476.682373047
3669,413.521118164
3670,441.994018555
3671,461.198364258
3672,459.206970215
3673,427.948974609
3674,430.656921387
3675,477.377105713
3676,425.774261475
3677,455.872009277
3678,462.556793213
3679,448.979400635
3680,451.438781738
3681,453.156005859
3682,463.814910889
3683,495.24407959
3684,407.18862915
3685,485.550384521
3686,450.448699951
3687,444.901824951
3688,421.664642334
3689,419.661956787
3690,459.434875488
3691,422.86227417
3692,455.039489746
3693,444.957214355
3694,446.382385254
3695,419.206848145
3696,456.039703369
3697,412.336669922
3698,477.007202148
3699,482.29888916
3700,455.181610107
3701,444.111846924
3702,452.665435791
3703,418.38571167
3704,478.743011475
3705,463.556945801
3706,461.596832275
3707,458.570648193
3708,404.451293945
3709,408.546478271
3710,472.850891113
3711,434.635864258
3712,482.622680664
3713,420.026367188
3714,470.150238037
3715,439.271514893
3716,457.631011963
3717,471.571533203
3718,461.640350342
3719,408.262115479
3720,470.765472412
3721,400.071929932
3722,452.637573242
3723,411.544616699
3724,430.857727051
3725,437.294158936
3726,443.276550293
3727,413.914886475
3728,446.070251465
3729,487.864807129
3730,439.522705078
3731,485.319213867
3732,466.578491211
3733,487.362335205
3734,443.894775391
3735,459.095428467
3736,448.366912842
3737,422.638519287
3738,465.514923096
3739,452.725891113
3740,431.285858154
3741,449.396240234
3742,456.453277588
3743,477.820007324
3744,463.633209229
3745,422.790557861
3746,501.323608398
3747,429.167327881
3748,493.963195801
3749,417.880706787
3750,470.134674072
3751,473.339141846
3752,421.091217041
3753,452.13861084
3754,439.45803833
3755,434.918212891
3756,493.461212158
3757,448.579162598
3758,424.026245117
3759,424.631652832
3760,466.408599854
3761,418.312316895
3762,440.747467041
3763,423.223083496
3764,412.812591553
3765,478.379455566
3766,431.00112915
3767,427.020812988
3768,448.194274902
3769,477.619293213
3770,476.474060059
3771,461.934814453
3772,491.861755371
3773,445.004516602
3774,423.87109375
3775,446.544158936
3776,438.922393799
3777,509.677886963
3778,474.091918945
3779,421.245239258
3780,473.73638916
3781,444.305938721
3782,444.238311768
3783,463.465667725
3784,462.302581787
3785,422.845153809
3786,437.582580566
3787,461.007629395
3788,456.11932373
3789,426.255950928
3790,414.481292725
3791,436.841583252
3792,404.723083496
3793,471.442382812
3794,444.606506348
3795,445.007080078
3796,485.501434326
3797,446.580627441
3798,412.604553223
3799,459.943664551
3800,444.968475342
3801,446.129760742
3802,439.714599609
3803,447.581359863
3804,399.112915039
3805,428.692871094
3806,414.565490723
3807,457.719482422
3808,423.150878906
3809,432.148468018
3810,411.726257324
3811,392.141845703
3812,455.060180664
3813,431.916687012
3814,455.147766113
3815,420.742523193
3816,429.991546631
3817,419.27331543
3818,418.425079346
3819,451.884490967
3820,427.770843506
3821,451.786071777
3822,469.731994629
3823,435.477203369
3824,449.608917236
3825,433.368408203
3826,459.213592529
3827,445.338684082
3828,436.586517334
3829,449.987060547
3830,413.622131348
3831,464.090881348
3832,481.170349121
3833,464.506286621
3834,443.894042969
3835,412.361938477
3836,486.867218018
3837,424.66998291
3838,400.667816162
3839,465.051727295
3840,441.381256104
3841,458.182403564
3842,439.121337891
3843,425.713287354
3844,418.99407959
3845,432.409912109
3846,433.511901855
3847,462.178039551
3848,448.830505371
3849,415.463287354
3850,482.579620361
3851,434.138580322
3852,495.841918945
3853,417.529052734
3854,428.978912354
3855,498.56842041
3856,450.796539307
3857,427.326690674
3858,468.878967285
3859,447.29006958
3860,435.824798584
3861,422.700531006
3862,427.202178955
3863,453.842071533
3864,421.359802246
3865,464.439208984
3866,417.766906738
3867,411.316223145
3868,430.368743896
3869,419.030914307
3870,395.420623779
3871,455.390960693
3872,425.715667725
3873,418.505767822
3874,437.046447754
3875,421.405792236
3876,439.292144775
3877,470.394287109
3878,455.2237854
3879,369.695648193
3880,450.625579834
3881,435.24597168
3882,435.747802734
3883,449.900543213
3884,420.018859863
3885,477.826049805
3886,474.804168701
3887,448.922119141
3888,423.868774414
3889,415.762481689
3890,449.01159668
3891,446.543334961
3892,409.486785889
3893,471.633605957
3894,436.921386719
3895,425.16204834
3896,432.004943848
3897,453.915802002
3898,460.75579834
3899,446.589508057
3900,457.762268066
3901,413.871795654
3902,401.337982178
3903,410.148376465
3904,429.38949585
3905,471.429168701
3906,445.853515625
3907,444.969787598
3908,389.937072754
3909,409.876708984
3910,416.168365479
3911,442.399841309
3912,454.176422119
3913,429.533843994
3914,437.890655518
3915,423.214385986
3916,427.940551758
3917,441.661376953
3918,462.715911865
3919,419.193572998
3920,456.958740234
3921,398.777770996
3922,429.21585083
3923,400.809509277
3924,416.380554199
3925,442.308105469
3926,443.586029053
3927,455.847412109
3928,406.630310059
3929,432.564178467
3930,411.747253418
3931,434.915283203
3932,414.802276611
3933,383.310119629
3934,403.026123047
3935,416.548950195
3936,400.800018311
3937,432.446533203
3938,408.873657227
3939,438.712646484
3940,437.323608398
3941,429.484558105
3942,428.740447998
3943,454.596008301
3944,485.72064209
3945,412.877655029
3946,406.125823975
3947,434.304840088
3948,400.96194458
3949,452.12387085
3950,423.266601562
3951,394.7784729
3952,434.699462891
3953,470.603240967
3954,454.242889404
3955,415.527557373
3956,438.610015869
3957,405.12701416
3958,445.618804932
3959,443.941253662
3960,451.726776123
3961,455.167022705
3962,444.648712158
3963,426.237640381
3964,465.992950439
3965,426.270568848
3966,441.779876709
3967,453.163024902
3968,420.471435547
3969,404.903167725
3970,476.897216797
3971,406.634094238
3972,440.369262695
3973,448.569213867
3974,467.589385986
3975,437.207214355
3976,425.179656982
3977,445.792633057
3978,432.464538574
3979,410.301452637
3980,390.658782959
3981,420.916503906
3982,458.295349121
3983,447.125427246
3984,448.581665039
3985,437.485565186
3986,418.498046875
3987,474.050476074
3988,431.179229736
3989,446.963806152
3990,457.152313232
3991,426.954803467
3992,451.851470947
3993,397.445098877
3994,422.058868408
3995,469.835693359
3996,449.234985352
3997,429.481109619
3998,413.268890381
3999,445.541748047
4000,423.856750488
4001,455.212921143
4002,397.33694458
4003,387.684631348
4004,411.772674561
4005,378.264770508
4006,455.77947998
4007,451.228363037
4008,418.352020264
4009,422.423034668
4010,438.399169922
4011,417.465179443
4012,410.51373291
4013,458.58682251
4014,393.724975586
4015,482.888336182
4016,452.754577637
4017,409.013153076
4018,411.649200439
4019,432.603424072
4020,372.624816895
4021,419.519805908
4022,468.545806885
4023,432.94354248
4024,443.308227539
4025,450.382965088
4026,412.376464844
4027,448.798797607
4028,455.703674316
4029,442.530914307
4030,455.108581543
4031,405.495941162
4032,420.002960205
4033,430.118225098
4034,414.877685547
4035,530.724914551
4036,383.271392822
4037,464.488983154
4038,455.611480713
4039,420.520629883
4040,417.160583496
4041,450.672058105
4042,417.386535645
4043,487.01739502
4044,450.042175293
4045,439.139312744
4046,450.510681152
4047,442.195129395
4048,438.018829346
4049,439.914581299
4050,412.146606445
4051,422.283630371
4052,446.290618896
4053,453.96762085
4054,413.356689453
4055,452.054321289
4056,391.741271973
4057,430.486877441
4058,438.894897461
4059,425.350769043
4060,410.612884521
4061,417.025177002
4062,449.589385986
4063,419.290771484
4064,432.626708984
4065,423.855163574
4066,418.374176025
4067,440.835571289
4068,452.071258545
4069,396.203430176
4070,473.450256348
4071,399.682861328
4072,441.433959961
4073,398.192993164
4074,440.437835693
4075,410.654663086
4076,414.733886719
4077,419.883026123
4078,452.106719971
4079,433.596008301
4080,400.69342041
4081,441.503326416
4082,438.718963623
4083,392.910949707
4084,451.837768555
4085,434.55557251
4086,443.54486084
4087,417.109863281
4088,439.394439697
4089,423.058349609
4090,431.873138428
4091,456.582611084
4092,427.718780518
4093,470.289703369
4094,452.63949585
4095,387.104370117
4096,400.575744629
4097,437.685272217
4098,417.028442383
