0,217538.171875
1,126363.765625
2,87324.25
3,81965.921875
4,52792.8867188
5,43899.625
6,41852.8085938
7,34507.2421875
8,33822.3710938
9,29719.828125
10,27479.6328125
11,25675.0585938
12,22084.5136719
13,21605.3515625
14,22437.125
15,21214.1757812
16,19769.2675781
17,18820.6796875
18,18377.4433594
19,17884.6738281
20,16810.2597656
21,17786.484375
22,17738.2402344
23,17571.6972656
24,16574.1679688
25,15593.5644531
26,15805.3740234
27,16094.2773438
28,15005.1708984
29,14939.4091797
30,15177.4013672
31,15139.7539062
32,14704.2333984
33,13801.3603516
34,15297.0029297
35,15163.2246094
36,13832.7070312
37,14491.8564453
38,13565.5888672
39,14119.5957031
40,13245.8876953
41,15148.3818359
42,14165.0957031
43,13260.7714844
44,13210.5585938
45,14000.8828125
46,13041.8378906
47,13547.7373047
48,13745.640625
49,13609.6523438
50,12597.3398438
51,12869.6240234
52,14198.1455078
53,13300.8613281
54,12624.1425781
55,12255.0742188
56,13051.9248047
57,12836.6152344
58,13036.4189453
59,12915.8525391
60,12462.9755859
61,11971.5185547
62,11474.3134766
63,13087.2197266
64,12359.1914062
65,12578.1611328
66,12923.2734375
67,12001.2675781
68,12635.7060547
69,11954.578125
70,11842.1865234
71,11445.8935547
72,13757.2832031
73,10958.4697266
74,11884.1367188
75,10749.4619141
76,12021.3330078
77,11282.5791016
78,11536.171875
79,11395.2802734
80,11697.4990234
81,11838.6953125
82,10862.6494141
83,10886.5761719
84,11468.4326172
85,10704.7275391
86,11720.2236328
87,11078.2705078
88,10219.0166016
89,11115.7294922
90,10314.4394531
91,10905.2880859
92,9876.11132812
93,11621.8056641
94,11658.6699219
95,11892.1826172
96,10786.9257812
97,11967.1386719
98,12279.1591797
99,10933.4169922
100,11044.9013672
101,11654.7294922
102,10825.6582031
103,11050.9921875
104,10959.0380859
105,9325.56152344
106,9986.86425781
107,10310.7226562
108,9612.84960938
109,10280.3476562
110,9639.90332031
111,9662.4765625
112,9170.64941406
113,10150.3671875
114,10705.6318359
115,8518.31054688
116,9682.02832031
117,9598.87402344
118,8996.75976562
119,9830.68554688
120,10347.9853516
121,8868.51855469
122,9824.1015625
123,9943.08203125
124,9194.61621094
125,9152.85742188
126,10046.9658203
127,9720.38671875
128,9326.671875
129,9532.76855469
130,10139.1914062
131,8424.68359375
132,10428.1542969
133,8674.38183594
134,9557.61621094
135,9114.21875
136,9924.16796875
137,8873.21386719
138,7610.22558594
139,10483.6601562
140,8469.74609375
141,8227.85058594
142,8241.85644531
143,8570.71777344
144,9504.26660156
145,8744.24609375
146,8877.64648438
147,8381.25390625
148,9522.60449219
149,8354.09179688
150,8408.22265625
151,8075.02294922
152,7921.11376953
153,8068.07910156
154,8530.33984375
155,7904.51904297
156,7373.3046875
157,8026.15185547
158,8570.0546875
159,7997.66796875
160,7992.328125
161,7463.47265625
162,8336.50683594
163,7586.3828125
164,8384.87402344
165,7822.59765625
166,7837.31445312
167,7106.6171875
168,8519.93457031
169,7653.52978516
170,8650.27832031
171,7407.82519531
172,7870.46435547
173,6935.69042969
174,7055.87988281
175,7829.10839844
176,7818.11035156
177,8474.52441406
178,7071.59277344
179,7456.21533203
180,7351.47216797
181,6540.74169922
182,7231.66015625
183,8583.89550781
184,8267.3828125
185,8167.67285156
186,8340.68164062
187,6976.27832031
188,7208.69287109
189,7458.42822266
190,6079.30517578
191,7938.78564453
192,7174.76806641
193,7783.93212891
194,8374.09277344
195,8119.81835938
196,8570.28613281
197,8451.08105469
198,7787.04736328
199,7274.97753906
200,7690.05566406
201,8831.79785156
202,7324.01855469
203,6785.85107422
204,6057.96289062
205,7148.27734375
206,7172.96630859
207,8347.34277344
208,7302.28564453
209,6467.54296875
210,7777.24023438
211,6914.49267578
212,7210.62646484
213,6640.18847656
214,6583.40869141
215,7183.67675781
216,7189.12402344
217,7030.80126953
218,6486.77294922
219,8043.62548828
220,7915.09179688
221,6150.11962891
222,8372.58691406
223,7575.80175781
224,6409.66503906
225,6458.22460938
226,6787.96679688
227,7584.58398438
228,6340.87548828
229,6616.66601562
230,7687.875
231,6709.69873047
232,6708.47949219
233,6210.84570312
234,8147.08886719
235,7480.64941406
236,6439.66943359
237,8436.04882812
238,6263.54931641
239,6731.40185547
240,6670.40283203
241,7630.96728516
242,6561.48095703
243,7929.98779297
244,6663.00830078
245,7006.29638672
246,6737.67236328
247,7132.34912109
248,7612.89160156
249,5809.55810547
250,6514.14013672
251,6478.23486328
252,6602.8125
253,5630.82617188
254,6798.55273438
255,5883.58398438
256,8710.79296875
257,7882.52441406
258,6854.72753906
259,5394.25195312
260,6773.21435547
261,6618.48291016
262,6930.82568359
263,6833.2421875
264,6408.47412109
265,6793.61865234
266,8370.63867188
267,6024.50439453
268,6388.69921875
269,6828.08398438
270,6343.69970703
271,6765.04736328
272,7067.39355469
273,6980.09423828
274,5950.45751953
275,7821.67480469
276,6120.62548828
277,6334.45068359
278,6818.10595703
279,8756.27539062
280,6236.65478516
281,6009.39355469
282,7328.8203125
283,6264.31835938
284,6869.09960938
285,6057.23583984
286,6050.47021484
287,6973.42089844
288,5571.12939453
289,5845.12158203
290,5284.18994141
291,5924.50097656
292,6313.10449219
293,6644.84179688
294,6338.86962891
295,6008.29345703
296,8198.0390625
297,5794.06494141
298,5623.22021484
299,7394.63330078
300,6612.10205078
301,6077.27099609
302,6082.08544922
303,5600.71923828
304,5425.08154297
305,7426.64697266
306,6171.58691406
307,5890.38916016
308,5366.62304688
309,5455.25048828
310,5396.00927734
311,5816.00048828
312,6837.77246094
313,6371.00048828
314,5231.29101562
315,6306.63183594
316,5054.95898438
317,5318.40527344
318,5686.01074219
319,5485.09423828
320,6655.6640625
321,5941.39794922
322,5280.71679688
323,5906.94335938
324,4981.48095703
325,5435.33740234
326,5694.24267578
327,6081.43505859
328,5099.42041016
329,5106.54638672
330,5650.09570312
331,4958.41503906
332,4835.91650391
333,5256.69335938
334,5313.92041016
335,5953.33056641
336,7059.09667969
337,6174.60791016
338,5089.8828125
339,6772.54589844
340,6287.02587891
341,5804.49121094
342,4962.56640625
343,5943.92675781
344,6991.42773438
345,5041.25390625
346,5392.37353516
347,4975.41992188
348,6289.05761719
349,7594.15625
350,6657.36816406
351,5660.9921875
352,5743.17822266
353,6402.06982422
354,5092.09472656
355,5654.79150391
356,6394.09912109
357,5054.72363281
358,5383.609375
359,5749.72412109
360,5203.23535156
361,6250.63916016
362,7119.6796875
363,7445.23681641
364,5993.26513672
365,5557.67675781
366,5161.72167969
367,5359.56542969
368,5311.64892578
369,5654.29833984
370,5743.78076172
371,7224.78613281
372,5881.98974609
373,6943.08300781
374,5740.17626953
375,5516.72509766
376,5414.90380859
377,5573.79541016
378,5602.82861328
379,4963.77392578
380,4843.83007812
381,4691.09082031
382,5788.71923828
383,5202.02587891
384,5573.82763672
385,7518.08349609
386,6241.90478516
387,5472.83203125
388,5772.36816406
389,4800.79443359
390,5145.37353516
391,5340.140625
392,5140.57666016
393,5394.38427734
394,6279.15625
395,4823.31933594
396,6801.36132812
397,6004.31152344
398,6314.921875
399,5703.03808594
400,5413.32275391
401,6503.86279297
402,5567.05859375
403,7175.7265625
404,6289.27880859
405,5330.70605469
406,5938.55419922
407,5531.30175781
408,5462.59082031
409,6009.92382812
410,4929.45751953
411,5152.73144531
412,5643.82910156
413,5117.31445312
414,6104.30664062
415,5529.60546875
416,5430.15625
417,5958.34228516
418,5022.55664062
419,4987.8984375
420,5782.85644531
421,4586.453125
422,5135.49609375
423,6097.24951172
424,5870.62646484
425,5359.10205078
426,4836.24316406
427,4379.7109375
428,5370.65185547
429,5051.10742188
430,4702.88818359
431,4593.24658203
432,5199.85107422
433,5356.15576172
434,4665.37255859
435,5541.11767578
436,5129.32080078
437,5530.34765625
438,6070.20263672
439,6034.81884766
440,6047.02001953
441,5530.71044922
442,5109.51074219
443,4349.85449219
444,4477.64013672
445,6004.76806641
446,6222.38525391
447,5925.16357422
448,5789.84082031
449,6665.52685547
450,5517.63330078
451,5816.56103516
452,4873.20263672
453,4962.91552734
454,5278.02490234
455,5001.92529297
456,4711.76806641
457,4928.13964844
458,6738.95947266
459,5411.28955078
460,5231.90966797
461,5410.88085938
462,4980.97509766
463,4783.70947266
464,6082.78710938
465,4435.23583984
466,4658.86279297
467,5363.42138672
468,4808.46728516
469,4697.63330078
470,4521.60107422
471,4888.79589844
472,5698.29492188
473,4300.20898438
474,4968.75683594
475,5066.60107422
476,6979.87011719
477,4892.09472656
478,5392.32226562
479,4589.40527344
480,4712.87060547
481,5027.45263672
482,4866.69091797
483,4542.63427734
484,5390.65136719
485,4766.14160156
486,4774.77880859
487,5084.08447266
488,4499.14599609
489,5272.34228516
490,5651.05517578
491,5057.05273438
492,6359.86474609
493,4421.3046875
494,4258.35400391
495,4903.79638672
496,5155.80664062
497,4299.40087891
498,5144.23828125
499,4470.05615234
500,4497.46630859
501,4333.51806641
502,4825.31396484
503,4122.16210938
504,4404.26220703
505,4142.68554688
506,4609.65966797
507,5141.21044922
508,4673.35546875
509,3921.57495117
510,4080.82763672
511,5203.27050781
512,4155.44726562
513,4066.66503906
514,4807.17382812
515,4374.44970703
516,4636.27636719
517,4695.85986328
518,4318.03369141
519,4418.42871094
520,4625.67333984
521,5082.38818359
522,4139.15283203
523,6376.92431641
524,5321.47314453
525,5271.90185547
526,4998.26220703
527,5499.80126953
528,5884.81201172
529,5042.20361328
530,5405.81201172
531,4352.97119141
532,4380.49853516
533,5259.01708984
534,5314.06689453
535,5490.12744141
536,4275.94482422
537,5565.60058594
538,3875.98608398
539,5279.08886719
540,6103.96777344
541,5052.13134766
542,5771.79199219
543,5382.01416016
544,4413.82421875
545,4130.44189453
546,4868.16259766
547,4624.98632812
548,4425.09814453
549,3830.17944336
550,5108.44091797
551,4677.80957031
552,4392.77490234
553,4984.53076172
554,4277.55908203
555,4242.87011719
556,4360.28417969
557,4238.27880859
558,6458.11083984
559,4617.77880859
560,4643.12060547
561,4785.51269531
562,4206.57666016
563,5143.56542969
564,4619.91699219
565,4254.39550781
566,5149.40673828
567,6253.01318359
568,3908.31030273
569,5326.27099609
570,4132.02685547
571,4252.03125
572,4448.88769531
573,5335.33544922
574,5635.78662109
575,4552.55615234
576,5445.23583984
577,5391.77490234
578,5411.34130859
579,4884.41601562
580,5047.14599609
581,4106.74169922
582,4227.29443359
583,5088.59423828
584,4657.69335938
585,4437.21923828
586,4694.21875
587,4422.97705078
588,4840.43359375
589,5154.54931641
590,4702.04736328
591,5273.63232422
592,5489.69238281
593,4857.18603516
594,5982.36035156
595,4849.73974609
596,4836.58544922
597,4141.00878906
598,5034.61816406
599,4312.97753906
600,5191.85498047
601,4160.38964844
602,4555.93115234
603,4023.09619141
604,5357.98242188
605,4259.03076172
606,4189.75439453
607,4434.16015625
608,4685.41699219
609,4863.87207031
610,4854.21142578
611,4245.10693359
612,5124.75488281
613,4065.58520508
614,4512.68652344
615,5323.81689453
616,4471.35058594
617,5432.92236328
618,4552.54492188
619,4289.05273438
620,4572.87890625
621,4814.69873047
622,3976.56005859
623,4278.12304688
624,4065.18798828
625,4318.94433594
626,4076.15112305
627,4882.24365234
628,4221.73632812
629,5595.67089844
630,4579.50195312
631,4841.33056641
632,3766.10961914
633,4599.21386719
634,4471.22851562
635,4526.4375
636,4406.19433594
637,4108.40625
638,3966.29150391
639,3968.37695312
640,4029.18652344
641,3880.32128906
642,3991.55371094
643,3828.64892578
644,4297.31494141
645,4323.71484375
646,4290.84082031
647,4165.33496094
648,4155.84667969
649,3862.37695312
650,4618.14599609
651,5356.22119141
652,5724.45068359
653,4069.29125977
654,4470.03222656
655,4587.22070312
656,4997.09765625
657,3555.14086914
658,4083.36352539
659,4710.14013672
660,4293.67285156
661,4358.29589844
662,3677.72998047
663,4087.33081055
664,4145.82568359
665,4958.74609375
666,4513.08007812
667,4181.92675781
668,3974.27734375
669,4274.18164062
670,4368.03613281
671,4518.93066406
672,4275.75878906
673,3739.25708008
674,3982.60302734
675,4140.20507812
676,4000.53320312
677,4038.671875
678,4480.05078125
679,4404.98486328
680,4372.57519531
681,5777.83007812
682,4322.16992188
683,4951.81738281
684,4790.01123047
685,3915.97021484
686,5200.63134766
687,4422.56445312
688,3984.89013672
689,4385.03417969
690,3757.79223633
691,4021.31640625
692,3985.51928711
693,4111.02587891
694,4257.75683594
695,4730.54638672
696,3544.4543457
697,5596.79199219
698,4179.29589844
699,4416.61328125
700,4094.24316406
701,5577.91503906
702,4255.91992188
703,3975.17675781
704,3986.25244141
705,3878.26367188
706,3941.92578125
707,4040.859375
708,4705.59619141
709,3938.58056641
710,4001.70507812
711,3547.54663086
712,4893.75830078
713,3515.91186523
714,3533.57226562
715,3804.70654297
716,4951.71337891
717,3998.12939453
718,3981.6027832
719,4861.93115234
720,4472.18798828
721,3885.0612793
722,4771.68359375
723,4248.65039062
724,3847.94897461
725,4159.71289062
726,3618.890625
727,4091.47387695
728,3947.32568359
729,4125.7265625
730,3719.97192383
731,3940.57617188
732,3837.28515625
733,4176.93310547
734,3969.81933594
735,4125.53808594
736,3941.74633789
737,3975.76953125
738,3578.88793945
739,4318.88671875
740,3882.62939453
741,3788.07617188
742,3818.18652344
743,4393.41064453
744,4102.73632812
745,4227.07910156
746,4109.20800781
747,3742.81982422
748,4013.61767578
749,4731.86132812
750,3956.38354492
751,4153.04882812
752,3938.80200195
753,4779.78613281
754,4904.89355469
755,3908.90869141
756,4037.53125
757,4215.54492188
758,4327.47460938
759,5261.01269531
760,3903.02099609
761,3734.02905273
762,3631.37548828
763,4000.76513672
764,4724.74560547
765,5360.89160156
766,3790.75024414
767,4289.82568359
768,4100.37207031
769,4150.53417969
770,3950.66162109
771,4078.92773438
772,3808.63574219
773,3799.21533203
774,4318.37304688
775,3837.81787109
776,4236.796875
777,3825.38330078
778,4693.39208984
779,3909.81982422
780,3929.00537109
781,3907.14013672
782,3897.40112305
783,4091.34423828
784,3946.41503906
785,3834.18212891
786,3875.48583984
787,3999.37304688
788,3962.15576172
789,3838.86621094
790,4328.11279297
791,3744.12548828
792,3992.91918945
793,3900.7043457
794,3736.24023438
795,4002.54980469
796,3683.89208984
797,4027.28149414
798,4832.08398438
799,3782.84179688
800,4452.65136719
801,3739.6496582
802,4464.40429688
803,4049.69873047
804,3745.11401367
805,3275.07714844
806,4295.78515625
807,4691.57958984
808,3880.88671875
809,4055.64135742
810,3722.22583008
811,3709.67895508
812,3663.45629883
813,4165.56982422
814,3945.69775391
815,3548.60473633
816,3809.77563477
817,3610.2097168
818,4630.39648438
819,4176.2421875
820,3908.4519043
821,3768.08789062
822,4256.63574219
823,3454.72387695
824,3683.11328125
825,3908.07421875
826,3385.07836914
827,5059.921875
828,3773.58276367
829,4489.95605469
830,4369.04003906
831,4681.88671875
832,4117.24121094
833,3672.27514648
834,3951.29418945
835,3702.45263672
836,3847.4050293
837,3891.31591797
838,3809.54858398
839,3401.13500977
840,5169.49169922
841,3506.1496582
842,3979.10424805
843,3932.75268555
844,4098.34423828
845,3545.32714844
846,3719.97705078
847,4187.91699219
848,3589.43188477
849,3847.96948242
850,4695.44970703
851,3658.63793945
852,4477.84082031
853,3563.21264648
854,3996.95092773
855,3933.32446289
856,3609.43969727
857,3355.48461914
858,3795.2409668
859,4078.47875977
860,3487.44506836
861,3746.54663086
862,3951.57714844
863,3493.88208008
864,4073.55200195
865,3749.28881836
866,3391.79370117
867,3865.49560547
868,3442.80932617
869,4161.48681641
870,3872.95288086
871,4339.50830078
872,3323.10668945
873,4470.25830078
874,3829.54223633
875,4204.33105469
876,3555.06176758
877,4402.71337891
878,3834.73486328
879,3738.49389648
880,4157.85839844
881,4005.86303711
882,3671.49291992
883,3726.12939453
884,3804.92407227
885,3995.19140625
886,3566.31640625
887,3904.00024414
888,3994.05395508
889,3491.77856445
890,5250.77392578
891,4261.61914062
892,4629.79833984
893,3932.16259766
894,4448.42724609
895,4761.58203125
896,3719.53540039
897,3378.43481445
898,3967.41210938
899,3567.37670898
900,3894.68066406
901,3904.86694336
902,3450.41674805
903,3953.47094727
904,3366.78442383
905,3778.37817383
906,3750.28466797
907,3736.59545898
908,3676.91479492
909,4058.28466797
910,3759.64892578
911,3316.08056641
912,3410.87060547
913,3453.69262695
914,3810.56567383
915,3787.43041992
916,3744.796875
917,3553.58056641
918,3857.86791992
919,3618.56860352
920,3364.73803711
921,3392.3034668
922,3637.61401367
923,3662.79638672
924,3938.4597168
925,3460.36694336
926,3610.5402832
927,3691.23168945
928,3234.75756836
929,3811.44116211
930,4055.65991211
931,4259.35693359
932,3622.55273438
933,3563.07470703
934,3925.12182617
935,3539.10913086
936,3848.4597168
937,3465.26977539
938,3737.19775391
939,3352.60229492
940,3650.00317383
941,4139.15136719
942,3820.83911133
943,3504.64624023
944,4212.49267578
945,4456.77001953
946,3789.6315918
947,3510.77709961
948,3480.77026367
949,3714.7800293
950,3563.97973633
951,3504.88842773
952,3323.78881836
953,3681.60717773
954,3693.67456055
955,3552.65209961
956,3426.25366211
957,3406.8203125
958,3746.04150391
959,3603.45239258
960,3335.46435547
961,3950.05151367
962,4027.93725586
963,3598.63012695
964,3618.93676758
965,3467.31005859
966,4230.44726562
967,3706.22363281
968,4084.23681641
969,3586.33569336
970,3692.08007812
971,3819.08618164
972,3505.70166016
973,3743.16992188
974,4118.01904297
975,3321.29858398
976,3304.39477539
977,3763.34399414
978,4894.89111328
979,3596.93237305
980,4992.23144531
981,3721.83081055
982,3749.09643555
983,3345.05371094
984,3551.39648438
985,3663.08520508
986,3273.47924805
987,3715.09716797
988,3582.5847168
989,3512.40087891
990,3627.9699707
991,3478.15893555
992,3360.9855957
993,3701.7043457
994,4077.81811523
995,3848.39990234
996,3538.69873047
997,3666.89892578
998,3383.78833008
999,3832.25805664
1000,3703.46850586
1001,3876.51953125
1002,3549.49731445
1003,5192.31005859
1004,3693.49194336
1005,3491.91723633
1006,3595.51391602
1007,3531.03613281
1008,3455.53857422
1009,3784.47436523
1010,3478.42602539
1011,3390.02319336
1012,3687.21435547
1013,3629.00415039
1014,3239.90966797
1015,3142.3503418
1016,4203.23925781
1017,3268.42016602
1018,3666.00317383
1019,3608.90844727
1020,3291.75756836
1021,3717.17749023
1022,3654.38525391
1023,3501.92651367
1024,3547.5390625
1025,3779.30834961
1026,4742.52734375
1027,3321.84887695
1028,3752.93603516
1029,3425.69506836
1030,3414.99414062
1031,3650.16064453
1032,3839.26196289
1033,3623.43066406
1034,3227.05322266
1035,3986.41625977
1036,3628.84594727
1037,3539.41186523
1038,3545.48608398
1039,3877.84741211
1040,3717.81567383
1041,3700.20532227
1042,3552.92285156
1043,4455.06005859
1044,3842.56225586
1045,3461.82202148
1046,3472.34423828
1047,3429.46704102
1048,3449.43579102
1049,3383.96899414
1050,3817.99560547
1051,3331.2019043
1052,3908.47143555
1053,3510.92456055
1054,3651.83129883
1055,3292.51123047
1056,3667.01782227
1057,3711.17333984
1058,3351.54321289
1059,3517.44970703
1060,3289.29125977
1061,3649.49047852
1062,3571.81762695
1063,4005.32080078
1064,3467.83154297
1065,3437.08813477
1066,3663.77441406
1067,3393.51074219
1068,3357.9362793
1069,3430.95214844
1070,3381.81225586
1071,3445.31860352
1072,3849.23413086
1073,3450.52905273
1074,3867.25537109
1075,3402.15014648
1076,3537.8059082
1077,3474.84301758
1078,3394.09863281
1079,3411.6262207
1080,3591.38720703
1081,3274.15942383
1082,3736.78051758
1083,3439.52734375
1084,3295.35375977
1085,3318.0012207
1086,3388.2590332
1087,2986.62719727
1088,3614.19067383
1089,3446.53173828
1090,3225.31811523
1091,3644.21362305
1092,3372.24487305
1093,3342.62353516
1094,3639.70361328
1095,3655.67407227
1096,3457.99731445
1097,3309.97827148
1098,3488.95703125
1099,3449.49731445
1100,3250.95800781
1101,3325.93310547
1102,3886.61010742
1103,3378.47485352
1104,3237.48291016
1105,3527.16625977
1106,3184.83642578
1107,3604.73608398
1108,3141.01782227
1109,3227.39038086
1110,3513.06298828
1111,3830.63134766
1112,3054.40600586
1113,3106.33935547
1114,3417.5168457
1115,3291.86230469
1116,3322.44873047
1117,3482.9777832
1118,3188.0793457
1119,3531.5769043
1120,3447.7578125
1121,3618.54760742
1122,3605.96459961
1123,3346.06420898
1124,3461.75268555
1125,3341.52270508
1126,4462.41845703
1127,3524.24902344
1128,3261.0402832
1129,3270.76293945
1130,3217.26635742
1131,3701.1875
1132,3483.12744141
1133,3227.88598633
1134,3497.56176758
1135,3848.48803711
1136,3425.30249023
1137,3169.55200195
1138,3559.26733398
1139,3694.18286133
1140,3386.77294922
1141,3237.21411133
1142,3103.23803711
1143,3956.11914062
1144,3437.74780273
1145,3402.58569336
1146,3970.12353516
1147,3323.25561523
1148,3468.49316406
1149,3370.19848633
1150,3557.90917969
1151,3780.89941406
1152,3477.7434082
1153,3561.06201172
1154,2980.87719727
1155,3485.48242188
1156,3497.41235352
1157,3184.40942383
1158,3295.49902344
1159,3378.80493164
1160,3523.94140625
1161,3456.765625
1162,3341.40258789
1163,3449.58422852
1164,3413.98364258
1165,3281.73364258
1166,3065.77392578
1167,3159.24682617
1168,3279.86987305
1169,3316.35888672
1170,3546.13842773
1171,3449.31079102
1172,3066.72387695
1173,3536.96020508
1174,3625.23706055
1175,3273.52905273
1176,3395.09008789
1177,3382.73413086
1178,3356.5324707
1179,3755.15014648
1180,3464.25537109
1181,3287.44995117
1182,3438.7043457
1183,3657.54858398
1184,3535.64819336
1185,3476.83789062
1186,3566.98632812
1187,3427.32983398
1188,3695.21386719
1189,3753.32910156
1190,3412.07055664
1191,3247.87524414
1192,3960.71899414
1193,3816.65014648
1194,3275.05004883
1195,3615.04736328
1196,3643.19311523
1197,3813.81298828
1198,3655.20019531
1199,3352.19677734
1200,3280.38574219
1201,3383.30053711
1202,4801.64306641
1203,3105.6940918
1204,3444.05493164
1205,3761.62353516
1206,3010.94287109
1207,3473.96777344
1208,3543.98510742
1209,3653.74609375
1210,3245.25756836
1211,3400.5871582
1212,3404.25512695
1213,3427.87670898
1214,3036.77709961
1215,3184.78637695
1216,3289.7590332
1217,3212.86743164
1218,3204.37719727
1219,3309.01904297
1220,3132.50488281
1221,3503.11206055
1222,3918.04516602
1223,3648.32348633
1224,3210.40209961
1225,3283.35131836
1226,3775.93334961
1227,3100.54833984
1228,3686.74584961
1229,3342.4519043
1230,3699.97680664
1231,3595.31958008
1232,3841.33276367
1233,3258.94213867
1234,3561.75219727
1235,3334.72924805
1236,3333.95581055
1237,3488.11279297
1238,3241.47241211
1239,3463.5144043
1240,3162.89428711
1241,3406.42407227
1242,3070.24072266
1243,3302.60424805
1244,3491.40600586
1245,3576.43164062
1246,3149.2019043
1247,3344.875
1248,3434.8762207
1249,3570.62329102
1250,3390.22753906
1251,2999.73510742
1252,3046.4206543
1253,3212.75756836
1254,3467.74951172
1255,3827.91992188
1256,3337.77441406
1257,3374.99145508
1258,3423.57275391
1259,3570.09350586
1260,3552.96044922
1261,3404.21484375
1262,3458.54199219
1263,3436.62890625
1264,3575.5390625
1265,3514.69848633
1266,3329.67602539
1267,2977.25048828
1268,3257.33251953
1269,3666.76464844
1270,3080.05615234
1271,3276.40087891
1272,3204.6394043
1273,3540.71606445
1274,3234.10546875
1275,3421.44995117
1276,3631.69042969
1277,3120.70410156
1278,3248.62280273
1279,4150.24169922
1280,3656.95336914
1281,3349.71875
1282,3541.72851562
1283,3077.60351562
1284,3360.08911133
1285,3274.40649414
1286,3409.44287109
1287,3517.46777344
1288,3280.56933594
1289,3296.88525391
1290,3100.546875
1291,3357.85473633
1292,3103.01123047
1293,3746.50732422
1294,3225.20483398
1295,3410.36352539
1296,3234.67993164
1297,3415.51513672
1298,3298.9675293
1299,3015.53417969
1300,3215.79003906
1301,3594.06640625
1302,3519.10375977
1303,3210.11450195
1304,3010.88647461
1305,3259.10302734
1306,3601.55273438
1307,3302.51708984
1308,3327.96044922
1309,3440.35205078
1310,3135.8527832
1311,3122.46191406
1312,3638.48144531
1313,3363.05175781
1314,3490.97753906
1315,3275.99023438
1316,3372.95703125
1317,3127.49511719
1318,3145.50390625
1319,3318.08154297
1320,3234.81420898
1321,3475.11669922
1322,3389.13867188
1323,3265.81933594
1324,3540.140625
1325,3403.53515625
1326,3109.07128906
1327,3663.57519531
1328,3628.49804688
1329,3264.15209961
1330,3569.66552734
1331,3409.31640625
1332,3349.57568359
1333,3496.88500977
1334,3371.99609375
1335,3495.11962891
1336,3369.83374023
1337,3446.62890625
1338,3025.48339844
1339,2943.72094727
1340,3210.66894531
1341,3544.74975586
1342,3000.66455078
1343,3207.82714844
1344,3140.80273438
1345,3170.46191406
1346,3191.60693359
1347,3378.99316406
1348,3099.96630859
1349,3730.38671875
1350,2924.27124023
1351,3680.70776367
1352,3072.81665039
1353,3262.9465332
1354,3559.38964844
1355,3296.43798828
1356,2880.90234375
1357,3229.7109375
1358,3040.66015625
1359,3065.98461914
1360,2943.09008789
1361,3415.93920898
1362,2994.24902344
1363,3232.67480469
1364,3091.98364258
1365,3013.62792969
1366,3382.38623047
1367,3004.83496094
1368,3022.56982422
1369,3212.12011719
1370,3307.90942383
1371,3212.68798828
1372,3022.83154297
1373,3056.22314453
1374,3496.13623047
1375,3372.8737793
1376,3042.17333984
1377,3121.64379883
1378,3207.58935547
1379,2954.25878906
1380,3263.75244141
1381,3309.9128418
1382,3432.97290039
1383,3157.16552734
1384,3567.89282227
1385,3215.68066406
1386,3040.07324219
1387,3357.0390625
1388,3229.72509766
1389,3040.53955078
1390,3145.72802734
1391,3154.33300781
1392,3226.71826172
1393,3114.37524414
1394,3512.23095703
1395,3347.91430664
1396,3380.70776367
1397,3483.86962891
1398,3912.90161133
1399,3536.60205078
1400,3244.01513672
1401,3228.24707031
1402,3418.13354492
1403,2995.11352539
1404,3035.23681641
1405,3032.49707031
1406,2928.72314453
1407,3167.69946289
1408,3467.26269531
1409,3061.90405273
1410,3233.30932617
1411,2703.20385742
1412,3026.41650391
1413,3328.73535156
1414,3015.41064453
1415,3027.88964844
1416,3064.71704102
1417,3092.96337891
1418,2994.53125
1419,3233.33154297
1420,3108.66577148
1421,3199.65039062
1422,3298.6862793
1423,2741.64282227
1424,3318.96142578
1425,2960.34106445
1426,3109.29296875
1427,3465.59472656
1428,3479.95898438
1429,3059.90991211
1430,3164.73291016
1431,3059.57275391
1432,2982.09033203
1433,3478.02124023
1434,3008.99560547
1435,3109.39648438
1436,2960.3125
1437,3230.90405273
1438,3480.06640625
1439,3116.83251953
1440,3274.45361328
1441,2946.80615234
1442,3042.08154297
1443,3287.59765625
1444,3390.57617188
1445,2878.76342773
1446,3153.58984375
1447,2989.51708984
1448,3153.15576172
1449,3089.93945312
1450,3152.71972656
1451,2879.52880859
1452,3244.78564453
1453,2954.82543945
1454,3402.69482422
1455,3192.17822266
1456,3069.48876953
1457,3041.75610352
1458,2934.28613281
1459,3722.59863281
1460,3038.73681641
1461,3461.57128906
1462,3373.96166992
1463,3312.17675781
1464,3059.75976562
1465,3300.21435547
1466,3070.82324219
1467,3283.01269531
1468,3277.06665039
1469,2913.96923828
1470,3234.50146484
1471,3036.11083984
1472,3231.59521484
1473,3000.50976562
1474,3090.17089844
1475,3080.75683594
1476,3856.48583984
1477,3096.36083984
1478,3235.59228516
1479,3674.09204102
1480,3418.54760742
1481,3230.44360352
1482,3244.70263672
1483,3115.57373047
1484,3768.83496094
1485,3091.19702148
1486,3266.68945312
1487,2916.79736328
1488,3075.81420898
1489,3274.13037109
1490,3849.39575195
1491,3073.41064453
1492,3276.65136719
1493,3435.25927734
1494,3450.01416016
1495,3445.69213867
1496,4478.75292969
1497,3061.42480469
1498,3153.65014648
1499,3207.62915039
1500,3322.23486328
1501,3341.33349609
1502,3354.1809082
1503,2903.06542969
1504,2936.68579102
1505,3154.49902344
1506,3139.83154297
1507,3101.90576172
1508,2920.52490234
1509,3474.38818359
1510,3265.1184082
1511,3557.15454102
1512,3009.16650391
1513,3103.26367188
1514,3116.52148438
1515,2932.40332031
1516,3014.97045898
1517,2761.28466797
1518,3091.49804688
1519,3211.29272461
1520,2894.91992188
1521,3222.01367188
1522,3235.40942383
1523,2937.06640625
1524,3248.30004883
1525,3346.17822266
1526,3263.82617188
1527,3157.48779297
1528,3221.58227539
1529,3305.19677734
1530,3128.04736328
1531,3127.65625
1532,2894.33789062
1533,3168.09570312
1534,3706.90136719
1535,3291.72607422
1536,3247.47314453
1537,3077.10791016
1538,3398.49584961
1539,3330.16455078
1540,3160.37548828
1541,3308.5859375
1542,3309.51318359
1543,2910.53076172
1544,3379.68701172
1545,3178.921875
1546,3277.52514648
1547,2965.75195312
1548,3182.01806641
1549,3023.61523438
1550,2901.06445312
1551,3358.16650391
1552,3303.75830078
1553,3422.33398438
1554,3253.24560547
1555,2889.07910156
1556,3366.35693359
1557,2917.11767578
1558,3258.12719727
1559,2847.32470703
1560,2988.47045898
1561,4038.75537109
1562,2924.36499023
1563,3256.70214844
1564,3564.08447266
1565,3235.03881836
1566,3227.38671875
1567,3177.73632812
1568,3270.03710938
1569,3519.0871582
1570,3178.93920898
1571,2997.23681641
1572,3368.24121094
1573,3137.42382812
1574,3009.78100586
1575,3215.43481445
1576,3349.60083008
1577,3523.69091797
1578,2924.42553711
1579,2987.63574219
1580,3202.73828125
1581,3129.88452148
1582,3019.73828125
1583,3028.5246582
1584,3070.58837891
1585,3204.15991211
1586,3214.08300781
1587,3141.04174805
1588,3182.24243164
1589,2989.50463867
1590,3263.58862305
1591,3324.34765625
1592,3100.64770508
1593,3021.6965332
1594,3518.7878418
1595,3082.52294922
1596,3042.87915039
1597,2646.55615234
1598,2766.54272461
1599,2991.10620117
1600,3021.99243164
1601,3042.70410156
1602,2792.61523438
1603,2999.36816406
1604,2999.82495117
1605,2739.83984375
1606,3512.9777832
1607,3235.02392578
1608,2967.97314453
1609,3102.55810547
1610,2913.24560547
1611,3431.57299805
1612,3022.95410156
1613,2827.92749023
1614,3099.56835938
1615,2857.13378906
1616,3196.87158203
1617,2798.48510742
1618,3338.75854492
1619,3006.40625
1620,3279.36279297
1621,3044.67724609
1622,2953.40625
1623,2903.44604492
1624,3308.8203125
1625,3209.27709961
1626,3133.2109375
1627,2917.68701172
1628,2969.37988281
1629,2957.76220703
1630,3112.74169922
1631,3107.12426758
1632,3020.52050781
1633,2893.59423828
1634,2924.72753906
1635,3003.17504883
1636,3045.79980469
1637,3348.95361328
1638,2806.71386719
1639,3055.52954102
1640,2745.9140625
1641,2899.46606445
1642,2867.46484375
1643,2961.80859375
1644,2945.02490234
1645,3098.53271484
1646,3022.11767578
1647,3000.55810547
1648,2871.35839844
1649,2955.98266602
1650,3166.6015625
1651,3197.33105469
1652,2934.76489258
1653,3159.94775391
1654,2663.30029297
1655,3072.54199219
1656,3008.15820312
1657,3152.38134766
1658,2852.85205078
1659,2795.89550781
1660,3397.609375
1661,3242.27050781
1662,2983.07495117
1663,3042.46118164
1664,3094.88354492
1665,2887.2434082
1666,3128.2980957
1667,3342.96044922
1668,2894.15771484
1669,3057.95239258
1670,3065.01098633
1671,3261.50878906
1672,3430.56591797
1673,3163.2824707
1674,3139.29931641
1675,3277.64306641
1676,3091.74609375
1677,3095.37402344
1678,3081.98193359
1679,3050.03393555
1680,3204.14013672
1681,3191.99853516
1682,3365.30908203
1683,3567.79174805
1684,3078.14013672
1685,3122.77783203
1686,3013.56689453
1687,3294.63623047
1688,3118.96704102
1689,2847.95703125
1690,3105.43359375
1691,3032.84472656
1692,3008.95800781
1693,3306.02807617
1694,2805.55224609
1695,3923.56030273
1696,2873.65698242
1697,3049.78369141
1698,3271.52246094
1699,3137.68994141
1700,2975.6953125
1701,2809.03442383
1702,2778.31030273
1703,3211.30688477
1704,3121.34594727
1705,2867.00463867
1706,2979.58935547
1707,3144.67114258
1708,3250.88500977
1709,3062.91650391
1710,3050.26977539
1711,2893.24243164
1712,2662.47021484
1713,2829.40844727
1714,3118.2512207
1715,2837.15698242
1716,3002.76342773
1717,3165.65991211
1718,2740.23046875
1719,3017.22973633
1720,2893.09790039
1721,3011.31713867
1722,2880.87792969
1723,3063.64404297
1724,3015.95361328
1725,3004.15771484
1726,3045.02929688
1727,3157.95800781
1728,2948.22729492
1729,3069.45385742
1730,3090.58422852
1731,2876.81054688
1732,2841.86743164
1733,3013.9621582
1734,2569.34960938
1735,2879.86401367
1736,2941.984375
1737,2943.21899414
1738,3001.13623047
1739,3310.34008789
1740,2735.66162109
1741,3124.47949219
1742,2960.64746094
1743,2904.59179688
1744,3244.16870117
1745,3292.90893555
1746,3053.40405273
1747,2699.46826172
1748,2870.30615234
1749,3220.8059082
1750,2956.34619141
1751,3003.75756836
1752,2952.95654297
1753,2856.98193359
1754,3066.53417969
1755,2965.83789062
1756,3057.07739258
1757,2689.59106445
1758,2789.82226562
1759,3092.29345703
1760,2998.89257812
1761,3341.2890625
1762,3143.96533203
1763,2729.39404297
1764,3218.91162109
1765,3842.66137695
1766,2799.40917969
1767,3131.0703125
1768,2951.08154297
1769,2532.29638672
1770,3084.25952148
1771,2733.09570312
1772,3046.01635742
1773,2914.89892578
1774,3103.31811523
1775,3269.29858398
1776,2973.05761719
1777,2673.02124023
1778,3143.87817383
1779,3080.41210938
1780,3357.85400391
1781,3062.62109375
1782,2847.04931641
1783,3197.82714844
1784,3099.671875
1785,2879.46728516
1786,3173.25195312
1787,3027.02929688
1788,2687.06396484
1789,3068.93945312
1790,3043.05615234
1791,3125.18994141
1792,2987.83886719
1793,3309.04150391
1794,3222.74609375
1795,3057.68945312
1796,3267.44580078
1797,2906.59472656
1798,3050.59912109
1799,3173.26025391
1800,2940.39624023
1801,2921.46899414
1802,2988.58081055
1803,2815.64819336
1804,2766.19702148
1805,2612.3347168
1806,2894.11889648
1807,2921.31567383
1808,2889.8425293
1809,3194.83349609
1810,3015.36669922
1811,3004.86157227
1812,2917.52954102
1813,3029.10839844
1814,3028.84643555
1815,2854.6706543
1816,3014.75268555
1817,2732.76196289
1818,2886.06665039
1819,3052.72949219
1820,2800.19189453
1821,2912.1262207
1822,2635.95532227
1823,2868.44360352
1824,2581.82641602
1825,2658.3125
1826,2753.5234375
1827,3054.97875977
1828,2888.94213867
1829,3076.00537109
1830,2991.66259766
1831,2865.73168945
1832,3067.72973633
1833,2879.4465332
1834,3076.69067383
1835,2926.4230957
1836,2736.92895508
1837,2923.2668457
1838,2849.57739258
1839,2816.03881836
1840,2863.80493164
1841,2776.29956055
1842,3127.5793457
1843,3161.31225586
1844,2936.3737793
1845,2885.34838867
1846,2926.19189453
1847,3006.86889648
1848,2764.79174805
1849,2947.71704102
1850,2736.99926758
1851,2890.54980469
1852,2990.73681641
1853,2769.78198242
1854,3038.93554688
1855,2996.73266602
1856,2905.14477539
1857,3080.61108398
1858,2923.22143555
1859,3032.83154297
1860,2922.85302734
1861,3155.42260742
1862,2934.92895508
1863,3338.87402344
1864,2870.17993164
1865,3174.24682617
1866,3109.01098633
1867,2515.28222656
1868,2822.7175293
1869,2847.72924805
1870,3233.69848633
1871,2877.37695312
1872,3143.47729492
1873,2974.07055664
1874,2989.10766602
1875,2864.3371582
1876,2831.66333008
1877,3264.15917969
1878,2814.45922852
1879,2936.68725586
1880,2702.80981445
1881,2963.51635742
1882,2908.55688477
1883,3399.88647461
1884,2679.7722168
1885,2809.8996582
1886,3042.96704102
1887,2899.84790039
1888,3097.78466797
1889,3195.15258789
1890,2842.56958008
1891,2752.03613281
1892,2766.02758789
1893,2836.00219727
1894,2648.52832031
1895,3047.13525391
1896,2934.16699219
1897,3239.30200195
1898,2824.9777832
1899,3484.07055664
1900,2802.53491211
1901,3048.16821289
1902,2961.54907227
1903,2922.08764648
1904,2741.55126953
1905,2942.08813477
1906,3047.69628906
1907,3081.28686523
1908,2805.49145508
1909,2925.59667969
1910,2743.31762695
1911,2759.33178711
1912,3013.79418945
1913,2895.09838867
1914,2886.27172852
1915,2567.296875
1916,2888.91088867
1917,2905.13696289
1918,2689.16381836
1919,2850.80371094
1920,3151.97314453
1921,2795.42407227
1922,2641.73583984
1923,2874.72705078
1924,2725.20825195
1925,3004.97290039
1926,2949.50708008
1927,2897.84643555
1928,2887.37182617
1929,2911.36938477
1930,2876.0402832
1931,3089.30395508
1932,2816.33105469
1933,3095.34838867
1934,2743.22583008
1935,2929.16333008
1936,2941.39086914
1937,2886.88842773
1938,2851.09301758
1939,2968.24267578
1940,3079.12915039
1941,2683.02807617
1942,2650.36108398
1943,2838.54174805
1944,2844.67553711
1945,2994.29003906
1946,3196.92675781
1947,2851.46948242
1948,2795.49023438
1949,2937.4284668
1950,3081.08056641
1951,2816.07983398
1952,2824.16186523
1953,2915.73510742
1954,2874.78027344
1955,2994.23999023
1956,2871.02612305
1957,2699.81274414
1958,2804.99438477
1959,2648.36547852
1960,3017.54638672
1961,2682.91577148
1962,2988.46606445
1963,3057.65844727
1964,3150.41064453
1965,2870.6953125
1966,2888.00219727
1967,2875.17504883
1968,3025.85375977
1969,2794.10009766
1970,3117.58569336
1971,2989.52709961
1972,2868.69189453
1973,2980.91137695
1974,2741.35961914
1975,3075.63208008
1976,3011.67163086
1977,2776.02514648
1978,2819.14355469
1979,3110.92797852
1980,3204.4050293
1981,3039.46289062
1982,2879.20532227
1983,3194.11254883
1984,3122.02270508
1985,3246.1105957
1986,2937.4309082
1987,2699.3112793
1988,2880.3215332
1989,2804.13964844
1990,2751.13305664
1991,3235.05029297
1992,2943.58837891
1993,2587.78369141
1994,3059.7902832
1995,2838.10864258
1996,2836.39111328
1997,2949.34814453
1998,3341.22949219
1999,2876.4440918
2000,3500.31347656
2001,3417.64355469
2002,3108.76318359
2003,2876.83154297
2004,3302.06860352
2005,3035.94360352
2006,3058.13671875
2007,3164.63476562
2008,3075.43896484
2009,2964.77368164
2010,2793.37646484
2011,2696.38525391
2012,3140.30493164
2013,3562.8125
2014,3367.24829102
2015,2944.93676758
2016,2923.35083008
2017,3281.02612305
2018,2823.39672852
2019,2628.98852539
2020,3196.76538086
2021,2951.38745117
2022,2958.11645508
2023,2726.21582031
2024,3032.08544922
2025,3136.10009766
2026,2992.84667969
2027,2614.10424805
2028,2612.09838867
2029,2841.22607422
2030,3128.11352539
2031,2690.70849609
2032,3182.44750977
2033,2820.73632812
2034,2721.38818359
2035,3039.68798828
2036,2904.73583984
2037,2483.51757812
2038,2788.98583984
2039,2931.99682617
2040,2935.39135742
2041,3152.32788086
2042,3020.52197266
2043,2994.98730469
2044,2771.09277344
2045,2959.20361328
2046,2909.26074219
2047,3135.51269531
2048,3204.82861328
2049,2976.41259766
2050,3061.54418945
2051,3160.4699707
2052,2591.05029297
2053,3002.31298828
2054,2604.31420898
2055,2695.58276367
2056,3023.53515625
2057,2878.31201172
2058,2683.53271484
2059,2988.84936523
2060,2838.15380859
2061,2565.47021484
2062,2547.50292969
2063,2408.67895508
2064,2715.82104492
2065,2667.40722656
2066,2893.24121094
2067,2819.60913086
2068,2810.58666992
2069,3104.2800293
2070,2793.67431641
2071,2573.56518555
2072,2937.59643555
2073,3036.04589844
2074,2849.81469727
2075,2819.63842773
2076,2815.96850586
2077,3494.27490234
2078,2931.7722168
2079,2851.16381836
2080,3071.66821289
2081,2845.38232422
2082,3021.5715332
2083,2789.97607422
2084,2946.55664062
2085,2970.68432617
2086,2797.31494141
2087,2837.54956055
2088,2926.42211914
2089,3302.3371582
2090,2532.47949219
2091,2856.09594727
2092,3079.00415039
2093,2810.03320312
2094,2558.16381836
2095,2578.77050781
2096,2861.01489258
2097,2820.72216797
2098,2831.4934082
2099,2673.01049805
2100,2725.76660156
2101,2898.50390625
2102,2844.75488281
2103,2944.84521484
2104,2843.58276367
2105,3078.56274414
2106,3068.51611328
2107,2745.57446289
2108,3098.47802734
2109,3170.82055664
2110,2990.04125977
2111,3108.00756836
2112,2836.14575195
2113,2551.69628906
2114,3089.59350586
2115,2931.05371094
2116,3060.48120117
2117,3010.73706055
2118,2718.14355469
2119,2886.00366211
2120,2818.85742188
2121,2804.28369141
2122,2903.91625977
2123,2782.73779297
2124,2606.97509766
2125,2604.00439453
2126,2850.37719727
2127,3031.98193359
2128,2615.52905273
2129,2884.28735352
2130,2458.8737793
2131,2855.6862793
2132,2893.46801758
2133,2904.77172852
2134,3113.38256836
2135,2809.93798828
2136,2874.44555664
2137,2775.4609375
2138,2627.29956055
2139,3072.72216797
2140,2829.97558594
2141,2912.4543457
2142,2847.31811523
2143,3216.5402832
2144,2734.8972168
2145,2982.65698242
2146,2623.73242188
2147,2964.65209961
2148,2811.80078125
2149,2798.93505859
2150,2736.57177734
2151,2835.57519531
2152,2644.55664062
2153,2795.14453125
2154,3112.97167969
2155,2749.53613281
2156,2697.98486328
2157,2747.3840332
2158,3152.31835938
2159,2701.70874023
2160,2903.70654297
2161,2378.74023438
2162,2816.90527344
2163,2757.48632812
2164,2785.60083008
2165,2995.38671875
2166,3068.10107422
2167,2589.81665039
2168,2927.875
2169,2935.28613281
2170,2957.0
2171,2637.06738281
2172,2859.16357422
2173,2834.80273438
2174,2851.99121094
2175,2953.99609375
2176,3109.96166992
2177,2980.25830078
2178,2896.42016602
2179,3246.04882812
2180,2829.51318359
2181,2946.04541016
2182,2799.93505859
2183,2918.15429688
2184,2746.91235352
2185,2930.68798828
2186,2867.44995117
2187,2753.33349609
2188,2663.90161133
2189,2657.93994141
2190,2717.62915039
2191,2733.27539062
2192,2640.01025391
2193,2810.06298828
2194,2733.33129883
2195,2958.64379883
2196,2833.27441406
2197,2713.57666016
2198,2546.74853516
2199,2894.1027832
2200,2726.51196289
2201,2663.87084961
2202,2718.64257812
2203,2713.87841797
2204,3175.08056641
2205,2866.94970703
2206,2691.32739258
2207,3360.9128418
2208,2851.30273438
2209,2898.14501953
2210,2879.10009766
2211,2723.41113281
2212,2753.80664062
2213,2646.30419922
2214,3208.27832031
2215,2986.16357422
2216,2856.68896484
2217,3166.39648438
2218,2701.23144531
2219,2441.38818359
2220,2640.69091797
2221,2765.88232422
2222,2675.08251953
2223,3016.7590332
2224,2833.61743164
2225,2566.72070312
2226,2881.66259766
2227,2695.68237305
2228,2779.83886719
2229,2551.48876953
2230,2907.95166016
2231,2723.40844727
2232,2716.22851562
2233,2989.90576172
2234,2908.88085938
2235,2644.85205078
2236,2560.83325195
2237,2515.46386719
2238,2620.95800781
2239,2796.63525391
2240,2903.98828125
2241,2824.75415039
2242,2922.93798828
2243,3327.02587891
2244,2741.28442383
2245,3022.71899414
2246,2934.65380859
2247,2701.48388672
2248,2976.2800293
2249,3080.39794922
2250,2619.05029297
2251,2625.36108398
2252,2760.48046875
2253,2393.87841797
2254,2732.1652832
2255,2700.45703125
2256,3038.47070312
2257,2913.97216797
2258,2770.24121094
2259,2871.27978516
2260,2762.83618164
2261,2934.85107422
2262,2874.43017578
2263,3134.13134766
2264,2902.57836914
2265,2804.56079102
2266,2748.73779297
2267,2808.10400391
2268,2920.45581055
2269,2562.13793945
2270,2886.21435547
2271,2785.32836914
2272,2837.70629883
2273,2570.89428711
2274,3048.18334961
2275,2753.69824219
2276,2804.09130859
2277,2550.24609375
2278,2690.70581055
2279,2954.74072266
2280,2670.08618164
2281,2839.26489258
2282,2759.80932617
2283,2562.859375
2284,2750.35229492
2285,2883.47241211
2286,3094.25561523
2287,2599.48706055
2288,2748.95288086
2289,2743.88525391
2290,2939.11010742
2291,2537.9309082
2292,3011.29956055
2293,2662.46411133
2294,2952.51074219
2295,2564.59326172
2296,2812.60571289
2297,2664.13012695
2298,2914.10668945
2299,2635.55688477
2300,3078.14282227
2301,2681.57641602
2302,2554.28540039
2303,2748.3046875
2304,2678.15161133
2305,2592.57299805
2306,2719.84350586
2307,2924.82202148
2308,2749.87036133
2309,2753.46459961
2310,2663.10571289
2311,2701.9387207
2312,2558.80322266
2313,2589.11572266
2314,2840.17724609
2315,2568.30224609
2316,3013.43603516
2317,2513.91552734
2318,2802.40966797
2319,2496.25195312
2320,2959.31420898
2321,2922.22143555
2322,2839.80444336
2323,2637.39746094
2324,2753.99414062
2325,2813.14672852
2326,2780.23242188
2327,2650.82373047
2328,2650.74731445
2329,3039.17089844
2330,2835.85498047
2331,2691.11132812
2332,2449.37548828
2333,2750.88623047
2334,2821.32397461
2335,2735.85205078
2336,2717.85302734
2337,2796.68530273
2338,2719.77099609
2339,2631.97045898
2340,2880.89770508
2341,2650.34814453
2342,2617.42529297
2343,2980.96875
2344,2612.92724609
2345,2680.10571289
2346,2821.60253906
2347,2711.21875
2348,2740.70556641
2349,2690.17529297
2350,2786.79150391
2351,2616.80151367
2352,2827.16162109
2353,2548.29467773
2354,2659.68554688
2355,2934.70019531
2356,2714.27685547
2357,2767.08203125
2358,2803.15112305
2359,2552.25195312
2360,2710.60009766
2361,2718.26464844
2362,2518.55541992
2363,3166.49658203
2364,2943.80981445
2365,2869.3972168
2366,2518.65991211
2367,3074.51782227
2368,2791.48657227
2369,2868.61669922
2370,2678.97729492
2371,2939.7878418
2372,2890.38793945
2373,3191.14257812
2374,2939.09790039
2375,2770.5637207
2376,2673.87768555
2377,2724.08813477
2378,2653.17651367
2379,2768.34887695
2380,2641.33959961
2381,2654.89575195
2382,2749.80639648
2383,2890.05273438
2384,2967.03588867
2385,2668.0625
2386,2697.51733398
2387,2546.48510742
2388,2888.24511719
2389,2627.38061523
2390,2821.81323242
2391,2904.42602539
2392,2847.61157227
2393,2559.49731445
2394,2575.62060547
2395,2555.06103516
2396,2568.86035156
2397,3001.1496582
2398,2902.15551758
2399,2551.76904297
2400,2765.79101562
2401,2925.91699219
2402,2808.97753906
2403,2755.78808594
2404,2949.70263672
2405,2501.18359375
2406,2761.32299805
2407,2941.28295898
2408,2794.77294922
2409,2816.43237305
2410,2918.63793945
2411,2799.58935547
2412,2753.99169922
2413,2730.46459961
2414,2712.5324707
2415,2714.13354492
2416,3106.83129883
2417,2893.82324219
2418,2751.92578125
2419,2616.67871094
2420,2756.90087891
2421,2660.76660156
2422,2748.2578125
2423,2724.28173828
2424,2843.52441406
2425,3289.43847656
2426,2760.01708984
2427,2788.03564453
2428,2933.00170898
2429,2777.40869141
2430,2720.81152344
2431,2838.72119141
2432,2610.05957031
2433,2920.95678711
2434,2674.51489258
2435,2672.58520508
2436,2656.35961914
2437,2543.92114258
2438,2707.04931641
2439,2490.15698242
2440,2658.10375977
2441,2999.57885742
2442,2776.55517578
2443,2770.59057617
2444,2808.52612305
2445,2767.07177734
2446,2624.89770508
2447,2718.40454102
2448,2771.40161133
2449,2649.36279297
2450,2786.54174805
2451,2344.34423828
2452,2935.0715332
2453,2865.93457031
2454,2616.18408203
2455,2717.04956055
2456,3069.69213867
2457,2945.97143555
2458,2708.5612793
2459,2729.84033203
2460,2908.7644043
2461,2855.11816406
2462,2637.97583008
2463,2746.28637695
2464,2439.40942383
2465,2592.41821289
2466,2513.14379883
2467,2824.87841797
2468,2923.43603516
2469,2443.11254883
2470,2903.33642578
2471,2696.58398438
2472,2690.88671875
2473,2605.07421875
2474,2686.48730469
2475,2645.36108398
2476,2562.40209961
2477,2262.99267578
2478,2574.47094727
2479,2509.93725586
2480,2518.01123047
2481,2560.08447266
2482,2602.98339844
2483,2477.75927734
2484,2595.80932617
2485,2885.32666016
2486,2540.5546875
2487,2790.01074219
2488,2807.640625
2489,2593.89257812
2490,2581.43457031
2491,2700.46240234
2492,2706.88574219
2493,2627.11743164
2494,2666.13061523
2495,2825.64257812
2496,2724.41699219
2497,2768.43798828
2498,2638.92895508
2499,2864.19189453
2500,2898.96826172
2501,2688.69238281
2502,2813.77026367
2503,2839.73852539
2504,2666.69091797
2505,2831.71875
2506,2638.3828125
2507,2961.05493164
2508,2703.57641602
2509,2797.65478516
2510,2602.49755859
2511,2570.41674805
2512,2783.92333984
2513,2884.25341797
2514,2611.57104492
2515,2587.26123047
2516,2444.56054688
2517,2741.00756836
2518,2625.97070312
2519,2754.00756836
2520,2663.97802734
2521,2716.66357422
2522,2803.44848633
2523,2735.68383789
2524,2489.86816406
2525,2655.08203125
2526,2463.22143555
2527,2771.16674805
2528,2509.3125
2529,2649.70166016
2530,2679.67431641
2531,2563.21777344
2532,2585.43554688
2533,2549.53540039
2534,2639.51025391
2535,2577.25537109
2536,2804.51391602
2537,2662.45605469
2538,2709.52246094
2539,3044.82226562
2540,2587.82177734
2541,2970.08105469
2542,2652.75488281
2543,2829.00463867
2544,2674.39111328
2545,2530.74414062
2546,2859.99169922
2547,2661.20068359
2548,2826.71972656
2549,2623.60205078
2550,2592.41235352
