0,191170.09375
1,135130.71875
2,96334.140625
3,73246.0078125
4,51833.2773438
5,45043.3203125
6,34645.109375
7,31435.4746094
8,27882.0527344
9,29107.2128906
10,29305.1542969
11,24436.0996094
12,24251.6757812
13,20160.4277344
14,20516.2265625
15,19331.6640625
16,20173.4648438
17,18053.9648438
18,17881.2910156
19,17576.8574219
20,17172.8066406
21,16051.2167969
22,16381.5380859
23,16749.0410156
24,17835.4667969
25,15605.1484375
26,14212.6328125
27,14175.1982422
28,15025.1494141
29,14917.6865234
30,14720.8623047
31,15540.4042969
32,14846.6103516
33,14613.5517578
34,14552.4423828
35,13149.8583984
36,14424.4804688
37,12597.9423828
38,12548.4208984
39,14223.8466797
40,15298.8085938
41,14277.5849609
42,13150.2695312
43,12553.5439453
44,13880.7998047
45,12262.3203125
46,13944.6962891
47,13152.0234375
48,12420.5458984
49,13444.8476562
50,13584.1025391
51,13107.5693359
52,12855.8183594
53,12536.1972656
54,12941.8876953
55,12714.7294922
56,12230.7988281
57,12086.3925781
58,11977.8867188
59,12811.5976562
60,11835.5537109
61,12465.7060547
62,11969.6464844
63,12362.3808594
64,10878.6933594
65,11022.1308594
66,12619.0712891
67,12185.7617188
68,12534.8242188
69,10389.4697266
70,12123.5820312
71,11594.5927734
72,12620.5634766
73,11560.6279297
74,11066.2460938
75,10593.3632812
76,11153.8242188
77,10750.6064453
78,11186.2763672
79,12357.2255859
80,11342.4287109
81,11515.4863281
82,10631.2021484
83,11874.5898438
84,10733.2421875
85,10337.3164062
86,10956.1875
87,11640.0566406
88,10346.2373047
89,11186.3642578
90,10273.0605469
91,10991.5097656
92,9636.35058594
93,9214.41308594
94,10615.6523438
95,9427.37890625
96,10532.875
97,11466.8554688
98,10443.8496094
99,10998.5810547
100,9499.09667969
101,10207.6025391
102,10937.2929688
103,9261.78515625
104,10240.9179688
105,10074.8544922
106,9249.79980469
107,9345.19628906
108,9987.00488281
109,9656.08886719
110,9375.91894531
111,9982.91308594
112,9967.04980469
113,9015.01464844
114,10058.1269531
115,10179.8183594
116,9643.47070312
117,8786.11621094
118,9244.43261719
119,9662.40917969
120,9169.36132812
121,9364.55273438
122,8994.03027344
123,9468.26074219
124,8980.44042969
125,8303.25292969
126,7857.42138672
127,8509.84277344
128,9259.07324219
129,11092.3896484
130,8128.70996094
131,8975.96386719
132,8869.20507812
133,10076.6425781
134,7753.03076172
135,8326.24609375
136,8433.83398438
137,7856.66210938
138,8623.93652344
139,8107.05664062
140,8713.6171875
141,8274.74023438
142,7297.24414062
143,7840.09570312
144,9125.87304688
145,7939.1015625
146,6921.67919922
147,8983.10351562
148,8093.70703125
149,7763.12109375
150,7426.80859375
151,7637.24853516
152,8900.58300781
153,8216.54980469
154,7099.68554688
155,9189.04003906
156,7994.81054688
157,7785.25195312
158,8468.93457031
159,7108.27294922
160,8111.31298828
161,7232.73974609
162,6515.77832031
163,8991.453125
164,8570.29492188
165,8322.28613281
166,7163.82080078
167,7200.21484375
168,7379.28417969
169,7840.97216797
170,8802.12890625
171,7023.37451172
172,8047.45800781
173,7708.16992188
174,8068.41845703
175,8668.15429688
176,7663.70654297
177,8159.81591797
178,7475.96630859
179,7222.50878906
180,6930.29980469
181,8022.65625
182,7610.35400391
183,6788.38330078
184,6110.17041016
185,8030.74267578
186,7410.68652344
187,6845.20556641
188,8229.44140625
189,8763.13085938
190,7077.19384766
191,7293.52050781
192,6832.65429688
193,8345.50390625
194,6239.73291016
195,6318.15625
196,7653.56835938
197,7803.15673828
198,6475.25585938
199,7791.24560547
200,7323.49462891
201,7405.72216797
202,6515.9375
203,7239.13867188
204,5994.34619141
205,6756.51660156
206,7091.16894531
207,6010.27246094
208,6208.4765625
209,8508.04394531
210,6385.26123047
211,6179.99365234
212,6029.65820312
213,7519.94091797
214,6952.58837891
215,6911.94189453
216,6404.42529297
217,7051.23388672
218,7688.26757812
219,6988.48242188
220,6977.32421875
221,7985.22119141
222,6264.95703125
223,6552.11230469
224,6874.59472656
225,6252.86523438
226,6616.27636719
227,6963.29785156
228,6237.13867188
229,7215.55712891
230,6276.75634766
231,6873.10888672
232,5473.47412109
233,7144.74169922
234,8027.96777344
235,6122.20556641
236,6434.39794922
237,7005.72412109
238,6255.64257812
239,7629.80078125
240,5175.34228516
241,6102.84716797
242,6434.39355469
243,5691.47216797
244,6022.84570312
245,6052.69238281
246,8147.30566406
247,8157.92431641
248,6380.89013672
249,7262.65478516
250,6670.53271484
251,5630.62304688
252,7903.03955078
253,7647.15820312
254,5692.33544922
255,6817.18359375
256,5822.39990234
257,5614.27099609
258,5396.69580078
259,6721.36767578
260,6627.02099609
261,5306.13085938
262,6213.74072266
263,6878.78857422
264,5566.93457031
265,6565.80664062
266,6700.99560547
267,6750.25976562
268,7804.08349609
269,6165.57861328
270,6064.53857422
271,6705.74658203
272,6005.41455078
273,5788.68457031
274,6619.10205078
275,7425.45117188
276,6836.12304688
277,5638.22607422
278,5905.18603516
279,8193.55273438
280,5733.109375
281,5461.70849609
282,5653.50634766
283,8249.390625
284,7933.34277344
285,6055.45751953
286,5912.03564453
287,5466.81054688
288,6020.21582031
289,6500.44677734
290,6991.51123047
291,7209.29931641
292,5599.24316406
293,6293.75146484
294,6342.49365234
295,5565.36572266
296,5708.51074219
297,7145.5859375
298,5139.06884766
299,7117.91455078
300,6291.88378906
301,5985.08837891
302,5307.36181641
303,6665.01904297
304,6358.91943359
305,6683.98339844
306,5560.89697266
307,6197.58642578
308,5460.14208984
309,5747.65478516
310,5254.25048828
311,5753.55029297
312,5283.17431641
313,6677.95166016
314,6208.04003906
315,4750.64013672
316,5798.27783203
317,6278.32568359
318,5250.74951172
319,5871.73144531
320,6750.11669922
321,6200.30419922
322,5780.00146484
323,5918.84472656
324,5089.70068359
325,5347.48583984
326,6659.07373047
327,6515.68554688
328,6530.94091797
329,5906.64404297
330,7510.20556641
331,6675.21630859
332,6640.25048828
333,5283.80859375
334,5783.1484375
335,5739.65087891
336,6228.01269531
337,5256.46386719
338,5346.8828125
339,5836.51855469
340,5252.62792969
341,4767.59277344
342,5690.76806641
343,4441.80078125
344,6023.6953125
345,6900.625
346,4943.16894531
347,5871.0546875
348,5734.18945312
349,5264.11328125
350,5164.38964844
351,6372.90185547
352,6554.54248047
353,4947.94335938
354,4847.09375
355,5174.97851562
356,5607.88916016
357,5565.484375
358,6468.10253906
359,6322.79394531
360,6115.89013672
361,5201.56982422
362,5396.00878906
363,5543.26855469
364,5370.61914062
365,5214.40722656
366,5476.50878906
367,5154.22998047
368,5081.46191406
369,5818.47119141
370,5531.41845703
371,5360.25830078
372,5907.24267578
373,5625.50244141
374,5912.59814453
375,4788.51416016
376,7661.08886719
377,5501.60400391
378,5037.07080078
379,5025.47753906
380,5668.19775391
381,5389.640625
382,5977.14892578
383,6638.92919922
384,5328.33544922
385,5048.08447266
386,6068.58154297
387,4965.89160156
388,4179.55908203
389,5849.90087891
390,6146.35400391
391,5325.13964844
392,5573.45947266
393,6828.03515625
394,5164.30566406
395,5463.90869141
396,4905.32373047
397,5474.54003906
398,4280.67529297
399,4616.69970703
400,5194.84912109
401,4853.44042969
402,5130.32470703
403,6334.61914062
404,6229.66503906
405,4688.35058594
406,4815.078125
407,4439.53027344
408,6239.79980469
409,5100.56152344
410,5666.64404297
411,5443.38085938
412,6244.38769531
413,5108.93310547
414,6513.40869141
415,6342.56103516
416,5369.66015625
417,4522.38671875
418,4572.58349609
419,4312.88085938
420,4642.01318359
421,4699.80908203
422,4505.96972656
423,4850.75976562
424,4465.39697266
425,5485.68945312
426,4732.03417969
427,5007.31201172
428,4834.39453125
429,5906.30371094
430,4392.03710938
431,4765.31396484
432,4934.62451172
433,5498.85839844
434,4664.7578125
435,4863.5625
436,5237.04394531
437,6003.59375
438,4855.08789062
439,4980.83691406
440,5291.234375
441,4915.56884766
442,4400.67431641
443,5416.1875
444,5965.12597656
445,4776.73974609
446,4921.21240234
447,4610.09082031
448,4433.16503906
449,4999.91748047
450,6192.48242188
451,4958.13867188
452,4458.77929688
453,5161.54980469
454,4783.21679688
455,4619.70605469
456,4525.85791016
457,4855.36767578
458,5441.75390625
459,4360.71191406
460,5358.77148438
461,4546.59082031
462,5245.94238281
463,4319.83007812
464,4148.61621094
465,4695.19970703
466,4879.03076172
467,4237.67041016
468,5708.03613281
469,4225.57910156
470,4076.98999023
471,4574.7890625
472,6018.94140625
473,4619.07910156
474,5914.41015625
475,4478.81689453
476,4998.79394531
477,5309.5859375
478,4239.83740234
479,3948.86157227
480,4461.01513672
481,5557.15917969
482,4383.04492188
483,4302.76757812
484,4673.59472656
485,4751.18652344
486,5294.09033203
487,6342.88378906
488,4579.94921875
489,4900.60888672
490,6245.69042969
491,4082.59570312
492,5199.00195312
493,5566.03076172
494,5184.90625
495,4168.67871094
496,4596.01953125
497,4338.5859375
498,4755.78955078
499,5615.06542969
500,4040.74707031
501,4578.05810547
502,4929.21630859
503,4341.703125
504,4572.59570312
505,4186.12744141
506,3692.40942383
507,4676.26855469
508,4432.61816406
509,4275.59667969
510,4969.40283203
511,4034.04785156
512,4406.96289062
513,4138.84423828
514,4142.1875
515,4539.48046875
516,4174.30566406
517,5313.81347656
518,5359.45751953
519,4611.87792969
520,4357.39648438
521,4632.26513672
522,4321.36523438
523,3981.94580078
524,4530.64501953
525,5505.50976562
526,4715.88476562
527,4021.36791992
528,4962.80810547
529,4768.56347656
530,4413.91015625
531,5092.83349609
532,4448.50683594
533,4336.68212891
534,4225.72949219
535,4288.90234375
536,4657.79785156
537,4379.18896484
538,6084.05761719
539,4059.48291016
540,4065.94189453
541,4361.89453125
542,4359.6484375
543,5412.34082031
544,5851.72900391
545,5952.015625
546,4636.16503906
547,5590.10839844
548,5202.29003906
549,5361.50097656
550,4866.30761719
551,5756.71044922
552,5966.40332031
553,3908.1262207
554,5135.96533203
555,4286.63085938
556,5852.63574219
557,4419.29980469
558,4669.71728516
559,4767.7265625
560,4046.12255859
561,4036.21533203
562,4042.72290039
563,4169.13769531
564,5241.93017578
565,6517.26757812
566,5519.97363281
567,4511.58789062
568,4855.09082031
569,4176.34667969
570,4881.51464844
571,4146.78417969
572,4436.28027344
573,4415.13183594
574,3857.75
575,4257.46875
576,4469.20068359
577,4173.68017578
578,4131.61376953
579,3966.39038086
580,4045.59106445
581,4563.62988281
582,5199.93994141
583,4396.15039062
584,4208.83203125
585,4647.02246094
586,4444.08154297
587,4076.35253906
588,4501.33496094
589,3831.06005859
590,4221.10302734
591,4087.5390625
592,4648.91015625
593,4048.53222656
594,4479.15039062
595,4123.32763672
596,3608.20996094
597,4315.42041016
598,4433.40478516
599,5348.93359375
600,5086.44287109
601,4515.60400391
602,4670.39550781
603,4210.6484375
604,3586.59692383
605,4788.40136719
606,4151.84960938
607,4008.93286133
608,3788.05639648
609,4031.21582031
610,4565.40917969
611,4078.81762695
612,4451.98632812
613,3788.11132812
614,4533.97949219
615,4889.17675781
616,4049.31860352
617,3710.02612305
618,3933.60839844
619,3913.61376953
620,4200.61523438
621,4784.7578125
622,3988.20996094
623,4274.20263672
624,4994.88525391
625,3887.03198242
626,4212.66455078
627,4045.22119141
628,4454.46386719
629,3883.47558594
630,4116.18066406
631,4120.74462891
632,3828.72753906
633,4281.2421875
634,4026.87158203
635,4127.61865234
636,3952.87866211
637,5667.27783203
638,4353.89941406
639,3753.36767578
640,5083.375
641,4113.25830078
642,4109.39550781
643,4431.70019531
644,4037.80029297
645,5861.81054688
646,4168.42724609
647,3940.05126953
648,4145.54638672
649,3878.8190918
650,3869.86279297
651,3958.67382812
652,3898.12084961
653,3994.96679688
654,4230.00146484
655,4702.02294922
656,3328.58081055
657,4454.86279297
658,4614.93652344
659,4878.03808594
660,4008.30517578
661,3957.5378418
662,3896.26171875
663,4034.15722656
664,4183.37792969
665,4888.54980469
666,3909.88476562
667,3594.2512207
668,3781.23486328
669,4141.02197266
670,4222.6640625
671,3979.07519531
672,4346.78173828
673,4110.15234375
674,4977.67871094
675,4977.25878906
676,4302.09472656
677,4077.3972168
678,4149.30859375
679,3853.52807617
680,4194.36474609
681,5663.91357422
682,3938.85302734
683,4302.10449219
684,3651.90722656
685,4002.29760742
686,4001.92358398
687,3832.42700195
688,4446.83740234
689,5222.359375
690,3906.84692383
691,3764.93261719
692,4161.11523438
693,3833.76831055
694,3737.4050293
695,3422.4753418
696,6341.13574219
697,3971.3046875
698,3867.95556641
699,4567.75292969
700,3849.85302734
701,3951.55737305
702,3611.37133789
703,4265.00927734
704,3838.63671875
705,3819.19018555
706,4635.70019531
707,4726.30175781
708,3810.15356445
709,3725.72924805
710,4058.68774414
711,4916.08984375
712,4119.72509766
713,4246.62451172
714,3728.69750977
715,3675.18432617
716,3635.17163086
717,3850.84106445
718,3870.28393555
719,4547.68359375
720,3638.60083008
721,3805.75317383
722,4402.64599609
723,4992.45654297
724,3876.61401367
725,4478.33837891
726,3594.4987793
727,4137.11181641
728,4011.79663086
729,3674.45288086
730,3703.92749023
731,3747.97192383
732,4058.48266602
733,4429.29785156
734,4275.80908203
735,4080.27856445
736,3817.43115234
737,4095.39111328
738,4060.53051758
739,4345.67138672
740,4584.08544922
741,4285.39501953
742,3957.55566406
743,4593.22705078
744,3894.54174805
745,4536.36474609
746,3768.12084961
747,3960.33105469
748,3751.16723633
749,4021.64453125
750,3523.03125
751,3971.296875
752,4754.30224609
753,3803.87353516
754,4019.4934082
755,3979.05395508
756,3652.32226562
757,3703.19824219
758,3709.66235352
759,3614.03759766
760,3614.50585938
761,3291.79736328
762,4028.48828125
763,3797.34765625
764,3866.58154297
765,3579.53857422
766,3424.65625
767,4030.82128906
768,5522.45605469
769,3662.44311523
770,3726.95678711
771,4055.49951172
772,3723.86376953
773,3708.69970703
774,4102.66894531
775,3780.45214844
776,3796.05859375
777,3611.00292969
778,3778.65698242
779,3638.16381836
780,3653.75732422
781,3549.52490234
782,3959.93237305
783,3813.80249023
784,4819.38574219
785,3516.81445312
786,4194.52636719
787,3828.45703125
788,4004.04516602
789,3869.93359375
790,4158.35351562
791,3657.86694336
792,3657.51416016
793,3752.94897461
794,3642.35229492
795,3899.5222168
796,4392.93701172
797,4298.97460938
798,3712.74633789
799,4169.87255859
800,4463.49121094
801,3768.52929688
802,3364.88598633
803,3890.76196289
804,4034.28295898
805,3943.6809082
806,4205.87060547
807,3573.14160156
808,3713.96386719
809,4156.63232422
810,4091.34448242
811,4365.1328125
812,4057.95532227
813,3778.23535156
814,3697.11083984
815,3501.62719727
816,3783.86987305
817,3843.12402344
818,3661.53686523
819,3898.70874023
820,3352.95410156
821,3534.16845703
822,3933.18481445
823,3950.58911133
824,3637.78027344
825,3386.13012695
826,4205.21435547
827,3778.7175293
828,3414.17651367
829,3704.32055664
830,4708.81933594
831,3897.12988281
832,3598.7565918
833,3724.73754883
834,3436.20874023
835,3657.06103516
836,3870.21606445
837,3467.52954102
838,3389.58227539
839,3092.05004883
840,3442.97680664
841,4833.56835938
842,3366.47387695
843,3949.61621094
844,4140.83203125
845,3656.26049805
846,4109.94726562
847,3848.76733398
848,3580.69775391
849,3640.67651367
850,3748.14331055
851,3849.95336914
852,4051.42504883
853,3566.95385742
854,4079.41723633
855,4086.00512695
856,3445.4140625
857,3336.41186523
858,3584.75708008
859,3947.41137695
860,3914.1940918
861,3986.79663086
862,3652.55688477
863,4718.33056641
864,3519.55102539
865,3520.41870117
866,3781.55615234
867,3302.35961914
868,5509.86669922
869,3754.13208008
870,3940.11352539
871,4255.86914062
872,3442.27026367
873,3570.48754883
874,3902.26269531
875,4434.00292969
876,3581.53344727
877,4985.80371094
878,3896.92749023
879,4005.8425293
880,4022.52246094
881,4191.57275391
882,3735.83618164
883,3516.30517578
884,3993.03027344
885,3460.79272461
886,3691.97070312
887,3518.98754883
888,3803.97045898
889,3748.39819336
890,4346.61181641
891,3450.76367188
892,3806.63427734
893,4343.11914062
894,3467.12036133
895,3378.80297852
896,3567.38476562
897,4423.57226562
898,3521.30517578
899,3819.21337891
900,3563.49951172
901,3700.90380859
902,3938.40185547
903,3931.26977539
904,3553.20532227
905,3754.94555664
906,3735.22338867
907,3515.26123047
908,3443.50292969
909,3618.96899414
910,3975.13549805
911,3439.27783203
912,3403.21655273
913,3618.29663086
914,3593.48339844
915,3737.17553711
916,3698.11694336
917,3704.19628906
918,3406.21191406
919,3364.39941406
920,3332.49975586
921,3423.51391602
922,3418.88793945
923,3439.67602539
924,3255.21118164
925,3555.79199219
926,3348.04638672
927,3610.0402832
928,3455.12670898
929,4530.31152344
930,3483.6730957
931,3186.99731445
932,3534.79785156
933,3906.36328125
934,3541.64916992
935,3513.38061523
936,3707.83398438
937,3161.25683594
938,4414.13037109
939,4201.46826172
940,3581.07910156
941,3662.45556641
942,3434.9934082
943,3282.15527344
944,3541.32763672
945,3609.0012207
946,3472.82739258
947,3389.12695312
948,3678.85400391
949,3476.20019531
950,3756.18139648
951,3323.76049805
952,3331.5480957
953,3771.97851562
954,3606.02026367
955,3332.03027344
956,3495.96899414
957,3442.57788086
958,3443.32495117
959,3499.16699219
960,3450.4453125
961,3436.98413086
962,3517.43017578
963,3315.21044922
964,3295.03564453
965,3514.93139648
966,4039.84594727
967,4321.14697266
968,3538.21484375
969,3688.01513672
970,3591.92236328
971,3379.47436523
972,3597.12719727
973,3396.54589844
974,3339.88720703
975,3387.61547852
976,3269.96240234
977,3825.39746094
978,3320.15039062
979,3546.71655273
980,3867.05224609
981,3626.63452148
982,3399.36230469
983,3099.37817383
984,3443.67675781
985,3514.18310547
986,3376.93457031
987,3603.13183594
988,3575.77246094
989,3381.54443359
990,3888.99560547
991,3350.97802734
992,3479.04199219
993,3474.93188477
994,3528.50952148
995,3641.98461914
996,3545.85888672
997,3278.03466797
998,5062.42529297
999,3779.93261719
1000,3685.94189453
1001,3740.94433594
1002,4098.07861328
1003,3344.60595703
1004,3177.01464844
1005,3338.84228516
1006,3427.47705078
1007,3431.70239258
1008,2937.77929688
1009,3554.88818359
1010,3421.24023438
1011,3303.18896484
1012,3464.13964844
1013,3313.55883789
1014,3543.57763672
1015,3480.60424805
1016,3411.62939453
1017,3505.99658203
1018,3558.51831055
1019,3354.52636719
1020,3430.66064453
1021,3307.68603516
1022,3367.46875
1023,3305.30371094
1024,3034.60473633
1025,3785.72705078
1026,3406.85864258
1027,3294.39892578
1028,3027.55126953
1029,3211.67529297
1030,3188.20751953
1031,3447.72753906
1032,3290.05029297
1033,3520.52197266
1034,3760.31616211
1035,3089.75317383
1036,3131.00415039
1037,3775.47558594
1038,3139.12963867
1039,3273.74658203
1040,4038.02880859
1041,2949.56933594
1042,3787.21411133
1043,3000.68945312
1044,3458.92773438
1045,3286.3203125
1046,3271.82470703
1047,3638.60351562
1048,3337.71679688
1049,3184.24658203
1050,3241.38330078
1051,3111.35449219
1052,3247.45849609
1053,3312.87451172
1054,3074.81176758
1055,3123.19799805
1056,3264.99438477
1057,3640.19360352
1058,3301.52880859
1059,3332.82739258
1060,3354.72802734
1061,3890.54589844
1062,3258.98486328
1063,3407.68481445
1064,3275.51049805
1065,3432.87182617
1066,3183.21972656
1067,3352.21459961
1068,3411.71679688
1069,3132.13037109
1070,3223.78564453
1071,3505.72021484
1072,3253.95751953
1073,3336.69433594
1074,3464.08105469
1075,3475.17236328
1076,3282.44165039
1077,3835.36328125
1078,3198.54638672
1079,3273.34838867
1080,3192.27270508
1081,3408.23413086
1082,3186.15161133
1083,3069.77734375
1084,3328.97998047
1085,3588.30615234
1086,3415.00439453
1087,2930.73681641
1088,3368.78100586
1089,3655.53637695
1090,3850.24780273
1091,3566.01123047
1092,3272.68139648
1093,3263.81201172
1094,3255.06103516
1095,4486.89306641
1096,3320.75
1097,3823.16064453
1098,3384.6574707
1099,3820.83642578
1100,3677.79492188
1101,3401.55444336
1102,2801.93310547
1103,3049.7277832
1104,3321.59814453
1105,3150.72900391
1106,3168.27246094
1107,3378.37988281
1108,3664.72021484
1109,3055.01904297
1110,3283.16894531
1111,3377.31030273
1112,3164.48461914
1113,3120.37646484
1114,3299.21362305
1115,3328.83105469
1116,3232.03051758
1117,3133.68994141
1118,3286.34960938
1119,3272.31005859
1120,3265.75708008
1121,3269.64208984
1122,3881.78662109
1123,3268.45336914
1124,3269.8293457
1125,3772.79785156
1126,3452.96582031
1127,3089.04956055
1128,3175.57250977
1129,3163.53564453
1130,3208.71142578
1131,3217.54736328
1132,3352.16162109
1133,3247.2956543
1134,3478.43188477
1135,3304.87280273
1136,3055.25878906
1137,3442.01855469
1138,3181.69726562
1139,3477.79833984
1140,3269.96362305
1141,3521.80517578
1142,2983.09033203
1143,3531.90673828
1144,3257.02294922
1145,3367.59716797
1146,3302.57080078
1147,3276.96459961
1148,3585.41992188
1149,3135.62231445
1150,3518.06860352
1151,3300.50610352
1152,3366.45629883
1153,3458.17578125
1154,3490.62670898
1155,3181.56298828
1156,3590.63916016
1157,3366.22900391
1158,3310.67578125
