img_west/image_west_0001.png 218.170971 -2.305885 1.329458 0.713748 0.699840 0.025839 -0.011023

img_west/image_west_0002.png 218.191897 -2.330404 1.308732 0.715397 0.698011 0.029094 -0.011890

img_west/image_west_0003.png 218.159455 -2.337823 1.291580 0.715811 0.697544 0.030366 -0.011138

img_west/image_west_0004.png 218.176129 -2.524098 1.413074 0.730341 0.682230 0.032645 -0.009916

img_west/image_west_0005.png 217.391576 -2.654891 1.362785 0.736162 0.673631 0.034258 -0.055796

img_west/image_west_0006.png 216.652718 -3.309862 1.387491 0.731059 0.676397 0.062485 -0.064313

img_west/image_west_0007.png 215.751315 -3.509876 1.390146 0.720970 0.686030 0.050541 -0.083733

img_west/image_west_0008.png 215.281067 -3.832774 1.141793 0.692704 0.686582 0.111567 -0.190576

img_west/image_west_0009.png 214.691673 -4.385500 1.199211 0.680706 0.689010 0.118440 -0.218805

img_west/image_west_0010.png 213.922436 -4.922617 1.142970 0.660260 0.698382 0.137006 -0.239895

img_west/image_west_0011.png 213.366157 -5.479817 1.238884 0.662430 0.680041 0.179826 -0.257670

img_west/image_west_0012.png 212.720773 -5.888046 1.243697 0.651904 0.701296 0.167895 -0.234558

img_west/image_west_0013.png 212.002443 -6.255977 1.258690 0.676533 0.680456 0.198655 -0.199551

img_west/image_west_0014.png 211.397368 -6.553758 1.287881 0.666249 0.701183 0.164696 -0.193211

img_west/image_west_0015.png 210.663213 -6.977176 1.323145 0.715000 0.645463 0.186830 -0.193000

img_west/image_west_0016.png 209.938086 -7.292035 1.275712 0.722452 0.649020 0.137462 -0.194784

img_west/image_west_0017.png 209.298814 -7.488373 1.281236 0.703773 0.662743 0.140808 -0.213653

img_west/image_west_0018.png 208.521033 -7.753732 1.296787 0.714662 0.660372 0.140403 -0.182906

img_west/image_west_0019.png 207.749598 -7.959644 1.342440 0.720203 0.655545 0.131053 -0.185453

img_west/image_west_0020.png 207.067186 -8.170888 1.332827 0.714251 0.667423 0.121714 -0.171980

img_west/image_west_0021.png 206.287189 -8.225392 1.336285 0.731382 0.655269 0.091304 -0.165431

img_west/image_west_0022.png 205.418389 -8.316094 1.386323 0.739673 0.649001 0.086663 -0.155471

img_west/image_west_0023.png 204.763887 -8.532179 1.314464 0.767026 0.619601 0.066616 -0.152739

img_west/image_west_0024.png 203.969452 -8.663930 1.370527 0.746449 0.633042 0.094620 -0.181989

img_west/image_west_0025.png 203.100158 -8.804334 1.374125 0.732037 0.652223 0.108551 -0.164147

img_west/image_west_0026.png 202.499355 -9.201678 1.377863 0.716594 0.647489 0.158798 -0.205028

img_west/image_west_0027.png 201.940868 -9.531220 1.342684 0.694649 0.670791 0.149196 -0.212706

img_west/image_west_0028.png 201.174672 -9.826401 1.408392 0.705142 0.659734 0.151897 -0.210841

img_west/image_west_0029.png 200.458306 -10.197575 1.413289 0.704919 0.673161 0.123382 -0.186333

img_west/image_west_0030.png 199.741324 -10.457886 1.465136 0.704148 0.683323 0.103400 -0.162955

img_west/image_west_0031.png 198.992493 -10.625983 1.456742 0.704057 0.687672 0.123116 -0.127491

img_west/image_west_0032.png 198.262061 -10.671617 1.443006 0.702796 0.681706 0.144811 -0.142776

img_west/image_west_0033.png 197.358298 -10.803372 1.488793 0.715957 0.684395 0.098544 -0.096430

img_west/image_west_0034.png 196.791666 -10.816980 1.545012 0.700682 0.686078 0.124090 -0.151474

img_west/image_west_0035.png 195.834940 -11.067058 1.462319 0.716224 0.676517 0.116337 -0.125752

img_west/image_west_0036.png 195.176084 -11.111070 1.414867 0.718291 0.673381 0.116345 -0.130692

img_west/image_west_0037.png 194.210491 -11.364526 1.421901 0.741805 0.650907 0.119686 -0.108263

img_west/image_west_0038.png 193.536954 -11.414834 1.480824 0.738388 0.655745 0.099997 -0.121580

img_west/image_west_0039.png 192.640704 -11.676240 1.418373 0.732639 0.657333 0.100364 -0.145193

img_west/image_west_0040.png 191.949807 -11.813419 1.450931 0.731021 0.658321 0.114628 -0.138140

img_west/image_west_0041.png 191.201791 -12.267423 1.410512 0.735997 0.647903 0.113983 -0.159805

img_west/image_west_0042.png 190.463435 -12.575030 1.448069 0.724397 0.657239 0.131487 -0.161238

img_west/image_west_0043.png 189.789125 -13.047936 1.450457 0.718933 0.654860 0.151874 -0.176716

img_west/image_west_0044.png 189.106361 -13.334929 1.438446 0.716207 0.662676 0.121288 -0.182200

img_west/image_west_0045.png 188.307432 -13.776112 1.449254 0.727766 0.652893 0.114435 -0.176044

img_west/image_west_0046.png 187.504608 -14.031317 1.498544 0.715497 0.678105 0.081505 -0.146952

img_west/image_west_0047.png 186.873376 -14.240985 1.450253 0.729788 0.659887 0.104779 -0.144847

img_west/image_west_0048.png 186.167053 -14.587626 1.454602 0.728369 0.657472 0.127232 -0.144985

img_west/image_west_0049.png 185.464413 -14.907392 1.476221 0.735974 0.646790 0.126717 -0.154747

img_west/image_west_0050.png 184.823783 -15.232339 1.493593 0.722459 0.670942 0.118120 -0.118060

img_west/image_west_0051.png 184.232701 -15.475220 1.482526 0.726790 0.654504 0.153310 -0.141060

img_west/image_west_0052.png 183.381892 -15.895508 1.482128 0.727536 0.663880 0.128794 -0.115613

img_west/image_west_0053.png 182.915758 -16.044133 1.488372 0.728068 0.658291 0.116354 -0.151761

img_west/image_west_0054.png 182.272776 -16.408029 1.524561 0.719765 0.667173 0.124214 -0.146254

img_west/image_west_0055.png 181.853947 -16.436238 1.534427 0.693827 0.669174 0.156443 -0.215259

img_west/image_west_0056.png 181.101746 -16.847473 1.531167 0.708015 0.668562 0.148138 -0.172613

img_west/image_west_0057.png 180.594370 -16.985023 1.513414 0.690713 0.670857 0.172806 -0.207375

img_west/image_west_0058.png 180.132166 -17.270158 1.445195 0.719902 0.655024 0.141116 -0.181027

img_west/image_west_0059.png 179.360875 -17.578201 1.469872 0.717472 0.659375 0.154193 -0.163348

img_west/image_west_0060.png 178.838461 -17.988619 1.449519 0.736066 0.633776 0.172232 -0.163926

img_west/image_west_0061.png 178.141627 -18.229059 1.458507 0.719551 0.659282 0.147776 -0.160483

img_west/image_west_0062.png 177.615744 -18.633384 1.426352 0.720687 0.647728 0.151670 -0.195077

img_west/image_west_0063.png 177.021202 -18.879850 1.424943 0.711653 0.656258 0.166558 -0.187444

img_west/image_west_0064.png 176.345218 -19.362931 1.392657 0.720473 0.641231 0.176217 -0.196697

img_west/image_west_0065.png 175.695180 -19.645338 1.379586 0.722967 0.651655 0.159503 -0.164995

img_west/image_west_0066.png 174.922045 -20.010058 1.365029 0.726690 0.654082 0.142431 -0.154311

img_west/image_west_0067.png 174.239914 -20.272449 1.406637 0.721541 0.675595 0.113764 -0.100041

img_west/image_west_0068.png 173.259529 -20.477871 1.374379 0.735361 0.667114 0.061833 -0.101884

img_west/image_west_0069.png 171.916365 -20.806028 1.225295 0.738159 0.660007 0.066842 -0.122655

img_west/image_west_0070.png 172.069698 -20.975932 1.304562 0.722081 0.650135 0.150498 -0.182411

img_west/image_west_0071.png 170.941316 -21.429981 1.098470 0.735142 0.649173 0.117822 -0.155750

img_west/image_west_0072.png 170.643377 -21.729659 1.256519 0.731612 0.638658 0.159271 -0.177461

img_west/image_west_0073.png 170.069281 -22.170468 1.255734 0.724398 0.651267 0.154413 -0.165090

img_west/image_west_0074.png 162.772430 -20.069148 1.477652 0.737340 0.668961 0.046944 -0.081348

img_west/image_west_0075.png 162.088389 -20.320797 1.525811 0.734843 0.672407 0.042051 -0.078136

img_west/image_west_0076.png 161.472604 -20.325316 1.466058 0.735487 0.672123 0.032081 -0.079248

img_west/image_west_0077.png 160.597540 -20.491592 1.515699 0.732389 0.677357 0.034226 -0.060187

img_west/image_west_0078.png 160.083544 -20.489680 1.435107 0.744892 0.662326 0.046202 -0.065769

img_west/image_west_0079.png 159.387343 -20.701711 1.499633 0.733197 0.675361 0.034371 -0.071613

img_west/image_west_0080.png 158.870202 -20.693942 1.449601 0.732686 0.674213 0.026749 -0.088834

img_west/image_west_0081.png 158.195653 -20.877402 1.445985 0.744002 0.663443 0.034955 -0.071289

img_west/image_west_0082.png 157.558364 -20.920173 1.445299 0.738127 0.670925 0.013213 -0.069664

img_west/image_west_0083.png 156.875153 -21.024719 1.423347 0.751556 0.656952 0.018028 -0.057028

img_west/image_west_0084.png 156.208404 -21.142558 1.402590 0.753003 0.656226 0.001477 -0.048490

img_west/image_west_0085.png 155.638263 -21.265304 1.387557 0.755180 0.651562 0.012770 -0.070761

img_west/image_west_0086.png 155.051654 -21.349946 1.311550 0.752483 0.656035 0.008646 -0.057552

img_west/image_west_0087.png 154.311264 -21.486793 1.424160 0.743633 0.664236 0.031389 -0.069393

img_west/image_west_0088.png 153.641986 -21.473041 1.433209 0.749850 0.661381 -0.011441 -0.013027

img_west/image_west_0089.png 153.011025 -21.382453 1.390037 0.753436 0.656361 -0.029697 0.025366

img_west/image_west_0090.png 152.367923 -21.299269 1.253670 0.743150 0.666219 -0.040143 0.047632

img_west/image_west_0091.png 151.689082 -21.262657 1.390533 0.758804 0.651106 0.008516 0.014340

img_west/image_west_0092.png 151.123035 -21.329153 1.343682 0.750665 0.660669 0.001470 0.003973

img_west/image_west_0093.png 150.541881 -21.337048 1.418670 0.729810 0.682922 0.019908 -0.024467

img_west/image_west_0094.png 149.912800 -21.477621 1.321256 0.743735 0.666991 0.018675 -0.040413

img_west/image_west_0095.png 149.327093 -21.596745 1.372936 0.750028 0.655843 0.019032 -0.083465

img_west/image_west_0096.png 148.553026 -21.824151 1.436707 0.747509 0.660302 0.039740 -0.060437

img_west/image_west_0097.png 147.973657 -21.936658 1.375336 0.737282 0.673174 0.030625 -0.048110

img_west/image_west_0098.png 147.275969 -22.154758 1.362281 0.739243 0.670259 0.032349 -0.056800

img_west/image_west_0099.png 146.753887 -22.141768 1.280323 0.733039 0.675838 0.039831 -0.065652

img_west/image_west_0100.png 146.027275 -22.285866 1.350484 0.734333 0.675992 0.030662 -0.053396

img_west/image_west_0101.png 145.332594 -22.233083 1.341923 0.727318 0.685908 -0.016845 -0.015952

img_west/image_west_0102.png 144.730655 -22.209209 1.308511 0.744352 0.664331 -0.059354 0.032898

img_west/image_west_0103.png 143.936499 -21.962700 1.143571 0.744112 0.661784 -0.089029 0.020333

img_west/image_west_0104.png 143.250272 -21.918727 1.326004 0.755592 0.653127 -0.046227 0.019208

img_west/image_west_0105.png 142.608696 -21.777021 1.259172 0.742901 0.667406 -0.035514 0.037497

img_west/image_west_0106.png 141.931697 -21.625631 1.231145 0.754419 0.655729 -0.019319 0.022315

img_west/image_west_0107.png 141.197278 -21.438439 1.239555 0.756486 0.652133 -0.034163 0.035852

img_west/image_west_0108.png 140.566282 -21.396897 1.256974 0.758432 0.651616 0.012717 0.003893

img_west/image_west_0109.png 139.755733 -21.382383 1.261151 0.755187 0.655014 0.020289 0.015407

img_west/image_west_0110.png 138.876756 -21.332521 1.274620 0.748122 0.661325 0.040067 0.036832

img_west/image_west_0111.png 138.246976 -21.523974 1.311627 0.717621 0.692801 0.040489 0.058371

img_west/image_west_0112.png 136.994414 -18.854944 1.609618 0.732924 0.674163 -0.050838 0.075772

img_west/image_west_0113.png 136.325164 -18.781123 1.654142 0.729284 0.677485 -0.038447 0.087636

img_west/image_west_0114.png 135.713468 -18.708268 1.677868 0.730590 0.682478 0.015817 -0.014597

img_west/image_west_0115.png 134.917895 -18.854981 1.652421 0.752961 0.657624 0.022066 0.009696

img_west/image_west_0116.png 134.210451 -18.988669 1.634758 0.736583 0.675831 0.025274 0.007698

img_west/image_west_0117.png 133.451267 -19.316620 1.598076 0.754438 0.656108 0.016993 -0.007523

img_west/image_west_0118.png 132.855898 -19.437462 1.532079 0.745984 0.665567 -0.009480 0.020945

img_west/image_west_0119.png 132.130802 -19.593020 1.564135 0.753671 0.654255 -0.043269 0.045378

img_west/image_west_0120.png 131.398747 -19.402094 1.499460 0.749726 0.657025 -0.073041 0.029913

img_west/image_west_0121.png 130.703486 -19.242523 1.492330 0.768356 0.631868 -0.087715 0.051740

img_west/image_west_0122.png 130.014084 -18.970950 1.508115 0.746754 0.655489 -0.089616 0.068273

img_west/image_west_0123.png 129.397593 -18.753793 1.531112 0.764197 0.642864 -0.047846 0.020947

img_west/image_west_0124.png 128.740410 -18.750080 1.514863 0.747234 0.664274 0.015367 -0.012011

img_west/image_west_0125.png 127.916886 -18.727961 1.423802 0.772555 0.634404 -0.023571 -0.011599

img_west/image_west_0126.png 127.306407 -18.774827 1.402995 0.766891 0.639726 -0.041201 0.030518

img_west/image_west_0127.png 126.718967 -18.667121 1.368687 0.774341 0.629225 -0.055442 0.037387

img_west/image_west_0128.png 126.018124 -18.577337 1.335051 0.778449 0.623770 -0.047881 0.051331

img_west/image_west_0129.png 125.660158 -18.447001 1.394794 0.772267 0.632215 -0.062291 -0.005258

img_west/image_west_0130.png 124.813499 -18.481500 1.307404 0.775268 0.628738 -0.052235 0.030317

img_west/image_west_0131.png 124.337543 -18.483190 1.201109 0.750314 0.658330 0.013516 -0.058718

img_west/image_west_0132.png 124.470757 -18.305289 1.193865 0.687709 0.720926 0.077924 -0.035349

img_west/image_west_0133.png 124.465739 -18.296200 1.195130 0.709207 0.697876 0.076713 -0.064099

img_west/image_west_0134.png 123.391402 -18.510084 1.246038 0.732712 0.677464 0.044460 -0.046905

img_west/image_west_0135.png 122.314174 -18.546032 1.244393 0.718794 0.690244 0.057688 -0.059747

img_west/image_west_0136.png 121.429612 -18.431697 1.137107 0.710535 0.696661 0.059520 -0.079123

img_west/image_west_0137.png 120.506243 -18.290917 1.144130 0.704510 0.705668 0.048408 -0.057916

img_west/image_west_0138.png 119.812762 -18.005082 1.211356 0.711444 0.696868 0.046836 -0.077637

img_west/image_west_0139.png 118.581134 -17.973355 1.327937 0.697294 0.713360 0.031220 -0.062645

img_west/image_west_0140.png 117.971672 -17.758107 1.358537 0.684795 0.723874 0.021342 -0.081285

img_west/image_west_0141.png 117.239736 -17.532186 1.373859 0.681602 0.728843 0.002774 -0.064793

img_west/image_west_0142.png 116.562030 -17.154451 1.392839 0.682693 0.726899 0.010665 -0.073717

img_west/image_west_0143.png 115.836903 -17.057464 1.401298 0.681228 0.727298 0.035202 -0.075674

img_west/image_west_0144.png 115.150243 -16.831609 1.452581 0.676543 0.729735 0.055264 -0.081990

img_west/image_west_0145.png 114.197285 -16.730169 1.394691 0.685107 0.722561 0.045702 -0.080289

img_west/image_west_0146.png 113.516465 -16.701036 1.425871 0.707373 0.701943 0.067305 -0.048677

img_west/image_west_0147.png 112.693564 -16.922774 1.410251 0.729717 0.681151 0.050120 -0.032154

img_west/image_west_0148.png 112.104462 -16.896908 1.354070 0.748118 0.662689 0.016918 -0.029629

img_west/image_west_0149.png 111.143078 -16.959405 1.328051 0.750653 0.658660 0.024405 -0.045742

img_west/image_west_0150.png 110.596390 -16.774241 1.319879 0.745213 0.666250 -0.019515 0.019687

img_west/image_west_0151.png 109.843135 -16.525320 1.318015 0.750407 0.654907 -0.047768 0.075529

img_west/image_west_0152.png 109.336415 -16.280295 1.353801 0.755957 0.648294 -0.037810 0.082546

img_west/image_west_0153.png 108.846039 -16.424192 1.352113 0.757571 0.647068 -0.051406 0.068901

img_west/image_west_0154.png 108.329487 -16.350312 1.323608 0.749631 0.654024 -0.064827 0.078124

img_west/image_west_0155.png 107.770533 -16.206229 1.318940 0.758508 0.637137 -0.096930 0.096575

img_west/image_west_0156.png 107.196116 -15.865267 1.306056 0.754226 0.631564 -0.123032 0.130890

img_west/image_west_0157.png 106.478116 -15.548546 1.308208 0.779050 0.611673 -0.101180 0.093276

img_west/image_west_0158.png 105.790203 -15.251448 1.336115 0.786615 0.604933 -0.101313 0.070911

img_west/image_west_0159.png 104.368206 -15.502276 1.166275 0.792591 0.603522 -0.067549 0.054755

img_west/image_west_0160.png 103.435184 -15.433211 1.201676 0.775275 0.625640 -0.076905 0.040104

img_west/image_west_0161.png 102.661163 -15.428065 1.184021 0.772743 0.630943 -0.068361 0.010348

img_west/image_west_0162.png 101.850506 -15.479122 1.249298 0.764721 0.633715 -0.110051 0.038675

img_west/image_west_0163.png 100.977760 -15.476331 1.296587 0.783701 0.615237 -0.085266 -0.005029

img_west/image_west_0164.png 100.216634 -15.477837 1.335543 0.763312 0.639019 -0.094214 0.011553

img_west/image_west_0165.png 99.446571 -15.395609 1.327466 0.775648 0.626923 -0.072404 -0.009731

img_west/image_west_0166.png 98.621665 -15.347882 1.335869 0.773858 0.626882 -0.080277 0.041449

img_west/image_west_0167.png 97.794401 -15.148084 1.300394 0.760529 0.644613 -0.074080 0.024121

img_west/image_west_0168.png 97.143660 -14.990776 1.318868 0.762978 0.634062 -0.105225 0.068977

img_west/image_west_0169.png 96.373970 -14.725556 1.397755 0.769466 0.631919 -0.079869 0.047138

img_west/image_west_0170.png 95.709007 -14.622590 1.320727 0.766482 0.636600 -0.070239 0.048074

img_west/image_west_0171.png 94.904232 -14.422187 1.399301 0.770164 0.633366 -0.060466 0.045161

img_west/image_west_0172.png 94.258800 -14.422304 1.429486 0.762461 0.643197 -0.055454 0.043306

img_west/image_west_0173.png 93.612703 -14.225421 1.353223 0.766786 0.639082 -0.050683 0.032318

img_west/image_west_0174.png 92.932486 -14.154161 1.488994 0.753874 0.650943 -0.058414 0.067341

img_west/image_west_0175.png 92.188063 -13.893469 1.271902 0.772146 0.622595 -0.083038 0.096288

img_west/image_west_0176.png 91.492255 -13.790118 1.503467 0.747947 0.652950 -0.078596 0.089750

img_west/image_west_0177.png 90.858799 -13.567048 1.378445 0.763392 0.636197 -0.096093 0.057022

img_west/image_west_0178.png 90.141234 -13.508838 1.520479 0.769343 0.624182 -0.099612 0.092661

img_west/image_west_0179.png 89.485782 -13.174739 1.390177 0.754792 0.644126 -0.079575 0.095177

img_west/image_west_0180.png 88.722907 -13.125971 1.477321 0.775748 0.623377 -0.076410 0.061462

img_west/image_west_0181.png 88.118940 -12.887351 1.474503 0.768172 0.631454 -0.097494 0.040900

img_west/image_west_0182.png 87.370808 -12.817345 1.405797 0.782054 0.619524 -0.063061 0.024600

img_west/image_west_0183.png 86.813860 -12.645004 1.480084 0.769133 0.635955 -0.058678 0.023505

img_west/image_west_0184.png 86.020002 -12.537237 1.451941 0.776665 0.627408 -0.051698 0.021842

img_west/image_west_0185.png 85.204471 -12.224030 1.434913 0.754179 0.647935 -0.099966 0.037433

img_west/image_west_0186.png 84.587848 -11.968421 1.454586 0.772425 0.625912 -0.091661 0.056496

img_west/image_west_0187.png 83.858912 -11.684619 1.482278 0.752894 0.654092 -0.060171 0.041166

img_west/image_west_0188.png 83.203866 -11.521392 1.391233 0.757660 0.650962 -0.010030 -0.045822

img_west/image_west_0189.png 82.507110 -11.494760 1.564404 0.731399 0.681651 -0.010115 -0.017441

img_west/image_west_0190.png 81.851310 -11.351005 1.308799 0.727146 0.680601 0.051268 -0.073568

img_west/image_west_0191.png 81.138146 -11.388214 1.568382 0.705187 0.708840 -0.000611 -0.015980

img_west/image_west_0192.png 80.420129 -11.281440 1.382776 0.753498 0.657269 -0.012104 -0.009576

img_west/image_west_0193.png 79.535083 -11.183405 1.402681 0.753463 0.653798 -0.066316 0.021026

img_west/image_west_0194.png 79.075366 -11.108005 1.385716 0.760725 0.647403 -0.046029 -0.006950

img_west/image_west_0195.png 78.241291 -11.075708 1.395148 0.767103 0.637021 -0.073670 0.018166

img_west/image_west_0196.png 77.829544 -10.947926 1.382106 0.769878 0.632311 -0.086414 0.001674

img_west/image_west_0197.png 77.213355 -10.828495 1.315430 0.777075 0.620976 -0.102671 0.001240

img_west/image_west_0199.png 76.046925 -10.433844 1.453640 0.733100 0.677070 -0.061613 -0.018569

img_west/image_west_0200.png 75.280216 -10.254870 1.478161 0.720293 0.687174 0.028490 -0.090317

img_west/image_west_0201.png 74.657032 -10.097279 1.417307 0.721257 0.687304 0.060181 -0.061478

img_west/image_west_0202.png 73.814613 -10.061175 1.353851 0.708643 0.698721 0.033717 -0.092072

img_west/image_west_0203.png 73.054377 -9.988789 1.454062 0.683951 0.726311 0.052642 -0.043738

img_west/image_west_0204.png 72.417222 -9.923344 1.438719 0.697936 0.715495 0.017439 -0.025453

img_west/image_west_0205.png 71.572846 -9.772145 1.463002 0.698727 0.715250 0.003585 -0.013663

img_west/image_west_0206.png 70.793470 -9.612080 1.464838 0.686549 0.725570 0.016102 -0.044046

img_west/image_west_0207.png 69.974728 -9.620047 1.444601 0.695142 0.714437 0.023197 -0.076285

img_west/image_west_0208.png 69.258145 -9.747003 1.452854 0.676507 0.732769 0.019507 -0.070764

img_west/image_west_0209.png 68.535160 -9.860623 1.460919 0.694149 0.714146 0.063516 -0.064185

img_west/image_west_0210.png 67.968948 -9.875302 1.469061 0.690477 0.718824 0.040814 -0.069772

img_west/image_west_0211.png 67.127683 -9.926307 1.459230 0.734492 0.675007 0.033323 -0.061450

img_west/image_west_0212.png 66.273954 -9.882931 1.416817 0.744915 0.666809 -0.020602 -0.006627

img_west/image_west_0213.png 65.481116 -9.761485 1.526792 0.750119 0.659567 -0.018546 -0.044147

img_west/image_west_0214.png 64.809706 -9.750516 1.510406 0.766805 0.640997 -0.033583 0.002427

img_west/image_west_0215.png 64.102015 -9.686472 1.504227 0.753014 0.657164 -0.025962 -0.020746

img_west/image_west_0216.png 63.204856 -9.627961 1.387888 0.749476 0.661348 -0.015133 -0.025998

img_west/image_west_0217.png 62.577264 -9.494348 1.480675 0.753273 0.656773 -0.034334 -0.007163

img_west/image_west_0218.png 61.859404 -9.442311 1.480066 0.755773 0.651490 -0.065124 -0.011274

img_west/image_west_0219.png 61.046941 -9.304383 1.512392 0.752375 0.655176 -0.060920 -0.031061

img_west/image_west_0220.png 60.220839 -9.225906 1.463647 0.753687 0.655511 -0.042131 -0.022093

img_west/image_west_0221.png 59.201523 -9.111829 1.664773 0.727546 0.682477 -0.049520 -0.049505

img_west/image_west_0222.png 58.558103 -8.945148 1.404605 0.767741 0.636417 -0.027641 -0.069161

img_west/image_west_0223.png 57.726359 -8.735691 1.588518 0.749200 0.657350 -0.041975 -0.069497

img_west/image_west_0224.png 57.051902 -8.575553 1.345302 0.764969 0.639677 -0.033717 -0.067079

img_west/image_west_0225.png 56.298496 -8.368138 1.426829 0.746264 0.663263 -0.031633 -0.046602

img_west/image_west_0226.png 55.477106 -8.280881 1.369632 0.747996 0.662118 -0.031512 -0.033314

img_west/image_west_0227.png 54.659181 -8.163393 1.392323 0.749627 0.658763 -0.056025 -0.030855

img_west/image_west_0228.png 53.885748 -8.042392 1.293694 0.760173 0.647743 -0.047819 -0.016690

img_west/image_west_0229.png 52.932762 -7.853272 1.289212 0.759719 0.648342 -0.047905 0.013649

img_west/image_west_0230.png 52.243996 -7.865787 1.305198 0.767470 0.639137 -0.048691 0.011112

img_west/image_west_0231.png 51.367093 -7.734001 1.270888 0.762905 0.641924 -0.074203 0.020125

img_west/image_west_0232.png 50.611435 -7.719018 1.269724 0.780686 0.617662 -0.088996 0.033226

img_west/image_west_0233.png 49.792306 -7.556693 1.284555 0.753640 0.652273 -0.081000 0.002701

img_west/image_west_0234.png 48.994686 -7.536309 1.240543 0.773502 0.629868 -0.065788 -0.025186

img_west/image_west_0235.png 48.243997 -7.370272 1.322021 0.750081 0.656416 -0.078505 -0.018249

img_west/image_west_0236.png 47.358665 -7.345708 1.273648 0.770071 0.633743 -0.068345 -0.026273

img_west/image_west_0237.png 46.768685 -7.164777 1.158433 0.765687 0.641340 -0.047574 -0.012020

img_west/image_west_0238.png 45.786047 -7.127956 1.188877 0.770225 0.634694 -0.062327 -0.005796

img_west/image_west_0239.png 45.170612 -6.955320 1.148425 0.763658 0.642389 -0.061821 -0.018481

img_west/image_west_0240.png 44.128133 -6.954124 1.242987 0.772939 0.632479 -0.045566 -0.021447

img_west/image_west_0241.png 43.396222 -6.786649 1.215558 0.761969 0.645754 -0.045600 -0.018083

img_west/image_west_0242.png 42.674776 -6.694880 1.225879 0.766930 0.639507 -0.051643 -0.013466

img_west/image_west_0243.png 41.965013 -6.604253 1.205379 0.770071 0.635739 -0.053128 0.002164

img_west/image_west_0244.png 41.237684 -6.488675 1.186389 0.775936 0.629860 -0.030751 0.015971

img_west/image_west_0245.png 40.546628 -6.311029 1.198153 0.765714 0.635735 -0.081875 0.053102

img_west/image_west_0246.png 39.765224 -6.093456 1.169614 0.785877 0.608927 -0.081765 0.070140

img_west/image_west_0247.png 39.096031 -5.819862 1.171852 0.765762 0.629997 -0.105492 0.074729

img_west/image_west_0248.png 38.264675 -5.723606 1.120610 0.789088 0.610259 -0.053107 0.045875

img_west/image_west_0249.png 37.599012 -5.452936 1.177032 0.779943 0.621022 -0.067542 0.038199

img_west/image_west_0250.png 36.816789 -5.396136 1.114624 0.791111 0.610798 -0.030421 -0.011976

img_west/image_west_0251.png 35.980302 -5.389172 1.119174 0.776046 0.629975 -0.029502 -0.003835

img_west/image_west_0252.png 35.165787 -5.373449 1.074996 0.793303 0.608654 -0.006200 -0.013125

img_west/image_west_0253.png 34.384620 -5.344602 1.097873 0.766020 0.641760 -0.036498 -0.005098

img_west/image_west_0254.png 33.823000 -5.169846 1.185200 0.780031 0.623584 -0.049572 -0.015418

img_west/image_west_0255.png 33.021185 -5.302466 1.121249 0.776125 0.630406 -0.011388 -0.009416

img_west/image_west_0256.png 32.388787 -5.250873 1.182898 0.777091 0.628968 -0.014067 -0.018192

img_west/image_west_0257.png 31.659632 -5.459483 1.170581 0.780599 0.624181 -0.025932 -0.019770

img_west/image_west_0258.png 30.927815 -5.710425 1.247548 0.774129 0.629300 0.018964 -0.065929

img_west/image_west_0259.png 30.059284 -5.750588 1.196371 0.773343 0.632035 0.014518 -0.047545

img_west/image_west_0260.png 29.356111 -5.732281 1.129431 0.762358 0.642678 0.041296 -0.063804

img_west/image_west_0261.png 28.428514 -5.993038 1.165796 0.761311 0.645430 0.027000 -0.055654

img_west/image_west_0262.png 27.615195 -5.702730 1.077402 0.755394 0.655270 0.001491 -0.000007

img_west/image_west_0263.png 26.874952 -5.783961 1.032851 0.752562 0.655837 -0.017293 0.056834

img_west/image_west_0264.png 26.194493 -5.663229 1.041486 0.766075 0.640318 -0.037672 0.041260

img_west/image_west_0265.png 25.164771 -5.515193 1.007390 0.764605 0.638661 -0.055487 0.066432

img_west/image_west_0266.png 24.850029 -5.162799 1.148791 0.764835 0.639752 -0.055598 0.051517

img_west/image_west_0267.png 23.782617 -5.053962 1.041971 0.762405 0.646499 0.027892 -0.000755

img_west/image_west_0268.png 23.063841 -4.761186 1.083326 0.754605 0.650898 0.062972 -0.054199

img_west/image_west_0269.png 22.262245 -4.842589 0.993355 0.753513 0.645266 0.097491 -0.079662

img_west/image_west_0270.png 21.237455 -4.852516 0.963536 0.753417 0.654860 0.035728 -0.047385

img_west/image_west_0271.png 20.300239 -5.080813 0.921866 0.756879 0.651127 0.053085 -0.018689

img_west/image_west_0272.png 19.662309 -4.514725 1.066905 0.755438 0.653451 0.017276 -0.044919

img_west/image_west_0273.png 18.716849 -4.873673 1.003533 0.770275 0.630169 0.073129 -0.064935

img_west/image_west_0274.png 17.721000 -4.852660 0.963316 0.740959 0.663601 0.076480 -0.069029

img_west/image_west_0275.png 17.142321 -5.014690 0.972578 0.769298 0.632593 0.052829 -0.072223

img_west/image_west_0276.png 16.511625 -5.055030 1.001516 0.757124 0.650488 0.012544 -0.058926

img_west/image_west_0277.png 15.651003 -5.307409 0.973018 0.773362 0.626695 0.025082 -0.092390

img_west/image_west_0278.png 14.727219 -5.256573 1.009754 0.751088 0.655159 0.028014 -0.076477

img_west/image_west_0279.png 14.000818 -5.055098 1.019544 0.730241 0.672365 0.085904 -0.085416

img_west/image_west_0280.png 13.337809 -4.985944 1.052820 0.725838 0.677436 0.084674 -0.084087

img_west/image_west_0281.png 12.458333 -4.821389 1.040485 0.725641 0.680313 0.071996 -0.073732

img_west/image_west_0282.png 11.693123 -4.815844 1.077167 0.705844 0.703523 0.035539 -0.074681

img_west/image_west_0283.png 10.954916 -4.831462 1.068173 0.685842 0.716987 0.046369 -0.115766

img_west/image_west_0284.png 10.264444 -4.882411 1.063420 0.677190 0.725386 0.057651 -0.109112

img_west/image_west_0285.png 9.554306 -4.703573 1.068074 0.680657 0.722380 0.027837 -0.118737

img_west/image_west_0286.png 8.663552 -4.715926 1.059521 0.655541 0.745682 0.046483 -0.109840

img_west/image_west_0287.png 7.891010 -4.556005 1.086542 0.646005 0.752884 0.050284 -0.115384

img_west/image_west_0288.png 7.211203 -4.722304 1.045642 0.642262 0.754075 0.054939 -0.125906

img_west/image_west_0289.png 6.319634 -4.640319 1.076184 0.631084 0.756113 0.094788 -0.145058

img_west/image_west_0290.png 5.430538 -4.697597 1.015224 0.626742 0.750883 0.130492 -0.162305

img_west/image_west_0291.png 4.579394 -4.687007 0.988827 0.645651 0.732940 0.128089 -0.171837

img_west/image_west_0292.png 3.178244 -5.425441 0.977197 0.624531 0.747665 0.146984 -0.171330

img_west/image_west_0293.png 3.036255 -5.083780 0.991148 0.644159 0.737898 0.127789 -0.155683

img_west/image_west_0294.png 2.072761 -5.578188 1.037638 0.663961 0.729490 0.095475 -0.133736

img_west/image_west_0295.png 1.951710 -5.330779 1.000494 0.660430 0.733034 0.070943 -0.146494

img_west/image_west_0296.png 0.511145 -5.721567 0.893492 0.670505 0.728346 0.074510 -0.119936

img_west/image_west_0297.png 0.070390 -5.649446 1.045774 0.660758 0.735936 0.030645 -0.144425

img_west/image_west_0298.png -0.534055 -5.522172 0.982809 0.684370 0.718298 0.030947 -0.121363

img_west/image_west_0299.png -1.282372 -4.660728 0.955333 0.657776 0.741916 0.005155 -0.129865

img_west/image_west_0300.png -2.724446 -5.317048 1.076558 0.670135 0.731949 0.019167 -0.121670

img_west/image_west_0301.png -2.646911 -4.843513 1.034719 0.704118 0.705731 0.021239 -0.075568

img_west/image_west_0302.png -3.894148 -5.649619 1.060533 0.734639 0.674267 0.040545 -0.063443

img_west/image_west_0303.png -4.673359 -5.751888 1.060034 0.723112 0.688158 0.017147 -0.057040

img_west/image_west_0304.png -5.398284 -5.344313 1.022585 0.712921 0.696040 0.008680 -0.084835

img_west/image_west_0305.png -6.214052 -4.986905 0.908003 0.697447 0.713185 -0.024947 -0.065666

img_west/image_west_0306.png -6.937275 -4.848841 1.005979 0.693676 0.716699 -0.013181 -0.070589

img_west/image_west_0307.png -7.673068 -4.596426 0.997139 0.677861 0.731385 -0.055175 -0.050375

img_west/image_west_0308.png -8.413159 -4.321325 1.031288 0.675280 0.733721 -0.055182 -0.051056

img_west/image_west_0309.png -9.082158 -3.975016 1.008995 0.655151 0.751159 -0.077371 -0.023493

img_west/image_west_0310.png -9.822364 -3.589770 1.054849 0.677923 0.730373 -0.078080 -0.029658

img_west/image_west_0311.png -10.625111 -3.570706 1.049999 0.683339 0.726529 -0.063921 -0.033431

img_west/image_west_0312.png -11.464900 -3.226765 0.967719 0.696346 0.710081 -0.009631 -0.103896

img_west/image_west_0313.png -11.959423 -3.577080 1.066024 0.681739 0.720123 0.046750 -0.120284

img_west/image_west_0314.png -12.603329 -3.595100 1.066790 0.696489 0.695293 0.074743 -0.160890

img_west/image_west_0315.png -13.481548 -3.996330 1.100716 0.684743 0.708945 0.076658 -0.150495

img_west/image_west_0316.png -14.303489 -4.091612 1.122131 0.676521 0.719877 0.046448 -0.148122

img_west/image_west_0317.png -15.004907 -4.163301 1.016489 0.685283 0.710016 0.048426 -0.154662

img_west/image_west_0318.png -15.886761 -4.179586 0.997582 0.660115 0.736364 0.018790 -0.147188

img_west/image_west_0319.png -16.606477 -4.240548 1.014596 0.683245 0.723365 0.006709 -0.099378

img_west/image_west_0320.png -17.554253 -4.015927 0.966719 0.703241 0.707372 0.012886 -0.070088

img_west/image_west_0321.png -18.254224 -4.479678 0.930381 0.699351 0.706887 0.010902 -0.105361

img_west/image_west_0322.png -18.982354 -3.358931 0.952489 0.672245 0.734946 -0.024511 -0.085677

img_west/image_west_0323.png -19.459377 -3.723132 0.962602 0.685407 0.722608 -0.031376 -0.084088

img_west/image_west_0324.png -20.225383 -2.883111 0.974475 0.691818 0.718074 -0.061963 -0.043800

img_west/image_west_0325.png -20.943687 -2.934037 0.974903 0.711439 0.698165 -0.072004 -0.035148

img_west/image_west_0326.png -21.631222 -2.439409 1.003402 0.699131 0.709010 -0.087069 -0.030691

img_west/image_west_0327.png -22.462821 -2.447650 0.994826 0.701802 0.708609 -0.016531 -0.071230

img_west/image_west_0328.png -23.198896 -2.057280 1.033798 0.674101 0.733716 -0.030422 -0.079521

img_west/image_west_0329.png -23.968464 -2.007135 1.081169 0.680538 0.722071 0.029054 -0.120988

img_west/image_west_0330.png -24.748739 -1.837144 1.012418 0.688355 0.717433 -0.004430 -0.106955

img_west/image_west_0331.png -25.339170 -1.854332 1.103756 0.670483 0.731618 0.033553 -0.118584

img_west/image_west_0332.png -25.838091 -1.945843 1.116760 0.669149 0.738069 -0.008820 -0.086122

img_west/image_west_0333.png -26.414292 -1.828872 1.122572 0.660610 0.746109 -0.015975 -0.081618

img_west/image_west_0334.png -26.937403 -1.710657 1.177115 0.672935 0.732713 -0.050325 -0.088081

img_west/image_west_0335.png -27.455386 -1.383585 1.164520 0.689265 0.713858 -0.058881 -0.108879

img_west/image_west_0336.png -27.932474 -1.123113 1.095383 0.691639 0.713134 -0.020979 -0.112414

img_west/image_west_0337.png -28.506027 -0.872633 1.106603 0.655222 0.747221 -0.041717 -0.102980

img_west/image_west_0338.png -29.018568 -0.319018 1.133760 0.656910 0.748694 -0.037473 -0.080763

img_west/image_west_0339.png -29.651705 0.243431 1.086890 0.673965 0.734745 -0.061474 -0.046297

img_west/image_west_0340.png -30.435790 0.589584 1.107926 0.691493 0.718178 -0.006481 -0.077563

img_west/image_west_0341.png -31.286236 0.530271 1.139321 0.678263 0.716821 0.031309 -0.158579

img_west/image_west_0342.png -32.118484 0.827285 1.133490 0.669948 0.716127 0.078222 -0.179481

img_west/image_west_0343.png -32.467551 0.880379 0.949550 0.684143 0.708345 0.075520 -0.156502

img_west/image_west_0344.png -33.030813 0.637756 1.101202 0.720963 0.676258 0.096479 -0.116532

img_west/image_west_0345.png -34.079386 0.401775 1.327856 0.725715 0.668546 0.109028 -0.120406

img_west/image_west_0346.png -34.891558 0.384417 1.407359 0.710158 0.684546 0.092560 -0.136035

img_west/image_west_0347.png -35.894199 0.651352 1.384744 0.694666 0.698917 0.079295 -0.150556

img_west/image_west_0348.png -36.151110 0.936796 1.432769 0.689416 0.710921 0.056662 -0.126828

img_west/image_west_0349.png -37.380199 -0.179482 1.589077 0.694079 0.706047 0.043408 -0.133673

img_west/image_west_0350.png -37.467762 0.866753 1.855323 0.665660 0.729911 0.056264 -0.144776

img_west/image_west_0351.png -38.453053 1.071153 1.522773 0.665236 0.715038 0.065026 -0.204825

img_west/image_west_0352.png -38.160575 1.718464 3.716109 0.611900 0.766616 0.054798 -0.186750

img_west/image_west_0353.png -40.139102 1.476533 1.441498 0.656106 0.723875 0.081214 -0.197318

img_west/image_west_0354.png -40.969377 1.404499 1.419917 0.644110 0.720717 0.116661 -0.228211

img_west/image_west_0355.png -41.627528 0.608943 1.499093 0.647497 0.708339 0.147311 -0.239380

img_west/image_west_0356.png -42.493102 0.443093 1.514746 0.626927 0.731642 0.123685 -0.237412

img_west/image_west_0357.png -43.467120 0.349106 1.455535 0.639676 0.729175 0.129364 -0.205874

img_west/image_west_0358.png -43.850318 0.644223 0.163940 0.668277 0.711307 0.105550 -0.190546

img_west/image_west_0359.png -45.138412 -0.049214 1.592349 0.644019 0.724188 0.127577 -0.210992

img_west/image_west_0360.png -45.750631 -0.343700 1.162480 0.683745 0.684874 0.164251 -0.190949

img_west/image_west_0361.png -46.198855 0.139855 1.429207 0.688792 0.695240 0.139313 -0.150998

img_west/image_west_0362.png -46.982552 0.082547 1.483636 0.685741 0.698121 0.131165 -0.158694

img_west/image_west_0363.png -47.966509 0.054755 1.553117 0.705804 0.682526 0.124424 -0.143243

img_west/image_west_0364.png -48.764173 0.340470 1.486248 0.723023 0.675167 0.074275 -0.125983

img_west/image_west_0365.png -49.434347 0.474849 1.535701 0.708255 0.692842 0.055408 -0.123591

img_west/image_west_0366.png -49.964751 0.668431 1.730313 0.688957 0.716648 0.028914 -0.104490

img_west/image_west_0367.png -51.089423 1.005356 1.459094 0.689758 0.707911 0.057585 -0.140643

img_west/image_west_0368.png -51.625133 0.989323 1.487603 0.676317 0.726480 0.048755 -0.111554

img_west/image_west_0369.png -52.536207 1.176230 1.490456 0.695771 0.704084 0.091116 -0.108936

img_west/image_west_0370.png -53.376334 1.287339 1.509594 0.722803 0.683635 0.071056 -0.071777

img_west/image_west_0371.png -54.207271 1.474964 1.467703 0.716643 0.687833 0.071450 -0.090577

img_west/image_west_0372.png -54.948601 1.646176 1.473174 0.689876 0.716322 0.037211 -0.097828

img_west/image_west_0373.png -55.121334 1.900149 1.469230 0.682651 0.721938 0.039336 -0.106046

img_west/image_west_0374.png -56.559493 2.076095 1.454566 0.668823 0.736344 0.029705 -0.097928

img_west/image_west_0375.png -56.715716 2.246779 1.477339 0.692052 0.711383 0.040854 -0.115452

img_west/image_west_0376.png -58.362572 1.585677 1.581069 0.687022 0.710829 0.061565 -0.137600

img_west/image_west_0377.png -59.162814 1.692918 1.686230 0.653134 0.737856 0.070745 -0.154865

img_west/image_west_0378.png -60.296420 1.637532 1.916730 0.665862 0.736033 0.055274 -0.108758

img_west/image_west_0379.png -60.434614 1.846195 1.886104 0.677880 0.713682 0.046333 -0.170266

img_west/image_west_0380.png -61.595168 1.632502 1.567185 0.654864 0.726996 0.057843 -0.198203

img_west/image_west_0381.png -62.508940 1.856950 1.552481 0.671124 0.716504 0.058068 -0.181226

img_west/image_west_0382.png -63.002203 2.377649 1.427016 0.656450 0.732024 0.087274 -0.159993

img_west/image_west_0383.png -63.879130 2.813655 1.633671 0.674087 0.719226 0.072388 -0.151930

img_west/image_west_0384.png -64.968513 2.555203 1.608829 0.694006 0.692732 0.083828 -0.177339

img_west/image_west_0385.png -65.810660 2.843780 1.588271 0.731793 0.658162 0.109036 -0.139330

img_west/image_west_0386.png -66.676415 2.709041 1.574685 0.686479 0.698345 0.135415 -0.150747

img_west/image_west_0387.png -67.415278 2.835576 1.611854 0.675776 0.709353 0.110763 -0.166962

img_west/image_west_0388.png -68.202002 2.998411 1.647918 0.674133 0.708851 0.105745 -0.178586

img_west/image_west_0389.png -68.827506 3.033215 1.630221 0.691583 0.694279 0.118462 -0.160177

img_west/image_west_0390.png -69.759884 2.801842 1.513871 0.697066 0.679787 0.114190 -0.197353

img_west/image_west_0391.png -70.828225 2.891296 1.590984 0.693160 0.683708 0.107651 -0.201207

img_west/image_west_0392.png -71.448978 2.723021 1.599725 0.690524 0.688731 0.096998 -0.198536

img_west/image_west_0393.png -72.213968 3.162192 1.584118 0.682066 0.704199 0.079247 -0.180580

img_west/image_west_0394.png -72.904588 2.964376 1.626732 0.717842 0.677518 0.070878 -0.143699

img_west/image_west_0395.png -73.529816 3.418952 1.675673 0.732429 0.667364 0.059883 -0.120780

img_west/image_west_0396.png -74.456357 3.480519 1.661650 0.735728 0.666832 0.054280 -0.105323

img_west/image_west_0397.png -75.198425 4.118478 1.608252 0.717212 0.684806 0.038652 -0.123098

img_west/image_west_0398.png -75.888263 4.313956 1.620563 0.717512 0.686078 0.037150 -0.114425

img_west/image_west_0399.png -76.526989 4.973307 1.533891 0.704078 0.700605 0.029450 -0.112067

img_west/image_west_0400.png -77.405799 4.734527 1.564995 0.708317 0.698421 0.009884 -0.101963

img_west/image_west_0401.png -77.768862 5.198845 1.625072 0.719862 0.686437 0.005110 -0.102844

img_west/image_west_0402.png -79.043161 5.606783 1.610736 0.728889 0.675524 0.013509 -0.110481

img_west/image_west_0403.png -79.587198 5.834449 1.536210 0.714498 0.685705 0.017940 -0.137765

img_west/image_west_0404.png -79.930576 5.942824 1.680172 0.710876 0.685083 0.055560 -0.149100

img_west/image_west_0405.png -81.031606 6.036788 1.581488 0.715963 0.679802 0.040780 -0.153630

img_west/image_west_0406.png -81.957277 6.091631 1.558341 0.706283 0.685840 0.077555 -0.157395

img_west/image_west_0407.png -82.217540 6.302588 1.657682 0.705935 0.693557 0.047049 -0.135724

img_west/image_west_0408.png -82.943434 6.404349 1.607741 0.706367 0.689447 0.062728 -0.147561

img_west/image_west_0409.png -83.815966 6.484060 1.602280 0.725069 0.673617 0.050620 -0.133987

img_west/image_west_0410.png -84.562752 6.641485 1.707581 0.757160 0.645076 0.026715 -0.099356

img_west/image_west_0411.png -85.449203 6.738064 1.507937 0.758670 0.644115 0.013886 -0.096654

img_west/image_west_0412.png -86.204076 7.145858 1.582166 0.748986 0.654718 0.013346 -0.100930

img_west/image_west_0413.png -86.842605 7.434862 1.452217 0.740276 0.667009 0.014341 -0.082971

img_west/image_west_0414.png -87.704143 7.830867 1.688575 0.725334 0.682403 0.005676 -0.090462

img_west/image_west_0415.png -88.583851 8.237218 1.424756 0.720679 0.686075 0.022069 -0.097131

img_west/image_west_0416.png -89.146971 8.556450 1.355587 0.725092 0.681281 0.014608 -0.099413

img_west/image_west_0417.png -89.810817 8.847641 1.613762 0.717530 0.683642 0.051263 -0.123111

img_west/image_west_0418.png -90.924119 9.095471 1.741862 0.726702 0.670456 0.089906 -0.119625

img_west/image_west_0419.png -91.529396 9.378893 1.521764 0.732521 0.662919 0.076641 -0.134456

img_west/image_west_0420.png -92.299097 9.535018 1.854162 0.700701 0.686746 0.081484 -0.175386

img_west/image_west_0421.png -92.962886 9.718002 1.625756 0.705783 0.682838 0.083927 -0.168993

img_west/image_west_0422.png -94.204317 9.757250 1.611218 0.683432 0.678700 0.120621 -0.240285

img_west/image_west_0423.png -94.607280 9.549926 1.508979 0.681664 0.668575 0.156298 -0.252812

img_west/image_west_0424.png -95.690714 9.528333 1.533579 0.661348 0.689605 0.177942 -0.235373

img_west/image_west_0425.png -96.270447 9.239282 1.701702 0.676727 0.680246 0.148800 -0.239092

img_west/image_west_0426.png -97.027245 9.315910 1.615571 0.674872 0.682311 0.161946 -0.229726

img_west/image_west_0427.png -97.901637 9.097813 1.614993 0.698721 0.668503 0.173345 -0.186664

img_west/image_west_0428.png -98.671953 9.033711 1.620340 0.720274 0.656855 0.121766 -0.186869

img_west/image_west_0429.png -99.378295 8.629264 1.384774 0.741191 0.639260 0.111693 -0.171780

img_west/image_west_0430.png -100.260600 8.578557 1.387279 0.744311 0.646275 0.091634 -0.141186

img_west/image_west_0431.png -101.076431 8.444277 1.319936 0.742571 0.649116 0.049042 -0.157584

img_west/image_west_0432.png -101.945577 8.368278 1.425467 0.756437 0.643653 0.019926 -0.114537

img_west/image_west_0433.png -102.863620 8.110244 1.352691 0.752448 0.645705 0.002641 -0.129924

img_west/image_west_0434.png -103.915791 8.384030 1.491268 0.750180 0.652063 -0.040172 -0.102126

img_west/image_west_0435.png -104.537154 8.221351 1.346781 0.754947 0.646807 -0.034176 -0.102608

img_west/image_west_0436.png -105.185997 8.325722 1.612877 0.766581 0.638869 -0.031652 -0.056548

img_west/image_west_0437.png -106.161676 8.285565 1.474896 0.768639 0.635016 0.004594 -0.076998

img_west/image_west_0438.png -107.002088 8.579689 1.476528 0.759273 0.645873 -0.020302 -0.077074

img_west/image_west_0439.png -107.722891 8.647127 1.367818 0.764160 0.642157 -0.021559 -0.056835

img_west/image_west_0440.png -108.646048 8.852575 1.397167 0.763894 0.640203 -0.030398 -0.075378

img_west/image_west_0441.png -109.529252 8.913163 1.448741 0.762588 0.641341 -0.013835 -0.083373

img_west/image_west_0442.png -110.541528 8.984196 1.451156 0.754321 0.649890 -0.009700 -0.092457

img_west/image_west_0443.png -111.202062 9.110958 1.394734 0.760066 0.642344 -0.008843 -0.098056

img_west/image_west_0444.png -112.026284 9.142144 1.542514 0.764427 0.638126 -0.029443 -0.087069

img_west/image_west_0445.png -112.684114 9.279831 1.326207 0.769582 0.630047 -0.020189 -0.101864

img_west/image_west_0446.png -113.565261 9.208874 1.534013 0.768240 0.633737 -0.015593 -0.089110

img_west/image_west_0447.png -114.274822 9.326525 1.376280 0.763410 0.639583 -0.019006 -0.088190

img_west/image_west_0448.png -115.055735 9.304457 1.392339 0.755237 0.652601 -0.013112 -0.059627

img_west/image_west_0449.png -116.137843 9.357151 1.425400 0.753222 0.650985 -0.016853 -0.092689

img_west/image_west_0450.png -116.784812 9.309592 1.369466 0.762641 0.634243 -0.052505 -0.115579

img_west/image_west_0451.png -117.729313 9.298413 1.453308 0.757035 0.635051 -0.038114 -0.148848

img_west/image_west_0452.png -118.559989 9.337690 1.375258 0.760187 0.636132 -0.042705 -0.125010

img_west/image_west_0453.png -119.513125 9.264262 1.467412 0.755389 0.638924 -0.007829 -0.145263

img_west/image_west_0454.png -120.160137 9.443877 1.479181 0.747336 0.650737 -0.002470 -0.134255

img_west/image_west_0455.png -121.107256 9.487102 1.407788 0.736608 0.655126 0.039376 -0.163309

img_west/image_west_0456.png -121.732334 9.558769 1.372606 0.739712 0.657026 0.030961 -0.142072

img_west/image_west_0457.png -122.460942 9.617083 1.325838 0.739143 0.658438 0.019346 -0.140543

img_west/image_west_0458.png -123.251436 9.685671 1.405543 0.744216 0.663184 -0.004320 -0.079441

img_west/image_west_0459.png -124.282810 9.734024 1.552682 0.728931 0.671283 0.009603 -0.133970

img_west/image_west_0460.png -124.992312 9.812834 1.416725 0.729363 0.674931 0.010065 -0.111340

img_west/image_west_0461.png -125.665933 9.842051 1.494095 0.733568 0.666133 0.021963 -0.132900

img_west/image_west_0462.png -126.639285 9.841548 1.514130 0.733395 0.668496 0.012579 -0.122830

img_west/image_west_0463.png -127.348575 9.766658 1.455960 0.719941 0.664954 0.050346 -0.192318

img_west/image_west_0464.png -128.529908 9.893044 1.413071 0.738305 0.661372 0.036168 -0.127221

img_west/image_west_0465.png -128.833250 10.142464 1.411571 0.729955 0.671445 0.037263 -0.122229

img_west/image_west_0466.png -130.188933 10.039543 1.181897 0.741619 0.662041 0.041883 -0.099743

img_west/image_west_0467.png -130.573864 10.161625 1.332533 0.730033 0.671390 0.043540 -0.119967

img_west/image_west_0468.png -131.619124 10.111996 1.251685 0.739377 0.662226 0.030709 -0.117629

img_west/image_west_0469.png -132.059672 10.158143 1.450838 0.724273 0.670957 0.055967 -0.148703

img_west/image_west_0470.png -133.219385 10.124367 1.119478 0.717915 0.671487 0.065495 -0.171503

img_west/image_west_0471.png -133.636993 10.291011 1.142899 0.710922 0.678362 0.071784 -0.171060

img_west/image_west_0472.png -134.591727 10.221178 0.827420 0.729515 0.660037 0.068834 -0.165595

img_west/image_west_0473.png -135.257827 10.376954 1.084747 0.714070 0.680492 0.052462 -0.155829

img_west/image_west_0474.png -136.351559 10.005512 1.131907 0.744025 0.651491 0.038193 -0.143284

img_west/image_west_0475.png -137.315117 9.945956 1.632790 0.709947 0.690393 0.072335 -0.118744

img_west/image_west_0476.png -137.912705 9.827125 1.147559 0.718083 0.672072 0.098407 -0.151629

img_west/image_west_0477.png -138.574718 9.834885 1.444595 0.721013 0.678175 0.065166 -0.126379

img_west/image_west_0478.png -139.651141 9.567543 1.097944 0.721477 0.672980 0.064993 -0.149485

img_west/image_west_0479.png -140.263495 9.605570 1.383885 0.719638 0.678751 0.045681 -0.139037

img_west/image_west_0480.png -141.177612 9.270301 1.134789 0.722620 0.668179 0.076307 -0.159800

img_west/image_west_0481.png -141.904292 9.358168 1.388096 0.697915 0.701667 0.065427 -0.127657

img_west/image_west_0482.png -142.696234 9.162542 1.059606 0.713113 0.684684 0.080871 -0.127029

img_west/image_west_0483.png -143.405870 9.277253 1.022999 0.699153 0.698786 0.071941 -0.133067

img_west/image_west_0484.png -144.374428 9.138219 1.043694 0.725718 0.674594 0.056538 -0.122720

img_west/image_west_0485.png -145.109931 9.099991 1.070208 0.726791 0.679722 0.006112 -0.098574

img_west/image_west_0486.png -145.999434 9.022944 1.012758 0.731496 0.673385 0.002286 -0.107060

img_west/image_west_0487.png -146.572551 9.098451 1.105542 0.711788 0.694103 0.012424 -0.106887

img_west/image_west_0488.png -147.790596 8.872380 1.130092 0.731284 0.668902 0.013540 -0.132703

img_west/image_west_0489.png -148.196465 8.999858 1.123542 0.724337 0.681504 0.009118 -0.103951

img_west/image_west_0490.png -149.374259 8.777091 1.103994 0.723392 0.678959 0.019826 -0.123799

img_west/image_west_0491.png -149.859948 8.689152 1.093697 0.718751 0.686803 0.017207 -0.106783

img_west/image_west_0492.png -151.062396 8.554505 1.115322 0.723353 0.683417 0.003978 -0.098411

img_west/image_west_0493.png -151.694398 8.544378 1.147423 0.718733 0.687183 0.008626 -0.105495

img_west/image_west_0494.png -152.813648 8.654307 1.026428 0.727027 0.679733 0.013425 -0.095992

img_west/image_west_0495.png -153.302546 8.616077 1.154501 0.732232 0.675034 0.000130 -0.090368

img_west/image_west_0496.png -153.851631 8.560697 1.172076 0.734394 0.668906 0.024556 -0.112370

img_west/image_west_0497.png -154.823627 8.360500 1.202075 0.733702 0.667316 0.007891 -0.127710

img_west/image_west_0498.png -155.795616 8.293143 1.084253 0.727657 0.674232 0.043885 -0.118328

img_west/image_west_0499.png -156.324727 8.284708 1.113333 0.715097 0.694199 0.025088 -0.078074

img_west/image_west_0500.png -157.410943 8.203003 1.141233 0.737802 0.664932 0.022384 -0.114079

img_west/image_west_0501.png -158.228051 8.227070 1.074711 0.730206 0.678122 0.008853 -0.082895

img_west/image_west_0502.png -158.837808 8.216567 1.105632 0.725990 0.681046 0.026050 -0.091852

img_west/image_west_0503.png -159.655494 8.088460 1.097092 0.722450 0.684863 0.024873 -0.091707

img_west/image_west_0504.png -160.396127 8.085118 1.152144 0.727988 0.672630 0.030156 -0.129199

img_west/image_west_0505.png -161.289138 7.966281 1.111783 0.733724 0.665561 0.068735 -0.118127

img_west/image_west_0506.png -161.923981 8.047615 1.126047 0.739984 0.659461 0.090231 -0.096925

img_west/image_west_0507.png -162.695184 8.079972 1.135739 0.736949 0.674286 0.039096 -0.026741

img_west/image_west_0508.png -163.748801 7.927929 1.169933 0.743405 0.660579 0.057319 -0.087752

img_west/image_west_0509.png -164.426278 7.788567 1.129179 0.762274 0.641077 0.038200 -0.080620

img_west/image_west_0510.png -165.336458 7.677775 1.105095 0.760348 0.638003 0.024114 -0.119338

img_west/image_west_0511.png -166.011613 7.582494 1.043218 0.756626 0.645643 0.016515 -0.101939

img_west/image_west_0512.png -166.815889 7.466092 1.086931 0.755246 0.649238 -0.006486 -0.089734

img_west/image_west_0513.png -167.622147 7.335507 0.968490 0.748184 0.658879 -0.057041 -0.053343

img_west/image_west_0514.png -168.697575 7.324135 1.098741 0.755059 0.650861 -0.059335 -0.052399

img_west/image_west_0515.png -169.650919 7.299084 1.034922 0.751995 0.656288 -0.047229 -0.039483

img_west/image_west_0516.png -170.533029 7.431368 1.073066 0.745328 0.665254 -0.026507 -0.034948

img_west/image_west_0517.png -171.614671 7.471035 1.108140 0.761356 0.647084 -0.023794 -0.032446

img_west/image_west_0518.png -172.223158 7.734112 0.872622 0.771574 0.633815 -0.047590 -0.026215

img_west/image_west_0519.png -173.309301 7.900796 1.009405 0.767710 0.639025 -0.046849 0.008560

img_west/image_west_0520.png -174.586242 8.077065 1.009059 0.769182 0.636386 -0.043956 -0.037939

img_west/image_west_0521.png -175.462178 7.955131 0.914569 0.766982 0.638213 -0.046695 -0.047361

img_west/image_west_0522.png -175.979633 7.755905 0.781931 0.754433 0.649724 -0.013633 -0.092218

img_west/image_west_0523.png -177.141409 7.629726 0.812031 0.759236 0.647770 -0.008379 -0.062330

img_west/image_west_0524.png -177.710238 7.441213 0.788427 0.758920 0.643382 0.000998 -0.100505

img_west/image_west_0525.png -178.927399 7.383020 0.547538 0.761687 0.639311 -0.020129 -0.103488

img_west/image_west_0526.png -179.596082 6.989389 0.845473 0.744482 0.654667 0.021224 -0.129257

img_west/image_west_0527.png -180.445783 6.893180 0.856564 0.758568 0.645816 -0.005651 -0.086408

img_west/image_west_0528.png -181.298670 6.858419 1.029460 0.740140 0.663925 0.008758 -0.106398

img_west/image_west_0529.png -182.216817 6.881224 0.732090 0.749551 0.658749 -0.025956 -0.059585

img_west/image_west_0530.png -183.200038 6.807922 0.822579 0.727694 0.672885 0.032263 -0.129025

img_west/image_west_0531.png -184.119654 6.868277 0.809258 0.736124 0.668734 0.011885 -0.103807

img_west/image_west_0532.png -184.899292 6.958264 0.752486 0.730452 0.673827 0.047004 -0.100938

img_west/image_west_0533.png -185.778689 6.947839 0.750461 0.710373 0.695902 0.050603 -0.092364

img_west/image_west_0534.png -186.698792 6.861700 0.737405 0.719879 0.687149 0.019514 -0.096018

img_west/image_west_0535.png -187.344323 6.725603 0.800250 0.745937 0.659896 -0.016874 -0.088495

img_west/image_west_0536.png -188.209965 6.709392 0.777981 0.747539 0.655469 0.033788 -0.102003

img_west/image_west_0537.png -188.952974 6.751428 0.724073 0.732812 0.673484 0.018198 -0.095266

img_west/image_west_0538.png -189.894981 6.609104 0.682070 0.748185 0.649411 0.061767 -0.121122

img_west/image_west_0539.png -190.667077 6.649206 0.673279 0.749542 0.650474 0.024594 -0.120278

img_west/image_west_0540.png -191.545207 6.579822 0.551607 0.754403 0.638901 0.049700 -0.142166

img_west/image_west_0541.png -192.269864 6.416858 0.834304 0.753325 0.641561 0.047298 -0.136616

img_west/image_west_0542.png -193.141860 6.287130 0.659514 0.742969 0.646891 0.054961 -0.162814

img_west/image_west_0543.png -193.957013 6.135582 0.653873 0.734180 0.662383 0.023280 -0.147265

img_west/image_west_0544.png -194.798013 6.065435 0.829140 0.731659 0.662655 0.035250 -0.155952

img_west/image_west_0545.png -195.623626 6.054021 0.641517 0.749591 0.657715 -0.009120 -0.073770

img_west/image_west_0546.png -196.638679 6.058862 0.592561 0.753048 0.649013 0.011135 -0.107593

img_west/image_west_0547.png -197.494624 6.113364 0.678227 0.757049 0.646890 0.002485 -0.091671

img_west/image_west_0548.png -198.013123 6.158750 0.630587 0.762467 0.634049 0.028737 -0.125694

img_west/image_west_0549.png -198.815052 6.100837 0.546049 0.767070 0.629415 0.010669 -0.123798

img_west/image_west_0550.png -199.635545 6.122548 0.605456 0.759468 0.640099 -0.001496 -0.116098

img_west/image_west_0551.png -200.446766 6.062015 0.572092 0.749563 0.655252 0.004558 -0.093696

img_west/image_west_0552.png -201.419285 5.999177 0.639905 0.733567 0.668357 0.032575 -0.118815

img_west/image_west_0553.png -202.180500 6.005185 0.582124 0.736835 0.666842 0.017625 -0.109933

img_west/image_west_0554.png -202.906175 5.995954 0.679696 0.739230 0.664295 0.030470 -0.106411

img_west/image_west_0555.png -203.665601 5.909680 0.533354 0.735152 0.671412 0.017732 -0.091884

img_west/image_west_0556.png -204.462939 5.839054 0.643082 0.735681 0.670108 0.024157 -0.095635

img_west/image_west_0557.png -205.270446 5.810532 0.543290 0.744315 0.664837 -0.004280 -0.063007

img_west/image_west_0558.png -206.087880 5.827268 0.677061 0.731520 0.676690 0.002792 -0.083435

img_west/image_west_0559.png -206.853664 5.860141 0.632073 0.734010 0.673808 -0.001342 -0.084912

img_west/image_west_0560.png -207.689025 5.967839 0.686513 0.742840 0.662094 0.001332 -0.099086

img_west/image_west_0561.png -208.364489 5.986252 0.615522 0.748922 0.658989 -0.024898 -0.065034

img_west/image_west_0562.png -209.252366 6.200048 0.591253 0.750566 0.657602 -0.040148 -0.050974

img_west/image_west_0563.png -210.038687 6.264890 0.537771 0.749443 0.658062 -0.034625 -0.063957

img_west/image_west_0564.png -210.690574 6.457782 0.527309 0.745655 0.660593 -0.020241 -0.084885

img_west/image_west_0565.png -211.334769 6.375974 0.508327 0.745634 0.657363 0.001296 -0.109098

img_west/image_west_0566.png -212.149133 6.316817 0.535001 0.737608 0.658629 -0.007794 -0.148601

img_west/image_west_0567.png -213.075314 6.146514 0.461259 0.726316 0.666587 -0.004081 -0.167662

img_west/image_west_0568.png -213.608247 6.106620 0.626760 0.723548 0.670165 0.023974 -0.163655

img_west/image_west_0569.png -214.528219 5.929713 0.453752 0.732224 0.660663 0.031100 -0.162498

img_west/image_west_0570.png -215.190151 5.853489 0.493502 0.721894 0.675045 0.034463 -0.148311

img_west/image_west_0571.png -216.074132 5.617494 0.464366 0.730366 0.663689 0.052203 -0.152836

img_west/image_west_0572.png -216.800286 5.548847 0.482898 0.715728 0.676993 0.051699 -0.163527

img_west/image_west_0573.png -217.563945 5.484477 0.498782 0.731825 0.659137 0.052814 -0.164871

img_west/image_west_0574.png -218.416113 5.358398 0.476888 0.733740 0.660503 0.046993 -0.152165

img_west/image_west_0575.png -219.233971 5.433333 0.140837 0.755965 0.639122 0.046045 -0.133868

img_west/image_west_0576.png -219.855762 5.307970 0.468618 0.748700 0.653370 0.024502 -0.109340

img_west/image_west_0577.png -220.705337 5.386892 0.373683 0.763313 0.633945 0.029115 -0.120912

img_west/image_west_0578.png -221.500935 5.320006 0.372473 0.749508 0.654435 0.020122 -0.097713

img_west/image_west_0579.png -222.157017 5.467324 0.342534 0.752447 0.647733 0.043767 -0.111127

img_west/image_west_0580.png -222.809909 5.423260 0.665149 0.741399 0.659475 0.037804 -0.118281

img_west/image_west_0581.png -223.632291 5.406765 0.498024 0.744769 0.645442 0.083613 -0.147418

img_west/image_west_0582.png -224.479435 5.292174 0.370719 0.737090 0.656041 0.076461 -0.143049

img_west/image_west_0583.png -225.154320 5.219163 0.399114 0.725881 0.656758 0.084260 -0.186187

img_west/image_west_0584.png -225.936303 5.030145 0.442899 0.734461 0.650095 0.064777 -0.183705

img_west/image_west_0585.png -226.595902 5.028890 0.426101 0.738137 0.642794 0.073766 -0.191126

img_west/image_west_0586.png -227.565795 4.871991 0.372583 0.747046 0.632103 0.077003 -0.190891

img_west/image_west_0587.png -228.086289 5.117114 0.452762 0.745476 0.627816 0.057586 -0.216324

img_west/image_west_0588.png -229.079418 5.064046 0.307718 0.743698 0.634655 0.089308 -0.190134

img_west/image_west_0589.png -229.783273 5.237757 0.319182 0.726191 0.644609 0.072468 -0.227760

img_west/image_west_0590.png -230.587919 5.100477 0.364389 0.723074 0.645058 0.081922 -0.233139

img_west/image_west_0591.png -231.173550 5.258197 0.004449 0.711887 0.643749 0.101701 -0.261653

img_west/image_west_0592.png -232.294523 4.947960 0.107349 0.709068 0.657748 0.088628 -0.238195

img_west/image_west_0593.png -233.384666 4.696776 0.377110 0.686369 0.671765 0.102065 -0.259253

img_west/image_west_0594.png -234.043173 4.460530 0.261972 0.696039 0.653029 0.151056 -0.257420

img_west/image_west_0595.png -234.817028 4.319839 0.305560 0.695887 0.647196 0.157124 -0.268683

img_west/image_west_0596.png -235.604846 4.087704 0.288326 0.696556 0.647317 0.176773 -0.254049

img_west/image_west_0597.png -236.288068 3.951444 0.277557 0.693947 0.661070 0.157985 -0.237620

img_west/image_west_0598.png -236.945556 3.744121 0.253699 0.690832 0.677978 0.130692 -0.214514

img_west/image_west_0599.png -237.652830 3.436580 0.343844 0.688807 0.674290 0.171528 -0.203606

img_west/image_west_0600.png -238.234270 2.946120 0.362036 0.687436 0.663668 0.191564 -0.224231

img_west/image_west_0601.png -239.016714 2.797243 0.315852 0.685369 0.655930 0.182076 -0.258600

img_west/image_west_0602.png -239.613069 2.416554 0.381113 0.692613 0.652648 0.172176 -0.254347

img_west/image_west_0603.png -240.265078 2.189549 0.343475 0.677817 0.665898 0.169474 -0.261578

img_west/image_west_0604.png -240.896107 1.871654 0.382536 0.663016 0.673324 0.168103 -0.280688

