img_east/image_east_0001.png -218.136926 14.368381 -0.301361 0.185985 0.201066 0.632543 -0.724481

img_east/image_east_0002.png -218.077016 14.310456 -0.282804 0.181156 0.193794 0.635146 -0.725413

img_east/image_east_0003.png -218.056980 14.291123 -0.260459 0.173839 0.186693 0.636537 -0.727833

img_east/image_east_0004.png -217.934311 14.534417 -0.134471 0.140804 0.150688 0.647897 -0.733284

img_east/image_east_0005.png -217.667028 14.913996 0.178311 0.034856 0.055554 0.665576 -0.743303

img_east/image_east_0006.png -217.698416 15.107263 0.279271 0.001113 -0.045971 -0.741889 0.820352

img_east/image_east_0007.png -217.143118 14.966352 0.283023 0.047887 -0.035645 -0.665819 0.743710

img_east/image_east_0008.png -216.684228 14.970563 0.208168 0.011942 0.051312 0.669898 -0.741056

img_east/image_east_0009.png -215.909078 15.075841 0.319951 0.063343 -0.002912 -0.669213 0.740303

img_east/image_east_0010.png -215.104115 15.133241 0.238658 0.127711 0.090444 -0.661733 0.733227

img_east/image_east_0011.png -214.430425 15.220546 -0.015922 0.142639 0.092536 -0.655088 0.736186

img_east/image_east_0012.png -213.635901 15.189678 -0.078900 0.102031 0.066109 -0.643965 0.755336

img_east/image_east_0013.png -212.991110 15.426322 0.310510 0.083540 0.083692 -0.654483 0.746748

img_east/image_east_0014.png -212.391374 15.380766 0.430312 0.090758 0.074670 -0.652567 0.748528

img_east/image_east_0015.png -211.624584 15.503407 0.425297 0.106227 0.071948 -0.643027 0.755027

img_east/image_east_0016.png -210.737437 15.607208 0.497251 0.122753 0.088927 -0.636646 0.756125

img_east/image_east_0017.png -210.165764 15.664214 0.352040 0.118085 0.086082 -0.644526 0.750506

img_east/image_east_0018.png -209.309791 15.863478 0.187142 0.116157 0.089116 -0.632384 0.760678

img_east/image_east_0019.png -208.557802 15.977895 0.297432 0.111814 0.099948 -0.643673 0.750464

img_east/image_east_0020.png -207.970779 15.984068 0.407307 0.123624 0.099515 -0.655029 0.738777

img_east/image_east_0021.png -207.021395 16.189859 0.534734 0.126097 0.086521 -0.660866 0.734780

img_east/image_east_0022.png -206.593997 16.199429 0.619421 0.119425 0.076603 -0.668213 0.730316

img_east/image_east_0023.png -205.585143 16.184805 0.126204 0.121381 0.075620 -0.629554 0.763682

img_east/image_east_0024.png -205.013261 16.341520 0.410409 0.101888 0.079646 -0.655404 0.744153

img_east/image_east_0025.png -204.183481 16.395153 0.221152 0.122644 0.118296 -0.647606 0.742678

img_east/image_east_0026.png -203.709756 16.502053 0.490279 0.069955 0.082889 -0.678970 0.726176

img_east/image_east_0027.png -202.951004 16.506727 0.675438 0.062583 0.080398 -0.688994 0.717638

img_east/image_east_0028.png -202.337172 16.538403 0.399904 0.088492 0.083606 -0.686133 0.717258

img_east/image_east_0029.png -201.472991 16.548297 0.517637 0.114086 0.108370 -0.675879 0.720033

img_east/image_east_0030.png -200.721015 16.623157 0.520218 0.107322 0.106790 -0.689040 0.708779

img_east/image_east_0031.png -200.076045 16.632359 0.532649 0.131226 0.116495 -0.676706 0.715076

img_east/image_east_0032.png -199.203140 16.832097 0.420664 0.141777 0.106638 -0.672762 0.718294

img_east/image_east_0033.png -198.532968 16.779778 0.423914 0.103784 0.089381 -0.661709 0.737178

img_east/image_east_0034.png -197.676230 16.847713 0.363677 0.066113 0.047762 -0.671826 0.736221

img_east/image_east_0035.png -197.222696 16.517891 0.370388 0.046951 0.036675 -0.676991 0.733707

img_east/image_east_0036.png -196.220325 16.846446 0.310274 0.075491 0.046199 -0.661274 0.744923

img_east/image_east_0037.png -195.721831 16.849759 0.526682 0.061911 0.023137 -0.680731 0.729522

img_east/image_east_0038.png -195.084227 16.903564 0.613250 0.076795 0.038195 -0.676497 0.731461

img_east/image_east_0039.png -194.199284 16.991017 0.551126 0.056416 0.038123 -0.688613 0.721853

img_east/image_east_0040.png -193.770571 16.955038 0.663207 0.057937 0.042160 -0.667724 0.741027

img_east/image_east_0041.png -192.966598 17.073481 0.487609 0.042296 0.042124 -0.671643 0.738391

img_east/image_east_0042.png -192.271470 17.071559 0.526461 0.063508 0.041078 -0.657960 0.749297

img_east/image_east_0043.png -191.383579 17.070054 0.435363 0.064269 0.022990 -0.671741 0.737633

img_east/image_east_0044.png -190.750456 17.023233 0.577280 0.046954 0.034974 -0.675596 0.734968

img_east/image_east_0045.png -190.095576 17.082806 0.613961 0.025266 0.047383 -0.666971 0.743079

img_east/image_east_0046.png -189.439043 17.103169 0.588982 0.069388 0.040646 -0.674315 0.734066

img_east/image_east_0047.png -188.659021 17.260063 0.413722 0.093108 0.061149 -0.668312 0.735482

img_east/image_east_0048.png -188.064040 17.299664 0.501015 0.111566 0.001432 -0.676456 0.727950

img_east/image_east_0049.png -187.219438 17.352561 0.710594 0.099146 0.034341 -0.669731 0.735130

img_east/image_east_0050.png -186.575240 17.472188 0.630347 0.096962 0.061411 -0.666100 0.736987

img_east/image_east_0051.png -185.831998 17.632177 0.563539 0.104662 0.102295 -0.662998 0.734189

img_east/image_east_0052.png -185.244610 17.567869 0.672893 0.118704 0.108043 -0.658700 0.735106

img_east/image_east_0053.png -184.593642 17.502419 0.622540 0.065988 0.072212 -0.656073 0.748267

img_east/image_east_0054.png -183.826151 17.595909 0.717658 0.057862 0.042492 -0.689605 0.720549

img_east/image_east_0055.png -183.104258 17.437663 0.705261 0.057572 0.026050 -0.693037 0.718119

img_east/image_east_0056.png -182.506302 17.519570 0.647249 0.060467 0.029611 -0.695864 0.714932

img_east/image_east_0057.png -181.726711 17.362014 0.708313 0.094518 0.007610 -0.700869 0.706989

img_east/image_east_0058.png -180.942386 17.465057 0.709674 0.083465 0.025748 -0.693637 0.715017

img_east/image_east_0059.png -180.181999 17.348716 0.736940 0.080221 0.018574 -0.696461 0.712912

img_east/image_east_0060.png -179.423445 17.454007 0.687191 0.097797 0.039404 -0.698129 0.708158

img_east/image_east_0061.png -178.707054 17.326604 0.693517 0.103235 0.031715 -0.705836 0.700113

img_east/image_east_0062.png -177.965536 17.282132 0.687372 0.102916 0.030118 -0.697414 0.708570

img_east/image_east_0063.png -177.269984 17.114134 0.708498 0.097486 0.025537 -0.719046 0.687614

img_east/image_east_0064.png -176.542614 16.968740 0.716539 0.095211 0.039493 -0.706968 0.699672

img_east/image_east_0065.png -175.886189 16.897582 0.731346 0.079069 0.036545 -0.714323 0.694386

img_east/image_east_0066.png -175.163785 16.652048 0.792565 0.080057 0.041029 -0.694173 0.714209

img_east/image_east_0067.png -174.463817 16.627099 0.783464 0.091300 0.054314 -0.702011 0.704196

img_east/image_east_0068.png -173.761006 16.504531 0.820343 0.091605 0.059405 -0.688508 0.716999

img_east/image_east_0069.png -173.025284 16.499948 0.819001 0.102393 0.063298 -0.718239 0.685281

img_east/image_east_0070.png -172.312237 16.512394 0.850645 0.124247 0.109176 -0.682196 0.712213

img_east/image_east_0071.png -171.672677 16.650526 0.834760 0.144378 0.119869 -0.667385 0.720698

img_east/image_east_0072.png -170.950187 16.621696 0.835135 0.152999 0.111530 -0.677599 0.710664

img_east/image_east_0073.png -170.215574 16.679735 0.852114 0.142632 0.096175 -0.692414 0.700663

img_east/image_east_0074.png -169.516758 16.825142 0.853903 0.158531 0.079251 -0.686818 0.704868

img_east/image_east_0075.png -168.860259 16.855512 0.835839 0.172971 0.109409 -0.678144 0.705879

img_east/image_east_0076.png -168.129394 16.796568 0.862380 0.172077 0.106987 -0.678406 0.706218

img_east/image_east_0077.png -167.360073 16.784718 0.880474 0.174806 0.115145 -0.672892 0.709531

img_east/image_east_0078.png -166.576650 16.700088 0.890806 0.153555 0.111829 -0.677702 0.710426

img_east/image_east_0079.png -165.823944 16.618832 0.922256 0.159730 0.093708 -0.682497 0.707055

img_east/image_east_0080.png -165.145517 16.767975 0.958552 0.152235 0.065660 -0.683681 0.710700

img_east/image_east_0081.png -164.406872 16.754150 0.919412 0.155706 0.080544 -0.662047 0.728687

img_east/image_east_0082.png -163.779072 16.899632 0.942344 0.124117 0.069217 -0.677084 0.722074

img_east/image_east_0083.png -162.979978 16.904509 0.957337 0.154259 0.098327 -0.660686 0.728051

img_east/image_east_0084.png -162.395950 16.904134 1.021118 0.138153 0.140436 -0.654495 0.729981

img_east/image_east_0085.png -161.632014 16.807612 1.010538 0.136388 0.137870 -0.656858 0.728684

img_east/image_east_0086.png -160.798057 16.924383 0.978963 0.142267 0.135566 -0.660134 0.725047

img_east/image_east_0087.png -160.160697 16.758209 0.954205 0.142690 0.110738 -0.671005 0.719163

img_east/image_east_0088.png -159.472905 16.786691 0.868231 0.152001 0.086350 -0.664619 0.726447

img_east/image_east_0089.png -158.831723 16.684246 0.685923 0.169905 0.077206 -0.668527 0.719925

img_east/image_east_0090.png -157.959127 16.826921 0.945881 0.153796 0.074760 -0.669250 0.723097

img_east/image_east_0091.png -157.301911 16.887126 1.268234 0.138039 0.078276 -0.689458 0.706729

img_east/image_east_0092.png -156.541333 16.834684 0.935385 0.142754 0.105150 -0.669160 0.721693

img_east/image_east_0093.png -155.801488 16.861619 0.842251 0.141115 0.088157 -0.680304 0.713848

img_east/image_east_0094.png -155.029296 16.829579 0.909423 0.143140 0.108751 -0.679791 0.711079

img_east/image_east_0095.png -154.324809 16.740899 0.840997 0.112619 0.092260 -0.677759 0.720810

img_east/image_east_0096.png -153.531813 16.778235 1.002431 0.120207 0.108593 -0.676330 0.718639

img_east/image_east_0097.png -152.941602 16.732268 1.066721 0.110674 0.119726 -0.678450 0.716389

img_east/image_east_0098.png -152.201913 16.699158 1.035387 0.117416 0.120022 -0.684654 0.709337

img_east/image_east_0099.png -151.514522 16.614682 0.954094 0.098043 0.117327 -0.699132 0.698577

img_east/image_east_0100.png -150.828334 16.500798 1.007962 0.127272 0.093988 -0.700249 0.696265

img_east/image_east_0101.png -150.186205 16.523239 1.003854 0.113245 0.094701 -0.676676 0.721425

img_east/image_east_0102.png -149.560110 16.242264 1.155936 0.128636 0.103213 -0.683530 0.711138

img_east/image_east_0103.png -148.645758 16.228738 0.828141 0.130242 0.092897 -0.676346 0.719053

img_east/image_east_0104.png -148.218434 16.074737 0.777471 0.139513 0.087198 -0.676592 0.717787

img_east/image_east_0105.png -147.289942 16.218933 1.023529 0.139780 0.096327 -0.672783 0.720158

img_east/image_east_0106.png -146.702322 16.154561 1.051242 0.152602 0.073860 -0.693900 0.699856

img_east/image_east_0107.png -146.105904 15.994420 1.096672 0.119806 0.087360 -0.684286 0.714044

img_east/image_east_0108.png -145.237889 16.064503 1.048464 0.108955 0.083787 -0.677456 0.722660

img_east/image_east_0109.png -144.607720 15.866904 1.083805 0.119739 0.105118 -0.671997 0.723245

img_east/image_east_0110.png -143.842811 15.898235 1.068592 0.098488 0.099112 -0.686900 0.713321

img_east/image_east_0111.png -143.258871 15.839853 1.081468 0.125576 0.094532 -0.692392 0.704284

img_east/image_east_0112.png -142.545447 15.846296 1.202498 0.115871 0.080986 -0.701965 0.698134

img_east/image_east_0113.png -141.754357 15.751544 1.071884 0.126992 0.078578 -0.711322 0.686844

img_east/image_east_0114.png -140.998971 15.782018 1.072922 0.138149 0.074433 -0.704433 0.692204

img_east/image_east_0115.png -140.305521 15.669068 1.164790 0.159348 0.061003 -0.712836 0.680273

img_east/image_east_0116.png -139.535198 15.735630 1.183037 0.142373 0.069491 -0.700383 0.695957

img_east/image_east_0117.png -138.731721 15.690866 1.129402 0.171181 0.087191 -0.697751 0.690107

img_east/image_east_0118.png -137.871586 15.766809 1.083011 0.161851 0.094861 -0.700989 0.688042

img_east/image_east_0119.png -137.049396 15.624741 1.087023 0.150199 0.079132 -0.717042 0.676056

img_east/image_east_0120.png -136.296835 15.707353 1.190653 0.126379 0.067458 -0.694025 0.705527

img_east/image_east_0121.png -135.828622 15.643649 1.323178 0.153971 0.070227 -0.707212 0.686458

img_east/image_east_0122.png -134.908490 15.458515 1.096058 0.137513 0.062938 -0.696685 0.701269

img_east/image_east_0123.png -134.200121 15.372154 1.156040 0.140733 0.071213 -0.703877 0.692574

img_east/image_east_0124.png -133.451137 15.203031 1.174701 0.137542 0.080057 -0.698775 0.697417

img_east/image_east_0125.png -132.671943 15.027852 1.181996 0.129834 0.066509 -0.713134 0.685711

img_east/image_east_0126.png -132.081255 14.775175 1.262189 0.140863 0.065100 -0.706613 0.690392

img_east/image_east_0127.png -131.260773 14.609669 1.243288 0.130707 0.093520 -0.722449 0.672501

img_east/image_east_0128.png -130.439548 14.410046 1.240771 0.153090 0.085047 -0.710215 0.681876

img_east/image_east_0129.png -129.691926 14.262312 1.079996 0.149843 0.092838 -0.710160 0.681621

img_east/image_east_0130.png -128.969831 14.186176 1.248093 0.171193 0.094852 -0.696903 0.689943

img_east/image_east_0131.png -128.155397 14.331507 1.049431 0.194448 0.102342 -0.689970 0.689699

img_east/image_east_0132.png -127.574241 14.237333 1.132929 0.171167 0.079654 -0.699302 0.689451

img_east/image_east_0133.png -126.962741 14.250665 1.132257 0.119763 0.033646 -0.698268 0.704977

img_east/image_east_0134.png -126.374527 14.038622 1.170778 0.049142 -0.028730 -0.717095 0.694542

img_east/image_east_0135.png -126.172816 13.805590 1.185877 0.035940 0.097914 0.673806 -0.731793

img_east/image_east_0136.png -125.335004 13.571810 1.451080 0.046530 -0.002480 -0.696552 0.716251

img_east/image_east_0137.png -124.539064 13.371752 1.291394 0.094046 0.060756 -0.694970 0.710400

img_east/image_east_0138.png -123.845196 13.466114 1.336860 0.071687 0.069148 -0.692980 0.714204

img_east/image_east_0139.png -123.091560 13.545915 1.291059 0.134215 0.100264 -0.695820 0.698433

img_east/image_east_0140.png -122.349307 13.798458 1.269962 0.151035 0.081166 -0.703968 0.689217

img_east/image_east_0141.png -121.513699 13.877874 1.269813 0.175646 0.090326 -0.701403 0.684839

img_east/image_east_0142.png -120.800788 14.132910 1.251806 0.163456 0.050420 -0.693463 0.699893

img_east/image_east_0143.png -120.115390 14.295241 1.397670 0.153927 0.049255 -0.693196 0.702393

img_east/image_east_0144.png -119.204993 14.433978 1.327588 0.150817 0.057933 -0.690072 0.705464

img_east/image_east_0145.png -118.549168 14.478839 1.415930 0.182229 0.099509 -0.677789 0.705318

img_east/image_east_0146.png -117.704181 14.806268 1.277706 0.186435 0.098320 -0.673927 0.708091

img_east/image_east_0147.png -116.928229 14.819894 1.329880 0.188947 0.103219 -0.677366 0.703431

img_east/image_east_0148.png -116.227374 14.820034 1.263309 0.150534 0.111680 -0.662646 0.725132

img_east/image_east_0149.png -115.408230 14.794964 1.009725 0.114911 0.126191 -0.640354 0.748891

img_east/image_east_0150.png -114.665990 15.146017 1.207310 0.097999 0.086181 -0.642704 0.754947

img_east/image_east_0151.png -114.054283 15.237572 1.460616 0.111539 0.068502 -0.660615 0.739271

img_east/image_east_0152.png -113.044716 15.128518 1.140894 0.112243 0.026688 -0.652590 0.748902

img_east/image_east_0153.png -112.499449 15.134468 1.181728 0.111204 -0.007078 -0.680119 0.724577

img_east/image_east_0154.png -111.630235 15.170059 1.182482 0.117915 0.016740 -0.671973 0.730903

img_east/image_east_0155.png -110.740471 15.147524 1.208635 0.104347 0.001601 -0.695567 0.710844

img_east/image_east_0156.png -110.017948 15.186098 1.507329 0.124977 0.024601 -0.691294 0.711278

img_east/image_east_0157.png -109.187290 15.000807 1.451246 0.118483 0.016209 -0.718079 0.685633

img_east/image_east_0158.png -108.474447 15.009821 1.270441 0.153430 0.057934 -0.691934 0.703078

img_east/image_east_0159.png -107.698767 14.869910 1.257132 0.132842 0.033690 -0.701165 0.699700

img_east/image_east_0160.png -106.755552 14.996440 1.101030 0.153666 0.044200 -0.690838 0.705095

img_east/image_east_0161.png -106.076810 14.952556 1.176075 0.128686 0.031972 -0.691868 0.709738

img_east/image_east_0162.png -105.299972 14.867582 1.159406 0.137410 0.021678 -0.696628 0.703823

img_east/image_east_0163.png -104.499433 14.592015 1.160549 0.099049 -0.012120 -0.710734 0.696320

img_east/image_east_0164.png -103.815125 14.644428 1.417114 0.146399 0.029496 -0.705171 0.693139

img_east/image_east_0165.png -102.972529 14.574882 1.223924 0.147195 0.032714 -0.719801 0.677612

img_east/image_east_0166.png -102.477014 14.345676 1.507560 0.141600 0.019844 -0.718795 0.680360

img_east/image_east_0167.png -101.506746 14.301657 1.412831 0.133634 0.027571 -0.717744 0.682814

img_east/image_east_0168.png -100.894722 14.228625 1.575779 0.121901 0.018158 -0.723839 0.678873

img_east/image_east_0169.png -100.007896 14.442938 1.538492 0.089214 0.047967 -0.711208 0.695654

img_east/image_east_0170.png -99.171831 14.164004 1.379839 0.113133 0.016337 -0.706150 0.698756

img_east/image_east_0171.png -98.510843 14.091106 1.513995 0.083291 0.003718 -0.689922 0.719061

img_east/image_east_0172.png -97.727798 14.012951 1.844836 0.065905 0.043199 -0.697218 0.712524

img_east/image_east_0173.png -96.901015 13.994005 1.598041 0.069133 0.068462 -0.689458 0.717836

img_east/image_east_0174.png -96.011988 13.721974 1.379230 0.084468 0.056091 -0.701761 0.705190

img_east/image_east_0175.png -95.319293 13.594023 1.437918 0.084985 0.045247 -0.711213 0.696365

img_east/image_east_0176.png -94.525573 13.293782 1.424369 0.090995 0.014153 -0.698800 0.709369

img_east/image_east_0177.png -93.686820 13.118788 1.401428 0.082318 0.018744 -0.692249 0.716727

img_east/image_east_0178.png -93.179600 12.995359 1.441048 0.115434 0.021983 -0.694521 0.709809

img_east/image_east_0179.png -92.427204 12.969346 1.418088 0.127517 0.067545 -0.678304 0.720480

img_east/image_east_0180.png -91.755720 12.885204 1.417354 0.118106 0.052104 -0.702395 0.699975

img_east/image_east_0181.png -90.776929 13.061547 1.306879 0.158246 0.057159 -0.668956 0.724006

img_east/image_east_0182.png -90.024073 13.215227 1.266913 0.161000 0.068956 -0.677104 0.714725

img_east/image_east_0183.png -89.439361 13.430254 1.329608 0.173501 0.144053 -0.666830 0.710275

img_east/image_east_0184.png -88.720581 13.783866 1.171338 0.144478 0.166764 -0.671663 0.707230

img_east/image_east_0185.png -87.938554 13.896891 1.145398 0.134204 0.152058 -0.666393 0.717483

img_east/image_east_0186.png -87.365273 14.010719 1.173946 0.109256 0.096943 -0.676323 0.721986

img_east/image_east_0187.png -86.584171 13.791033 1.210005 0.105424 0.065750 -0.679264 0.723324

img_east/image_east_0188.png -85.729144 13.924789 1.509789 0.104129 0.074847 -0.698468 0.704113

img_east/image_east_0189.png -84.916638 13.887189 1.346080 0.127304 0.100735 -0.700084 0.695371

img_east/image_east_0190.png -84.093446 13.865850 1.259133 0.117091 0.091350 -0.694279 0.704245

img_east/image_east_0191.png -83.393153 13.770194 1.521603 0.127373 0.070461 -0.704451 0.694669

img_east/image_east_0192.png -82.580694 13.818495 1.410764 0.083096 0.075632 -0.691435 0.713653

img_east/image_east_0193.png -81.937185 13.662441 1.458589 0.108028 0.098858 -0.679960 0.718513

img_east/image_east_0194.png -81.093029 13.884843 1.213677 0.146291 0.086157 -0.666380 0.726044

img_east/image_east_0195.png -80.379792 13.607887 1.318233 0.128529 0.049295 -0.684354 0.716044

img_east/image_east_0196.png -79.543471 13.547680 1.385781 0.137454 0.072562 -0.681418 0.715194

img_east/image_east_0197.png -79.073439 13.510978 1.249899 0.142654 0.058605 -0.683492 0.713480

img_east/image_east_0198.png -77.991150 13.413447 1.247540 0.139416 0.060157 -0.679577 0.717715

img_east/image_east_0199.png -77.479455 13.226868 1.282483 0.159986 0.068373 -0.695802 0.696845

img_east/image_east_0200.png -76.747990 13.081459 1.124955 0.157932 0.055819 -0.661005 0.731441

img_east/image_east_0201.png -76.166644 12.850482 1.209715 0.143449 0.054426 -0.698920 0.698569

img_east/image_east_0202.png -75.509061 12.605594 1.395714 0.167502 0.059656 -0.675666 0.715445

img_east/image_east_0203.png -74.633541 12.571236 1.340585 0.165568 0.081133 -0.683713 0.706073

img_east/image_east_0204.png -73.876332 12.435338 1.383322 0.174348 0.103701 -0.668162 0.715819

img_east/image_east_0205.png -73.138658 12.426908 1.326413 0.186318 0.129190 -0.695162 0.682158

img_east/image_east_0206.png -72.330415 12.509170 1.356762 0.217313 0.160259 -0.693326 0.668114

img_east/image_east_0207.png -71.570243 12.583774 1.325963 0.197290 0.138402 -0.704377 0.667655

img_east/image_east_0208.png -70.798530 12.697416 1.353544 0.219606 0.153584 -0.708026 0.653352

img_east/image_east_0209.png -70.004607 12.691933 1.300695 0.190221 0.151627 -0.709270 0.661622

img_east/image_east_0210.png -69.246914 12.758104 1.353136 0.173824 0.125480 -0.708542 0.672321

img_east/image_east_0211.png -68.536343 12.965663 1.321508 0.173873 0.106070 -0.698236 0.686282

img_east/image_east_0212.png -67.796622 13.008908 1.315722 0.174893 0.101257 -0.713859 0.670500

img_east/image_east_0213.png -67.046841 13.202295 1.303643 0.168567 0.090981 -0.729132 0.657021

img_east/image_east_0214.png -66.242365 13.077113 1.335948 0.173003 0.101916 -0.738303 0.643895

img_east/image_east_0215.png -65.550938 13.172047 1.309364 0.175940 0.075582 -0.713458 0.674023

img_east/image_east_0216.png -64.813867 13.126426 1.344809 0.174166 0.064668 -0.696350 0.693242

img_east/image_east_0217.png -63.990628 13.178974 1.331576 0.163357 0.095878 -0.680748 0.707604

img_east/image_east_0218.png -63.305475 13.223861 1.361599 0.144760 0.103179 -0.674621 0.716467

img_east/image_east_0219.png -62.527140 13.140252 1.303922 0.145595 0.127868 -0.663455 0.722719

img_east/image_east_0220.png -61.802327 13.242539 1.369770 0.153497 0.116997 -0.681862 0.705594

img_east/image_east_0221.png -61.040153 13.190632 1.314105 0.158989 0.131455 -0.685913 0.697867

img_east/image_east_0222.png -60.257560 13.142732 1.319558 0.145960 0.101710 -0.710022 0.681320

img_east/image_east_0223.png -59.496970 13.110361 1.390664 0.154082 0.088486 -0.692371 0.699308

img_east/image_east_0224.png -58.786602 13.158139 1.315369 0.148038 0.071809 -0.705736 0.689087

img_east/image_east_0225.png -58.073438 13.095249 1.280315 0.179433 0.116795 -0.689089 0.692322

img_east/image_east_0226.png -57.327129 13.313361 1.348652 0.167313 0.095333 -0.700359 0.687305

img_east/image_east_0227.png -56.508780 13.259410 1.338216 0.182471 0.089839 -0.699029 0.685563

img_east/image_east_0228.png -55.776559 13.227543 1.319205 0.162266 0.071116 -0.710776 0.680739

img_east/image_east_0229.png -55.049392 13.099631 1.370096 0.178697 0.068992 -0.708526 0.679193

img_east/image_east_0230.png -54.209536 13.133394 1.310302 0.163145 0.078441 -0.707625 0.683001

img_east/image_east_0231.png -53.503807 13.006150 1.300143 0.181155 0.085640 -0.712916 0.672020

img_east/image_east_0232.png -52.785957 13.013245 1.252087 0.180327 0.106308 -0.716318 0.665639

img_east/image_east_0233.png -52.072772 12.868385 1.269698 0.166029 0.093191 -0.713939 0.673830

img_east/image_east_0234.png -51.305606 12.858550 1.297868 0.173555 0.070641 -0.704855 0.684154

img_east/image_east_0235.png -50.555439 12.689527 1.300231 0.169977 0.066667 -0.707378 0.682841

img_east/image_east_0236.png -49.795842 12.717334 1.340411 0.166195 0.096069 -0.704970 0.682761

img_east/image_east_0237.png -49.051324 12.292025 1.210531 0.144010 0.076577 -0.718464 0.676163

img_east/image_east_0238.png -48.145829 12.455294 1.188011 0.127808 0.064690 -0.691924 0.707592

img_east/image_east_0239.png -47.725263 12.327137 1.372520 0.114594 0.071662 -0.681883 0.718889

img_east/image_east_0240.png -46.741638 12.407279 0.698207 0.064632 0.057279 -0.647098 0.757465

img_east/image_east_0241.png -46.136207 12.214094 1.244204 0.029828 0.058851 -0.654712 0.752928

img_east/image_east_0242.png -45.373018 12.266263 1.246662 0.049738 0.061232 -0.640500 0.764032

img_east/image_east_0243.png -44.775779 12.161677 1.327324 0.035321 0.045797 -0.660698 0.748606

img_east/image_east_0244.png -43.796548 12.189051 1.117737 0.061839 0.056198 -0.644257 0.760304

img_east/image_east_0245.png -43.163303 12.105084 1.166075 0.040917 0.039739 -0.654197 0.754222

img_east/image_east_0246.png -42.374463 12.103974 1.273961 0.047404 0.051460 -0.648802 0.757738

img_east/image_east_0247.png -41.566164 12.033618 1.148959 0.049734 0.023648 -0.648829 0.758888

img_east/image_east_0248.png -41.005878 11.865512 0.992427 0.056919 0.034808 -0.649297 0.757585

img_east/image_east_0249.png -40.254391 11.826828 1.157782 0.042257 0.015146 -0.667109 0.743706

img_east/image_east_0250.png -39.483972 11.817185 1.438235 0.085187 0.063839 -0.669618 0.735071

img_east/image_east_0251.png -38.792069 11.646083 1.106602 0.087621 0.083520 -0.662165 0.739567

img_east/image_east_0252.png -38.127056 11.546882 1.136108 0.084465 0.060124 -0.662600 0.741782

img_east/image_east_0253.png -37.258030 11.467823 1.010213 0.054546 0.038239 -0.662392 0.746231

img_east/image_east_0254.png -36.636601 11.374232 1.507255 0.072706 0.045265 -0.699355 0.709685

img_east/image_east_0255.png -35.955022 11.301750 1.062824 0.087592 0.059254 -0.687315 0.718636

img_east/image_east_0256.png -35.330843 11.108599 1.045328 0.092335 0.048525 -0.687917 0.718281

img_east/image_east_0257.png -34.577383 11.145648 0.986544 0.072427 0.052828 -0.681178 0.726635

img_east/image_east_0258.png -33.920724 10.969671 1.032652 0.063822 0.041837 -0.680485 0.728860

img_east/image_east_0259.png -33.214043 11.005539 0.999352 0.085144 0.064411 -0.674827 0.730235

img_east/image_east_0260.png -32.513578 10.786750 1.004078 0.056301 0.060097 -0.682661 0.726120

img_east/image_east_0261.png -31.737773 10.859092 0.955615 0.085490 0.076294 -0.664385 0.738614

img_east/image_east_0262.png -31.054062 10.671834 0.975150 0.038878 0.029810 -0.671762 0.739297

img_east/image_east_0263.png -30.309070 10.575986 0.969230 0.046484 0.035146 -0.672635 0.737697

img_east/image_east_0264.png -29.568000 10.433682 0.947080 0.022063 0.021507 -0.682131 0.730977

img_east/image_east_0265.png -28.858569 10.319062 0.947044 0.036725 0.028127 -0.672074 0.739064

img_east/image_east_0266.png -28.120632 10.212476 0.928495 0.011542 0.001422 -0.674800 0.738130

img_east/image_east_0267.png -27.451156 10.058794 0.981833 0.037761 0.008577 -0.681077 0.731349

img_east/image_east_0268.png -26.694024 9.956144 0.936242 0.010638 -0.017973 -0.686054 0.726907

img_east/image_east_0269.png -25.944274 9.823269 0.986646 0.040333 0.013394 -0.679162 0.732905

img_east/image_east_0270.png -25.231485 9.621237 0.934525 0.039470 -0.007668 -0.678893 0.733341

img_east/image_east_0271.png -24.499517 9.500478 0.924167 0.026479 -0.011331 -0.673488 0.739227

img_east/image_east_0272.png -23.812164 9.337686 0.912222 0.040781 -0.002248 -0.680148 0.731830

img_east/image_east_0273.png -22.958699 9.290882 0.933318 0.029032 0.010666 -0.685435 0.727491

img_east/image_east_0274.png -22.369449 8.971874 0.911813 0.059515 0.002540 -0.660614 0.748419

img_east/image_east_0275.png -21.671588 8.789231 0.893862 0.072913 -0.015087 -0.677467 0.731815

img_east/image_east_0276.png -20.961389 8.602732 0.873558 0.092285 -0.023987 -0.660733 0.744543

img_east/image_east_0277.png -20.239149 8.474787 0.889881 0.085437 -0.034687 -0.662157 0.743691

img_east/image_east_0278.png -19.487282 8.161180 0.851178 0.113990 0.016123 -0.659708 0.742637

img_east/image_east_0279.png -18.751060 7.857564 0.885964 0.082109 -0.003510 -0.662633 0.744433

img_east/image_east_0280.png -18.054532 7.690931 0.879781 0.089979 0.006384 -0.646261 0.757788

img_east/image_east_0281.png -17.267680 7.586556 0.891919 0.063387 -0.012213 -0.657850 0.750464

img_east/image_east_0282.png -16.633086 7.438345 0.877943 0.079861 0.017067 -0.656041 0.750348

img_east/image_east_0283.png -15.926858 7.407954 0.863531 0.063594 0.003655 -0.658226 0.750188

img_east/image_east_0284.png -15.248362 7.258618 0.849788 0.066428 0.025969 -0.654760 0.752483

img_east/image_east_0285.png -14.567086 7.180342 0.875316 0.068314 0.001619 -0.657037 0.750802

img_east/image_east_0286.png -13.721856 7.071770 0.877506 0.096466 0.019445 -0.636325 0.765166

img_east/image_east_0287.png -13.029897 7.158499 0.751364 0.098927 0.006879 -0.640626 0.761431

img_east/image_east_0288.png -12.208672 7.149136 0.747452 0.137918 0.015902 -0.654593 0.743124

img_east/image_east_0289.png -11.471789 7.232472 0.755694 0.123467 0.011911 -0.649685 0.750013

img_east/image_east_0290.png -10.600642 7.191872 0.765910 0.151009 0.047662 -0.643671 0.748728

img_east/image_east_0291.png -9.876271 7.415535 0.751500 0.155410 0.068420 -0.636442 0.752398

img_east/image_east_0292.png -9.143985 7.455831 0.807381 0.165516 0.047430 -0.639124 0.749577

img_east/image_east_0293.png -8.414343 7.662838 0.781458 0.171418 0.041059 -0.629885 0.756415

img_east/image_east_0294.png -7.357345 7.914156 1.178414 0.149739 0.040133 -0.660613 0.734540

img_east/image_east_0295.png -6.952174 7.805183 0.780246 0.145462 0.058600 -0.641084 0.751277

img_east/image_east_0296.png -6.263655 7.804836 0.778468 0.125713 0.033485 -0.663817 0.736472

img_east/image_east_0297.png -5.469915 7.779615 0.782762 0.129642 0.031097 -0.645961 0.751640

img_east/image_east_0298.png -4.783014 7.880830 0.774486 0.112526 0.013225 -0.651434 0.750219

img_east/image_east_0299.png -4.065419 7.769546 0.797644 0.129301 0.031168 -0.645928 0.751727

img_east/image_east_0300.png -3.370463 7.757626 0.827405 0.100997 0.019022 -0.655827 0.747897

img_east/image_east_0301.png -2.645319 7.726189 0.866629 0.134038 0.037484 -0.650875 0.746314

img_east/image_east_0302.png -1.898911 7.831079 0.857097 0.115406 0.031548 -0.655070 0.746040

img_east/image_east_0303.png -1.197805 7.800048 0.866443 0.137865 0.044548 -0.650521 0.745538

img_east/image_east_0304.png -0.485134 7.937605 0.806739 0.137644 0.045905 -0.641122 0.753594

img_east/image_east_0305.png 0.155670 8.008713 0.936027 0.150272 0.059442 -0.648653 0.743731

img_east/image_east_0306.png 0.890102 8.299532 0.834271 0.149964 0.058398 -0.640326 0.751043

img_east/image_east_0307.png 1.583835 8.403359 0.820534 0.133702 0.053752 -0.649315 0.746755

img_east/image_east_0308.png 2.317181 8.698525 0.853030 0.121977 0.053831 -0.652670 0.745841

img_east/image_east_0309.png 3.070129 8.799330 0.871323 0.122760 0.049875 -0.659302 0.740122

img_east/image_east_0310.png 3.873356 9.048863 0.753867 0.125095 0.044123 -0.656519 0.742543

img_east/image_east_0311.png 4.463165 9.179349 0.854969 0.107820 0.018824 -0.659844 0.743411

img_east/image_east_0312.png 5.167461 9.366082 0.796411 0.093354 0.012077 -0.652056 0.752298

img_east/image_east_0313.png 5.811824 9.359303 0.785923 0.079751 0.006536 -0.665806 0.741849

img_east/image_east_0314.png 6.596199 9.451744 0.844007 0.097189 0.008085 -0.655484 0.748882

img_east/image_east_0315.png 7.316661 9.562677 0.825863 0.064496 -0.000405 -0.655078 0.752866

img_east/image_east_0316.png 8.028702 9.701234 0.850868 0.088494 0.034794 -0.650371 0.753671

img_east/image_east_0317.png 8.762251 9.829479 0.826797 0.075864 0.066655 -0.658532 0.745749

img_east/image_east_0318.png 9.446260 9.794024 0.870450 0.096770 0.102605 -0.675551 0.723700

img_east/image_east_0319.png 10.146327 9.819472 0.878460 0.101455 0.108468 -0.682292 0.715869

img_east/image_east_0320.png 10.763198 9.879862 0.899019 0.111616 0.110467 -0.658492 0.736036

img_east/image_east_0321.png 11.435124 10.145122 0.899466 0.096037 0.075524 -0.655946 0.744847

img_east/image_east_0322.png 12.073041 10.200052 0.866691 0.091797 0.077376 -0.679057 0.724186

img_east/image_east_0323.png 12.736348 10.199643 0.853853 0.060913 0.043641 -0.677642 0.731597

img_east/image_east_0324.png 13.434866 10.250040 0.838853 0.067358 0.011410 -0.673164 0.736345

img_east/image_east_0325.png 14.084109 10.241987 0.775562 0.059623 0.023479 -0.661828 0.746942

img_east/image_east_0326.png 14.731975 10.262393 0.804437 0.064455 0.012264 -0.666387 0.742723

img_east/image_east_0327.png 15.435511 10.223645 0.808905 0.063606 0.015507 -0.648136 0.758675

img_east/image_east_0328.png 16.128087 10.362332 0.808327 0.035279 -0.020402 -0.645555 0.762323

img_east/image_east_0329.png 16.821649 10.170823 0.821450 0.010787 -0.018378 -0.643088 0.764362

img_east/image_east_0330.png 17.502636 10.186875 0.831561 0.015165 0.041007 0.649072 -0.758919

img_east/image_east_0331.png 18.258112 9.978844 0.842032 0.005126 -0.029086 -0.641997 0.764310

img_east/image_east_0332.png 18.976870 9.747650 0.848517 0.023177 0.063470 0.641043 -0.764951

img_east/image_east_0333.png 19.670473 9.441101 0.825597 0.036531 0.044132 0.638584 -0.767439

img_east/image_east_0334.png 20.393641 9.294325 0.784731 0.034330 0.035520 0.653826 -0.755010

img_east/image_east_0335.png 21.067391 8.947885 0.825916 0.024395 0.006959 0.647798 -0.761795

img_east/image_east_0336.png 21.731692 8.805683 0.816540 0.015159 0.038673 0.644711 -0.763433

img_east/image_east_0337.png 22.441766 8.530956 0.855149 0.035283 0.058213 0.646543 -0.759710

img_east/image_east_0338.png 23.067623 8.301644 0.824050 0.036559 0.071792 0.638238 -0.765692

img_east/image_east_0339.png 23.886909 7.878995 0.868859 0.060828 0.075962 0.641491 -0.760938

img_east/image_east_0340.png 24.440432 7.607229 0.882290 0.028913 0.067773 0.644728 -0.760901

img_east/image_east_0341.png 25.168079 7.332887 0.855600 0.039441 0.069570 0.655520 -0.751008

img_east/image_east_0342.png 25.957563 6.920360 0.890631 0.035838 0.052533 0.640160 -0.765785

img_east/image_east_0343.png 26.514435 6.662899 0.857558 0.041901 0.070437 0.650648 -0.754898

img_east/image_east_0344.png 27.362139 6.178187 0.906407 0.027094 0.038708 0.655038 -0.754232

img_east/image_east_0345.png 28.014964 5.628828 0.990489 0.049155 0.057556 0.660265 -0.747162

img_east/image_east_0346.png 28.658823 5.362401 0.984985 0.043920 0.050916 0.639918 -0.765483

img_east/image_east_0347.png 29.280149 4.997936 0.932006 0.027209 0.077021 0.638574 -0.765138

img_east/image_east_0348.png 29.969439 4.694096 0.993599 0.029375 0.051677 0.636567 -0.768891

img_east/image_east_0349.png 30.665507 4.310386 0.990369 0.056534 0.037550 0.651437 -0.755722

img_east/image_east_0350.png 31.369669 3.930913 0.982527 0.021882 0.015584 0.642940 -0.765375

img_east/image_east_0351.png 32.019243 3.602292 1.030612 0.045522 0.033793 0.648511 -0.759130

img_east/image_east_0352.png 32.583841 3.322012 1.032434 0.017014 0.005652 0.658500 -0.753749

img_east/image_east_0353.png 33.369965 3.024771 1.082483 0.028156 -0.000651 0.660621 -0.750630

img_east/image_east_0354.png 33.942213 2.657039 0.970902 0.009551 -0.001364 0.657170 -0.754241

img_east/image_east_0355.png 34.598311 2.322180 0.921057 0.001534 0.009241 0.675628 -0.782843

img_east/image_east_0356.png 35.171089 1.962336 1.100141 0.002474 -0.004157 0.668375 -0.745621

img_east/image_east_0357.png 35.946550 1.623459 1.280141 0.008656 0.021721 0.660187 -0.753523

img_east/image_east_0358.png 36.450475 1.139814 0.845026 0.002267 -0.057990 -0.662522 0.787746

img_east/image_east_0359.png 37.135328 0.811097 1.014771 0.024323 0.032923 0.639778 -0.767791

img_east/image_east_0360.png 37.915249 0.363125 1.060847 0.014185 0.078092 0.643975 -0.760112

img_east/image_east_0361.png 38.502930 0.089053 1.109591 0.007216 0.040002 0.630527 -0.777478

img_east/image_east_0362.png 39.255370 -0.204353 0.997334 0.003586 0.035839 0.639808 -0.772609

img_east/image_east_0363.png 39.872797 -0.507366 1.021649 0.007636 -0.015848 -0.638234 0.768446

img_east/image_east_0364.png 40.562811 -0.799797 1.069915 0.015054 0.036340 0.657675 -0.753209

img_east/image_east_0365.png 41.259506 -1.050437 1.161584 0.006013 0.024512 0.653426 -0.757277

img_east/image_east_0366.png 41.887837 -1.349454 1.082629 0.035515 0.030815 0.651423 -0.757164

img_east/image_east_0367.png 42.576270 -1.692873 1.204876 0.018064 0.017142 -0.644198 0.764730

img_east/image_east_0368.png 43.338726 -1.834346 1.199097 0.016930 0.027477 -0.636989 0.770793

img_east/image_east_0369.png 43.913133 -1.935089 1.319992 0.084100 0.079275 -0.628403 0.769253

img_east/image_east_0370.png 44.481821 -1.900965 1.221968 0.067761 0.070657 -0.604695 0.790413

img_east/image_east_0371.png 45.075119 -1.943066 1.194158 0.034182 0.027047 -0.612417 0.789268

img_east/image_east_0372.png 45.797192 -1.931575 1.277145 0.013280 0.041682 0.641287 -0.765858

img_east/image_east_0373.png 46.786992 -1.954691 1.225115 0.017829 -0.036129 -0.632504 0.773633

img_east/image_east_0374.png 47.750527 -1.901646 1.177169 0.043525 0.018918 -0.650878 0.757681

img_east/image_east_0375.png 48.160787 -2.067857 1.227188 0.037163 0.043809 -0.693827 0.717959

img_east/image_east_0376.png 48.788258 -2.131399 1.215028 0.055238 0.065671 -0.705300 0.703714

img_east/image_east_0377.png 49.464799 -2.112110 1.263474 0.018231 0.020362 -0.695281 0.718643

img_east/image_east_0378.png 50.096100 -2.283711 1.268290 0.056881 0.024899 -0.688641 0.722461

img_east/image_east_0379.png 50.728664 -2.282733 1.284194 0.036258 0.040359 -0.692077 0.719828

img_east/image_east_0380.png 51.365093 -2.463106 1.274026 0.069121 0.051280 -0.704351 0.704622

img_east/image_east_0381.png 52.020193 -2.529383 1.267394 0.084352 0.069034 -0.711591 0.694088

img_east/image_east_0382.png 52.642825 -2.585097 1.272327 0.110886 0.077022 -0.712926 0.688112

img_east/image_east_0383.png 53.399301 -2.540835 1.347232 0.060131 0.057450 -0.716389 0.692758

img_east/image_east_0384.png 54.178601 -2.506328 1.277235 0.078039 0.054649 -0.681637 0.725471

img_east/image_east_0385.png 54.713538 -2.691801 1.234067 0.076379 0.087123 -0.688382 0.716068

img_east/image_east_0386.png 55.083200 -3.075253 0.926474 0.098200 0.101493 -0.682728 0.716902

img_east/image_east_0387.png 56.152388 -2.764117 1.176941 0.084740 0.096022 -0.682597 0.719498

img_east/image_east_0388.png 56.694252 -2.908684 1.203759 0.112202 0.071098 -0.700786 0.700890

img_east/image_east_0389.png 57.404666 -2.937034 1.188315 0.121234 0.071166 -0.700225 0.699951

img_east/image_east_0390.png 58.118759 -2.989700 1.208097 0.120914 0.072445 -0.697741 0.702356

img_east/image_east_0391.png 59.357383 -2.836244 1.246351 0.118956 0.060340 -0.681508 0.719553

img_east/image_east_0392.png 59.971435 -2.855129 1.274208 0.111106 0.056236 -0.700658 0.702547

img_east/image_east_0393.png 60.637245 -3.013289 1.278561 0.090000 0.035050 -0.709584 0.697982

img_east/image_east_0394.png 61.271731 -3.103807 1.298113 0.067019 0.002696 -0.710796 0.700199

img_east/image_east_0395.png 60.861164 -3.286975 1.336693 0.080386 0.018137 -0.718963 0.690153

img_east/image_east_0396.png 61.973071 -3.734566 1.353874 0.076228 0.076498 -0.706584 0.699348

img_east/image_east_0397.png 62.947605 -3.937584 1.330445 0.107573 0.096485 -0.687231 0.711936

img_east/image_east_0398.png 63.813523 -3.992647 1.329346 0.106407 0.099847 -0.677357 0.721031

img_east/image_east_0399.png 64.567640 -4.042327 1.321780 0.119409 0.113657 -0.684129 0.710473

img_east/image_east_0400.png 65.312455 -4.033007 1.296911 0.107413 0.100976 -0.679133 0.719064

img_east/image_east_0401.png 66.011518 -4.011107 1.278069 0.116024 0.096991 -0.659739 0.736125

img_east/image_east_0402.png 66.738004 -4.037676 1.262545 0.099149 0.101422 -0.667937 0.730592

img_east/image_east_0403.png 67.392332 -4.098119 1.260918 0.103347 0.084852 -0.687926 0.713345

img_east/image_east_0404.png 68.199715 -4.409407 1.307165 0.117782 0.086743 -0.672117 0.725866

img_east/image_east_0405.png 68.865200 -4.386384 1.315722 0.135146 0.073843 -0.685576 0.711524

img_east/image_east_0406.png 69.587931 -4.525051 1.321820 0.171035 0.104245 -0.681768 0.703610

img_east/image_east_0407.png 70.310921 -4.555139 1.336196 0.160552 0.083420 -0.685514 0.705219

img_east/image_east_0408.png 71.038322 -4.717156 1.428940 0.170705 0.098816 -0.699831 0.686539

img_east/image_east_0409.png 71.879986 -4.864098 1.189239 0.155063 0.091094 -0.692233 0.698903

img_east/image_east_0410.png 72.551594 -5.143084 1.347799 0.149547 0.058562 -0.692887 0.702934

img_east/image_east_0411.png 73.397763 -5.135162 1.533502 0.140136 0.067167 -0.688117 0.708781

img_east/image_east_0412.png 74.198711 -5.473152 1.430968 0.160679 0.059417 -0.697790 0.695526

img_east/image_east_0413.png 75.012374 -5.621398 1.440004 0.153610 0.080924 -0.703554 0.689100

img_east/image_east_0414.png 75.779548 -5.898503 1.432415 0.173431 0.084179 -0.711964 0.675243

img_east/image_east_0415.png 76.453544 -6.011928 1.682675 0.193615 0.094513 -0.712174 0.668133

img_east/image_east_0416.png 77.317506 -6.243526 1.274261 0.190887 0.100735 -0.698361 0.682433

img_east/image_east_0417.png 77.920560 -6.207243 1.402539 0.197188 0.105903 -0.693907 0.684400

img_east/image_east_0418.png 78.626100 -5.996079 1.636707 0.198569 0.106372 -0.692083 0.685763

img_east/image_east_0419.png 79.299223 -5.990705 1.385546 0.171049 0.125153 -0.678224 0.703624

img_east/image_east_0420.png 80.065494 -5.955304 1.405537 0.158713 0.119228 -0.668760 0.716505

img_east/image_east_0421.png 80.834610 -5.983758 1.389471 0.179697 0.133675 -0.655134 0.721556

img_east/image_east_0422.png 81.492612 -6.086695 1.454172 0.173968 0.126584 -0.672048 0.708564

img_east/image_east_0423.png 82.220227 -6.156988 1.439557 0.175062 0.128928 -0.676560 0.703566

img_east/image_east_0424.png 82.969578 -6.189426 1.391591 0.173544 0.106840 -0.689919 0.694602

img_east/image_east_0425.png 83.693148 -6.324223 1.450281 0.137711 0.098358 -0.700534 0.693276

img_east/image_east_0426.png 84.414563 -6.396766 1.446593 0.140000 0.064350 -0.690533 0.706701

img_east/image_east_0427.png 85.126253 -6.491027 1.497128 0.176326 0.103009 -0.693785 0.690632

img_east/image_east_0428.png 85.892845 -6.555119 1.416565 0.144863 0.083500 -0.700659 0.693637

img_east/image_east_0429.png 86.628017 -6.788129 1.478712 0.164763 0.096370 -0.699872 0.688291

img_east/image_east_0430.png 87.388191 -6.746936 1.449589 0.166987 0.101945 -0.703300 0.683444

img_east/image_east_0431.png 88.073312 -6.988307 1.421768 0.171190 0.104196 -0.692294 0.693236

img_east/image_east_0432.png 88.875670 -6.792485 1.415265 0.169322 0.079738 -0.684207 0.704866

img_east/image_east_0433.png 89.573660 -7.058781 1.440868 0.170788 0.094832 -0.693870 0.693096

img_east/image_east_0434.png 90.286728 -7.106953 1.408343 0.175053 0.091720 -0.684286 0.701932

img_east/image_east_0435.png 91.032513 -7.251199 1.446358 0.176169 0.066029 -0.690574 0.698363

img_east/image_east_0436.png 91.804806 -7.316927 1.414567 0.176082 0.082622 -0.676512 0.710282

img_east/image_east_0437.png 92.478048 -7.294342 1.417283 0.159364 0.070595 -0.697858 0.694715

img_east/image_east_0438.png 93.182748 -7.336909 1.424770 0.140818 0.079310 -0.678911 0.716221

img_east/image_east_0439.png 93.935670 -7.423825 1.445460 0.117413 0.080336 -0.677613 0.721530

img_east/image_east_0440.png 94.644387 -7.411476 1.410835 0.118930 0.091553 -0.662761 0.733629

img_east/image_east_0441.png 95.306459 -7.493608 1.408748 0.121228 0.095737 -0.679635 0.717099

img_east/image_east_0442.png 96.002851 -7.686382 1.415761 0.132348 0.100233 -0.681453 0.712783

img_east/image_east_0443.png 96.685037 -7.757116 1.412545 0.119490 0.089503 -0.683623 0.714399

img_east/image_east_0444.png 97.377156 -7.893075 1.406097 0.122649 0.108094 -0.686418 0.708574

img_east/image_east_0445.png 98.115783 -7.931919 1.524366 0.135016 0.095311 -0.701852 0.692892

img_east/image_east_0446.png 98.694813 -8.113716 1.435399 0.146128 0.111227 -0.697090 0.693060

img_east/image_east_0447.png 99.522935 -7.989118 1.430743 0.134652 0.113618 -0.706963 0.684955

img_east/image_east_0448.png 100.082828 -8.177473 1.392560 0.143878 0.105544 -0.704284 0.687115

img_east/image_east_0449.png 101.077123 -8.011141 1.296634 0.114853 0.077606 -0.702889 0.697654

img_east/image_east_0450.png 101.535507 -8.408321 1.330520 0.128645 0.081334 -0.730905 0.665290

img_east/image_east_0451.png 102.664044 -8.077588 1.452454 0.085459 0.022535 -0.724721 0.683381

img_east/image_east_0452.png 103.301020 -8.157456 1.506632 0.088019 0.008955 -0.734805 0.672505

img_east/image_east_0453.png 103.458720 -8.558718 1.211758 0.071480 0.023216 -0.721595 0.688260

img_east/image_east_0454.png 104.009806 -8.673677 1.243693 0.045613 -0.012707 -0.732828 0.678862

img_east/image_east_0455.png 104.787317 -8.985020 1.242710 0.073951 0.031120 -0.700258 0.709384

img_east/image_east_0456.png 105.578287 -9.233140 1.202869 0.091182 0.036104 -0.716755 0.690414

img_east/image_east_0457.png 106.346327 -9.480070 1.201947 0.110181 0.062496 -0.705607 0.697221

img_east/image_east_0458.png 107.049950 -9.723843 1.202198 0.104670 0.045173 -0.706673 0.698317

img_east/image_east_0459.png 107.878004 -9.821361 1.280226 0.099229 0.082318 -0.692084 0.710229

img_east/image_east_0460.png 108.684212 -9.911115 1.288677 0.086174 0.079557 -0.697188 0.707244

img_east/image_east_0461.png 109.468895 -10.115463 1.323626 0.095200 0.091986 -0.707004 0.694719

img_east/image_east_0462.png 109.340227 -9.793238 1.070133 0.123024 0.088874 -0.710391 0.687255

img_east/image_east_0463.png 110.129429 -9.963759 1.086104 0.128490 0.077516 -0.711420 0.686563

img_east/image_east_0464.png 110.835270 -10.177601 1.115652 0.124554 0.072722 -0.706262 0.693132

img_east/image_east_0465.png 111.562090 -10.372650 1.150051 0.126379 0.053182 -0.706509 0.694297

img_east/image_east_0466.png 112.359991 -10.275741 1.101963 0.117357 0.063691 -0.688756 0.712592

img_east/image_east_0467.png 112.999367 -10.632281 1.179693 0.134806 0.047736 -0.700508 0.699177

img_east/image_east_0468.png 113.726293 -10.734195 1.207009 0.145411 0.061193 -0.687227 0.709102

img_east/image_east_0469.png 114.385480 -11.045802 1.220840 0.138370 0.061687 -0.706618 0.691181

img_east/image_east_0470.png 115.125010 -11.131669 1.210740 0.150790 0.075493 -0.707929 0.685862

img_east/image_east_0471.png 115.616547 -11.382459 1.414689 0.162340 0.058011 -0.706160 0.686749

img_east/image_east_0472.png 116.594699 -11.440386 1.179904 0.139857 0.056407 -0.685316 0.712471

img_east/image_east_0473.png 117.227452 -11.532477 1.295882 0.128947 0.057784 -0.708741 0.691180

img_east/image_east_0474.png 117.991511 -11.703055 1.246238 0.127589 0.066717 -0.705253 0.694210

img_east/image_east_0475.png 118.857234 -11.733134 1.322628 0.111098 0.035700 -0.725977 0.677756

img_east/image_east_0476.png 119.511474 -11.965884 1.334300 0.119786 0.063303 -0.713421 0.687513

img_east/image_east_0477.png 120.316287 -12.026164 1.385614 0.105326 0.042374 -0.709731 0.695270

img_east/image_east_0478.png 121.037789 -12.247264 1.482622 0.122713 0.073884 -0.714097 0.685248

img_east/image_east_0479.png 121.829602 -12.298091 1.431343 0.120633 0.062616 -0.717052 0.683658

img_east/image_east_0480.png 122.531137 -12.510488 1.434089 0.122033 0.066137 -0.719637 0.680344

img_east/image_east_0481.png 123.387546 -12.447324 1.486992 0.106247 0.064209 -0.711391 0.691752

img_east/image_east_0482.png 124.173792 -12.654774 1.500068 0.111810 0.067032 -0.728992 0.672006

img_east/image_east_0483.png 124.975949 -12.737994 1.396948 0.097451 0.054058 -0.726152 0.678470

img_east/image_east_0484.png 125.723506 -12.939522 1.473577 0.099603 0.056549 -0.725187 0.678986

img_east/image_east_0485.png 126.650820 -12.959381 1.518275 0.075833 0.042586 -0.703857 0.705034

img_east/image_east_0486.png 127.335587 -13.235049 1.521012 0.095850 0.038386 -0.715315 0.691153

img_east/image_east_0487.png 128.158176 -13.282857 1.572478 0.108558 0.031302 -0.718340 0.686490

img_east/image_east_0488.png 129.000535 -13.504839 1.591343 0.103505 0.042907 -0.724895 0.679706

img_east/image_east_0489.png 129.552530 -13.462922 1.572117 0.122218 0.067773 -0.710710 0.689471

img_east/image_east_0490.png 138.275725 -2.725918 0.549790 0.006088 0.101868 0.722406 -0.684789

img_east/image_east_0491.png 138.776103 -3.021142 0.519275 0.001601 -0.094420 -0.726239 0.718027

img_east/image_east_0492.png 139.379659 -3.399580 0.530904 0.011775 -0.108903 -0.720862 0.684470

img_east/image_east_0493.png 139.916657 -3.800818 0.531232 0.018231 0.113877 0.711955 -0.692966

img_east/image_east_0494.png 140.314321 -4.257071 0.451938 0.032611 0.133214 0.695473 -0.705410

img_east/image_east_0495.png 141.013661 -4.665968 0.546422 0.034761 0.109205 0.707303 -0.697599

img_east/image_east_0496.png 141.497311 -5.133143 0.575491 0.025710 0.117474 0.712334 -0.691509

img_east/image_east_0497.png 142.041987 -5.631552 0.584213 0.001921 -0.085647 -0.727091 0.725466

img_east/image_east_0498.png 142.448359 -6.188153 0.615190 0.009598 0.087604 0.707388 -0.701012

img_east/image_east_0499.png 142.714135 -6.643336 0.714614 0.002365 0.087416 0.698544 -0.745355

img_east/image_east_0500.png 143.119020 -6.980353 0.766598 0.000802 -0.076239 -0.652459 0.679886

img_east/image_east_0501.png 143.567462 -7.345695 0.784070 0.077865 0.000122 -0.688473 0.721075

img_east/image_east_0502.png 144.072270 -7.264498 0.839873 0.033709 0.019975 -0.683195 0.729136

img_east/image_east_0503.png 144.614803 -7.230775 0.784725 0.047655 0.045488 -0.708316 0.702856

img_east/image_east_0504.png 145.298685 -7.004696 0.881700 0.060728 0.018018 -0.714580 0.696680

img_east/image_east_0505.png 145.882631 -7.154280 0.877071 0.067145 0.032513 -0.721917 0.687987

img_east/image_east_0506.png 146.555371 -7.167722 0.781924 0.045297 0.024303 -0.686904 0.724902

img_east/image_east_0507.png 147.149059 -7.269223 0.748591 0.056639 -0.000595 -0.649340 0.758371

img_east/image_east_0508.png 147.883059 -7.320549 0.739460 0.025971 -0.028879 -0.636002 0.770666

img_east/image_east_0509.png 148.530723 -7.450537 0.894040 0.031517 -0.057718 -0.648198 0.758480

img_east/image_east_0510.png 149.135951 -7.718288 0.807861 0.048023 -0.037969 -0.639830 0.766098

img_east/image_east_0511.png 149.698695 -7.964447 0.823959 0.046441 -0.065559 -0.644467 0.760324

img_east/image_east_0512.png 150.341216 -8.072340 0.965560 0.035823 -0.067368 -0.644047 0.761008

img_east/image_east_0513.png 150.988935 -8.211908 0.875267 0.009888 -0.060825 -0.645525 0.760483

img_east/image_east_0514.png 151.474390 -8.412986 0.915617 0.014162 -0.056755 -0.641663 0.763657

img_east/image_east_0515.png 152.125230 -8.574978 0.989575 0.011725 0.066715 0.647243 -0.758789

img_east/image_east_0516.png 152.649486 -8.786433 0.987056 0.020136 -0.060541 -0.644028 0.762395

img_east/image_east_0517.png 153.358726 -8.925767 1.116133 0.007841 0.067265 0.646745 -0.755727

img_east/image_east_0518.png 153.932964 -9.134457 1.128764 0.010158 -0.051525 -0.658669 0.752945

img_east/image_east_0519.png 154.635315 -9.266613 1.174308 0.011650 -0.057892 -0.651587 0.756985

img_east/image_east_0520.png 155.151197 -9.463179 1.219463 0.018616 -0.064253 -0.653224 0.753904

img_east/image_east_0521.png 155.825085 -9.584880 1.244482 0.024952 -0.049409 -0.657736 0.751346

img_east/image_east_0522.png 156.389063 -9.740401 1.174421 0.048120 -0.043529 -0.646319 0.760347

img_east/image_east_0523.png 157.062329 -9.830642 1.330108 0.044367 -0.049458 -0.657816 0.750218

img_east/image_east_0524.png 157.635931 -9.946780 1.373051 0.050457 -0.034611 -0.665478 0.743969

img_east/image_east_0525.png 158.224399 -9.997030 1.222707 0.055371 -0.033019 -0.654877 0.752965

img_east/image_east_0526.png 158.978192 -10.051043 1.407836 0.036274 -0.061251 -0.664056 0.744406

img_east/image_east_0527.png 159.559131 -10.123296 1.392949 0.059137 -0.042472 -0.651031 0.755561

img_east/image_east_0528.png 160.071020 -10.242560 1.446219 0.052296 -0.024998 -0.670372 0.739828

img_east/image_east_0529.png 160.629287 -10.288382 1.511888 0.097977 0.022911 -0.674757 0.731162

img_east/image_east_0530.png 161.318441 -10.394122 1.603190 0.107104 0.013539 -0.684560 0.720930

img_east/image_east_0531.png 162.025814 -10.438250 1.545012 0.110950 0.034282 -0.671919 0.731485

img_east/image_east_0532.png 162.663278 -10.516369 1.509945 0.078154 0.019444 -0.668703 0.739145

img_east/image_east_0533.png 163.251103 -10.571374 1.558722 0.097218 0.043005 -0.671725 0.733156

img_east/image_east_0534.png 163.908503 -10.596428 1.553054 0.088936 0.038137 -0.691353 0.716022

img_east/image_east_0535.png 164.330013 -10.625664 1.570416 0.120486 0.071183 -0.651771 0.745396

img_east/image_east_0536.png 164.909115 -10.587120 1.550671 0.110356 0.071007 -0.660220 0.739536

img_east/image_east_0537.png 165.378754 -10.527854 1.582189 0.130711 0.099029 -0.663310 0.730167

img_east/image_east_0538.png 166.040575 -10.311852 1.624751 0.115721 0.086849 -0.662209 0.735256

img_east/image_east_0539.png 166.457518 -10.325845 1.701907 0.165661 0.102774 -0.668078 0.718107

img_east/image_east_0540.png 167.074758 -10.237874 1.608620 0.140473 0.088351 -0.665854 0.727400

img_east/image_east_0541.png 167.553969 -10.158899 1.711438 0.163417 0.136489 -0.666028 0.714900

img_east/image_east_0542.png 168.084548 -10.064623 1.672258 0.183921 0.134108 -0.666471 0.709931

img_east/image_east_0543.png 168.507338 -10.172684 1.749402 0.220437 0.141582 -0.670459 0.694156

img_east/image_east_0544.png 169.304495 -9.932318 1.561458 0.182629 0.113932 -0.672284 0.708315

img_east/image_east_0545.png 169.872175 -9.926050 1.681657 0.162516 0.081467 -0.680677 0.709681

img_east/image_east_0546.png 170.409234 -9.790281 1.683831 0.185332 0.067760 -0.675684 0.710301

img_east/image_east_0547.png 171.057187 -9.718875 1.647536 0.192395 0.111802 -0.667268 0.710808

img_east/image_east_0548.png 171.633702 -9.563254 1.608184 0.229496 0.165899 -0.660751 0.695142

img_east/image_east_0549.png 172.110670 -9.583556 1.751397 0.241570 0.167903 -0.681939 0.669639

img_east/image_east_0550.png 173.065961 -9.167961 1.592912 0.224511 0.154837 -0.668587 0.691825

img_east/image_east_0551.png 173.656565 -9.043466 1.576355 0.217353 0.154086 -0.670616 0.692316

img_east/image_east_0552.png 174.312597 -8.761643 1.562117 0.223699 0.172308 -0.661717 0.694552

img_east/image_east_0553.png 174.973833 -8.470526 1.529334 0.214774 0.168422 -0.655946 0.703740

img_east/image_east_0554.png 175.573319 -8.267290 1.540183 0.194702 0.195326 -0.643398 0.714126

img_east/image_east_0555.png 176.261616 -7.928666 1.622621 0.218404 0.190381 -0.655997 0.696943

img_east/image_east_0556.png 176.845272 -7.816710 1.561821 0.213015 0.200135 -0.654509 0.697273

img_east/image_east_0557.png 177.591964 -7.533058 1.616730 0.195628 0.168872 -0.657966 0.707316

img_east/image_east_0558.png 178.213543 -7.322762 1.634534 0.210850 0.181247 -0.658048 0.699765

img_east/image_east_0559.png 178.796131 -7.157524 1.523393 0.215105 0.197540 -0.659198 0.692941

img_east/image_east_0560.png 179.491863 -6.822043 1.615724 0.246041 0.202077 -0.655429 0.684866

img_east/image_east_0561.png 180.180011 -6.611543 1.517076 0.219368 0.187516 -0.652861 0.700349

img_east/image_east_0562.png 180.625162 -6.588230 1.648871 0.221127 0.164460 -0.658768 0.700061

img_east/image_east_0563.png 181.350646 -6.235836 1.585774 0.232038 0.167568 -0.668009 0.686915

img_east/image_east_0564.png 181.892987 -6.104377 1.594241 0.249134 0.169236 -0.668216 0.680280

img_east/image_east_0565.png 182.433243 -5.809501 1.614574 0.254405 0.190302 -0.658440 0.682290

img_east/image_east_0566.png 183.118921 -5.462032 1.548049 0.278666 0.212259 -0.660127 0.664475

img_east/image_east_0567.png 183.812793 -5.037810 1.276157 0.276536 0.211274 -0.648027 0.677461

img_east/image_east_0568.png 184.155729 -5.214502 1.656006 0.259833 0.187649 -0.678107 0.661399

img_east/image_east_0569.png 185.020647 -4.676089 1.336088 0.262377 0.194346 -0.648545 0.687591

img_east/image_east_0570.png 185.518688 -4.520489 1.415518 0.255478 0.193324 -0.659500 0.680016

img_east/image_east_0571.png 186.027460 -4.257285 1.470846 0.284783 0.221313 -0.645346 0.673386

img_east/image_east_0572.png 186.551341 -4.025916 1.517531 0.292583 0.222734 -0.650087 0.664964

img_east/image_east_0573.png 187.094622 -3.762933 1.408257 0.298038 0.223096 -0.632900 0.678855

img_east/image_east_0574.png 187.674357 -3.382363 1.527213 0.267628 0.198035 -0.643294 0.689446

img_east/image_east_0575.png 188.105234 -3.255908 1.488386 0.284803 0.220403 -0.641951 0.676913

img_east/image_east_0576.png 188.667246 -2.744028 1.510724 0.293986 0.230971 -0.638132 0.673061

img_east/image_east_0577.png 189.180611 -2.490270 1.496092 0.311476 0.233906 -0.646324 0.656155

img_east/image_east_0578.png 189.768432 -1.972032 1.414873 0.302572 0.245306 -0.642786 0.659622

img_east/image_east_0579.png 190.308448 -1.639041 1.432727 0.292749 0.239425 -0.647663 0.661444

img_east/image_east_0580.png 190.778670 -1.264326 1.407061 0.292410 0.270842 -0.649322 0.647709

img_east/image_east_0581.png 191.342821 -0.947290 1.408619 0.291748 0.238254 -0.654359 0.655694

img_east/image_east_0582.png 191.922450 -0.548246 1.394639 0.295527 0.216952 -0.637399 0.677729

img_east/image_east_0583.png 192.531397 -0.218266 1.158260 0.296374 0.232849 -0.632441 0.676727

img_east/image_east_0584.png 192.995914 -0.104819 1.170275 0.316907 0.263243 -0.627219 0.660960

img_east/image_east_0585.png 193.513065 0.267537 1.279748 0.305370 0.267101 -0.640744 0.651808

img_east/image_east_0586.png 194.012651 0.678819 1.280266 0.357310 0.300683 -0.621434 0.629078

img_east/image_east_0587.png 194.644237 1.049302 1.142208 0.316079 0.277920 -0.629243 0.653382

img_east/image_east_0588.png 195.229266 1.435880 1.018439 0.324134 0.263535 -0.608003 0.675145

img_east/image_east_0589.png 195.751634 2.119507 1.363932 0.292822 0.248053 -0.620870 0.683554

img_east/image_east_0590.png 196.263541 2.513346 1.334789 0.332616 0.279599 -0.601982 0.669932

img_east/image_east_0591.png 196.777113 3.075461 1.356439 0.300514 0.273231 -0.610622 0.679835

img_east/image_east_0592.png 197.253118 3.578748 1.466370 0.339282 0.292447 -0.616231 0.647783

img_east/image_east_0593.png 197.741963 4.065056 1.288690 0.312502 0.315334 -0.633885 0.633321

img_east/image_east_0594.png 198.191934 4.262928 1.402632 0.323483 0.315927 -0.612926 0.647974

img_east/image_east_0595.png 198.603219 4.694911 1.184839 0.354360 0.286781 -0.590643 0.665827

img_east/image_east_0596.png 199.010644 5.315376 1.333262 0.373266 0.360808 -0.577796 0.629796

img_east/image_east_0597.png 199.460009 5.798443 1.161778 0.360667 0.352106 -0.578152 0.641625

img_east/image_east_0598.png 199.862665 6.136511 1.122706 0.377125 0.367554 -0.579807 0.621696

img_east/image_east_0599.png 200.308279 6.638132 1.061400 0.383722 0.371288 -0.571982 0.622687

img_east/image_east_0600.png 200.735967 7.114441 1.033166 0.352996 0.348530 -0.588248 0.638658

img_east/image_east_0601.png 201.106194 7.607269 1.050998 0.367538 0.350208 -0.593035 0.624964

img_east/image_east_0602.png 201.517387 8.115158 1.145081 0.336217 0.333403 -0.608906 0.636423

