img_south/image_south_1_0001.png 218.349985 5.263360 1.417185 0.396964 0.377495 0.564902 -0.617092

img_south/image_south_1_0002.png 218.386030 5.278894 1.397835 0.393893 0.376460 0.564625 -0.619940

img_south/image_south_1_0003.png 218.433693 5.280696 1.401722 0.392127 0.373361 0.562200 -0.625116

img_south/image_south_1_0004.png 218.490022 5.244929 1.408846 0.397283 0.351598 0.556149 -0.639721

img_south/image_south_1_0005.png 218.360347 4.799471 1.384620 0.415154 0.356664 0.532950 -0.645293

img_south/image_south_1_0006.png 217.964918 4.154903 1.362817 0.419362 0.371706 0.537626 -0.630023

img_south/image_south_1_0007.png 217.789243 3.469897 1.366841 0.415994 0.364775 0.528315 -0.644027

img_south/image_south_1_0008.png 217.230432 2.790496 1.448728 0.451611 0.409824 0.517597 -0.600155

img_south/image_south_1_0009.png 216.595912 2.278246 1.491234 0.446810 0.402476 0.534893 -0.593518

img_south/image_south_1_0010.png 215.960441 1.708818 1.512869 0.434806 0.425976 0.532655 -0.588020

img_south/image_south_1_0011.png 215.284014 1.257127 1.523728 0.410694 0.407676 0.553116 -0.599328

img_south/image_south_1_0012.png 214.586921 0.862398 1.488363 0.410817 0.398428 0.553572 -0.605014

img_south/image_south_1_0013.png 213.914285 0.449596 1.511596 0.415777 0.398208 0.557674 -0.597964

img_south/image_south_1_0014.png 213.193230 0.048951 1.502629 0.439353 0.394048 0.542161 -0.598128

img_south/image_south_1_0015.png 212.481337 -0.297392 1.521854 0.437532 0.410673 0.534650 -0.595032

img_south/image_south_1_0016.png 211.701631 -0.714636 1.467929 0.447604 0.425051 0.540353 -0.571841

img_south/image_south_1_0017.png 211.001249 -1.076676 1.512701 0.466109 0.432170 0.523418 -0.567457

img_south/image_south_1_0018.png 210.257335 -1.476191 1.458165 0.427417 0.396202 0.547162 -0.600794

img_south/image_south_1_0019.png 209.523584 -1.807902 1.459086 0.423033 0.396583 0.553055 -0.598244

img_south/image_south_1_0020.png 208.855522 -2.134145 1.414636 0.438450 0.399815 0.546652 -0.590830

img_south/image_south_1_0021.png 208.089577 -2.429801 1.472822 0.454554 0.416251 0.520749 -0.590710

img_south/image_south_1_0022.png 207.332095 -2.669949 1.462912 0.458880 0.394949 0.536768 -0.587644

img_south/image_south_1_0023.png 206.388979 -2.910232 1.460921 0.489430 0.413836 0.519836 -0.564773

img_south/image_south_1_0024.png 205.694279 -3.152881 1.461726 0.475017 0.406149 0.533723 -0.569685

img_south/image_south_1_0025.png 204.944163 -3.456289 1.470875 0.473706 0.422404 0.525151 -0.566918

img_south/image_south_1_0026.png 204.107275 -3.686390 1.467944 0.439210 0.399508 0.547815 -0.589395

img_south/image_south_1_0027.png 203.325569 -3.961166 1.466783 0.422624 0.414582 0.547845 -0.591082

img_south/image_south_1_0028.png 202.571642 -4.223920 1.472207 0.433160 0.395796 0.553453 -0.591107

img_south/image_south_1_0029.png 201.778442 -4.477195 1.451349 0.435361 0.406926 0.555984 -0.579444

img_south/image_south_1_0030.png 200.959078 -4.768960 1.457122 0.444225 0.398101 0.561257 -0.573734

img_south/image_south_1_0031.png 200.260242 -5.055554 1.425288 0.449420 0.408883 0.543769 -0.578924

img_south/image_south_1_0032.png 199.497205 -5.393035 1.442111 0.452935 0.407690 0.550586 -0.570521

img_south/image_south_1_0033.png 198.793126 -5.708144 1.395227 0.453818 0.378633 0.550512 -0.589596

img_south/image_south_1_0034.png 198.029576 -5.997489 1.401442 0.469036 0.411659 0.533581 -0.570818

img_south/image_south_1_0035.png 197.295701 -6.428158 1.392344 0.465016 0.417479 0.529717 -0.573473

img_south/image_south_1_0036.png 196.574167 -6.741197 1.405877 0.463200 0.411302 0.531467 -0.577772

img_south/image_south_1_0037.png 195.964210 -7.018958 1.377269 0.458669 0.396977 0.532338 -0.590465

img_south/image_south_1_0038.png 195.108045 -7.318755 1.354915 0.467805 0.409430 0.517422 -0.588047

img_south/image_south_1_0039.png 194.319978 -7.620592 1.361171 0.472933 0.389336 0.532623 -0.584008

img_south/image_south_1_0040.png 193.488506 -7.950644 1.390321 0.474468 0.425690 0.514663 -0.573403

img_south/image_south_1_0041.png 192.711570 -8.208090 1.392744 0.462483 0.424850 0.531799 -0.568157

img_south/image_south_1_0042.png 191.809015 -8.446136 1.406900 0.461237 0.433226 0.536635 -0.558211

img_south/image_south_1_0043.png 191.012220 -8.751353 1.404765 0.453610 0.422050 0.551544 -0.558489

img_south/image_south_1_0044.png 190.252188 -9.071215 1.395698 0.451888 0.432569 0.542447 -0.560743

img_south/image_south_1_0045.png 189.416170 -9.324082 1.391910 0.461714 0.430333 0.536997 -0.559705

img_south/image_south_1_0046.png 188.582155 -9.558812 1.382580 0.467424 0.441432 0.535482 -0.547642

img_south/image_south_1_0047.png 187.774493 -9.814615 1.395203 0.463964 0.429868 0.545885 -0.549510

img_south/image_south_1_0048.png 186.988805 -10.088360 1.386381 0.478106 0.444799 0.523945 -0.546855

img_south/image_south_1_0049.png 186.197466 -10.368589 1.349330 0.464206 0.457633 0.534068 -0.538382

img_south/image_south_1_0050.png 185.380317 -10.662657 1.346763 0.468269 0.459537 0.536905 -0.530362

img_south/image_south_1_0051.png 184.594858 -10.919754 1.363584 0.469294 0.452182 0.524181 -0.548205

img_south/image_south_1_0052.png 183.801766 -11.177215 1.345268 0.473758 0.451755 0.531013 -0.538049

img_south/image_south_1_0053.png 183.015370 -11.401395 1.375503 0.483366 0.466330 0.506938 -0.540286

img_south/image_south_1_0054.png 182.288554 -11.623046 1.362029 0.478525 0.462469 0.497490 -0.556454

img_south/image_south_1_0055.png 181.375591 -11.862320 1.414724 0.482865 0.459584 0.517905 -0.536096

img_south/image_south_1_0056.png 180.693918 -12.068461 1.365659 0.482811 0.436131 0.534392 -0.539544

img_south/image_south_1_0057.png 179.922328 -12.368917 1.402915 0.485400 0.452793 0.509721 -0.547313

img_south/image_south_1_0058.png 179.105310 -12.588388 1.405576 0.464770 0.440617 0.529754 -0.556064

img_south/image_south_1_0059.png 178.295097 -12.794487 1.424451 0.467031 0.448906 0.534980 -0.542367

img_south/image_south_1_0060.png 177.472575 -13.102696 1.458467 0.483009 0.457050 0.528748 -0.527479

img_south/image_south_1_0061.png 176.689681 -13.299281 1.453890 0.498363 0.458663 0.522356 -0.518081

img_south/image_south_1_0062.png 175.921968 -13.533298 1.432898 0.496519 0.472032 0.522351 -0.507743

img_south/image_south_1_0063.png 175.096401 -13.713277 1.447515 0.490372 0.493426 0.514186 -0.501678

img_south/image_south_1_0064.png 174.392539 -13.889901 1.455578 0.487414 0.472935 0.522354 -0.515663

img_south/image_south_1_0065.png 173.595391 -14.134375 1.436104 0.501133 0.485929 0.518403 -0.493962

img_south/image_south_1_0066.png 172.846422 -14.340461 1.460087 0.506043 0.497326 0.505458 -0.491019

img_south/image_south_1_0067.png 172.035436 -14.568569 1.451772 0.496240 0.500522 0.497027 -0.506152

img_south/image_south_1_0068.png 171.245892 -14.741522 1.449299 0.502236 0.494366 0.511168 -0.492007

img_south/image_south_1_0069.png 170.444299 -14.919410 1.450421 0.500909 0.498337 0.510300 -0.490250

img_south/image_south_1_0070.png 169.640400 -15.109184 1.442047 0.509126 0.493181 0.515726 -0.481239

img_south/image_south_1_0071.png 168.820895 -15.297358 1.432618 0.496958 0.498798 0.514906 -0.488984

img_south/image_south_1_0072.png 168.010388 -15.455226 1.455131 0.516758 0.498454 0.497068 -0.487268

img_south/image_south_1_0073.png 167.276241 -15.667625 1.458480 0.525791 0.480730 0.492604 -0.499784

img_south/image_south_1_0074.png 166.432065 -15.858805 1.449568 0.531180 0.504653 0.470993 -0.491264

img_south/image_south_1_0075.png 165.695060 -16.058504 1.425329 0.516296 0.505546 0.488263 -0.489349

img_south/image_south_1_0076.png 164.836891 -16.214717 1.420952 0.529323 0.502279 0.470348 -0.496294

img_south/image_south_1_0077.png 164.048685 -16.366479 1.407889 0.529414 0.506963 0.487056 -0.474855

img_south/image_south_1_0078.png 163.247025 -16.513135 1.434782 0.536488 0.528266 0.467339 -0.463369

img_south/image_south_1_0079.png 162.512887 -16.668424 1.442774 0.539214 0.521147 0.469380 -0.466194

img_south/image_south_1_0080.png 161.690424 -16.835866 1.455932 0.528059 0.527957 0.468765 -0.471886

img_south/image_south_1_0081.png 160.907198 -16.966128 1.469361 0.540829 0.514721 0.472849 -0.467954

img_south/image_south_1_0082.png 160.128390 -17.133464 1.475443 0.527647 0.529996 0.471331 -0.467483

img_south/image_south_1_0083.png 159.391699 -17.271418 1.473868 0.539489 0.520247 0.477359 -0.458720

img_south/image_south_1_0084.png 158.605894 -17.381198 1.478088 0.537706 0.534418 0.457928 -0.464297

img_south/image_south_1_0085.png 157.885752 -17.491105 1.482586 0.536765 0.542718 0.451762 -0.461792

img_south/image_south_1_0086.png 157.110817 -17.590286 1.488235 0.523961 0.546740 0.456196 -0.467361

img_south/image_south_1_0087.png 156.379675 -17.638005 1.495161 0.532890 0.508514 0.463056 -0.492972

img_south/image_south_1_0088.png 155.561623 -17.680539 1.486292 0.552088 0.519451 0.444553 -0.477224

img_south/image_south_1_0089.png 154.711843 -17.593647 1.498786 0.555113 0.532255 0.431089 -0.471929

img_south/image_south_1_0090.png 153.947509 -17.629412 1.490640 0.560113 0.538861 0.414492 -0.473391

img_south/image_south_1_0091.png 153.121024 -17.537098 1.506628 0.561959 0.540575 0.418494 -0.465667

img_south/image_south_1_0092.png 152.294126 -17.571714 1.493169 0.554003 0.501690 0.445526 -0.492842

img_south/image_south_1_0093.png 151.437134 -17.586664 1.479784 0.542938 0.508054 0.441903 -0.501818

img_south/image_south_1_0094.png 150.590112 -17.731740 1.472427 0.541669 0.495078 0.459007 -0.500806

img_south/image_south_1_0095.png 149.691567 -17.869996 1.468321 0.545511 0.514221 0.440205 -0.494182

img_south/image_south_1_0096.png 148.880774 -18.047700 1.465273 0.562129 0.513439 0.430626 -0.484719

img_south/image_south_1_0097.png 147.991241 -18.170933 1.454744 0.550337 0.544822 0.405962 -0.485277

img_south/image_south_1_0098.png 147.191173 -18.272872 1.460782 0.554079 0.534783 0.411599 -0.487433

img_south/image_south_1_0099.png 146.370284 -18.262482 1.447849 0.550969 0.551815 0.406678 -0.475970

img_south/image_south_1_0100.png 145.525990 -18.259852 1.465235 0.549650 0.539792 0.412572 -0.486101

img_south/image_south_1_0101.png 144.849003 -18.279799 1.490147 0.572530 0.541252 0.393446 -0.473768

img_south/image_south_1_0102.png 143.993542 -18.279493 1.467707 0.567482 0.532074 0.404600 -0.480792

img_south/image_south_1_0103.png 143.169970 -18.231149 1.469502 0.564980 0.560125 0.386148 -0.466849

img_south/image_south_1_0104.png 142.443264 -18.213927 1.479615 0.560946 0.559040 0.385872 -0.473199

img_south/image_south_1_0105.png 141.649796 -18.184358 1.481741 0.569554 0.559145 0.376949 -0.469973

img_south/image_south_1_0106.png 140.729944 -18.104671 1.478494 0.578126 0.529171 0.382986 -0.488949

img_south/image_south_1_0107.png 139.931794 -18.197132 1.503103 0.575782 0.525203 0.377500 -0.500131

img_south/image_south_1_0108.png 139.149171 -18.376425 1.471999 0.532046 0.506481 0.433175 -0.522269

img_south/image_south_1_0109.png 138.327780 -18.496333 1.489376 0.517681 0.542374 0.425913 -0.506394

img_south/image_south_1_0110.png 137.444976 -18.442770 1.482907 0.555262 0.541476 0.413000 -0.477410

img_south/image_south_1_0111.png 136.666069 -18.336284 1.495516 0.583261 0.542927 0.397529 -0.454982

img_south/image_south_1_0112.png 135.848118 -18.061664 1.503962 0.585004 0.543627 0.392566 -0.456216

img_south/image_south_1_0113.png 135.096564 -17.869793 1.514816 0.578528 0.556049 0.386073 -0.455043

img_south/image_south_1_0114.png 134.309374 -17.651349 1.523133 0.571027 0.559425 0.398688 -0.449467

img_south/image_south_1_0115.png 133.520052 -17.441980 1.510637 0.570672 0.563084 0.388336 -0.454384

img_south/image_south_1_0116.png 132.704500 -17.243113 1.517987 0.571971 0.558353 0.414657 -0.434915

img_south/image_south_1_0117.png 131.946202 -17.089968 1.527288 0.572563 0.549138 0.411210 -0.448917

img_south/image_south_1_0118.png 131.236224 -16.918117 1.522106 0.575578 0.550005 0.385789 -0.466231

img_south/image_south_1_0119.png 130.414843 -16.793528 1.498564 0.569765 0.560405 0.401285 -0.447534

img_south/image_south_1_0120.png 129.623096 -16.644671 1.485541 0.554286 0.563257 0.403520 -0.461173

img_south/image_south_1_0121.png 128.847575 -16.653674 1.456635 0.556773 0.548897 0.420180 -0.460614

img_south/image_south_1_0122.png 128.021438 -16.607167 1.433138 0.552096 0.571010 0.412655 -0.445929

img_south/image_south_1_0123.png 127.160678 -16.645759 1.436760 0.549550 0.581848 0.393008 -0.452761

img_south/image_south_1_0124.png 126.306023 -16.591436 1.394872 0.556849 0.577786 0.389868 -0.451758

img_south/image_south_1_0125.png 125.509808 -16.565052 1.406533 0.573757 0.546656 0.411367 -0.450276

img_south/image_south_1_0126.png 124.690429 -16.439496 1.401520 0.556153 0.564719 0.389539 -0.469090

img_south/image_south_1_0127.png 123.838860 -16.324669 1.396626 0.554133 0.565567 0.396781 -0.464366

img_south/image_south_1_0128.png 122.965860 -16.174316 1.372590 0.546259 0.585885 0.393612 -0.451010

img_south/image_south_1_0129.png 122.159149 -16.062184 1.360764 0.547585 0.566309 0.424264 -0.446593

img_south/image_south_1_0130.png 121.290772 -15.944481 1.356663 0.565189 0.563476 0.410199 -0.441353

img_south/image_south_1_0131.png 120.464140 -15.805066 1.332443 0.552571 0.565470 0.423869 -0.441865

img_south/image_south_1_0132.png 119.675257 -15.751971 1.323799 0.574863 0.551143 0.406472 -0.447833

img_south/image_south_1_0133.png 118.877699 -15.632271 1.303152 0.565375 0.552816 0.406127 -0.458046

img_south/image_south_1_0134.png 117.988829 -15.513371 1.299935 0.576892 0.549404 0.405921 -0.447861

img_south/image_south_1_0135.png 117.177815 -15.429047 1.294646 0.571048 0.542757 0.414871 -0.455195

img_south/image_south_1_0136.png 116.445682 -15.325738 1.267635 0.574274 0.546179 0.408977 -0.452366

img_south/image_south_1_0137.png 115.713693 -15.208082 1.253551 0.563496 0.556036 0.407594 -0.455153

img_south/image_south_1_0138.png 115.001609 -15.085994 1.252146 0.562439 0.560942 0.400435 -0.456791

img_south/image_south_1_0139.png 114.292165 -15.013493 1.262116 0.562700 0.538160 0.421414 -0.464934

img_south/image_south_1_0140.png 113.580576 -14.933683 1.263239 0.575164 0.552646 0.404068 -0.447771

img_south/image_south_1_0141.png 112.946158 -14.785128 1.255156 0.580745 0.554207 0.400747 -0.441581

img_south/image_south_1_0142.png 112.227973 -14.648464 1.273517 0.592397 0.564152 0.379710 -0.431994

img_south/image_south_1_0143.png 111.503986 -14.461425 1.288291 0.584013 0.551009 0.400827 -0.441199

img_south/image_south_1_0144.png 110.814324 -14.288834 1.302169 0.560233 0.554296 0.408586 -0.460383

img_south/image_south_1_0145.png 110.200486 -14.226895 1.309730 0.550273 0.534218 0.433939 -0.472767

img_south/image_south_1_0146.png 109.488548 -14.198905 1.337471 0.575611 0.549026 0.404722 -0.451047

img_south/image_south_1_0147.png 108.768009 -14.146990 1.317430 0.569317 0.536481 0.419727 -0.460321

img_south/image_south_1_0148.png 108.046552 -14.181592 1.314846 0.569164 0.551323 0.418430 -0.443860

img_south/image_south_1_0149.png 107.315421 -14.130129 1.294794 0.549275 0.555897 0.424172 -0.457553

img_south/image_south_1_0150.png 106.583919 -14.172165 1.280547 0.543209 0.549356 0.437953 -0.459706

img_south/image_south_1_0151.png 105.817053 -14.109917 1.289299 0.551247 0.553510 0.413081 -0.468101

img_south/image_south_1_0152.png 105.060961 -14.137513 1.287426 0.555845 0.558232 0.409521 -0.460117

img_south/image_south_1_0153.png 104.277857 -14.013968 1.290551 0.566923 0.567088 0.388843 -0.453663

img_south/image_south_1_0154.png 103.522673 -13.863710 1.316423 0.578192 0.550851 0.397621 -0.451836

img_south/image_south_1_0155.png 102.854247 -13.674522 1.313142 0.586036 0.549919 0.392646 -0.447190

img_south/image_south_1_0156.png 102.105552 -13.498475 1.298019 0.589051 0.543635 0.405803 -0.439094

img_south/image_south_1_0157.png 101.419155 -13.264421 1.312941 0.572911 0.554972 0.408074 -0.444133

img_south/image_south_1_0158.png 100.718397 -13.082466 1.322250 0.566037 0.556266 0.416743 -0.443279

img_south/image_south_1_0159.png 100.024140 -12.925926 1.333528 0.564449 0.567411 0.406587 -0.440602

img_south/image_south_1_0160.png 99.317486 -12.827873 1.342350 0.554589 0.560523 0.434032 -0.435733

img_south/image_south_1_0161.png 98.724004 -12.723644 1.346887 0.558024 0.567304 0.419517 -0.436786

img_south/image_south_1_0162.png 98.022838 -12.636072 1.353748 0.559838 0.563830 0.418919 -0.439528

img_south/image_south_1_0163.png 97.361216 -12.505363 1.363915 0.561788 0.562216 0.405024 -0.451956

img_south/image_south_1_0164.png 96.630134 -12.392270 1.344888 0.565297 0.546455 0.413255 -0.459399

img_south/image_south_1_0165.png 95.915765 -12.297355 1.368054 0.568744 0.552715 0.406768 -0.453405

img_south/image_south_1_0166.png 95.229603 -12.116365 1.370166 0.566044 0.560191 0.399034 -0.454482

img_south/image_south_1_0167.png 94.484951 -12.007302 1.373980 0.570136 0.559845 0.406800 -0.442756

img_south/image_south_1_0168.png 93.805182 -11.821163 1.377757 0.583279 0.551457 0.380727 -0.459052

img_south/image_south_1_0169.png 93.048834 -11.679131 1.378720 0.575903 0.552959 0.396855 -0.452855

img_south/image_south_1_0170.png 92.306232 -11.450030 1.380858 0.582186 0.557826 0.402892 -0.433091

img_south/image_south_1_0171.png 91.644346 -11.286965 1.365132 0.585780 0.544071 0.407995 -0.440896

img_south/image_south_1_0172.png 90.995522 -11.157970 1.339342 0.573365 0.558487 0.404186 -0.442696

img_south/image_south_1_0173.png 90.267023 -10.970710 1.332374 0.575317 0.555403 0.413733 -0.435158

img_south/image_south_1_0174.png 89.548290 -10.777163 1.338020 0.580161 0.563609 0.390785 -0.439368

img_south/image_south_1_0175.png 88.815578 -10.602597 1.329172 0.574016 0.562268 0.396652 -0.443876

img_south/image_south_1_0176.png 88.094032 -10.454698 1.319852 0.567537 0.564415 0.398369 -0.447928

img_south/image_south_1_0177.png 87.317505 -10.291471 1.311293 0.553773 0.560531 0.422575 -0.447853

img_south/image_south_1_0178.png 86.590468 -10.142828 1.309942 0.543134 0.568325 0.421971 -0.451611

img_south/image_south_1_0179.png 85.873564 -9.979639 1.317849 0.546836 0.554693 0.416758 -0.468613

img_south/image_south_1_0180.png 85.157912 -9.863817 1.312766 0.535548 0.563424 0.409512 -0.477538

img_south/image_south_1_0181.png 84.397835 -9.714034 1.321392 0.530344 0.576736 0.411377 -0.465703

img_south/image_south_1_0182.png 83.708515 -9.599106 1.334347 0.561956 0.554337 0.407776 -0.458949

img_south/image_south_1_0183.png 82.996399 -9.445443 1.341643 0.557343 0.543532 0.426941 -0.460070

img_south/image_south_1_0184.png 82.325340 -9.356887 1.340035 0.559369 0.552719 0.420660 -0.452386

img_south/image_south_1_0185.png 81.621740 -9.202847 1.352850 0.544054 0.551304 0.421781 -0.471350

img_south/image_south_1_0186.png 80.962786 -9.151345 1.347321 0.548653 0.536215 0.427318 -0.478385

img_south/image_south_1_0187.png 80.228235 -9.057056 1.345273 0.550694 0.544371 0.428217 -0.465861

img_south/image_south_1_0188.png 79.524096 -8.965635 1.320430 0.556755 0.548622 0.428391 -0.453342

img_south/image_south_1_0189.png 78.811775 -8.827324 1.319851 0.550478 0.553097 0.424267 -0.459409

img_south/image_south_1_0190.png 78.131418 -8.727499 1.316486 0.548068 0.549105 0.427624 -0.463944

img_south/image_south_1_0191.png 77.429112 -8.718401 1.292039 0.552679 0.542020 0.426981 -0.467384

img_south/image_south_1_0192.png 76.592756 -8.659651 1.289590 0.554603 0.538087 0.426184 -0.470367

img_south/image_south_1_0193.png 75.949907 -8.669343 1.263286 0.536419 0.552015 0.422858 -0.478253

img_south/image_south_1_0194.png 75.204223 -8.589231 1.259633 0.551304 0.527285 0.434807 -0.478518

img_south/image_south_1_0195.png 74.433885 -8.500827 1.241650 0.556715 0.551012 0.409000 -0.468160

img_south/image_south_1_0196.png 73.628232 -8.334904 1.227153 0.547719 0.545684 0.427393 -0.468581

img_south/image_south_1_0197.png 72.852683 -8.227241 1.204112 0.554356 0.574909 0.414802 -0.436015

img_south/image_south_1_0198.png 72.083546 -8.043397 1.248170 0.561909 0.564295 0.415087 -0.439925

img_south/image_south_1_0199.png 71.327932 -7.905823 1.240005 0.557911 0.572200 0.410575 -0.439035

img_south/image_south_1_0200.png 70.506465 -7.764162 1.250282 0.560694 0.558266 0.424185 -0.440487

img_south/image_south_1_0201.png 69.712329 -7.634707 1.258197 0.561353 0.551911 0.425254 -0.446584

img_south/image_south_1_0202.png 68.913338 -7.511644 1.256627 0.550665 0.554479 0.432933 -0.449323

img_south/image_south_1_0203.png 68.141007 -7.383811 1.262786 0.530241 0.573127 0.429052 -0.454186

img_south/image_south_1_0204.png 67.423862 -7.300166 1.293083 0.552475 0.548592 0.429301 -0.457733

img_south/image_south_1_0205.png 66.634650 -7.270573 1.292737 0.549140 0.551996 0.420580 -0.465682

img_south/image_south_1_0206.png 65.813278 -7.281267 1.298619 0.554159 0.538298 0.430278 -0.466908

img_south/image_south_1_0207.png 64.991429 -7.369099 1.327995 0.544185 0.547703 0.428739 -0.469114

img_south/image_south_1_0208.png 64.192885 -7.431351 1.362343 0.560631 0.550291 0.421616 -0.452893

img_south/image_south_1_0209.png 63.433882 -7.387707 1.358071 0.562668 0.557034 0.412213 -0.450775

img_south/image_south_1_0210.png 62.629881 -7.228732 1.347759 0.562894 0.593293 0.392155 -0.421150

img_south/image_south_1_0211.png 61.959206 -7.158085 1.364965 0.569150 0.570893 0.394394 -0.441137

img_south/image_south_1_0212.png 61.256836 -7.045135 1.351042 0.575815 0.561463 0.391101 -0.447479

img_south/image_south_1_0213.png 60.427034 -7.004317 1.325317 0.574501 0.557598 0.397085 -0.448728

img_south/image_south_1_0214.png 59.608546 -6.922980 1.314912 0.574049 0.560624 0.400801 -0.442184

img_south/image_south_1_0215.png 58.885542 -6.854289 1.310353 0.555317 0.563000 0.419991 -0.445266

img_south/image_south_1_0216.png 58.135388 -6.809697 1.288709 0.555085 0.567422 0.429971 -0.430161

img_south/image_south_1_0217.png 57.449798 -6.734117 1.302379 0.573602 0.556635 0.420084 -0.429729

img_south/image_south_1_0218.png 56.691559 -6.610685 1.289493 0.604182 0.530773 0.380045 -0.456957

img_south/image_south_1_0219.png 55.952365 -6.535568 1.291550 0.616993 0.519581 0.403100 -0.432280

img_south/image_south_1_0220.png 55.112896 -6.385395 1.304521 0.617994 0.526057 0.395699 -0.429849

img_south/image_south_1_0221.png 54.390511 -6.227968 1.272657 0.610721 0.530881 0.399455 -0.430837

img_south/image_south_1_0222.png 53.630948 -6.070235 1.272652 0.616138 0.555744 0.375408 -0.413028

img_south/image_south_1_0223.png 52.894211 -5.951802 1.236451 0.602404 0.540461 0.397180 -0.432733

img_south/image_south_1_0233.png 46.565789 -5.121306 1.180202 0.614369 0.556134 0.390885 -0.400594

img_south/image_south_1_0234.png 45.749172 -4.997553 1.191062 0.599559 0.561052 0.395449 -0.411545

img_south/image_south_1_0235.png 45.050118 -4.791236 1.176677 0.608716 0.560078 0.389636 -0.404920

img_south/image_south_1_0236.png 44.443494 -4.656115 1.137091 0.615143 0.550368 0.389735 -0.408413

img_south/image_south_1_0237.png 43.619648 -4.396707 1.084695 0.605612 0.564090 0.398881 -0.394880

img_south/image_south_1_0238.png 43.091858 -4.322830 1.058166 0.587078 0.556283 0.427188 -0.404226

img_south/image_south_1_0239.png 42.048782 -4.086645 1.028966 0.608211 0.549347 0.405849 -0.404456

img_south/image_south_1_0240.png 41.464921 -3.996723 1.049541 0.616584 0.538875 0.405472 -0.406240

img_south/image_south_1_0241.png 40.572683 -3.784269 1.048973 0.619522 0.557700 0.372294 -0.408117

img_south/image_south_1_0242.png 39.883603 -3.662604 1.006927 0.626677 0.560306 0.376295 -0.389531

img_south/image_south_1_0243.png 39.081419 -3.507277 1.019880 0.630110 0.583262 0.356851 -0.368001

img_south/image_south_1_0244.png 38.355603 -3.313764 1.013412 0.628278 0.569447 0.379159 -0.370455

img_south/image_south_1_0245.png 37.542746 -3.139548 1.028294 0.630554 0.576317 0.362251 -0.372874

img_south/image_south_1_0246.png 36.866335 -2.941400 0.999082 0.617524 0.568299 0.383692 -0.385332

img_south/image_south_1_0247.png 35.949353 -2.762143 1.056808 0.625261 0.580619 0.365558 -0.371883

img_south/image_south_1_0248.png 35.262675 -2.488304 1.014265 0.627947 0.562420 0.371723 -0.388830

img_south/image_south_1_0249.png 34.597880 -2.272331 1.055545 0.627958 0.579242 0.365768 -0.369270

img_south/image_south_1_0250.png 33.799030 -2.012230 1.163619 0.602776 0.564197 0.395106 -0.402783

img_south/image_south_1_0251.png 32.952723 -1.753091 1.094480 0.618106 0.564622 0.379683 -0.393685

img_south/image_south_1_0252.png 32.346898 -1.437196 1.105394 0.614105 0.551258 0.392086 -0.406519

img_south/image_south_1_0254.png 30.481053 -0.629283 1.118955 0.600757 0.549453 0.395998 -0.424711

img_south/image_south_1_0255.png 29.647021 -0.253669 1.056583 0.610928 0.548017 0.391769 -0.415888

img_south/image_south_1_0256.png 28.743836 0.122673 1.057978 0.580380 0.580895 0.398861 -0.408204

img_south/image_south_1_0257.png 28.106672 0.364377 1.019505 0.569228 0.581526 0.416397 -0.405488

img_south/image_south_1_0258.png 27.593677 0.551300 1.049891 0.557106 0.587987 0.428368 -0.400506

img_south/image_south_1_0259.png 26.855350 0.830955 1.073088 0.569385 0.575404 0.424772 -0.405315

img_south/image_south_1_0260.png 26.307637 1.130205 1.090042 0.572681 0.576048 0.401389 -0.423194

img_south/image_south_1_0261.png 25.463236 1.501636 1.037740 0.566089 0.561197 0.413372 -0.440144

img_south/image_south_1_0262.png 24.958415 1.804031 0.954100 0.564699 0.586314 0.401654 -0.419554

img_south/image_south_1_0263.png 24.147950 2.223527 1.013075 0.570173 0.578124 0.400377 -0.424704

img_south/image_south_1_0264.png 23.469669 2.536648 0.957409 0.559180 0.599418 0.402437 -0.407504

img_south/image_south_1_0265.png 22.790732 2.771300 0.947862 0.514795 0.589891 0.444614 -0.435123

img_south/image_south_1_0266.png 21.987258 2.944937 0.974636 0.520579 0.580176 0.440705 -0.445165

img_south/image_south_1_0267.png 21.208355 3.107526 0.944258 0.510691 0.560108 0.462353 -0.460112

img_south/image_south_1_0268.png 20.460761 3.294824 1.007113 0.516824 0.567021 0.437203 -0.469291

img_south/image_south_1_0269.png 19.784137 3.541777 0.973609 0.514814 0.519020 0.488348 -0.476553

img_south/image_south_1_0270.png 19.031848 3.875671 0.963372 0.500448 0.547286 0.486701 -0.461683

img_south/image_south_1_0271.png 18.264616 4.173857 0.949183 0.487536 0.526855 0.512009 -0.471784

img_south/image_south_1_0272.png 17.549440 4.394239 0.929751 0.464237 0.513164 0.521259 -0.499435

img_south/image_south_1_0273.png 16.784930 4.524062 0.943926 0.446191 0.500211 0.543163 -0.505645

img_south/image_south_1_0274.png 16.031901 4.600975 0.940388 0.479185 0.493224 0.531342 -0.494761

img_south/image_south_1_0275.png 15.248989 4.625911 0.929935 0.469173 0.482644 0.527031 -0.518817

img_south/image_south_1_0276.png 14.452688 4.545879 0.930524 0.469453 0.499278 0.523324 -0.506427

img_south/image_south_1_0277.png 13.753201 4.544546 0.903174 0.480064 0.485121 0.518556 -0.515068

img_south/image_south_1_0278.png 12.978922 4.436136 0.889340 0.479862 0.477148 0.523572 -0.517623

img_south/image_south_1_0279.png 12.301977 4.346361 0.911036 0.489822 0.463303 0.503450 -0.540336

img_south/image_south_1_0280.png 11.405744 4.258636 0.916837 0.487276 0.466922 0.506663 -0.536505

img_south/image_south_1_0281.png 10.897089 4.283999 0.898373 0.487890 0.466742 0.496860 -0.545203

img_south/image_south_1_0282.png 10.071339 4.233155 0.917247 0.476085 0.472269 0.513407 -0.535462

img_south/image_south_1_0283.png 9.265527 4.230138 0.941852 0.466276 0.477365 0.528861 -0.524420

img_south/image_south_1_0284.png 8.599450 4.236068 0.866520 0.464149 0.464791 0.540149 -0.526092

img_south/image_south_1_0285.png 7.834688 4.146522 0.861007 0.459138 0.491210 0.542113 -0.504003

img_south/image_south_1_0286.png 7.103905 4.070508 0.889482 0.454428 0.469920 0.554537 -0.514937

img_south/image_south_1_0287.png 6.387088 3.978752 0.907130 0.460660 0.480647 0.540576 -0.514344

img_south/image_south_1_0288.png 5.694753 3.898269 0.880877 0.455694 0.469621 0.547253 -0.521837

img_south/image_south_1_0289.png 4.930785 3.782308 0.903649 0.465252 0.486381 0.534230 -0.511442

img_south/image_south_1_0290.png 4.309872 3.757596 0.896068 0.473144 0.474625 0.523863 -0.525770

img_south/image_south_1_0291.png 3.107753 3.450949 0.906608 0.469117 0.480225 0.531205 -0.516852

img_south/image_south_1_0292.png 2.790195 3.562754 0.911828 0.460841 0.477321 0.534977 -0.523058

img_south/image_south_1_0293.png 1.912341 3.372408 0.894625 0.467083 0.474138 0.533238 -0.522192

img_south/image_south_1_0294.png 1.111710 3.233955 0.842724 0.453846 0.467392 0.550682 -0.521841

img_south/image_south_1_0295.png 0.333757 3.046564 0.862907 0.462470 0.446795 0.546588 -0.536411

img_south/image_south_1_0296.png -0.355961 2.908937 0.845760 0.472395 0.458150 0.524992 -0.539745

img_south/image_south_1_0297.png -1.160542 2.701609 0.865859 0.473771 0.468207 0.536763 -0.517890

img_south/image_south_1_0298.png -1.863865 2.591244 0.879696 0.489285 0.492764 0.509004 -0.508624

img_south/image_south_1_0299.png -2.538198 2.489621 0.913596 0.491469 0.502359 0.510524 -0.495438

img_south/image_south_1_0300.png -3.232808 2.399495 0.951879 0.492173 0.508045 0.488618 -0.510792

img_south/image_south_1_0301.png -3.893263 2.311537 0.906617 0.496541 0.508771 0.491059 -0.503449

img_south/image_south_1_0302.png -4.610324 2.195061 0.972103 0.476159 0.541829 0.497064 -0.482307

img_south/image_south_1_0303.png -5.329834 2.114036 0.947701 0.505825 0.522997 0.480873 -0.489261

img_south/image_south_1_0304.png -6.102315 2.015369 0.910137 0.519660 0.522329 0.477355 -0.478809

img_south/image_south_1_0305.png -6.826658 1.988869 0.920878 0.484818 0.524241 0.529450 -0.458045

img_south/image_south_1_0306.png -7.590554 1.908527 0.909243 0.474538 0.546832 0.525305 -0.447038

img_south/image_south_1_0307.png -8.372937 1.911052 0.898205 0.468732 0.559744 0.543302 -0.414488

img_south/image_south_1_0308.png -9.117808 1.940647 0.891850 0.481336 0.569141 0.510531 -0.428664

img_south/image_south_1_0309.png -9.871975 2.022835 0.857768 0.479383 0.579385 0.515856 -0.410363

img_south/image_south_1_0310.png -10.594667 2.043196 0.856689 0.482808 0.568466 0.506824 -0.432287

img_south/image_south_1_0311.png -11.325468 2.024164 0.865488 0.460754 0.559084 0.511723 -0.461811

img_south/image_south_1_0312.png -12.106189 1.964909 0.885861 0.509313 0.548786 0.481159 -0.455983

img_south/image_south_1_0313.png -12.846784 1.929146 0.880215 0.502320 0.534647 0.491831 -0.468968

img_south/image_south_1_0314.png -13.602952 1.839745 0.880477 0.493276 0.547702 0.480714 -0.474989

img_south/image_south_1_0315.png -14.285822 1.795822 0.892363 0.505622 0.546435 0.471881 -0.472318

img_south/image_south_1_0316.png -15.096428 1.767783 0.899531 0.510473 0.551780 0.469765 -0.462902

img_south/image_south_1_0317.png -15.833423 1.758435 0.920489 0.514443 0.550581 0.476296 -0.453157

img_south/image_south_1_0318.png -16.611204 1.785641 0.907926 0.518926 0.551638 0.465352 -0.458103

img_south/image_south_1_0319.png -17.303447 1.827120 0.894484 0.526501 0.574824 0.443562 -0.442296

img_south/image_south_1_0320.png -18.143234 1.985959 0.882041 0.517876 0.580513 0.454980 -0.433362

img_south/image_south_1_0321.png -18.911146 2.184652 0.871509 0.524086 0.599700 0.437904 -0.417054

img_south/image_south_1_0322.png -19.650314 2.430239 0.893674 0.532367 0.603373 0.431717 -0.407612

img_south/image_south_1_0323.png -20.387752 2.680709 0.886175 0.530036 0.624215 0.418913 -0.392338

img_south/image_south_1_0324.png -21.180710 2.925548 0.896496 0.527695 0.593218 0.451042 -0.407666

img_south/image_south_1_0325.png -21.944738 3.127687 0.881727 0.521869 0.607081 0.444604 -0.401788

img_south/image_south_1_0326.png -22.744022 3.292946 0.927156 0.512910 0.579232 0.469647 -0.425260

img_south/image_south_1_0327.png -23.493515 3.387609 0.923764 0.489861 0.590306 0.477157 -0.428831

img_south/image_south_1_0328.png -24.285967 3.498710 0.950709 0.486759 0.580332 0.492481 -0.428654

img_south/image_south_1_0329.png -25.062867 3.615865 0.929443 0.487920 0.613053 0.472033 -0.404087

img_south/image_south_1_0330.png -25.820948 3.678496 0.930022 0.484338 0.599753 0.479493 -0.419284

img_south/image_south_1_0331.png -26.571435 3.821315 0.974475 0.489424 0.601637 0.466834 -0.424929

img_south/image_south_1_0332.png -27.309820 3.940700 0.986970 0.498759 0.587800 0.469005 -0.431004

img_south/image_south_1_0333.png -28.094042 4.077970 0.991693 0.489679 0.590842 0.484255 -0.420259

img_south/image_south_1_0334.png -28.882069 4.186260 0.994077 0.504065 0.563585 0.482639 -0.441984

img_south/image_south_1_0335.png -29.605708 4.321118 1.005816 0.513750 0.560444 0.472076 -0.446216

img_south/image_south_1_0336.png -30.449305 4.477078 1.010932 0.509631 0.562559 0.463158 -0.457481

img_south/image_south_1_0337.png -31.175170 4.591548 1.008921 0.514603 0.548418 0.470000 -0.462085

img_south/image_south_1_0338.png -31.980042 4.740026 1.014956 0.509286 0.560152 0.468270 -0.455612

img_south/image_south_1_0339.png -32.747612 4.804659 1.025158 0.492946 0.562818 0.467038 -0.471292

img_south/image_south_1_0340.png -33.524246 4.898584 1.032071 0.497953 0.580665 0.455925 -0.454977

img_south/image_south_1_0341.png -34.327761 5.082481 1.014117 0.500478 0.585388 0.452831 -0.449208

img_south/image_south_1_0342.png -35.025356 5.200217 1.020590 0.511884 0.561276 0.457665 -0.462049

img_south/image_south_1_0343.png -35.846909 5.230991 1.046231 0.514024 0.539508 0.479060 -0.463910

img_south/image_south_1_0344.png -36.590624 5.272897 1.061866 0.519701 0.537902 0.464208 -0.474431

img_south/image_south_1_0345.png -37.407707 5.264703 1.057088 0.513218 0.538680 0.470154 -0.474750

img_south/image_south_1_0346.png -38.104329 5.311315 1.046883 0.513014 0.558881 0.464955 -0.456384

img_south/image_south_1_0347.png -38.782174 5.376276 1.069136 0.518035 0.547392 0.469835 -0.459627

img_south/image_south_1_0348.png -39.590349 5.321486 1.104257 0.526364 0.551792 0.451131 -0.463625

img_south/image_south_1_0349.png -40.335861 5.453108 1.107771 0.539630 0.542052 0.462013 -0.448912

img_south/image_south_1_0350.png -41.056723 5.449527 1.131840 0.538391 0.524792 0.465994 -0.466453

img_south/image_south_1_0351.png -41.687118 5.503361 1.131767 0.528339 0.517576 0.474071 -0.477733

img_south/image_south_1_0352.png -42.480265 5.549908 1.126996 0.521595 0.526637 0.467047 -0.482140

img_south/image_south_1_0353.png -43.146421 5.650658 1.134479 0.500211 0.518551 0.492094 -0.488608

img_south/image_south_1_0354.png -43.975993 5.742958 1.139268 0.495586 0.548130 0.484461 -0.468237

img_south/image_south_1_0355.png -44.633148 5.840505 1.140711 0.489196 0.528594 0.512099 -0.468005

img_south/image_south_1_0356.png -45.361305 5.971780 1.148725 0.486193 0.546996 0.493774 -0.469681

img_south/image_south_1_0357.png -46.075060 6.069066 1.134153 0.477521 0.536836 0.506955 -0.476214

img_south/image_south_1_0358.png -46.829710 6.141860 1.165683 0.493207 0.545855 0.489919 -0.467728

img_south/image_south_1_0359.png -47.532483 6.229690 1.173474 0.491430 0.539109 0.490950 -0.476264

img_south/image_south_1_0360.png -48.251994 6.326290 1.179897 0.502004 0.534283 0.491004 -0.470583

img_south/image_south_1_0361.png -48.933372 6.403047 1.162028 0.490481 0.535552 0.490327 -0.481864

img_south/image_south_1_0362.png -49.689119 6.506132 1.156588 0.513154 0.543441 0.482448 -0.456715

img_south/image_south_1_0363.png -50.413681 6.606444 1.154407 0.513807 0.542148 0.481715 -0.458287

img_south/image_south_1_0364.png -51.128927 6.658634 1.158336 0.513182 0.535438 0.493931 -0.453852

img_south/image_south_1_0365.png -51.916805 6.699203 1.140119 0.498839 0.552552 0.497396 -0.445471

img_south/image_south_1_0366.png -52.623419 6.712603 1.141128 0.508216 0.525105 0.509152 -0.454692

img_south/image_south_1_0367.png -53.224328 6.741793 1.175204 0.508259 0.537213 0.499406 -0.451297

img_south/image_south_1_0368.png -53.926653 6.719232 1.191870 0.501865 0.520213 0.504678 -0.472028

img_south/image_south_1_0369.png -54.633401 6.775682 1.186663 0.492907 0.551400 0.494996 -0.456050

img_south/image_south_1_0370.png -55.432043 6.724065 1.203369 0.494275 0.529022 0.515798 -0.458017

img_south/image_south_1_0371.png -56.127568 6.750806 1.225051 0.484078 0.543713 0.505198 -0.463487

img_south/image_south_1_0372.png -56.784665 6.794436 1.222043 0.485317 0.528109 0.513865 -0.470649

img_south/image_south_1_0373.png -57.524644 6.846627 1.224508 0.481765 0.551315 0.508222 -0.453504

img_south/image_south_1_0374.png -58.254640 6.937351 1.216053 0.475268 0.545885 0.521321 -0.452058

img_south/image_south_1_0375.png -58.998097 7.004750 1.230421 0.502349 0.553210 0.505125 -0.431800

img_south/image_south_1_0376.png -59.711534 7.054980 1.229438 0.499105 0.549029 0.500485 -0.446068

img_south/image_south_1_0377.png -60.407717 7.096211 1.249052 0.499843 0.552476 0.499998 -0.441509

img_south/image_south_1_0378.png -61.188383 7.118074 1.252111 0.501012 0.559673 0.492318 -0.439745

img_south/image_south_1_0379.png -61.922544 7.168068 1.252841 0.514832 0.551546 0.480509 -0.447052

img_south/image_south_1_0380.png -62.609895 7.256277 1.247762 0.494719 0.551111 0.490885 -0.458871

img_south/image_south_1_0381.png -63.335732 7.299518 1.252147 0.523379 0.540846 0.480118 -0.450607

img_south/image_south_1_0382.png -64.134348 7.360530 1.248036 0.518550 0.553578 0.466930 -0.454569

img_south/image_south_1_0383.png -64.799073 7.452286 1.251024 0.512927 0.556151 0.483326 -0.440451

img_south/image_south_1_0384.png -65.533688 7.519060 1.225165 0.499689 0.555761 0.484631 -0.454504

img_south/image_south_1_0385.png -66.241252 7.538607 1.220067 0.492719 0.545256 0.501756 -0.456254

img_south/image_south_1_0386.png -66.893640 7.558207 1.234023 0.499946 0.551401 0.495725 -0.447514

img_south/image_south_1_0387.png -67.505653 7.578477 1.223428 0.499067 0.542995 0.504222 -0.449276

img_south/image_south_1_0388.png -68.300271 7.556564 1.255146 0.503261 0.557747 0.487045 -0.445462

img_south/image_south_1_0389.png -68.992423 7.571922 1.263333 0.504756 0.545918 0.498445 -0.445810

img_south/image_south_1_0390.png -69.760856 7.553609 1.272897 0.494003 0.556658 0.490447 -0.453384

img_south/image_south_1_0391.png -70.387399 7.636794 1.267907 0.499515 0.563978 0.496416 -0.431260

img_south/image_south_1_0392.png -71.083082 7.716965 1.284919 0.501128 0.568687 0.491680 -0.428623

img_south/image_south_1_0393.png -71.846727 7.830673 1.265911 0.488664 0.568286 0.509920 -0.422185

img_south/image_south_1_0394.png -72.576653 7.943204 1.264215 0.493325 0.585029 0.503057 -0.401628

img_south/image_south_1_0395.png -73.291002 8.048243 1.258466 0.478236 0.579191 0.516614 -0.411020

img_south/image_south_1_0396.png -74.082378 8.080339 1.294542 0.480387 0.570158 0.526315 -0.408829

img_south/image_south_1_0397.png -74.835982 8.152143 1.262641 0.491372 0.552022 0.511269 -0.438670

img_south/image_south_1_0398.png -75.512941 8.207778 1.278017 0.513530 0.547085 0.483955 -0.450301

img_south/image_south_1_0399.png -76.202426 8.227127 1.231779 0.517574 0.545513 0.471573 -0.460601

img_south/image_south_1_0400.png -76.844850 8.313239 1.284979 0.512320 0.547800 0.477555 -0.457585

img_south/image_south_1_0401.png -77.480830 8.411163 1.293138 0.504482 0.561280 0.468115 -0.459708

img_south/image_south_1_0402.png -78.224452 8.526809 1.279617 0.516416 0.545097 0.472969 -0.460960

img_south/image_south_1_0403.png -78.888228 8.520445 1.245370 0.502215 0.543370 0.483975 -0.467224

img_south/image_south_1_0404.png -79.658519 8.557060 1.286834 0.510859 0.537999 0.478302 -0.469900

img_south/image_south_1_0405.png -80.330753 8.577255 1.287098 0.514463 0.549298 0.464523 -0.466711

img_south/image_south_1_0406.png -81.079712 8.548324 1.288927 0.500949 0.545071 0.474022 -0.476709

img_south/image_south_1_0407.png -81.733712 8.605242 1.276572 0.512460 0.557847 0.471684 -0.451339

img_south/image_south_1_0408.png -82.576590 8.670873 1.297932 0.516271 0.547775 0.480553 -0.449972

img_south/image_south_1_0409.png -83.271188 8.675680 1.292684 0.491887 0.554222 0.484010 -0.465424

img_south/image_south_1_0410.png -84.061903 8.739936 1.288970 0.473821 0.551965 0.503995 -0.465637

img_south/image_south_1_0411.png -84.814693 8.793020 1.307125 0.481361 0.568494 0.483020 -0.460216

img_south/image_south_1_0412.png -85.561767 8.871925 1.324585 0.470442 0.568383 0.490926 -0.463268

img_south/image_south_1_0413.png -86.254656 8.923607 1.320062 0.462330 0.577531 0.492233 -0.458710

img_south/image_south_1_0414.png -87.003888 9.030278 1.328241 0.461021 0.567708 0.485883 -0.478628

img_south/image_south_1_0415.png -87.738762 9.126080 1.318368 0.472245 0.581071 0.476644 -0.460599

img_south/image_south_1_0416.png -88.491330 9.211668 1.317315 0.478942 0.581529 0.462987 -0.466990

img_south/image_south_1_0417.png -89.250871 9.288273 1.325077 0.477209 0.574807 0.472707 -0.467350

img_south/image_south_1_0418.png -90.007697 9.337650 1.304503 0.486214 0.574836 0.473109 -0.457525

img_south/image_south_1_0419.png -90.793737 9.367446 1.300271 0.467562 0.559303 0.496302 -0.471435

img_south/image_south_1_0420.png -91.470804 9.418490 1.292905 0.470622 0.552464 0.498265 -0.474375

img_south/image_south_1_0421.png -92.216102 9.485877 1.306222 0.469016 0.565974 0.485015 -0.473769

img_south/image_south_1_0422.png -92.928568 9.548832 1.286864 0.480682 0.571882 0.480419 -0.459450

img_south/image_south_1_0423.png -93.771647 9.576548 1.303372 0.469240 0.567182 0.485219 -0.471893

img_south/image_south_1_0424.png -94.430129 9.634311 1.268254 0.465256 0.594930 0.472211 -0.454545

img_south/image_south_1_0425.png -95.111518 9.690024 1.265885 0.464822 0.556221 0.494798 -0.479308

img_south/image_south_1_0426.png -95.790539 9.707846 1.282186 0.489649 0.561874 0.479740 -0.463025

img_south/image_south_1_0427.png -96.521125 9.775326 1.284970 0.498824 0.545036 0.483885 -0.469006

img_south/image_south_1_0428.png -97.172266 9.801704 1.321532 0.509333 0.557494 0.463883 -0.463243

img_south/image_south_1_0429.png -97.950852 9.851435 1.283675 0.490476 0.519748 0.494154 -0.495083

img_south/image_south_1_0430.png -98.610872 9.903111 1.281135 0.478292 0.560994 0.477866 -0.477670

img_south/image_south_1_0431.png -99.411260 9.900844 1.283715 0.474909 0.530217 0.501619 -0.491642

img_south/image_south_1_0432.png -100.214712 9.868767 1.310495 0.463621 0.558323 0.483411 -0.489537

img_south/image_south_1_0433.png -101.019841 9.804907 1.271948 0.466025 0.531390 0.510460 -0.489771

img_south/image_south_1_0434.png -101.836955 9.805077 1.290405 0.459991 0.553770 0.495850 -0.485675

img_south/image_south_1_0435.png -102.632905 9.835745 1.275692 0.460991 0.555747 0.495157 -0.483169

img_south/image_south_1_0436.png -103.402902 9.876179 1.288579 0.516379 0.561938 0.464780 -0.448952

img_south/image_south_1_0437.png -104.145460 9.939543 1.270203 0.518632 0.555579 0.470300 -0.448521

img_south/image_south_1_0438.png -104.841835 9.961378 1.293358 0.532489 0.560306 0.450052 -0.447174

img_south/image_south_1_0439.png -105.544866 10.004271 1.255788 0.534130 0.550223 0.450696 -0.456983

img_south/image_south_1_0440.png -106.323736 10.020101 1.264850 0.506765 0.549303 0.474675 -0.464908

img_south/image_south_1_0441.png -107.047023 10.055643 1.248722 0.502358 0.546997 0.470204 -0.476802

img_south/image_south_1_0442.png -107.766282 10.087295 1.271165 0.505146 0.534693 0.476679 -0.481360

img_south/image_south_1_0443.png -108.502412 10.086514 1.258444 0.507709 0.550858 0.467630 -0.469159

img_south/image_south_1_0444.png -109.226657 10.098016 1.239173 0.511318 0.551883 0.479801 -0.451408

img_south/image_south_1_0445.png -109.836815 10.075717 1.218764 0.513964 0.571310 0.463704 -0.440937

img_south/image_south_1_0446.png -110.594597 10.098065 1.191909 0.511138 0.544962 0.466734 -0.473195

img_south/image_south_1_0447.png -111.423386 10.126744 1.220674 0.520268 0.581458 0.440513 -0.444045

img_south/image_south_1_0448.png -112.106843 10.142883 1.258191 0.524016 0.554053 0.443801 -0.470610

img_south/image_south_1_0449.png -112.907926 10.132745 1.247467 0.520484 0.572839 0.434910 -0.460223

img_south/image_south_1_0450.png -113.685832 10.133832 1.247487 0.530304 0.557928 0.445868 -0.456832

img_south/image_south_1_0451.png -114.379089 10.144000 1.246207 0.522902 0.585488 0.417845 -0.457365

img_south/image_south_1_0452.png -115.113386 10.147367 1.247801 0.512534 0.546385 0.465563 -0.471195

img_south/image_south_1_0453.png -115.781504 10.184465 1.255218 0.509970 0.577014 0.440627 -0.461339

img_south/image_south_1_0454.png -116.650740 10.209235 1.233934 0.498933 0.575887 0.448937 -0.466770

img_south/image_south_1_0455.png -117.384051 10.246571 1.256180 0.514858 0.577322 0.433553 -0.462226

img_south/image_south_1_0456.png -118.163307 10.253735 1.205883 0.508034 0.570989 0.445036 -0.466707

img_south/image_south_1_0457.png -118.810061 10.321662 1.255186 0.494394 0.578423 0.438701 -0.478062

img_south/image_south_1_0458.png -119.616858 10.338411 1.206520 0.479829 0.586157 0.439777 -0.482473

img_south/image_south_1_0459.png -120.284081 10.388562 1.214378 0.488169 0.584807 0.446223 -0.469658

img_south/image_south_1_0460.png -121.050038 10.400206 1.187026 0.494507 0.586023 0.438825 -0.468480

img_south/image_south_1_0461.png -121.726202 10.411836 1.195321 0.496580 0.570236 0.450546 -0.474602

img_south/image_south_1_0462.png -122.499829 10.425345 1.181499 0.493576 0.561207 0.454024 -0.485069

img_south/image_south_1_0463.png -123.168852 10.520446 1.176909 0.494144 0.564211 0.447150 -0.487386

img_south/image_south_1_0464.png -123.910750 10.506344 1.191571 0.501082 0.577434 0.433176 -0.477333

img_south/image_south_1_0465.png -124.594577 10.567944 1.157391 0.494416 0.551468 0.461879 -0.487959

img_south/image_south_1_0466.png -125.222107 10.560151 1.139968 0.495744 0.560692 0.441093 -0.495277

img_south/image_south_1_0467.png -125.901925 10.541787 1.140585 0.495629 0.551999 0.459155 -0.488698

img_south/image_south_1_0468.png -126.700801 10.651076 1.118052 0.485901 0.570733 0.453688 -0.482008

img_south/image_south_1_0469.png -127.479977 10.665907 1.128403 0.485369 0.562811 0.467784 -0.478371

img_south/image_south_1_0470.png -128.160408 10.726150 1.134478 0.490552 0.578336 0.455486 -0.466284

img_south/image_south_1_0471.png -128.862090 10.683657 1.128655 0.491345 0.554994 0.475957 -0.473315

img_south/image_south_1_0472.png -129.659076 10.722309 1.131066 0.528767 0.580932 0.445742 -0.429229

img_south/image_south_1_0473.png -130.456933 10.679635 1.155145 0.520995 0.576280 0.447403 -0.443054

img_south/image_south_1_0474.png -131.089638 10.814953 1.123596 0.499850 0.563529 0.443763 -0.485449

img_south/image_south_1_0475.png -131.914123 10.713750 1.138227 0.495217 0.533131 0.469757 -0.499860

img_south/image_south_1_0476.png -132.590123 10.787816 1.120459 0.477195 0.556303 0.466378 -0.495281

img_south/image_south_1_0477.png -133.456326 10.713549 1.121083 0.475058 0.553026 0.472596 -0.495110

img_south/image_south_1_0478.png -134.180335 10.788373 1.102241 0.465814 0.556899 0.483145 -0.489337

img_south/image_south_1_0479.png -135.004631 10.729086 1.085829 0.464646 0.562995 0.468778 -0.497382

img_south/image_south_1_0480.png -135.719553 10.746351 1.085870 0.481599 0.541574 0.470499 -0.503382

img_south/image_south_1_0481.png -136.416334 10.579033 1.102935 0.494939 0.555560 0.443492 -0.499702

img_south/image_south_1_0482.png -137.108716 10.619833 1.082178 0.498862 0.535391 0.453605 -0.508660

img_south/image_south_1_0483.png -137.929702 10.508249 1.079722 0.494322 0.542000 0.479326 -0.481799

img_south/image_south_1_0484.png -138.490813 10.549844 1.033046 0.524407 0.529451 0.483942 -0.458780

img_south/image_south_1_0485.png -139.224845 10.474828 1.045944 0.539421 0.541884 0.456758 -0.454707

img_south/image_south_1_0486.png -139.929600 10.447964 1.045387 0.529488 0.512421 0.480124 -0.475970

img_south/image_south_1_0487.png -140.673737 10.439785 1.041806 0.522153 0.517908 0.477399 -0.480849

img_south/image_south_1_0488.png -141.389045 10.417281 1.062647 0.507708 0.506364 0.501914 -0.483643

img_south/image_south_1_0489.png -142.119061 10.390975 1.050081 0.519042 0.516450 0.481090 -0.482106

img_south/image_south_1_0490.png -142.864206 10.381573 1.048651 0.520117 0.504678 0.492744 -0.481643

img_south/image_south_1_0491.png -143.605943 10.376929 1.041342 0.538116 0.512498 0.474797 -0.471536

img_south/image_south_1_0492.png -144.368991 10.371287 1.018908 0.502316 0.514393 0.505129 -0.477412

img_south/image_south_1_0493.png -145.028613 10.366041 1.014321 0.508472 0.530941 0.488146 -0.470393

img_south/image_south_1_0494.png -145.807975 10.328955 1.008282 0.515371 0.524249 0.483077 -0.475596

img_south/image_south_1_0495.png -146.470987 10.361436 1.061235 0.521320 0.514593 0.480095 -0.482626

img_south/image_south_1_0496.png -147.243616 10.359477 1.027060 0.518487 0.502477 0.489081 -0.489373

img_south/image_south_1_0497.png -147.914683 10.375182 1.024973 0.528075 0.510356 0.477781 -0.482077

img_south/image_south_1_0498.png -148.734192 10.335202 1.006114 0.516248 0.512065 0.483874 -0.486973

img_south/image_south_1_0499.png -149.383232 10.312828 0.995739 0.523090 0.508333 0.484280 -0.483164

img_south/image_south_1_0500.png -150.093168 10.290543 0.977042 0.533841 0.498390 0.472928 -0.492911

img_south/image_south_1_0501.png -150.701796 10.319183 0.960698 0.535845 0.491744 0.477054 -0.493434

img_south/image_south_1_0502.png -151.363376 10.304490 0.973174 0.542812 0.495849 0.452479 -0.504728

img_south/image_south_1_0503.png -152.108909 10.305801 0.930436 0.538486 0.497260 0.476570 -0.485433

img_south/image_south_1_0504.png -152.892086 10.246613 0.951531 0.545798 0.522710 0.460129 -0.466003

img_south/image_south_1_0505.png -153.570550 10.261887 0.956565 0.534596 0.500678 0.478164 -0.484652

img_south/image_south_1_0506.png -154.273094 10.239035 0.984207 0.529679 0.524817 0.473063 -0.469273

img_south/image_south_1_0507.png -154.941839 10.221509 0.978405 0.525670 0.513035 0.488270 -0.471231

img_south/image_south_1_0508.png -155.660653 10.252632 0.999071 0.533368 0.518137 0.473767 -0.471803

img_south/image_south_1_0509.png -156.475220 10.226746 0.974731 0.521945 0.509929 0.489155 -0.477779

img_south/image_south_1_0510.png -157.100607 10.253499 0.997853 0.532928 0.502426 0.483679 -0.479176

img_south/image_south_1_0511.png -157.820366 10.145801 1.010977 0.531652 0.505466 0.475835 -0.485211

img_south/image_south_1_0512.png -158.550475 10.159320 0.995300 0.534808 0.499616 0.476632 -0.487018

img_south/image_south_1_0513.png -159.284308 10.108112 0.968721 0.522556 0.508018 0.481145 -0.487186

img_south/image_south_1_0514.png -159.961461 10.085222 0.951381 0.529912 0.502392 0.480319 -0.485890

img_south/image_south_1_0515.png -160.614524 10.037551 0.951977 0.542153 0.504888 0.463398 -0.486231

img_south/image_south_1_0516.png -161.357605 10.071320 0.947840 0.535996 0.504000 0.475803 -0.481979

img_south/image_south_1_0517.png -162.205642 9.974180 0.933726 0.542468 0.506406 0.468334 -0.479526

img_south/image_south_1_0518.png -162.764021 9.901640 0.943562 0.535579 0.468233 0.493764 -0.500109

img_south/image_south_1_0519.png -163.448021 9.835845 0.960636 0.535280 0.485074 0.484691 -0.493205

img_south/image_south_1_0520.png -164.003021 9.635830 0.943526 0.521312 0.463104 0.504108 -0.509550

img_south/image_south_1_0521.png -164.807067 9.295514 0.951279 0.519391 0.490547 0.488534 -0.500929

img_south/image_south_1_0522.png -165.295060 9.116168 0.953481 0.507063 0.462508 0.518300 -0.510233

img_south/image_south_1_0523.png -166.141772 8.834398 0.963685 0.548949 0.508269 0.464459 -0.473915

img_south/image_south_1_0524.png -166.765697 8.754530 0.905241 0.523086 0.496645 0.485553 -0.493926

img_south/image_south_1_0525.png -167.527795 8.605144 0.909101 0.533870 0.506091 0.481101 -0.476861

img_south/image_south_1_0526.png -168.337961 8.568785 0.905327 0.532470 0.505442 0.470068 -0.489938

img_south/image_south_1_0527.png -169.037134 8.565551 0.890127 0.543284 0.498688 0.469538 -0.485476

img_south/image_south_1_0528.png -169.881694 8.519892 0.899678 0.534965 0.494063 0.469384 -0.499391

img_south/image_south_1_0529.png -170.524293 8.513417 0.876483 0.550133 0.499314 0.445725 -0.499368

img_south/image_south_1_0530.png -171.361659 8.466275 0.848358 0.564741 0.509346 0.447155 -0.470836

img_south/image_south_1_0531.png -172.019989 8.503067 0.801018 0.557798 0.505322 0.455126 -0.475785

img_south/image_south_1_0532.png -172.872499 8.483280 0.793099 0.553976 0.522673 0.448535 -0.467696

img_south/image_south_1_0533.png -173.453897 8.592189 0.724358 0.535994 0.521322 0.456940 -0.481808

img_south/image_south_1_0534.png -174.457946 8.748795 0.617825 0.538025 0.526804 0.431490 -0.496812

img_south/image_south_1_0535.png -174.881996 8.781918 0.400080 0.540343 0.512798 0.459007 -0.484127

img_south/image_south_1_0536.png -175.787397 8.918443 0.717497 0.537113 0.552826 0.439841 -0.460904

img_south/image_south_1_0537.png -176.599734 9.074147 0.701483 0.528399 0.542643 0.464494 -0.458889

img_south/image_south_1_0538.png -177.245645 9.168873 0.709786 0.516569 0.554712 0.466076 -0.456316

img_south/image_south_1_0539.png -177.961311 9.292035 0.689753 0.502849 0.537262 0.494496 -0.462566

img_south/image_south_1_0540.png -178.727754 9.326550 0.706990 0.500175 0.546881 0.484103 -0.465178

img_south/image_south_1_0541.png -179.475678 9.405855 0.690803 0.487929 0.528762 0.502868 -0.479021

img_south/image_south_1_0542.png -180.297816 9.401189 0.683244 0.492676 0.539349 0.493946 -0.471583

img_south/image_south_1_0543.png -180.995081 9.452864 0.690608 0.496947 0.533764 0.498015 -0.469169

img_south/image_south_1_0544.png -181.676151 9.556746 0.671196 0.502010 0.535220 0.484278 -0.476445

img_south/image_south_1_0545.png -182.442576 9.507783 0.687825 0.504798 0.537887 0.472349 -0.482436

img_south/image_south_1_0546.png -183.124607 9.585009 0.655434 0.495338 0.534533 0.481098 -0.487298

img_south/image_south_1_0547.png -183.981780 9.536218 0.641907 0.505775 0.530236 0.475272 -0.486988

img_south/image_south_1_0548.png -184.615216 9.507476 0.623810 0.487317 0.521039 0.491748 -0.499226

img_south/image_south_1_0549.png -185.377470 9.522096 0.607570 0.519228 0.505754 0.475742 -0.498282

img_south/image_south_1_0550.png -186.156188 9.488017 0.599501 0.516344 0.514630 0.476385 -0.491532

img_south/image_south_1_0551.png -186.890083 9.317886 0.590161 0.516237 0.521998 0.474325 -0.485831

img_south/image_south_1_0552.png -187.678863 9.328225 0.569696 0.506482 0.518715 0.484267 -0.489791

img_south/image_south_1_0553.png -188.300457 9.187257 0.543045 0.508762 0.544406 0.464372 -0.478689

img_south/image_south_1_0554.png -189.030091 9.139784 0.525412 0.496557 0.542471 0.465624 -0.492292

img_south/image_south_1_0555.png -189.839488 9.036572 0.532127 0.511766 0.554438 0.459850 -0.468222

img_south/image_south_1_0556.png -190.623700 9.062808 0.522219 0.493784 0.526015 0.488772 -0.490496

img_south/image_south_1_0557.png -191.252723 8.992865 0.523972 0.498636 0.533067 0.476714 -0.489843

img_south/image_south_1_0558.png -191.997056 8.968614 0.516569 0.491021 0.517287 0.492324 -0.498928

img_south/image_south_1_0559.png -192.717815 8.956526 0.533225 0.485176 0.535549 0.475549 -0.501642

img_south/image_south_1_0560.png -193.407122 8.902336 0.548070 0.490875 0.510025 0.483811 -0.514629

img_south/image_south_1_0561.png -194.078285 8.910167 0.547834 0.474020 0.518385 0.488099 -0.518017

img_south/image_south_1_0562.png -194.884882 8.804526 0.512971 0.476777 0.519289 0.477881 -0.524074

img_south/image_south_1_0563.png -195.569976 8.755976 0.510702 0.480164 0.517175 0.483601 -0.517786

img_south/image_south_1_0564.png -196.331719 8.663189 0.507166 0.484488 0.509045 0.480664 -0.524506

img_south/image_south_1_0565.png -197.118495 8.603037 0.498532 0.490859 0.517150 0.482918 -0.508334

img_south/image_south_1_0566.png -197.864539 8.610432 0.471466 0.489765 0.511934 0.483676 -0.513918

img_south/image_south_1_0567.png -198.627248 8.567202 0.487532 0.484390 0.502987 0.488935 -0.522794

img_south/image_south_1_0568.png -199.390389 8.557594 0.465757 0.483277 0.501383 0.488787 -0.525496

img_south/image_south_1_0569.png -200.090047 8.481680 0.460635 0.481401 0.493253 0.492613 -0.531307

img_south/image_south_1_0570.png -200.878834 8.418654 0.443173 0.483270 0.495946 0.490946 -0.528641

img_south/image_south_1_0571.png -201.670009 8.291597 0.423649 0.478026 0.500662 0.502453 -0.518045

img_south/image_south_1_0572.png -202.411650 8.171152 0.402140 0.465585 0.516300 0.488403 -0.527380

img_south/image_south_1_0573.png -203.127918 8.144198 0.406665 0.458601 0.501785 0.506728 -0.530213

img_south/image_south_1_0574.png -203.768253 8.058781 0.378098 0.488905 0.518286 0.467461 -0.523289

img_south/image_south_1_0575.png -204.665149 8.049315 0.378381 0.497010 0.496813 0.483342 -0.522052

img_south/image_south_1_0576.png -205.285408 8.012009 0.346620 0.494485 0.508139 0.481627 -0.515088

img_south/image_south_1_0577.png -206.091251 7.891691 0.329150 0.488364 0.497700 0.498730 -0.514844

img_south/image_south_1_0578.png -206.807622 7.802801 0.338241 0.489158 0.510610 0.484155 -0.515360

img_south/image_south_1_0579.png -207.657094 7.707143 0.347431 0.478489 0.515978 0.493316 -0.511325

img_south/image_south_1_0580.png -208.232181 7.728134 0.327498 0.470616 0.521982 0.480755 -0.524338

img_south/image_south_1_0581.png -209.141347 7.517780 0.365852 0.475893 0.509971 0.490000 -0.522834

img_south/image_south_1_0582.png -209.806990 7.510088 0.339524 0.470608 0.529191 0.479325 -0.518397

img_south/image_south_1_0583.png -210.641777 7.436493 0.338582 0.490438 0.522010 0.485978 -0.500803

img_south/image_south_1_0584.png -211.421603 7.475749 0.321567 0.467865 0.551799 0.473687 -0.502236

img_south/image_south_1_0585.png -212.240642 7.441861 0.316826 0.475267 0.501105 0.493047 -0.529075

img_south/image_south_1_0586.png -212.955051 7.435130 0.323292 0.483820 0.514928 0.479277 -0.520636

img_south/image_south_1_0587.png -213.865593 7.367506 0.342225 0.476031 0.511538 0.493363 -0.517993

img_south/image_south_1_0588.png -214.544237 7.293105 0.306281 0.461019 0.520621 0.493479 -0.522392

img_south/image_south_1_0589.png -215.330649 7.272595 0.318680 0.468032 0.524060 0.476287 -0.528639

img_south/image_south_1_0590.png -216.017417 7.103643 0.309673 0.482845 0.508889 0.479693 -0.527055

img_south/image_south_1_0591.png -216.903474 7.093350 0.294339 0.486259 0.524425 0.473993 -0.513674

img_south/image_south_1_0592.png -217.675498 7.052193 0.284518 0.500847 0.524297 0.459519 -0.512941

img_south/image_south_1_0593.png -218.402758 6.988815 0.257692 0.485383 0.550767 0.454815 -0.504186

img_south/image_south_1_0594.png -219.161019 6.912588 0.232802 0.469552 0.527911 0.482674 -0.517551

img_south/image_south_1_0595.png -219.988085 6.818138 0.217621 0.485319 0.549524 0.471625 -0.489959

img_south/image_south_1_0596.png -220.672188 6.785898 0.211538 0.465410 0.531477 0.491486 -0.509283

img_south/image_south_1_0597.png -221.463254 6.694554 0.177587 0.468316 0.537396 0.488590 -0.503157

img_south/image_south_1_0598.png -222.195368 6.718399 0.184647 0.465833 0.525187 0.494018 -0.512959

img_south/image_south_1_0599.png -222.866453 6.591038 0.166120 0.466844 0.553838 0.471791 -0.502727

img_south/image_south_1_0600.png -223.588849 6.583635 0.169414 0.480113 0.514350 0.496189 -0.508660

img_south/image_south_1_0601.png -224.245336 6.570572 0.165884 0.470008 0.534789 0.480749 -0.511835

img_south/image_south_1_0602.png -225.016231 6.531519 0.160545 0.457769 0.528418 0.499126 -0.511953

img_south/image_south_1_0603.png -225.785792 6.532996 0.174236 0.459835 0.561420 0.475718 -0.497044

img_south/image_south_1_0604.png -226.495601 6.450160 0.160833 0.459019 0.509302 0.515611 -0.513868

img_south/image_south_1_0605.png -227.292381 6.392493 0.142253 0.485005 0.508985 0.496709 -0.508907

img_south/image_south_1_0606.png -228.045326 6.332966 0.161244 0.477235 0.512828 0.502440 -0.506763

img_south/image_south_1_0607.png -228.743186 6.309925 0.118518 0.485462 0.507006 0.495141 -0.511964

img_south/image_south_1_0608.png -229.550728 6.232918 0.105943 0.475529 0.494504 0.521962 -0.506847

img_south/image_south_1_0609.png -230.216617 6.199038 0.114106 0.476886 0.498294 0.511828 -0.512169

img_south/image_south_1_0610.png -231.024448 6.051511 0.112059 0.484022 0.491459 0.503874 -0.519907

img_south/image_south_1_0611.png -231.739105 5.932320 0.099387 0.479240 0.492803 0.500855 -0.525947

img_south/image_south_1_0612.png -232.479299 5.877570 0.055230 0.494065 0.487253 0.496684 -0.521335

img_south/image_south_1_0613.png -233.271524 5.766182 0.001643 0.483216 0.490193 0.496442 -0.528922

img_south/image_south_1_0614.png -233.948922 5.759997 0.009926 0.475654 0.481112 0.509551 -0.531643

img_south/image_south_1_0615.png -234.774297 5.680920 0.014717 0.476223 0.470023 0.523261 -0.527721

img_south/image_south_1_0616.png -235.380269 5.554785 0.004191 0.463534 0.480931 0.521795 -0.530634

img_south/image_south_1_0617.png -236.039075 5.445934 0.074401 0.470779 0.454476 0.531502 -0.537889

img_south/image_south_1_0618.png -236.690986 5.332672 0.041157 0.474175 0.443000 0.513708 -0.561261

img_south/image_south_1_0619.png -237.342338 5.271177 0.034372 0.462977 0.449461 0.528130 -0.552011

img_south/image_south_1_0620.png -238.062642 5.137612 0.029274 0.471203 0.464641 0.520047 -0.540026

img_south/image_south_1_0621.png -238.718355 5.018128 0.029192 0.448601 0.444904 0.548016 -0.548176

img_south/image_south_1_0622.png -239.280774 4.894332 0.009930 0.459013 0.458764 0.528813 -0.546993

