0.475434643507
0.836486966857
0.343255753006
0.460434030278
0.583439727732
0.423695327555
0.172410410319
0.510761448123
0.382809941573
0.291482506864
0.208166142471
0.446260337462
0.961044320964
0.198399660934
0.366155704649
0.280262728886
0.292260336534
0.203512380974
0.242484596191
0.214364517272
0.346439688897
0.44972922001
0.521269560406
0.142072203485
0.271232423489
0.530673335942
0.262535831894
0.182320512613
0.147623747163
0.733099920005
0.290502830411
0.213298645537
0.637549687838
0.513881481316
0.45275591528
0.214117546462
0.3608103822
0.19986975798
0.168967486026
0.458057648689
0.286544736668
0.890130600023
0.321697515649
0.166899686702
0.207842217628
0.425749860073
0.293507640655
0.348380658487
0.358989104056
0.456752881792
0.386147783447
0.602986415035
0.48941183453
0.998160541768
0.26383231699
0.245991552737
0.232441873569
0.417313064318
0.361430860415
0.544478895025
0.402556630565
0.15257750479
0.28168028108
0.338227134673
0.378337256822
0.53396065417
0.349620565274
0.214622906429
0.194188229152
0.563976321985
0.177164920135
0.306438008029
0.541485534804
0.320182386528
0.404197869044
0.470146563891
0.260861901568
0.625222266492
0.15509408864
0.286768654424
0.195040985072
0.284798153061
0.41007357763
0.355525966355
0.260831409748
0.20179967694
0.425360802357
0.338338531626
0.330166220415
0.654171865048
0.359926800496
0.38164108025
0.332759111213
0.267830658467
0.657582306098
0.291339636404
0.266745252863
0.401857049438
0.381438204506
0.393510034418
0.945279341027
0.380267739629
0.23258684404
0.299648127542
0.193892216327
0.240072108221
0.194469818029
0.221305074949
0.180483471262
0.318863102551
0.133421606774
0.629988322941
0.154523909482
0.404314406565
0.216395277214
0.370259207212
0.380648716405
0.186735166345
0.149723907729
0.142782649524
0.389204014133
0.10272793978
0.211418996442
0.528169243877
0.206946173367
0.343152800877
0.156186974058
0.210975823161
0.178009256674
0.28726398832
0.244787241234
0.238690994303
0.36430508652
0.305258729287
0.663625197642
0.645647206053
0.327275036442
0.360503596841
0.607945956571
0.259026504099
0.26420246085
0.303229646826
0.147092537639
0.159712195285
0.481194022187
0.35586118207
0.301116682362
0.620081629368
0.303266297447
0.740357994299
0.580487067251
0.279803044629
0.340273304506
0.630996529785
0.210269515585
0.265145427201
0.285013202005
0.494225492897
0.537385021674
0.301833089696
0.263664400625
0.351838705806
0.806261606698
0.258453970736
0.321126391424
0.483865586159
0.733454979716
0.436634122461
0.213509804942
0.154334606399
0.481589917568
0.321840638694
0.304415123009
0.39902314235
0.323741783782
0.196606470639
0.130648956506
0.282833614718
0.331708717296
0.373271023081
0.578452252596
0.163709606017
0.215819718218
0.529527642839
0.130089288223
0.183671009851
0.129641702291
0.412792812815
0.237884950603
0.275033358556
0.281313188456
0.230114689098
0.257089458172
0.662986753148
0.452159007777
0.364456847305
0.948099098913
0.344126234212
0.376871991582
0.626239224166
0.34700874887
0.627753869803
0.404458562852
0.275521631126
0.76653159817
0.214725651293
0.15646588315
0.135418068068
0.445313385623
0.64084773792
0.13986975051
0.208212553743
0.183576847298
0.394863368401
0.257943527952
0.262292378449
0.193860047001
0.249870630913
0.532391566988
0.336356295947
0.389972359132
0.17614886052
0.676333244582
0.274762048994
0.295278790615
0.468668158136
0.402211598976
0.360519721567
0.345516098026
0.407377120003
0.239629984669
0.436476481968
0.361611387574
0.269034863939
0.72780290801
0.141909131288
0.247358070511
0.269790298443
0.27044845578
0.560403248088
0.361834817059
0.445642832253
0.132932704917
0.304483413073
0.418042437808
0.378508175123
0.250473059652
0.452317228725
0.422918760458
0.861905551628
0.245254799325
0.277478475611
0.183345825588
0.692998332765
0.435388436429
0.263087748229
0.438649276502
0.448330501563
0.450574577608
0.26764973764
0.509712520865
0.425091783413
0.476091919413
0.164122938017
0.595765820629
0.936049201225
0.503615160125
0.976509205659
0.0942949206105
0.503602692625
0.395408225033
0.17082772593
0.269899613668
0.459457419455
0.212930592723
0.143449174309
0.592310078178
0.267985958311
0.296947337818
0.169743102628
0.519132456118
0.281577232486
0.262292942763
0.50680817542
0.203318946475
0.272892184019
0.164958093979
0.329816618453
0.418302963552
0.265726557539
0.0995519774943
0.137564968579
0.459978108914
0.362035927382
0.662546723413
0.206385750248
0.241651192882
0.292152566886
0.297092001345
0.234775004942
0.633205062902
0.258589196824
0.444618253529
0.282196320868
0.432216301042
0.858980092413
0.301895446864
0.203958849888
0.302425972222
0.252950594375
0.558595702416
0.158362719397
0.416987172699
0.25291638111
0.204648107701
0.328804068058
0.448922246754
0.592302983889
0.369911727439
0.60021333755
0.252253009486
0.802531541544
0.208463959219
0.454976302473
0.206714960978
0.249044900901
0.243468426864
0.254893382356
0.191121279219
0.334675119104
0.215496564577
0.175091816467
0.315532906836
0.1656916099
0.651871749273
0.376617965848
0.21286200074
0.17722245237
0.149064418207
0.120300949582
0.146520967583
0.437742634563
0.379125229263
0.186740376455
0.459084095283
0.176106576985
0.225311527669
0.260101009169
0.358131277882
0.245984434618
0.239416192038
0.403383086274
0.230294213415
0.312943227143
0.294610072805
0.414831989663
0.276081013955
0.233688927694
0.199432550385
0.269236741883
0.281543310799
0.151595718551
0.642258973773
0.227396777384
0.527778141296
0.530868633969
0.220388326761
0.398013629047
0.161688451263
0.29326200198
0.228028966175
0.232967567107
0.632441874118
0.243426769965
0.236181299982
0.373664161119
0.303864010991
0.323216750232
0.29113480471
0.125231462002
0.186530588561
0.240874991322
0.20625822949
0.487574406991
0.439316520878
0.370835719589
0.246669320613
0.320165478834
0.260816527442
0.282989612712
0.490779867726
0.284225744561
0.276166841863
0.36561614791
0.13659889472
0.379510075511
0.42809267656
0.369621378285
0.1901465009
0.647205123576
0.371687396124
0.287080125332
0.367446054217
0.3525194819
0.390603105902
0.24758886856
0.303926438707
0.37279292329
0.628325398647
0.361288991717
0.254178201067
0.339146458671
0.155218775105
0.139704311749
0.420363379129
0.368564858032
0.291338654648
0.240092318855
0.173363590125
0.222509493855
0.331367452191
0.245243426037
0.636959231441
0.260883738696
0.294451490071
0.277204276203
0.33672172943
0.221973137773
0.259237564217
0.107970948226
0.226858146346
0.274623530866
0.414671172454
0.229718738524
0.39303433605
0.398211970737
0.632755522244
0.424540563029
0.221890436955
0.684146935473
0.258160782786
0.171505331194
0.345079368909
0.194681154279
0.45062945136
0.423474101563
0.151625619876
0.494130960944
0.236398868229
0.333411575222
0.29849134398
0.161964773867
0.345563008324
0.353220183743
1.00338496239
0.455424881789
0.601571965517
0.4236135121
0.293532777887
0.433677385984
0.491772942785
0.22202772402
0.380323429956
0.231443940622
0.385689975824
0.422104452117
0.181150289237
0.143923853859
0.3898088121
0.478071528521
0.248795067295
0.270463805678
0.327201920698
0.314454577416
0.287197982654
0.242330040788
0.42059383521
0.756996367251
0.198076039824
0.297313218604
0.15025547705
0.411262475238
0.273938512873
0.263724695517
0.66415304428
0.922142518434
0.384366758407
0.23402173681
0.573935864254
0.587024133822
0.282546595203
0.460532173998
0.332002362643
0.204301661212
0.230443389477
0.318217492957
0.345712089716
0.738921216295
0.303083326734
0.324377105817
0.383965902841
0.309607747097
0.259889905869
0.227077897701
0.241241887997
0.288379181222
0.344950387723
0.167340888883
0.771906420409
0.408475029161
0.620309441912
0.358392261261
0.367599815077
0.19234747358
0.355452917196
0.194171070751
0.411542492468
0.437238591988
0.32939107127
0.194879460354
0.353542749509
0.472768771064
0.566610901281
0.612964112409
0.258578594079
0.535028353196
0.0869556052551
0.230963092372
0.22635904416
0.713137538321
0.326466759946
0.382564273581
0.405084415683
0.259536791358
0.624369633311
0.316694732354
0.216125693024
0.157323046666
0.188948242717
0.259134481166
0.304779341673
0.176982985389
0.362801136762
0.31380436371
0.203623190634
0.292742559728
0.448342229555
0.395622054097
0.596332882456
0.289889815845
0.574955483753
0.137411479772
0.226561223263
0.364460928594
0.375577406719
0.279341941286
0.606864241399
0.232197372676
0.206597202539
0.585901697528
0.132317644567
0.408811169117
0.4961129448
0.319129780786
0.288307213453
0.55257263799
0.493085925468
0.382132036909
0.288438111646
0.646782400597
0.105975494175
0.258863156586
0.377563159844
0.317875273456
0.472227578071
0.570649959126
0.334718870639
0.231253295095
0.328642883774
0.470600366743
0.35949388426
0.376311623384
0.196208849733
0.343321205069
0.291078379981
0.302252067676
0.298863192866
0.743558324552
0.319097891659
0.389559651564
0.387230810155
0.283567191428
0.291010796462
0.144928958989
0.154429921471
0.391609175153
0.405603756092
0.684225514667
0.197699919579
0.380462216247
0.300704787302
0.184373064215
0.229829929381
0.255241188365
0.255741759632
0.36461587727
0.478022833057
0.364807539511
0.675597049032
0.361241035236
0.487390680778
0.161584226852
0.187198469823
0.531730774052
0.678289386468
0.138847141933
0.354852989723
0.584341269079
0.176563065015
0.433078213071
0.437284497457
0.30738963513
0.316889436282
0.352997326164
0.373549105839
0.276639794779
0.580479683976
0.327862190858
0.590876182162
0.225158492472
0.399928263214
0.354397904023
0.659816304962
0.216139387042
0.344084409088
0.599169529117
0.127399247428
0.380174650004
0.410767128547
0.4846147476
0.234644713441
0.760727580266
0.349929018112
0.466967972062
0.537422028797
0.201580937206
0.205050018236
0.853236620725
0.618774901971
0.161344284858
0.192449209497
0.24455598304
0.188431918396
0.449917087694
0.265918712392
0.195211802159
0.457705750044
0.520638031004
0.204917196835
0.674183690158
0.316933725022
0.128065080009
0.186584678471
0.281600924623
0.431425318629
0.32853931765
0.256474844481
0.191834185904
0.277409542979
0.290905653251
0.593733120211
0.381480255306
0.130467715322
0.285854723599
0.443246894729
0.765838674295
0.345213334142
0.294379702181
0.443519452807
0.877335549967
0.273100454583
0.171330517338
0.171257358781
0.629949072353
0.267801621296
0.241242844401
0.654388381997
0.341698122319
0.162346857064
0.657553501392
0.270226660991
0.640456040318
0.311949360421
0.236013464291
0.510853454796
0.540478023599
0.515098980213
0.278600860664
0.205657106806
0.205761597324
0.334933976547
0.253403583823
0.42680586289
0.219284002923
0.724017592866
0.286365918494
0.583520801843
0.281282057304
0.766152267261
0.336495741153
0.206525641604
0.243585860681
1.15060521893
0.471855379164
0.692909370635
0.181052168586
0.34902507799
0.351022766557
0.360639910028
0.603623427162
0.807878711886
0.265534026202
0.355258421674
0.419587304641
0.312238075513
0.574208051019
0.276953150753
0.291259756068
0.351402341416
0.341346612023
0.542294876011
0.432939924542
0.199261648704
0.190259644147
0.292260962923
0.235416538269
0.347277796621
0.178938054685
0.790008863032
0.323866993941
0.289311721926
0.38332973958
0.436083829761
0.205474805301
0.36059276005
0.304774957245
0.46540288644
0.462310583164
0.366356319442
0.578742513374
0.391322034994
0.61671366091
0.160297871398
0.474866821125
0.711171881166
0.2116220893
0.658229083963
0.51842590281
0.1453753898
0.255582218943
0.418947133045
0.301708948757
0.347978017562
0.318387448587
0.843954815345
0.23895194388
0.426575494918
0.771690359906
0.383643154078
0.451693474844
0.234527826921
0.342713343683
0.168709033184
0.327876765398
0.569825827846
0.33341905913
0.0919470019703
0.692872825232
0.195032747383
0.254569960891
0.632382581452
0.291654728189
0.400312505041
0.190855567614
1.0908063146
0.58737952302
0.657211045052
0.308182507363
0.164852774586
0.493917606425
0.17482544511
0.310764965745
0.440583085716
0.19170573367
0.268902013273
0.429576647449
0.65701733061
0.53991044544
0.141676124693
0.515368063644
0.383743540975
0.486482947861
0.219009156136
0.765646608852
0.288703443165
0.363439808562
0.686860675611
0.46857465655
0.250291849364
0.152160630733
0.521336713197
0.248556560584
0.408766320928
0.338407916796
0.361843116231
0.392096949258
0.492134679744
0.663634174106
0.311357211229
0.193667062568
0.339185080386
0.393920811322
0.41683451501
0.137528795931
0.379397785602
0.593068478425
0.387234510977
0.176826672565
0.32811288302
0.2948020543
0.560658276286
0.691610978365
0.469240206429
0.391071205305
0.295748667611
0.360058449603
0.371880682337
0.243741525694
0.33726725045
0.309573836768
0.340010507073
0.174025416475
0.328114563268
0.198986430383
0.432601499507
0.283143207782
0.159715918393
0.38287040997
0.169104056749
0.456880488038
0.241094592368
0.226219777822
0.198289350432
0.237952976761
0.259494907498
0.212218778922
0.408999146597
0.292629996106
0.352722195275
0.314621476224
0.43905751177
0.375803415007
0.33660769819
0.686301611542
0.510837397105
0.34862208447
0.584364562188
0.35612298957
0.599801621673
0.403049861441
0.133210139153
0.217438898661
0.296432776728
0.295085908381
0.724481451361
0.154116615082
0.440453601577
1.20677291941
0.722363949738
0.979256454087
0.276705477389
0.147657511318
0.39061101358
0.14711934176
0.20926358008
0.470152375284
0.443199403683
0.163409899704
0.401407922815
0.391951266299
0.977546899073
0.491336212871
0.139544521665
0.412273553124
0.442078294107
0.566794169034
0.449975311645
0.171294238458
0.281689029162
0.37019999331
0.412661857475
0.153892867324
0.262708334771
0.134092536883
0.351388435985
0.205768617284
0.242585074382
0.44261855311
0.369389682182
0.303974700883
0.188531633659
0.556931686955
0.697720328898
0.44078622083
0.138859066708
0.186885473763
0.862554908788
0.418840233021
0.633071109748
0.451094436092
0.639703739962
0.218279329215
0.185712282165
0.583836471271
0.21290931035
0.338226248986
0.363143853023
0.129288372513
0.564645154326
0.519947173994
0.140297528206
0.328305591484
0.593408877269
0.26266643569
0.336907918571
0.287742483707
0.249480283305
0.458163819977
0.299063666903
0.621943224827
0.540363399263
0.533984406869
0.371646667216
0.221915143175
0.432721982688
0.187332965764
0.369803636179
0.390954048167
0.2212186314
0.282340840211
0.655107407057
0.177934440257
0.350772952239
0.119992931922
0.47516062902
0.280300807104
0.586347278916
0.23702519108
0.44748633102
0.337907894598
0.314918749978
0.271278064168
0.198977885559
0.770300689902
0.653107516538
0.272318518432
0.432028789191
0.376138272335
0.281607780648
0.308768832885
0.164382358596
0.294961364995
0.547033940844
0.326536114854
0.20097353304
0.28063121682
0.266243929233
0.13791154423
0.452987561015
0.557586230501
0.333909962383
0.130527679301
0.219349941623
0.232387022827
0.20030329466
0.12056752891
0.211011476019
0.164422216057
0.101285141316
0.106091662412
0.38671104773
0.452857847324
0.238595378471
0.42377044532
0.382945554289
0.187300360506
0.210111197687
0.868070150682
0.447542432521
0.370096578843
0.125137025646
0.444450827796
0.500541363512
0.601256758128
0.441498433882
0.397154430793
0.211072799527
0.269290512535
0.305823006774
0.192193599651
0.238276818367
0.302577691487
0.1428066135
0.52135863503
0.386272077549
0.530091536487
0.191852478081
0.171453562411
0.325221264923
0.139146989012
0.23518276753
0.236586443329
0.43005833189
0.672681705987
0.18884065715
0.283312184425
0.199200974709
0.266399264129
0.458999205609
0.227494099902
0.518141830559
0.139127380125
0.346711556133
0.391046127365
0.399509118199
0.329962394485
0.220424980559
0.5073744637
0.214841526276
0.595691900363
0.447551131427
0.101114950992
0.813949944173
0.139078390614
0.392281577065
0.155664917672
0.664708747745
0.201125754682
0.235927353266
0.666281187935
0.174579237227
0.33801636694
0.190055988377
0.237765241364
0.584514178463
0.644675371719
0.350685754782
0.232406109648
0.269598882815
0.728912032225
0.316368622394
0.448305198489
0.834397051541
0.367089704009
0.208774667798
0.553858368815
0.376576615593
0.566315424059
0.222565874216
0.590543715825
0.258290036369
0.475634705801
0.392325294837
0.401014751541
0.172380437592
0.418773257042
0.150840564782
0.408486018523
0.169286964589
0.325046849978
0.600774085187
0.264020115936
0.318431710367
0.867446102153
0.704847221026
0.228551966703
0.139175917586
0.314516408736
0.313810283658
0.150125117349
0.330161334207
0.696951210438
0.406042943735
0.170119305431
0.909891721651
0.142599027562
0.38775054642
0.558926315386
0.177916424794
1.23861590404
0.273349628202
0.63385083737
0.50028383446
0.23903428857
0.382409490764
0.976605512519
0.141089766014
0.308175874001
0.344942188171
0.338255912993
0.476508606893
0.241189290588
0.167757485587
0.611583676896
0.288971198674
0.334256926232
0.672206543685
0.338098984847
1.1195168427
0.377555736044
0.134770842421
0.313174162322
0.153015462544
0.192259246257
0.180025975641
0.255353398743
0.373549323016
0.256366954703
0.435145775863
0.349809987958
0.402284633192
0.288706413454
0.16776425434
0.409773940266
0.229449563744
0.653319685567
0.370070027292
0.180490787682
0.631204333723
0.236685443503
0.583179834918
0.245658819712
0.168403729271
0.165106981317
0.31644469424
0.248395694115
0.197955962718
0.153297653142
0.313032048127
0.572171100001
0.268691208231
0.390058596302
0.396468963935
0.614098150547
0.621684474873
0.536816505923
0.313677942744
0.21987583519
0.154270472518
0.314422508329
0.489201883938
0.236294890588
0.350863483075
0.309577714842
0.205622584518
0.157257502319
0.6802702626
0.229047175432
0.32726413505
0.179234460957
0.239125689532
0.395376098317
0.62210428516
0.455658599236
0.266019298167
0.365530472741
0.42240748796
0.331565951558
0.322484902865
0.318378605538
0.238722954948
0.636015271816
0.523515801756
0.255651785297
0.426192408049
0.267528659962
0.233621201329
0.300498482178
0.496305727793
0.355586680534
0.165460424903
0.375420024174
0.63471333257
0.135323682849
0.578997217972
0.336563982424
0.217863061176
0.359347183284
0.254553249804
0.619261585432
0.241777817118
0.262151277227
0.272662647833
0.203090111554
0.100799269669
0.140329998577
0.516308295709
0.231065598487
0.237936798878
0.700219021452
0.282673331901
0.357192694009
0.877563135236
0.26437741701
0.27699696599
0.344753249334
1.25175327916
0.201254053465
0.243032652942
0.601884840087
0.260422024102
0.20787819969
0.325521379839
0.366350029043
0.584291604814
0.190333535884
0.166770694065
0.262882928027
0.647281195829
0.449172813763
0.223820389516
0.294094904713
0.332776024959
0.196359116799
0.313860365614
0.272528945137
0.183094065675
0.274584666316
0.62595967116
0.263209849381
0.262002174091
0.312240454031
0.445094526483
0.618795506423
0.376412564436
0.314562920669
0.939238796857
0.376294640738
0.109867485177
0.291145164358
0.183223036169
0.388189804859
0.218677125119
0.369748623502
0.284539290304
0.208757489971
0.636811827908
0.393680018446
0.444555743816
0.508436232255
0.255486304243
0.619620309662
0.359706821737
0.534712314838
0.440172251001
0.201408810823
0.143862394656
0.271887251007
0.289584076167
0.242194085972
0.225280424284
0.468265469423
0.28106636833
0.433909379372
0.381066769909
0.456727002856
0.293963733032
0.409792540687
0.372628772812
0.602190259016
0.551823428127
0.12506029461
0.52166804112
0.568077573295
0.303971162994
0.885853931435
0.125582120044
0.624961806741
0.27295654873
0.427920114684
0.181509535537
0.29368282151
0.575195383239
0.179367199987
0.379629418446
0.260087019207
0.979952657359
0.3450002965
0.587095604684
0.351979093004
1.22286352189
0.371151028445
0.595459987267
0.168219738997
0.22624587241
0.230779834909
0.610452178032
0.667359572562
0.524410692678
0.364853343485
1.00955667289
0.183187881399
0.961794785217
0.195312452292
0.258377970724
0.392254505975
0.305289104756
0.269851540509
0.260567377151
0.176810323429
0.283260332841
0.175205330306
0.380751956007
0.24157794393
0.192952819719
0.615165644302
0.183743740485
0.254825163406
0.525564279558
0.420060476389
0.388392055707
0.104313732731
0.287442020723
1.20226947766
0.310758942653
0.383736419453
0.193045499438
0.250589841469
0.298175108973
0.174597802377
0.415035343427
0.168329763015
0.248475492127
0.192837812241
0.228291798612
0.120273895145
0.309125963089
0.241290606605
0.188948231723
0.184834056185
0.120565811322
1.1889898419
0.372584832632
0.196756991084
0.602412863542
0.172754053883
0.455701597012
0.408629693998
0.980670112208
0.381459592452
0.224895482151
0.17611822188
0.615927776128
0.162653979265
0.438456358837
0.444531688915
0.375094962799
0.309823364408
0.728683290271
0.524360804522
0.490035773444
0.681088064568
0.167420917588
0.170293873574
0.293288851498
0.600214711061
0.238401295365
0.4300269049
0.586404724952
0.406306751309
0.312804538569
0.519156667938
0.147359933936
0.174812775894
0.359947066991
0.297906713666
0.843147486059
0.983799159494
0.505451478492
0.164205140546
0.285665493084
0.326546253577
0.425596507267
0.19149331263
0.626361614247
0.301595103957
0.201756008338
0.339190547277
0.351508363155
0.422577052667
0.410348585061
0.160737287784
0.308441151967
0.24683826145
0.438302972093
0.33445418144
0.355200197935
0.485898228158
0.41325020116
0.289904556018
0.250173732837
0.442623512216
0.198382320682
0.211595105295
0.354123838923
0.369026707295
0.200246679422
0.313919780507
0.154166661329
0.713968334144
0.362752488377
0.335112102253
0.23231622795
0.33627601282
0.186114675221
0.277296225442
0.366750351082
0.323764259163
0.649238045109
0.228850912394
0.446326971356
0.157405937513
0.216462555922
0.201469082626
0.165723327313
0.551497426562
0.646847550915
0.257521237316
0.185767721856
0.20268769737
0.220147014766
0.426103167068
0.121562643979
0.205459070284
0.244564583309
0.666709480965
0.274079894612
0.494743100831
0.427590954761
0.159836868227
0.386597942562
0.229066556365
0.340460635169
0.267982174569
0.301522379571
0.355992235732
0.159681278493
0.198030297043
0.421176898314
0.211065161867
0.422605487874
0.3937845565
0.367036538014
0.163076158562
0.420789363237
0.237162917798
0.314356501955
0.248305871597
0.323943979321
1.02123431009
0.32315770416
0.273726422591
0.420623746551
0.289202416869
0.533935049952
0.164202669619
0.453282854188
0.261973019446
0.271438379568
0.193036280306
1.04009601778
0.593613390214
0.555194394301
0.186116349524
0.272870553142
0.143580889943
0.131287588392
0.292608748848
0.314832942878
0.0992998697159
0.574952104331
0.463118701795
0.737700896132
0.16190054252
0.334113115411
0.189399349051
0.239597917842
0.290662360815
0.281206637364
0.3882102416
0.23814760406
0.162541119787
0.647601791683
0.234474099301
0.198569881644
0.219166784467
0.734209768684
0.20653742163
0.329487895029
0.584850717978
0.333260151709
0.236839329887
0.132017867878
0.166886728619
0.594429733731
0.359550700541
0.150746340727
0.422422798076
0.198895118918
0.300540901612
0.338327342191
0.365799317355
0.497165151783
0.277382578923
0.256154311866
0.585452252358
0.149794075831
0.101279327169
0.236523096461
0.650703751596
0.449597456259
0.387681804225
1.02541171005
0.332164348573
0.326017405577
0.29090438371
0.251691306809
0.187767940925
0.148563651732
0.374196971084
0.386236126197
0.386264767486
0.260757308568
0.529107836649
0.151968376837
0.329915544925
0.332235214596
0.195154527861
0.521149154612
0.275175011775
0.143297566054
0.368776113957
0.291845132955
0.163468348206
0.331308502729
0.404561044498
0.360693063209
0.381077907838
0.159487031114
0.294275470412
0.33490474414
0.314755534116
0.273632260418
0.167643191407
0.237253465288
0.644751612713
0.2199346706
0.143253618717
0.185724456878
0.189339439882
0.283167625142
0.244373585383
0.602807431577
0.232571398595
0.103791240255
0.154840227987
0.265432778332
0.190830468029
0.30849080693
0.227659095977
0.281290256845
0.749283577582
0.173827587245
0.443632570802
0.170856656854
0.374641144581
0.254552889207
0.704089681855
0.130787285794
0.595240873566
0.71063832558
0.464255589671
0.340281653711
0.230000496485
0.650016485532
0.356272855073
0.568262825647
0.289116697321
0.528938995234
0.633960179236
0.171299932595
0.241869787171
0.315394099033
0.313522508731
0.356336909706
0.197773983634
0.535533529273
0.217208204447
0.36709281245
0.385477677428
0.245755459758
0.202882116649
0.538566059584
0.339142163827
0.38083038826
0.400164143141
0.18045656404
0.618811913062
0.868397662647
0.0877655648525
0.201293454176
0.4681009965
0.30305850464
0.269702391531
0.311503077185
0.33015131441
0.99654984998
0.161005081962
0.991692448614
0.523296995619
0.229491420136
0.240605339293
0.183094889724
0.594523981118
0.176651046852
0.173886858062
0.431111191888
0.693102317439
0.457300558611
0.52482200169
0.445095969238
0.199140468706
0.21514782203
0.190009377721
0.663534785448
0.361061113334
0.407779174829
0.42029841877
0.291013936432
0.270195284446
0.580618376199
0.335519397145
0.501649411747
0.551857879278
0.173508030984
0.346166545598
0.389229867503
0.692492229586
0.392988350663
0.356097458185
0.177354518154
0.309714280282
0.451954152568
0.234121502073
0.351144436178
0.388255459076
0.146364926595
0.336335090909
0.524582021041
0.169070585268
0.363894635177
0.626993053767
0.345571520268
0.48960761258
0.170751518174
0.467905860583
0.141986748495
0.226950450927
0.142184883485
0.184082679331
0.228313768427
0.175165657933
0.218885488391
0.611005988962
0.374528173414
0.44609353713
0.212512673451
0.23819105521
0.176720561847
0.377771895632
1.02990582172
0.650465785002
1.00023312715
0.217897183248
0.486367445623
0.224392031894
0.629521176961
0.565258977741
0.200488688981
0.248538577723
0.309759493981
0.610092612155
0.271317449623
0.317051845478
0.229178433842
0.225997407386
0.145925679324
0.460900970641
0.15701331109
0.981247233369
0.13664573533
0.450145231392
0.436698210254
0.28737302364
0.169423247922
0.329872605377
0.539201963887
0.411852875695
0.254182338995
0.212281178604
0.500576973457
0.949020992574
0.448429944458
0.257530453702
0.477386291651
0.210513404512
0.326011613402
0.340890971061
0.184691699541
0.408768321838
0.219115740875
0.165041622951
0.253981398947
0.98027667541
0.143620720814
0.285649519958
0.249770498657
0.286018192988
0.107374469851
0.130042846258
0.15411553741
0.1341507784
0.183583526897
0.390232079592
0.294167825876
0.587203879406
0.419873537548
0.323104469191
0.448849965952
0.564531819648
0.442570494764
0.14466517124
0.338440746548
0.136831830124
0.181633415617
0.187872495675
0.204173198983
0.137262523409
0.660135154301
0.158886014583
0.268987511579
0.171880410608
0.320866211699
0.12410576623
0.338815979088
0.172909883131
0.421892471952
0.38853590252
0.194511311886
0.283856002907
0.273839549957
0.249598399427
0.168614228231
0.736797891861
0.314750291591
0.374455858777
0.205533765305
0.151543435581
0.666699713224
0.560510252646
0.525657466898
0.995705165707
0.213123566645
0.262187059413
0.165953825362
0.184940541241
0.522847104109
0.353736039925
0.21774127231
0.273042749883
0.298177890118
0.275411580129
0.393873010298
0.493604029384
0.287081800018
0.274436163433
0.264270495699
0.263957091403
0.423635518553
1.14531145428
0.499509159056
0.260329308009
0.333485239924
0.556983500515
0.764560935282
0.622098091291
0.170187961009
0.728193165197
0.33378135568
0.37421855647
0.410284708419
0.190210553429
0.477723055605
0.324726355194
0.432527342828
0.22594122086
1.28350691097
0.150491496196
0.821335343971
0.174830547146
0.250550303991
0.418726567753
0.203675511308
0.2430127374
0.150607233864
0.168736658077
0.135782383386
0.452368448762
0.241446007079
0.435830764343
0.3629546401
0.176094922188
0.259829001518
0.43563294963
0.451039933596
0.664283482334
0.877443993804
0.394040697753
0.379436927602
0.321014786741
0.388144789044
0.269766341963
0.279073545059
0.560836102799
0.302882375853
0.193104310039
0.136426602115
0.197660839344
0.571261241208
0.273551524418
0.275909250315
0.312383445931
0.916394162014
0.178088717657
0.23364188581
0.489438775725
0.40982821236
0.393269045507
0.235118091426
0.234962783972
0.378432223001
0.627242990143
0.347723456392
0.371948349179
0.256653721097
0.223736663688
0.225777288155
0.289994980177
0.214609097993
0.52550326227
0.258714423063
0.513997633003
0.113934788443
0.615403965369
0.38347871539
0.170372785832
0.497606505724
0.35744965316
0.391314968226
0.186380154662
0.576201034149
0.166438822675
0.324891217533
0.254066285199
1.00473467326
0.313241850746
0.467682768976
0.544543206328
0.303772052259
0.388747322521
0.997736081216
0.633648765562
0.288930561737
0.215617645182
0.132119396801
0.199824655457
0.609277368975
0.621333274627
0.194915275783
0.265015427802
0.70168637894
0.411634678737
0.434507033873
0.334509045013
0.166445087827
0.698510711146
0.343128105194
0.269810867721
0.478353570736
0.0877531101945
0.181981219406
0.288145485007
0.358007406064
0.132164311931
0.275152581918
0.428961558936
0.26422917591
0.447391039485
0.3661946639
0.612037829116
0.492311030001
1.02482945732
0.189175230543
0.306498740372
0.100540309188
0.146212950785
0.327646325301
0.133274835668
0.306286629093
0.399805106123
0.131180843359
0.368044796956
0.319825204908
0.2200967464
0.285978035247
0.33754584834
0.339322379075
0.377066284749
0.430573042526
0.223111499464
0.318985607427
0.587367735186
0.152595095688
0.410793558537
0.693464940886
0.382522162087
0.299651972496
0.318890484607
0.580445594868
0.179457890074
0.157519222004
0.3454258844
0.603273325409
0.282479539976
0.220768511856
0.165694301815
0.340233397474
0.854341778021
0.187603802941
0.254215215195
0.372884138457
0.495760571652
0.430284685063
0.570368503036
0.669554818589
0.377723219611
0.401922636667
0.270518403825
0.201075424436
0.36734015845
0.505433847861
0.720587295649
0.337211610782
0.24591511798
0.279628065579
0.274866856144
0.457138750053
0.216250663168
0.721493005237
0.577729866794
0.191202818657
0.358006839192
0.218825746881
0.752704112089
0.165031959964
0.282099211582
0.70680472653
0.432738024214
0.177578580142
0.240512416953
0.452737300793
0.382516959702
0.23340489685
0.458901962155
0.417733782811
0.134723546966
0.240926875419
0.368141026431
