2.76189575168
5.87321001815
3.01807350832
7.91282930783
13.3063985852
5.58317667218
2.25929222032
12.932206135
11.102086473
10.3123801945
4.00112254857
3.51612664929
19.2667723403
3.93980173301
1.81132242173
3.71311713134
6.87533219149
7.06594235935
3.06285334394
4.12893730232
3.29257560149
6.78569280967
18.4746479209
6.44602531815
4.5497871163
15.6000767487
8.84813629778
5.39397006344
3.80847813982
17.3030818813
4.74542217055
4.86210179286
4.20663734282
1.78251492203
9.18667131599
3.03035791224
9.19437846824
4.22181255667
4.47562783876
9.08836441899
3.23566439745
17.4943667542
6.32393267268
7.20663308196
12.0507838727
3.31049797278
12.3090914958
6.05368203463
3.19403773475
8.35187527161
18.6279967939
5.64383622765
21.6228519481
18.080777684
6.37086213803
4.89689685673
10.49593671
10.32015606
2.73352714594
10.6162257257
12.9955179483
4.60512777601
4.99041375917
4.57629468793
8.24889322753
21.2414669484
3.38401711013
6.53543924057
3.46024231207
19.1979075642
4.08797090619
7.58169044817
16.0306580568
11.926457504
12.0552489826
21.0507917584
3.9677381864
14.8324613039
6.90940427096
6.75255613531
1.3743850456
12.8048941108
3.08363434846
8.74895151892
4.11159959652
3.35466136513
6.47214039847
7.25748319011
2.90778954392
14.4412180997
13.0388615553
9.97074671072
11.2481152622
8.68847397252
14.8762392953
6.47175600386
7.90120462944
9.48807422291
10.7065445165
8.94244433499
20.0212631669
3.92285694832
10.496824888
9.0973424098
3.32075541749
9.37741318141
6.25348356412
3.79905698113
6.81619608058
6.88362519463
6.17387589406
10.0749619852
5.15020809001
5.46288285844
4.75820096566
12.4952877496
9.49444891184
3.30939773863
5.53094688013
15.0562138009
10.1082970241
7.81204663676
6.97122400932
14.2354392199
3.16811662516
5.46527325866
13.0498186217
3.21714343551
2.98023888485
5.1990060068
8.30495559716
4.6178400741
9.18499465962
10.7767750048
12.1939290531
14.8262552333
4.55404575534
8.21375992133
15.0914445291
6.91352444636
6.75371608535
2.78738110039
5.33019770114
4.3598320763
6.61618488551
7.23244895067
11.5685185761
9.0630820897
10.6150863472
10.0384093733
6.82376823632
4.21672347895
5.76828844411
7.36344537821
5.06869312128
8.24076074895
2.05989564306
7.79445202293
15.5694042319
14.8455095865
3.74620236409
4.90706205028
17.4057314627
1.21871081001
12.229795392
3.98641300152
18.2834378834
4.21583788372
4.0016593428
5.07506621084
21.4670041723
12.3790417273
7.71738527501
9.64675193064
9.21033209767
3.72745154719
4.18512039759
6.19919931096
3.84050712951
9.30550743186
21.0970812393
6.22147759295
9.17338516417
13.8987782812
4.77793109402
2.71666431184
9.35292657144
8.33553156017
7.48270780043
3.12736851369
6.634196647
7.06056079792
2.94553851883
14.0695301816
10.3474622331
8.26491386921
24.0209694476
3.75510000936
6.62899283404
10.9370436959
5.55747072405
14.6599088408
13.1356059761
6.06558267618
17.4506145189
2.82491708647
4.96570340581
5.28749112187
3.8946707721
4.56567110721
5.81731201071
1.99608662328
3.6141265774
5.39520077032
6.58055925747
6.48045111513
3.60237635059
4.20017293872
10.9220979
6.10387395518
9.65712812122
5.34673606532
5.72873632988
8.28060072292
4.81350966726
5.70487435788
4.15557487994
6.76356190496
10.5397972969
5.26295259396
2.20310842473
4.53117059281
8.70254149217
1.18353721496
15.4911503074
5.48128689939
4.73666368873
5.11595957731
6.01620160116
11.5625320472
5.43164523123
4.16904392708
5.37683203647
8.63201210271
20.5387300481
10.7232503029
6.15791061999
5.33651710578
16.2321525955
6.67517609663
10.3557639478
2.90953425821
5.50283393239
15.2956953054
10.1630569303
3.88238270467
21.1121413336
3.59323901103
15.626035091
3.885653545
4.06961045074
8.41194111548
8.44528629114
5.65255192797
12.6376827066
22.9801602295
15.0039081874
19.7962277409
1.60391531507
13.8089045294
9.98448983896
5.5996952327
7.21467842708
5.83564274832
2.35467132781
15.0552447088
12.4034559678
4.5214253216
8.92531685797
6.7563211718
21.6280442998
2.38585527098
7.82730930321
13.5091920916
5.26858230754
4.71882559149
15.1437672494
3.48512871366
11.4158817253
2.93593234514
8.22644291386
6.77634944849
4.62020011203
11.6560324507
16.0396727648
4.99277456472
7.55637093287
8.65179169681
6.3038865694
10.7748435523
16.9976599705
5.8535397931
6.26959156668
2.18661189445
6.06867356478
6.61854732825
4.66596955026
4.57448181255
13.2634620578
2.76715629486
11.8659675285
5.35631247642
8.14882935202
4.9845142303
4.16799684758
6.18603921696
5.42003728316
5.8095069761
7.79313850037
11.0801441477
4.52931450575
6.32242991657
2.94367186648
3.44533863344
0.891304009643
4.12668504671
10.8173513171
8.06167455999
3.66593508833
7.14697024119
5.59195344989
10.5409207892
12.5299084806
5.56562785041
16.6831193204
3.44706827141
2.48969638246
6.61503163971
7.98495311816
5.96017834316
8.23483211035
10.2328929721
11.2995564295
4.09100684695
9.2363851371
6.42478093914
6.02274262362
4.66232227302
6.37276574104
8.28383587468
2.12583361871
8.00295026656
10.0911339322
10.002998118
6.56306758526
10.2846345322
4.27585177003
9.63282557821
3.04644994756
5.03821676444
3.25529711662
5.26291775438
20.4926907369
4.8092582075
2.67359066632
3.44851019832
7.32945511021
10.0504885814
3.64226706046
4.95731388224
3.82801261128
2.78093976891
8.24765147878
3.64801399567
4.50115247623
2.46444618579
2.60521642099
8.86171363958
5.02454742773
14.0466517463
2.83582011886
4.77864047093
7.30313649616
18.4274482575
2.59954777792
8.41527106479
6.65995957257
11.9346170039
1.62884153176
4.18885870757
6.56294278314
8.18803996231
1.20327918506
9.05585925837
6.10302184174
4.92987466112
3.2112886462
9.78562525909
6.467983854
15.8129493575
10.6306812634
12.2566707719
5.26383971421
14.2939098353
12.2990200866
1.27609971038
7.33720022263
8.96128674817
15.9587787864
6.57364130481
8.72887360468
12.8744975708
11.351764036
7.74671808613
6.56593229673
7.84473866139
4.49909014276
6.72163994632
4.47794292633
12.0886236251
12.1958996849
4.82509554694
10.4392093677
4.13419391876
1.80870587585
2.93452200085
9.23507926697
3.2944951707
12.1808618629
7.07648375585
6.99088520373
6.33291769459
4.43281657681
2.25380622155
3.27742587527
5.08012107781
16.4166764575
5.23941404717
4.43043515815
19.0529249537
7.19806107128
2.42298053228
3.84615710037
3.30220138349
9.21747715804
5.80160767705
5.66347603149
21.3520690214
1.6107050997
3.51407605602
4.00886039557
4.61989991251
7.77987336337
13.29117816
20.5256766141
10.061401674
13.8548414966
10.5241711828
3.42300140752
7.99398260803
9.32864080029
4.80393988043
9.98820959314
10.6519587076
12.7389919312
21.1115328187
6.56340783297
6.30048824135
4.16674335531
3.13703838496
6.52540368987
6.99996012372
14.9257145776
2.47821104034
5.00404108583
3.28153004221
10.4103576529
17.4081751078
7.36137692762
11.1864093418
7.78925759712
3.36034544879
8.24777747514
7.10513838942
20.480436809
18.6802409536
17.3271895489
5.73536632417
11.7900819193
7.53461959617
1.7187580181
18.7268041628
5.42065818702
2.73734999545
6.2151238033
3.61352482464
9.57152871064
5.6334676514
5.32930014892
8.92503391001
16.6696194639
4.64073670625
5.7813418753
3.47301045262
6.6645867235
4.87001728471
4.12455887492
6.07568343386
9.70964297998
5.33702879689
10.4992633837
5.01785263665
8.89258795917
5.74335428196
6.42991432857
3.8340465259
20.7332053114
7.88937015042
5.15220648908
3.21075053368
6.2161178119
15.7000825145
15.2846573924
6.16898937228
13.416430938
13.9215787413
1.55530487154
4.28704209289
3.1820184766
16.3853061283
6.96553656733
4.57922997577
9.32345090391
6.72847199698
12.3902346904
10.4489819464
3.12283119319
9.89048944852
5.54281459023
3.83370335286
5.22761894694
6.09436204718
7.36715524142
2.32985843401
3.28428422634
8.60348513694
10.584682971
14.3701414902
15.464222306
3.69257248013
18.8479537363
6.07822275954
6.84704545621
3.3670660472
7.8144933674
13.0666345109
10.4198559791
10.0138241859
0.411880905566
12.9777250427
4.82088219521
5.10001753272
10.7743080539
9.15302439397
11.7480275618
14.1945496989
14.9207842586
9.33071116685
3.67334112636
16.8309597222
7.57622740285
4.33930905596
9.13324261507
5.00479240132
7.55298751309
12.1348504192
11.9298727021
11.7598818439
7.06642336535
7.03443928615
3.18399145631
13.0233313703
1.94266580935
4.57796848479
2.79609609795
5.10230962175
5.46022872912
17.7756831056
5.61211429633
9.66526461406
9.25269395559
4.63374392558
4.75944856684
14.7225220082
6.47450713541
5.49722727094
4.42470830143
5.39860951764
5.58478877239
11.2479131847
5.51126321033
5.18027276492
4.53423742764
3.87321980953
10.1160623776
8.11210639144
9.57419129302
5.48530141868
15.1415954703
9.23236569184
14.1949294324
2.50887904377
6.2518483956
15.5200823857
14.3901200176
5.77676379011
6.3975646441
10.0150920992
2.80137292064
3.542584828
8.15291165341
10.7610216131
4.2711645867
13.5520820147
7.26924480278
4.02445640596
14.0746764723
11.1815186246
18.6701373104
6.38080403715
13.5574658467
5.437335833
16.0052413785
4.54558594492
9.22127706373
18.7965441653
13.4598814
4.77516232303
4.38300412965
9.07846496652
4.89411389336
9.85950922458
9.01423012135
3.27127320764
20.9573878452
4.24549384225
2.88241762951
17.9837027345
19.3271506042
7.1093857637
2.63820953483
7.99287061998
3.76970287827
11.1865891295
4.24778121691
3.84624977571
6.21033046166
15.1618003222
5.34731196874
11.4154540565
11.1486782269
13.4222170203
3.02563741733
9.28213362391
8.94181391039
8.9542928388
4.71836625687
2.47666486552
3.00949137168
4.27793058777
10.5077790053
10.3031618924
14.5304436975
3.07524737155
9.21996961791
9.57797939634
10.4981808255
4.2760310732
16.6800659419
17.6384923305
5.84362307158
4.44415554003
5.71436373228
11.4171182936
5.34400056912
4.45866900086
15.7047127322
10.8129170214
2.30048515087
8.80380378166
4.06957084048
17.5237024594
12.8675248793
5.15317006811
11.3239400472
9.08812129466
18.5521237694
4.21878903039
6.75098401849
2.5297917516
7.99811153212
3.76263645109
10.4225973329
4.73864320368
14.9478370514
3.88597227523
18.520517802
6.54486958855
17.1254618452
10.843488359
4.08703248868
2.41143051566
26.6504657926
8.93024901389
19.3401308256
5.34828979909
3.56448762637
6.77173719873
3.51479965845
18.9389496583
6.36013320308
9.72270707348
7.48336878268
5.57328964662
14.7505425763
16.1278348327
3.8432991871
2.5509936147
6.36190839467
3.40828270981
6.0966630662
5.48921658864
4.07269604206
3.57308311282
3.26361083406
2.25493691864
3.16113037323
5.62515558053
15.7378994617
8.76105656321
8.5730927445
10.9843807947
6.69595328046
2.74742039674
2.48023277509
5.55476258977
9.67791144535
4.08528996563
13.1055231067
9.05211133578
8.89940172959
15.5157385043
4.43351996464
9.70538014058
5.64808461544
4.07301358953
11.4911249998
21.7103461725
5.4889345576
3.22476669133
9.44495043904
4.94013580577
4.48096721968
6.29195596546
6.18428930634
10.6198307609
11.0380183054
9.68366979691
16.5253990748
9.93905960988
10.1419047107
3.38260280728
4.06642012371
8.74344848668
12.6892017934
4.79851581407
2.51583234633
19.2931402147
6.20045604947
8.82984507299
16.1194996953
8.66393434581
13.6579756796
2.43446972024
26.7416746634
18.5354711429
12.7158094968
11.6582084822
10.1212614198
21.6909214401
4.68065904821
12.1500608458
6.43052958528
10.3216378513
6.34697234375
5.00506040364
16.2921763482
14.1715463924
5.85673264576
15.1509383307
9.91056542465
13.9841101214
4.78918101764
9.83753487767
8.6805171595
13.9597995195
14.9425359345
13.8996696888
9.11058694706
5.74371861248
4.47040520882
5.09366054702
10.0368493697
9.32126904456
3.45597708102
13.4373304829
18.2395691345
14.1637947914
5.38742958168
3.62793966151
3.89995688026
10.3512773431
3.12929212424
6.2271386643
8.72081648734
11.2594631695
19.2195220906
5.5802912605
3.53952877926
10.7363486036
14.4962435483
19.0582285922
5.94795262931
12.0604781935
8.70360242766
11.0558168692
8.63747199321
10.1313302617
12.0733661615
11.1807367086
2.81244444815
3.20963660873
5.74040157259
1.00717084578
10.8581459255
5.94994952572
4.52677658582
4.16857153794
4.04219286723
13.985759403
3.08508686587
3.02068952719
4.02149706677
4.72503301672
2.43687741529
2.76312248018
5.28423112845
3.09427286589
9.50458015147
6.13815103903
15.2411283672
3.46174853002
3.47739386063
17.9501908139
14.6602471798
6.0548405175
12.6709199003
3.06507116744
15.8565904577
12.0751460717
5.19353285531
3.32608642376
6.37133931784
5.6889800295
15.2004752708
1.46450663469
18.1802281751
29.2511030684
5.49864809756
18.5186828257
5.6216260759
6.06278213653
9.90692303813
11.7831225388
2.50685069894
15.606046302
8.02898142839
2.42978621703
9.28482356701
11.3745663805
20.2243811582
6.91254794765
8.07225894063
3.86971710013
6.3129532441
19.3872589753
6.47932940625
6.60958640181
2.13881122932
12.2980844319
20.5500225873
7.5470197554
9.08947269137
8.4185215127
8.93364797076
7.93738237528
3.89118133955
6.46311796226
4.64859881542
6.08600911649
4.85403461558
14.0359278804
16.9631643253
8.23682364777
5.45382785774
5.62219831629
6.10020239109
20.6435669527
8.27271769871
16.3562478114
10.1806870322
5.3041342483
4.91790452161
14.8494578554
7.40570199369
3.34183853546
10.2335296705
11.3607968584
14.2365141924
18.4420756421
14.5900796481
5.33867775297
9.5374141309
14.507506884
7.25251213108
3.27302482408
3.99039009256
8.92521461485
7.37351393002
9.05048693264
18.8671031675
11.791904404
5.98173723427
2.8710457913
16.5593522825
4.12726921708
12.9004689908
9.54052604269
5.59572842599
7.70476812386
5.1258554355
4.53512900007
7.5875668811
6.88994918845
5.62867983753
2.95178762066
12.7908708102
9.78774833447
5.15729705614
9.6599675587
5.16841968885
11.2838695354
3.12489507919
9.79241847909
10.7114608127
2.86806069465
17.8746626085
4.66501429252
2.04992545589
11.4716074935
7.13690489663
8.73975962754
10.5688128341
3.09609527738
3.31849878004
14.4052854374
3.8487248317
9.42137530004
18.63980461
18.8399855226
5.87973090909
14.8910720954
4.37315090994
7.01283557015
7.28049292878
3.88159486568
10.3546255395
4.99753201313
8.06839297471
7.62426947579
8.22093720898
9.60273520169
2.67212275462
4.67147703581
8.71014193018
4.83077688791
8.26767932706
18.9842017068
18.4063770243
4.13046658614
5.25989872209
13.7198143422
6.7470601364
9.73323258608
2.63823164869
12.9885785076
3.27319850783
5.83392816045
7.25152167809
2.48149885004
9.41601332228
9.01478988877
9.90586940839
8.57759961449
11.6612202955
8.9769107
3.11894855124
12.1018367033
6.25688213108
9.13121954322
9.40897785565
9.84239530766
13.7732267399
19.1551227174
4.65666743169
4.65430681523
6.17261498543
3.83961204875
8.84537541288
3.3723374013
18.0365945714
7.28301535342
3.72970517558
18.4731296253
10.3475953411
2.3108920505
8.76467559551
21.2459206999
6.32640504793
9.25388673398
10.7238051073
7.84151512099
20.110237301
5.18987555737
14.1937903428
4.80050268699
7.04742395106
6.36605129603
2.52763878657
14.9860841686
2.15929898264
4.90658506252
2.59992345246
2.21092496008
14.2601255496
8.44208154163
14.9059557751
6.26283957618
3.98457229805
17.4583790481
10.9292019856
20.8578711802
6.53799405335
4.17363481844
2.85691891036
20.8828439671
3.75161984096
14.0144321449
4.82586188331
12.0229208287
8.17501523817
9.86983004878
11.3923105819
13.1087070578
6.83086450533
3.98048671256
10.8312612353
7.72069573015
6.93555344169
4.27766145911
13.0320383873
10.249260233
2.39901554051
18.8747657893
10.4949510062
2.09411790546
7.84679986039
6.05579075347
3.26410514153
10.7260362586
8.94751371261
19.8971187886
3.48662019599
5.53322505293
19.6732059084
6.46253773299
9.05299142059
12.3012259484
4.93711035488
29.7710138904
6.18340530895
13.6859057357
8.54501153707
11.6336699714
9.30415099395
19.7120476061
4.30715878099
4.16885753221
3.97980574082
2.98389383774
4.52821836052
4.32736302694
3.4628577715
6.63004240707
6.41664531768
10.9009507911
12.7057897214
13.2306539054
26.4015518573
6.63102268945
5.245559976
4.42596621551
5.11056945391
3.10942246282
6.37002535449
3.80602348724
10.1433813313
4.17114387027
9.26858693842
9.82763539981
9.25910819453
4.463589596
6.32499490325
12.8948202892
2.87407715775
6.14878858347
10.3053405946
6.20301984999
8.41440569691
5.60996368768
6.68490861183
6.79535710282
5.40085208969
2.73624595838
8.8066584377
9.20195037113
4.79721641681
10.0233599684
6.45196879874
13.9728694787
3.38754017426
5.34705856186
14.3558139978
18.1305336259
17.4504059541
15.5933447363
4.94850263717
7.06538504624
5.80080945265
3.53855408146
6.59399091006
12.9996605166
12.8706206449
6.40761358072
1.2455204708
3.79672430704
10.6807012385
2.1097778907
8.38585931432
2.92777271235
6.02210147337
11.948865565
15.4684601768
18.6904777356
12.9914524337
6.45016119295
3.20058457289
6.96029614581
3.60787949589
10.8829103303
1.1178739338
18.957069792
9.7541518475
4.54886115889
3.29566160165
3.45043811373
0.498080838536
9.98123337621
21.2253789561
8.1370898225
0.870561592383
9.44962779037
5.30514968474
8.228906878
14.7464254424
12.2988821295
5.81464119783
8.34416357384
4.21708793166
17.4803430304
2.01199755307
1.99942730422
4.55418717433
0.933654030503
8.15054279618
9.64784925427
6.74690939308
6.22362644055
1.98295214969
15.6801374392
6.10683476802
7.86606990589
18.2050954753
2.20110608062
4.10497073383
12.6854151495
30.4242543593
6.04812018795
9.70151668455
12.0509049727
4.12433331944
0.745418366559
5.05205299136
7.19323932626
8.94753910546
2.68864317632
3.4599253152
3.71435034977
12.2230873003
4.75715559786
2.4078607393
2.86961871863
4.19315005835
3.27726120949
8.55238058879
3.20903589634
2.37455904938
3.17679770712
11.7713876632
2.79158950366
6.28965374273
5.76793449095
5.46436073369
9.34887383399
11.1588811559
4.69423320716
18.6310015663
6.66820196184
2.44486538315
2.68337549006
6.17099487393
4.7150210354
5.30354416091
9.19436600708
2.16055074945
2.04274281074
8.25723252371
18.604154037
3.78327955336
9.71754933622
2.84549623954
16.6191073943
6.73701479973
18.7043072503
4.5707808348
3.95588649649
5.16898119865
6.32846448732
10.1686433477
6.21326647411
2.61708419267
5.99445946232
3.68899395262
3.77322947196
8.36667915292
9.38925770443
4.13354244799
8.21257519038
8.38032855764
7.40581091158
15.2819815037
9.27746494632
18.2353189678
6.94676922153
4.5858529721
17.2728881628
12.5109070116
10.6621753026
6.16169614786
9.14368369644
4.21972838159
4.33265547493
12.5964884205
10.2929170086
2.7146839448
5.38460057379
19.6272814063
11.1463222176
18.5793262219
10.5320346009
28.3210080787
5.56700037276
5.380560001
14.1331892998
1.88035786051
10.1210292689
8.00964987102
14.6403567832
21.5968962073
5.60795119092
18.6990894372
6.73314162737
19.8261040001
3.65361186832
4.01039676742
10.4765368555
3.59261625987
4.96939315326
5.31137918465
2.79717645112
3.73129221304
3.53735205104
10.761100277
9.05881223113
1.83929408938
10.0088522031
10.9863770559
4.07258716795
10.3083028984
3.63622012601
14.2572159335
3.18857530488
3.31532215841
28.8869545031
8.31144209705
3.81136467152
3.16944391515
4.88365647246
8.39608710019
3.46009570396
10.7130511963
6.47211803322
6.75538543305
6.60801453873
10.097754846
11.5982239269
3.0126150388
3.8344648381
3.14573179497
2.33224253865
4.94862052138
28.8838878995
6.70700050556
5.14309116058
15.4959081226
4.82138997421
6.35304947439
13.947492553
17.9433801265
9.77060047584
2.28997450931
3.55853259644
9.89317930555
4.74252086431
6.33916815868
6.23606735011
9.30891303514
11.0804683683
5.49663661352
12.6545505946
5.5191630503
20.2746090728
4.61511234375
2.2318508363
4.55707791569
20.2925764392
10.8135091168
10.3508067843
13.6456783521
12.65441368
5.56197642159
7.8705883059
4.86923054926
5.66300539042
4.15558551649
4.66078083663
21.057093637
18.8827550687
8.08966540302
4.18594179062
3.82967937492
3.44445191198
14.4778037761
3.13123796739
8.3618682833
10.8056922947
3.94256201897
3.57088079178
6.28824589491
9.73066730611
11.6664744359
2.92595298326
6.12842436968
9.62227901291
8.93118352988
2.4713352638
10.5901454934
4.24049686006
17.7722487669
2.86712488953
6.60557137908
10.6885586859
2.60778253783
0.235227571504
5.60625052369
11.371635262
1.28419995428
11.0578349697
4.92099163909
16.2649899689
9.12191459947
13.9669883795
5.01338979543
4.13045572411
5.287809521
4.09695160695
4.20576955915
8.32463253774
10.4861223153
10.3958292325
8.6038565527
5.42751488556
5.4627749485
1.11284500431
4.3225244864
7.3982676354
7.08791716549
7.41886729217
5.56147865431
5.84701291838
1.61843764017
5.63516312175
13.2539259707
6.63898634304
5.41821851521
15.8470195218
7.36943259692
6.14694343747
17.8727097093
7.21220686865
6.74422312489
3.36782065682
3.00924523669
4.64326535618
11.7042061072
12.8097782281
4.95297460736
4.19139862409
20.9252491941
6.93193273434
3.00115668372
10.7755142978
8.90351521457
4.79278142913
18.0972145586
11.4199738357
3.57071656452
3.10618684282
6.36200806036
19.174229243
3.15897860177
7.42690093535
15.8282165659
4.23619712707
14.7929821502
7.03691943643
7.41850159727
4.72916844265
4.66721937609
3.3452527256
25.1615661462
18.8167920458
18.3948336045
5.63346385554
4.88926734045
1.48509676184
4.71163855359
4.62693258633
7.33533494841
7.27973844249
6.66192166761
4.36225387912
15.329295243
4.65617412102
3.81801379502
6.92111432248
7.02194447571
4.79585956772
6.15939050828
9.76467478355
2.15907180678
3.3111074049
19.0580265149
6.88003508029
2.02783666837
5.13594530541
10.0261697632
3.43237777273
9.28317409053
13.9280863503
3.67033045497
2.4362384834
8.66153897978
3.32130300043
9.70757579102
8.33833449275
5.30707581683
5.0247802548
6.88329305881
3.52081422787
3.92091962847
12.9270517717
10.8334586279
6.2194833594
8.00402690205
13.1785485796
6.33842960137
7.93169502861
10.5361332583
15.6838194049
8.17378007459
5.50084206348
18.6239790642
12.982002602
9.32727097479
8.16286830355
3.22632866766
3.79350256668
5.32424547431
3.39572826224
16.596541517
10.4592507986
4.68171693704
16.654970506
8.1927112509
3.03214982394
2.58440912403
5.50919616283
14.2786343302
10.7726657081
9.20616549999
6.2698326037
4.72221236426
4.78602615762
5.63817449372
12.9308009389
13.0558353491
3.81633452438
6.77928776799
4.19730038602
3.94788129465
9.39867337508
3.10162595881
5.84229604872
2.1339709699
14.9965256326
2.46643784787
1.1170464759
6.31065704867
3.35919278147
10.1821386748
4.21109871999
12.5261042643
3.96309664963
8.15756112366
7.44173582982
3.17753304974
2.48547278955
5.8976898347
9.13791358086
7.4142674456
9.86328396525
6.56511983375
8.29886654553
6.44321287959
1.99124158081
5.23004718731
5.80365297933
8.36331263577
13.799923443
15.2054017762
4.91825443138
6.24992948231
9.81314252489
12.4586177314
6.51860528569
14.2796894502
7.27336543634
12.6092948909
16.806395767
4.06332554919
9.65694084499
11.3861136609
11.4409308876
6.83729447743
3.65720932644
14.4441723434
3.54223786241
7.94890114187
12.479717146
4.56469496924
1.72150118453
10.6711348345
3.03141428054
9.68381771805
10.4020830353
2.01464053305
15.3576275596
17.3575985682
1.89165692703
2.91588500641
6.91020453092
10.3721259917
8.87121956675
9.71140328586
7.40689357663
18.262743164
3.40019937489
25.1644467422
17.7406939379
6.44322724575
3.6300516884
2.57560944371
8.06033690322
6.02304836589
6.36565447217
20.9537101387
5.41443281013
3.90160094017
14.9466355959
6.79909330282
3.31381389574
3.25829884347
1.84059185609
20.4206006539
12.0885572778
20.6584934744
7.4880209364
14.4832166681
9.13457029622
12.7857846181
7.92941753155
2.17885010093
18.7369535599
3.8506984567
7.9579450744
9.74461090111
6.08488200434
14.9827233538
2.87648202459
3.18819939733
6.11939851433
11.2084211059
2.17196474599
5.65623581915
4.90417929896
9.90611405206
4.50876318741
18.3009404788
3.62216546404
13.0115821364
11.8688256699
6.13543245118
8.06941828796
4.0834621554
18.7537566587
9.31704925158
2.94148971878
5.63455162014
4.95631019116
5.02668011481
5.63670965323
6.90803488871
14.2420593048
5.78827166066
11.3202739894
3.88192972961
8.40161444291
3.78486081219
16.5226864414
19.050133702
13.7736962345
40.3295541154
6.03731639876
13.7228350366
5.3257487107
15.4065395344
12.5921568941
3.05779059939
14.1341433247
3.31517599428
18.6858249196
6.40802961742
9.37272290309
4.46800091334
2.25675454585
10.9409041178
10.3143686217
4.63988913826
19.613752579
5.80020074975
4.56649666094
3.62593215235
7.65394032784
5.70177413329
4.4848837957
13.9128074104
5.12492335754
3.60670407785
2.75828593897
6.84324730326
19.5513967047
8.54542623111
10.3230995343
12.1739079857
3.92496146916
4.74955372219
3.84089384992
5.3943661132
16.8538021704
7.06296553682
4.89253741683
6.84899523645
18.7329318439
8.98307159509
10.4118975599
8.95469358125
2.25015246044
8.12582608994
5.29463683457
5.6988348801
9.30960558443
2.03228006206
2.98084015263
3.40569578374
13.7037802487
5.78937463051
3.92813916549
9.31704791972
11.4651194369
9.83655369304
9.67459186336
5.59027738876
4.22441088343
4.62966406196
5.44026192876
11.8596907126
8.52252276368
12.7045700964
5.51631150445
6.3138143199
5.08593076809
10.8357416257
6.60309119954
7.31836149422
3.54317480847
16.6208748522
3.95844544463
5.78474633425
2.39262991769
1.85600267206
5.20646088578
4.55768196616
16.1068316535
11.3978993387
9.10291153224
3.16686977447
6.49694261912
6.19780504547
11.9221082456
4.12524698804
19.9371508004
5.7458866632
2.66500016707
3.73396773354
3.51988940256
14.2675438905
7.58378255204
4.88752672269
5.58421373784
3.48095773552
7.73071820496
6.03906174787
18.1332336219
4.32014846481
2.8860491379
7.25078066103
3.84267717313
3.53175469028
26.6270051821
18.3614313793
11.6686302759
5.71962098427
9.22869453251
17.9691034082
8.15050111174
10.4072234827
14.2849730714
2.91440794611
5.08318106707
3.76263935799
3.39414504659
18.7448804493
6.43484908818
4.75407128266
4.27794371111
30.2960405814
7.37109764989
6.18852965134
2.90158328808
12.8069018939
7.45709469736
3.95561061056
6.65970345967
1.51348010335
4.480485658
4.96127470351
6.97911972005
0.971089343218
4.11648816059
6.66770264508
2.31309068707
8.31022334443
6.25368393721
6.11753904466
5.19774198217
19.3627795467
13.9882071449
4.84247314942
7.26306607371
15.8800398355
4.43179369408
6.631125013
13.1108070131
11.2050074852
2.63926303798
6.47887087698
3.30930593993
14.0120233239
4.41239403797
3.56689009486
8.61309736401
18.6999987294
1.76002253574
6.89474659703
11.5939853775
1.45980793813
4.11581361492
2.42791157031
6.69848855757
4.32555578562
17.3253901571
7.41354334838
12.126342902
3.18932128291
9.4096188179
2.23441941055
6.5166265486
3.9757844438
18.6370178352
3.66661801958
14.9932585459
6.97867145376
15.1938326606
14.1968551626
4.57710966035
3.11082950476
3.04832300056
3.96637950578
1.5333750348
12.5247518472
6.15745854192
5.67236095059
13.8065916895
18.9104129785
11.6736642417
9.45018269556
18.7674670565
6.22111257403
3.93799460619
25.0142579115
9.81831373176
4.23150288956
4.75700185455
7.64298038814
3.5900990971
16.0690140454
15.7950892171
5.51571680109
3.45152516736
5.77396215452
2.74578379113
8.43167272818
3.78152332162
4.61143228881
6.12418023964
5.3229962863
4.13879326139
10.2554599134
0.790428870927
6.34291371614
5.76110287329
4.24662222249
5.4098811302
5.58481670582
5.30615968791
2.82835182754
10.9977997385
8.62277786036
4.7625793696
21.5967179771
18.9220966239
3.91024735772
12.6725732581
7.39885587197
7.69419282727
6.638757366
8.06925538576
6.80487032364
5.05128251124
3.60117810868
6.91503372843
12.4533996436
7.04197837105
4.73649573979
5.07081524696
12.9766331087
6.3989146482
4.08060096058
1.48646012869
2.94534875825
14.4204860238
10.5418745896
10.2703234064
15.0440766836
10.6329591917
11.4031134208
6.92522208966
12.3873136138
2.85756859005
6.74455419342
5.50496710095
19.4197408349
5.96926854897
1.97778099504
7.02972186742
9.01090861547
21.9461888359
6.65651170241
8.97137340604
8.07990331512
11.4648505283
14.6891875584
19.2041048727
6.81252330056
9.6917659412
10.5396497113
4.58624948126
4.22496095205
5.61546940607
18.5010527767
15.9188325886
5.69858516259
2.73810858889
2.92499917091
8.28066855156
10.4460561841
4.78987571147
10.1023129275
10.8418602936
2.37903405865
12.844335346
4.29246724575
17.3676119557
6.13933909642
6.05098915643
17.2397934322
9.28745657268
2.97312377226
1.57608957105
7.0552270187
3.1567628172
7.51542826569
5.25123912914
10.8742512805
9.18849820592
11.5326173745
5.47684524804
