53.7158 -32.3445 1.65054 0.690391 0.660579 0.190315 -0.237475
58.2006 -34.5225 1.63842 0.667628 0.661029 0.231421 -0.261551
37.7514 -28.5888 1.77331 0.69315 0.663602 0.161577 -0.228749
-13.8878 -19.2392 1.78499 0.681458 0.619023 -0.274794 0.274238
4.53654 -19.7026 1.81152 0.754081 0.605812 -0.190551 0.161599
12.788 -24.3619 1.86046 0.769433 0.637344 -0.0256385 -0.00106717
32.0789 -22.4908 1.66509 0.715258 0.643089 0.166819 -0.210016
-13.1716 -18.5084 1.7782 0.664211 0.620263 -0.291915 0.300227
69.3034 -36.3736 1.5261 0.648327 0.659413 0.230753 -0.303691
-25.7371 -13.3564 1.62229 0.671629 0.537837 -0.316771 0.404771
20.9447 -23.4904 1.76314 0.777355 0.622809 0.0353082 -0.0518809
-9.42773 -16.7732 1.75068 0.664616 0.621553 -0.280163 0.309363
11.0203 -17.7892 1.75249 0.736648 0.678372 -0.033438 -0.0144112
11.2397 -23.0298 1.85505 0.769675 0.623366 -0.0878239 0.0851415
21.5867 -23.2752 1.75659 0.781467 0.613862 0.0435885 -0.0595358
23.1424 -22.2323 1.771 0.766464 0.583535 0.0514449 -0.11575
-1.27397 -15.3114 1.71283 0.737862 0.572322 -0.247369 0.256225
79.4475 -39.0165 1.40487 0.651943 0.66424 0.232065 -0.291769
20.0487 -23.4787 1.78224 0.773227 0.625956 0.0389511 -0.0755708
20.0215 -25.573 1.80957 0.794591 0.601047 0.0270912 -0.0417631
-25.5136 -13.637 1.6286 0.664606 0.522323 -0.326161 0.430272
-21.7894 -15.1557 1.65151 0.622996 0.541812 -0.382402 0.419578
-28.4612 -13.2091 1.61887 0.683057 0.539988 -0.306872 0.389661
89.0106 -41.2769 1.30527 0.664464 0.615399 0.271627 -0.339325
19.4307 -22.2454 1.74323 0.724484 0.663511 0.111825 -0.150138
60.9179 -34.6274 1.6012 0.678909 0.657669 0.220913 -0.252201
-24.8798 -16.4917 1.7017 0.655819 0.580919 -0.336853 0.351133
-31.9711 -15.0132 1.62591 0.641336 0.534514 -0.361267 0.420303
-31.4694 -12.6893 1.59337 0.670593 0.533461 -0.337324 0.397325
53.758 -32.639 1.67318 0.688893 0.654134 0.206724 -0.241999
52.5421 -34.1041 1.6615 0.656784 0.616462 0.283814 -0.334624
14.6491 -19.8472 1.74078 0.73596 0.664704 0.0604331 -0.0857868
22.2177 -22.7109 1.76569 0.703415 0.674631 0.142253 -0.178416
63.7799 -37.4834 1.62772 0.658888 0.654422 0.251732 -0.284522
-12.4154 -15.5545 1.74497 0.66896 0.634798 -0.273034 0.27553
51.6397 -31.8549 1.69476 0.700671 0.65947 0.176572 -0.215195
19.2807 -23.7732 1.79046 0.774619 0.62523 0.0177924 -0.0748465
-19.9643 -14.8995 1.66415 0.654771 0.545762 -0.350828 0.392922
84.3919 -38.2209 1.30822 0.617735 0.582027 0.323261 -0.430321
65.0614 -37.904 1.56613 0.643084 0.616435 0.308417 -0.340929
43.48 -28.2316 1.73051 0.706497 0.678177 0.118461 -0.171129
-20.4473 -15.1522 1.68287 0.661041 0.56776 -0.334949 0.363424
61.6318 -34.1747 1.597 0.672589 0.675279 0.206701 -0.238877
-10.2952 -18.0142 1.77074 0.66154 0.630647 -0.279778 0.295236
11.9172 -22.1172 1.83694 0.770369 0.627129 -0.0703737 0.0716761
79.6421 -38.8344 1.39396 0.667268 0.649348 0.233546 -0.288456
10.6948 -23.2455 1.85235 0.776448 0.623573 -0.0651999 0.0445767
33.741 -28.4917 1.76061 0.710752 0.631172 0.173402 -0.254138
39.1304 -29.3162 1.72845 0.670345 0.617752 0.265183 -0.323683
10.3985 -20.4813 1.79393 0.778391 0.619542 -0.0691183 0.0435436
30.9764 -23.4441 1.70178 0.741629 0.625519 0.130877 -0.197576
11.4505 -24.7474 1.87801 0.773904 0.628437 -0.0612014 0.0220153
0.419158 -15.4006 1.73098 0.712677 0.62946 -0.211225 0.21904
-34.714 -14.0628 1.60258 0.654991 0.534632 -0.349893 0.408629
51.5286 -31.0976 1.6658 0.70091 0.667272 0.156442 -0.207445
27.3157 -25.1699 1.7874 0.69217 0.675963 0.163123 -0.197683
-31.9909 -14.0662 1.61482 0.667198 0.534756 -0.332853 0.404187
-3.94087 -13.516 1.66423 0.717105 0.552398 -0.286025 0.307058
-17.4725 -18.3168 1.75554 0.650094 0.631425 -0.301609 0.296548
90.1582 -40.5688 1.2907 0.621923 0.584781 0.329493 -0.410044
39.6071 -28.4456 1.72668 0.707435 0.616609 0.212433 -0.276978
13.5854 -24.2131 1.85726 0.769488 0.637035 -0.0229175 -0.00119302
14.1013 -24.0857 1.8465 0.778533 0.625094 -0.0102129 0.00474035
63.1012 -36.7903 1.61258 0.67554 0.643115 0.249073 -0.273686
87.5637 -38.7948 1.2983 0.622216 0.582029 0.347419 -0.405691
32.616 -22.1345 1.65111 0.715803 0.639023 0.165015 -0.221351
-12.4973 -18.7616 1.77371 0.692351 0.613454 -0.265866 0.271416
4.69125 -19.5668 1.80951 0.748841 0.603688 -0.195174 0.187352
84.5963 -41.9522 1.29866 0.654971 0.611689 0.297987 -0.340858
9.79303 -18.7231 1.76895 0.767545 0.636606 -0.0601609 0.0435196
78.1005 -38.744 1.42595 0.652242 0.664584 0.25569 -0.271157
-16.7683 -14.9404 1.70093 0.661963 0.574698 -0.33364 0.353058
15.2945 -23.0583 1.82199 0.773619 0.632823 -0.0194317 0.00957623
-36.0397 -15.2262 1.59988 0.627989 0.526935 -0.368956 0.443819
-37.8262 -17.0788 1.65182 0.599782 0.552473 -0.382148 0.441887
-16.3694 -15.1077 1.68782 0.674879 0.558454 -0.336658 0.352348
63.2814 -37.0965 1.56751 0.649217 0.614 0.301173 -0.338414
-25.3568 -16.6392 1.70104 0.648487 0.587037 -0.345988 0.344383
-36.8723 -16.1195 1.62252 0.616198 0.547101 -0.372964 0.437028
70.8708 -38.5272 1.54833 0.657042 0.667578 0.236776 -0.27055
51.3052 -33.1357 1.65703 0.655908 0.610164 0.292483 -0.340672
52.1827 -33.8235 1.66933 0.659865 0.618911 0.281157 -0.326235
28.8738 -24.5668 1.69515 0.787516 0.599105 0.0565814 -0.123015
-14.4514 -18.7849 1.77244 0.681018 0.614186 -0.281425 0.282817
69.7674 -32.5437 1.4717 0.678014 0.634261 0.220157 -0.291905
-10.9046 -18.0523 1.77422 0.663433 0.627398 -0.281267 0.298715
62.3696 -35.6096 1.59968 0.688513 0.647385 0.22505 -0.247662
30.3859 -24.5748 1.71924 0.765854 0.621793 0.0721234 -0.130685
-11.4575 -18.3891 1.76916 0.688391 0.620264 -0.259483 0.271089
22.3928 -23.4887 1.73584 0.777934 0.612945 0.0679026 -0.106685
3.50062 -17.8006 1.76485 0.763014 0.591243 -0.178849 0.183097
86.7046 -41.935 1.27627 0.660237 0.607383 0.295585 -0.339144
-35.2768 -14.6222 1.61611 0.64925 0.548805 -0.346472 0.404014
65.6951 -37.9022 1.55589 0.642683 0.616234 0.308885 -0.342136
64.5408 -36.8634 1.57357 0.656324 0.650086 0.256968 -0.291874
-29.5122 -13.1612 1.59806 0.679892 0.530408 -0.326874 0.392265
9.93215 -22.4399 1.84292 0.78094 0.610021 -0.103574 0.0689741
18.9813 -23.6411 1.7879 0.779058 0.620816 0.0233731 -0.0321445
17.0977 -24.55 1.80307 0.805085 0.592352 -0.0109986 0.00209733
71.7212 -38.0941 1.49172 0.650461 0.668824 0.236724 -0.279083
-1.78083 -14.4947 1.71914 0.712823 0.625485 -0.219514 0.220751
62.5229 -29.6179 1.48494 0.673102 0.636552 0.222231 -0.286491
-14.9694 -14.0501 1.64362 0.695915 0.56987 -0.295922 0.333878
-0.70249 -16.27 1.73075 0.755649 0.572391 -0.224703 0.21866
48.0237 -31.6652 1.67584 0.6651 0.613481 0.27534 -0.327524
46.2218 -30.8882 1.68458 0.672065 0.621556 0.246609 -0.322929
24.5293 -27.0092 1.81218 0.77988 0.605273 0.0768747 -0.113433
43.4587 -30.1656 1.77478 0.69693 0.671433 0.147255 -0.205615
22.1732 -22.6871 1.72033 0.761228 0.618999 0.115049 -0.15491
17.904 -22.841 1.77138 0.743008 0.654894 0.0811513 -0.111376
3.02487 -16.6277 1.74735 0.747032 0.628736 -0.163212 0.14851
-1.885 -15.9735 1.74364 0.692953 0.621892 -0.23612 0.278088
71.7271 -37.2729 1.44952 0.656098 0.629158 0.2888 -0.307715
-8.03968 -16.1237 1.73749 0.670501 0.622796 -0.274028 0.298051
8.12199 -16.6704 1.73247 0.74773 0.669924 -0.0403839 0.00925207
17.3119 -16.8389 1.55182 0.728444 0.572875 0.0320113 -0.0978119
-15.4454 -15.2204 1.71877 0.658433 0.624989 -0.300855 0.294836
21.1195 -25.1545 1.79639 0.773733 0.621236 0.0593511 -0.0898119
39.808 -28.9946 1.77918 0.712029 0.668784 0.120063 -0.177796
-12.8539 -18.2292 1.77283 0.653162 0.622212 -0.301197 0.312334
-37.8802 -17.1775 1.65347 0.601996 0.554748 -0.378782 0.438953
-3.70444 -13.176 1.65833 0.727953 0.551746 -0.26457 0.290731
-11.3759 -15.5286 1.69426 0.672986 0.551332 -0.332195 0.369664
-26.4822 -16.2032 1.68721 0.642829 0.581558 -0.351962 0.359316
0.340749 -16.4418 1.72915 0.7695 0.572761 -0.195948 0.200445
20.5333 -23.3926 1.76367 0.771619 0.622293 0.0589783 -0.102933
78.1703 -37.333 1.4106 0.674195 0.643534 0.237255 -0.282425
-27.8279 -15.9906 1.68182 0.63669 0.579868 -0.363333 0.361408
60.7732 -34.7571 1.56864 0.676729 0.595657 0.280217 -0.331796
-10.1752 -15.2458 1.70236 0.676628 0.564545 -0.327364 0.347722
22.5592 -23.8375 1.77282 0.710058 0.662295 0.160281 -0.184978
21.1727 -19.4237 1.64541 0.78058 0.612516 0.00794706 -0.0491175
56.6628 -32.4274 1.64005 0.685165 0.666228 0.196853 -0.231138
51.9351 -33.8316 1.70869 0.687742 0.633648 0.2236 -0.277063
16.0525 -23.6915 1.83443 0.768769 0.633372 -0.0275738 -0.0285186
44.1168 -29.9053 1.69059 0.685028 0.611707 0.25202 -0.307789
32.1386 -21.5198 1.62983 0.717767 0.635698 0.170848 -0.223403
-24.1336 -16.7409 1.70221 0.643279 0.587349 -0.352849 0.344654
-33.8107 -14.0025 1.59248 0.660113 0.527235 -0.339208 0.417802
67.2521 -34.7306 1.49835 0.665395 0.641012 0.225935 -0.308431
57.1158 -34.1496 1.59985 0.670459 0.598994 0.287247 -0.335333
-37.7978 -17.0627 1.64365 0.604241 0.554865 -0.378919 0.436312
46.5808 -31.0351 1.74603 0.676828 0.671958 0.16714 -0.256245
32.022 -28.7558 1.79048 0.731717 0.615997 0.167565 -0.230597
-3.40499 -14.8526 1.70405 0.723393 0.57041 -0.263139 0.282653
2.29191 -16.1086 1.75496 0.745427 0.631089 -0.176945 0.169396
28.2079 -23.4392 1.69747 0.775246 0.616162 0.0563375 -0.111098
13.3301 -23.4394 1.80871 0.781332 0.621374 0.0205177 -0.0464294
57.0605 -33.9855 1.66777 0.678566 0.659837 0.217884 -0.249572
-8.73028 -15.2727 1.73422 0.673244 0.621127 -0.275292 0.294417
-28.3612 -15.9547 1.68236 0.638434 0.580007 -0.356852 0.365732
-29.677 -14.2228 1.64394 0.637057 0.5706 -0.36736 0.371875
79.9708 -38.6007 1.37155 0.665151 0.648256 0.23809 -0.292317
85.1261 -39.1546 1.34841 0.640792 0.586757 0.308443 -0.401891
57.0709 -32.6094 1.62575 0.676925 0.662617 0.20923 -0.25252
61.6954 -33.2979 1.56625 0.668283 0.689229 0.187561 -0.226322
-25.1311 -16.3346 1.70059 0.650006 0.580639 -0.347838 0.351982
38.5174 -28.2791 1.76949 0.723627 0.66408 0.107797 -0.159186
10.7049 -21.4405 1.8289 0.772265 0.623943 -0.0846439 0.0703784
67.4116 -37.9287 1.56169 0.645718 0.671215 0.253582 -0.274245
21.6757 -24.2471 1.783 0.773662 0.626865 0.0458898 -0.0657084
-24.9411 -16.4986 1.70119 0.64159 0.58733 -0.352526 0.349785
-23.2373 -16.7556 1.7087 0.652268 0.58337 -0.33807 0.350778
-8.56574 -16.6392 1.74958 0.659035 0.630965 -0.282122 0.296433
-30.7286 -14.8038 1.64422 0.628966 0.557505 -0.377442 0.394348
-15.4296 -15.6662 1.69621 0.677804 0.555311 -0.330706 0.355543
33.9071 -28.6826 1.75958 0.729996 0.610292 0.178073 -0.250588
8.45888 -20.5954 1.82135 0.76145 0.60134 -0.174925 0.151322
-12.4164 -18.4106 1.77511 0.677063 0.618996 -0.278655 0.28377
69.1419 -37.9381 1.53475 0.663785 0.658292 0.244789 -0.268992
62.4779 -33.8557 1.57139 0.685024 0.671148 0.1813 -0.22618
9.77294 -20.6667 1.81099 0.778537 0.615183 -0.0809993 0.0624531
22.5713 -23.3721 1.72873 0.761885 0.617672 0.119102 -0.148665
87.2279 -40.6904 1.29163 0.670287 0.634867 0.230658 -0.315455
89.0605 -42.5257 1.24387 0.631558 0.607256 0.30677 -0.372599
69.8143 -37.2972 1.4943 0.639289 0.641289 0.284311 -0.322698
-12.3811 -16.0001 1.69904 0.676027 0.549559 -0.338302 0.364426
74.7634 -37.6646 1.39242 0.655727 0.646094 0.27215 -0.288679
-35.7594 -15.1694 1.59668 0.630926 0.534498 -0.363222 0.431603
88.4363 -40.5539 1.27813 0.64532 0.597944 0.311896 -0.369271
34.7548 -27.8537 1.74069 0.694079 0.621723 0.252256 -0.266739
53.3137 -32.4762 1.65365 0.681613 0.645989 0.223688 -0.266843
84.2462 -41.1137 1.32026 0.66693 0.638287 0.24153 -0.310146
44.0002 -31.7804 1.79396 0.67898 0.658467 0.191797 -0.264074
5.46699 -20.3387 1.81538 0.748389 0.606947 -0.199376 0.174454
2.04757 -16.7836 1.77105 0.735786 0.647152 -0.172701 0.155414
-16.6839 -15.234 1.70432 0.659931 0.569207 -0.342878 0.357088
-29.4277 -15.2539 1.66256 0.63611 0.579356 -0.354052 0.373367
-26.4685 -13.4567 1.62508 0.68275 0.52919 -0.306823 0.403273
34.2842 -29.427 1.79201 0.721022 0.620992 0.180855 -0.245834
41.1994 -28.4761 1.74408 0.721906 0.65906 0.139293 -0.173082
20.3927 -22.4158 1.74906 0.73741 0.649814 0.116514 -0.135239
47.0207 -31.6557 1.74223 0.688595 0.657013 0.177484 -0.253021
20.8532 -22.8828 1.75621 0.764929 0.627803 0.0665845 -0.114832
13.5829 -22.7497 1.80807 0.771661 0.633538 0.00620338 -0.0245798
6.50779 -20.9923 1.82995 0.752959 0.602253 -0.185056 0.183985
-15.8578 -19.1011 1.7664 0.672633 0.603218 -0.295273 0.307786
-4.53247 -13.596 1.66387 0.732452 0.55226 -0.269752 0.286297
65.3085 -36.2789 1.59038 0.654055 0.67185 0.232918 -0.273795
-32.564 -14.6353 1.61479 0.637134 0.535828 -0.367253 0.421238
-34.3306 -13.4182 1.5958 0.65658 0.53748 -0.343849 0.408544
-26.4173 -15.0033 1.68552 0.641872 0.578671 -0.357836 0.362585
88.7167 -40.7649 1.24207 0.666146 0.617118 0.266064 -0.329337
14.8057 -23.1884 1.79965 0.793068 0.606964 -0.00888319 -0.00304363
-12.8262 -16.0799 1.69669 0.67447 0.546104 -0.345074 0.363584
83.1947 -37.8577 1.32736 0.614696 0.5876 0.326131 -0.425276
49.2435 -30.9121 1.68602 0.69391 0.667907 0.174301 -0.216829
3.1122 -17.0593 1.75804 0.757707 0.59627 -0.182541 0.188131
-17.087 -15.0661 1.69698 0.671717 0.560371 -0.334414 0.35724
7.76487 -21.2653 1.82964 0.761917 0.600458 -0.168823 0.162497
-21.5629 -17.243 1.7145 0.638523 0.602659 -0.337741 0.339614
65.2761 -33.0988 1.54699 0.654474 0.664066 0.223877 -0.27698
-9.53941 -17.5667 1.76347 0.668895 0.624714 -0.272229 0.298894
8.99517 -15.8651 1.70795 0.75639 0.65385 -0.0374696 0.0114683
11.9529 -22.42 1.83979 0.773257 0.621241 -0.0809605 0.0845103
85.1592 -41.9143 1.33739 0.669272 0.627855 0.260246 -0.317803
20.7294 -25.0212 1.80406 0.786894 0.611178 0.0405158 -0.0501127
9.40112 -21.1941 1.82348 0.770597 0.604419 -0.145514 0.118203
18.6334 -24.8126 1.78787 0.784056 0.614936 0.0415861 -0.0707315
-18.3408 -18.1631 1.75412 0.653414 0.625502 -0.298166 0.303398
-30.4261 -15.3013 1.65969 0.618305 0.549893 -0.387416 0.415187
38.967 -29.3976 1.79266 0.696961 0.655286 0.178782 -0.229484
-7.02107 -15.2564 1.73269 0.663874 0.634371 -0.264893 0.297456
69.0689 -37.9648 1.55686 0.641377 0.662788 0.259472 -0.298232
-31.7984 -15.4796 1.64823 0.629543 0.547432 -0.372984 0.413626
28.5407 -25.2276 1.71255 0.788242 0.603278 0.0413438 -0.104422
-7.16097 -13.9432 1.66795 0.716319 0.547699 -0.287672 0.319047
63.7355 -35.9694 1.58534 0.64465 0.666843 0.255722 -0.284671
-25.9222 -16.4798 1.69637 0.647646 0.585588 -0.337451 0.358124
14.704 -21.2132 1.79293 0.764339 0.640997 -0.0344103 0.0388286
24.5662 -21.5932 1.68487 0.702838 0.669032 0.160077 -0.182369
19.3787 -22.8452 1.7625 0.728313 0.660555 0.108923 -0.138515
79.7027 -39.3464 1.37445 0.66304 0.633829 0.241101 -0.318163
11.2983 -22.9961 1.85764 0.76424 0.631831 -0.0819292 0.080209
28.7092 -24.3424 1.69631 0.777271 0.610389 0.0750771 -0.125123
64.7803 -36.6874 1.60972 0.660643 0.652739 0.250124 -0.285504
18.4014 -22.6962 1.75838 0.745466 0.649256 0.0941254 -0.118325
21.4843 -23.5778 1.76108 0.776399 0.614625 0.0422006 -0.101843
17.2464 -22.0368 1.79636 0.742451 0.665867 -0.0153278 -0.0114236
42.6835 -27.4531 1.71133 0.712235 0.679221 0.111737 -0.1593
34.6214 -28.0843 1.72833 0.673897 0.635463 0.233249 -0.310806
21.4145 -24.6274 1.79145 0.77557 0.625813 0.0398138 -0.0531148
0.419458 -16.2377 1.74673 0.709907 0.623568 -0.212517 0.243539
23.3573 -22.8654 1.72168 0.782238 0.613816 0.0294763 -0.0808522
-25.9109 -16.5457 1.68977 0.647535 0.579175 -0.345189 0.360422
54.1178 -33.8845 1.67117 0.657954 0.633469 0.270975 -0.308717
7.65678 -16.4763 1.74086 0.756197 0.648402 -0.0612049 0.0630926
-19.4062 -17.8674 1.74402 0.646717 0.617779 -0.317588 0.314692
1.57027 -14.7501 1.71429 0.729802 0.642339 -0.147893 0.148192
62.0575 -36.1278 1.56621 0.658918 0.617099 0.285117 -0.326809
-9.15297 -15.0543 1.6936 0.692748 0.557912 -0.317944 0.333734
28.3694 -27.6911 1.78621 0.752469 0.615904 0.131478 -0.182745
38.473 -28.7787 1.76941 0.703364 0.669157 0.14017 -0.200227
-8.66059 -14.6139 1.68865 0.710365 0.55979 -0.292861 0.312832
-13.9908 -15.9065 1.69367 0.668981 0.557572 -0.335949 0.364363
11.0692 -21.7941 1.8339 0.770977 0.626471 -0.0741436 0.070001
-13.075 -18.9762 1.78304 0.679177 0.632769 -0.266421 0.260976
52.1493 -33.6 1.71877 0.674083 0.661633 0.208947 -0.260313
-8.17374 -14.5611 1.67783 0.717284 0.550415 -0.290067 0.313345
-22.4697 -15.5875 1.68504 0.631561 0.551633 -0.369029 0.410785
13.521 -23.6822 1.81143 0.78639 0.61653 -0.00385384 -0.0183263
58.0327 -34.2123 1.58436 0.657113 0.615378 0.271801 -0.343475
-30.9719 -14.3904 1.62638 0.609411 0.536719 -0.40807 0.425037
20.696 -24.1597 1.78091 0.784159 0.615806 0.0342876 -0.0437495
88.0667 -41.1166 1.25161 0.635458 0.601841 0.300869 -0.385153
-14.4402 -14.7961 1.68815 0.700851 0.546009 -0.292028 0.337557
-10.4698 -15.0673 1.73467 0.679351 0.625963 -0.266348 0.279402
89.2056 -42.9843 1.33307 0.651181 0.636368 0.243367 -0.342136
-5.9258 -15.6244 1.74279 0.681618 0.628381 -0.254648 0.277813
61.0816 -34.1637 1.60975 0.676861 0.671084 0.208798 -0.234975
-32.0497 -13.2808 1.6082 0.670617 0.53673 -0.329862 0.399427
36.2004 -28.1975 1.77894 0.707458 0.651315 0.170369 -0.210994
34.0262 -28.354 1.77801 0.717497 0.62793 0.183969 -0.238185
22.1062 -25.6034 1.7942 0.785726 0.613068 0.0420086 -0.0516975
83.5827 -37.5168 1.31865 0.61969 0.573238 0.337963 -0.42764
73.574 -37.2265 1.4343 0.657991 0.640965 0.270484 -0.298085
-34.6721 -13.5065 1.59429 0.651742 0.535687 -0.347957 0.414376
52.0055 -32.3803 1.69794 0.689145 0.656562 0.194943 -0.243705
55.3627 -33.4665 1.64008 0.664663 0.617769 0.275369 -0.320787
4.55675 -20.4395 1.82548 0.74241 0.610676 -0.201974 0.179181
29.9377 -26.98 1.76957 0.713575 0.621154 0.213719 -0.249767
3.34481 -18.1986 1.78985 0.74905 0.606969 -0.16927 0.189873
-28.6187 -15.8295 1.67438 0.633384 0.581307 -0.358586 0.370246
85.4345 -40.0687 1.39339 0.634884 0.639436 0.271469 -0.359142
75.1422 -37.8505 1.43525 0.667189 0.65439 0.249916 -0.264208
31.3447 -24.4702 1.7054 0.746087 0.629729 0.121554 -0.171859
62.7104 -34.7694 1.56064 0.67887 0.666341 0.208829 -0.240409
-36.0575 -15.2423 1.59795 0.626444 0.526094 -0.371698 0.444145
7.24491 -22.0883 1.8418 0.756189 0.601609 -0.188046 0.171673
-4.58517 -15.6013 1.73114 0.695244 0.631445 -0.244981 0.253317
11.4529 -22.1079 1.84066 0.767953 0.630172 -0.069453 0.0681559
-11.4872 -18.204 1.77381 0.653491 0.624185 -0.297553 0.310234
40.2867 -28.5978 1.71679 0.698051 0.631236 0.191267 -0.281557
21.9579 -22.4141 1.74119 0.791973 0.602722 0.00583278 -0.042089
86.9317 -40.8241 1.29272 0.664764 0.617348 0.281661 -0.324679
-11.2174 -17.8427 1.76158 0.68444 0.623339 -0.259471 0.274656
31.0107 -22.6689 1.68017 0.727955 0.631343 0.161764 -0.209098
33.4832 -25.3305 1.72583 0.687595 0.65575 0.199799 -0.248087
-26.8839 -13.1279 1.62593 0.679168 0.536973 -0.317039 0.393386
41.2256 -28.3417 1.70634 0.689872 0.628068 0.21473 -0.289475
-13.9837 -16.4059 1.71685 0.671633 0.554887 -0.337516 0.364392
21.2216 -19.646 1.68744 0.690921 0.695454 0.134048 -0.146031
-30.171 -12.9499 1.61732 0.675805 0.539687 -0.325021 0.390807
2.69623 -17.4645 1.75898 0.764448 0.591454 -0.166941 0.187272
58.9433 -33.756 1.59282 0.670689 0.601076 0.268621 -0.339903
-3.76199 -15.7119 1.739 0.679236 0.62882 -0.247746 0.287037
10.0142 -17.1811 1.73731 0.750647 0.659484 -0.0392453 0.000985305
9.99307 -21.9043 1.6088 0.617496 0.592734 -0.131979 0.0427018
28.8936 -26.0799 1.79068 0.68476 0.667429 0.18976 -0.22435
-26.2474 -13.9513 1.64465 0.681051 0.538275 -0.309847 0.394055
-7.90714 -16.5509 1.74531 0.670878 0.617588 -0.279139 0.302517
18.0817 -21.7602 1.75038 0.733746 0.662012 0.10057 -0.117468
64.8658 -32.5219 1.52007 0.663545 0.662672 0.208024 -0.274676
43.903 -31.6603 1.79986 0.698206 0.64037 0.182807 -0.259926
20.6196 -26.1198 1.8107 0.795898 0.598319 0.0286922 -0.0635253
30.0308 -26.7531 1.78532 0.690202 0.643575 0.22056 -0.250341
24.3526 -21.4011 1.70878 0.688417 0.687455 0.171965 -0.166797
11.9709 -25.0153 1.87684 0.769624 0.635988 -0.0400733 0.00104252
1.86751 -16.7546 1.74355 0.768674 0.583418 -0.179548 0.183551
31.4945 -25.2385 1.73797 0.698475 0.648171 0.20905 -0.229865
4.93608 -17.3037 1.77824 0.741515 0.661558 -0.116754 0.0850752
60.8213 -31.8368 1.56568 0.664134 0.65575 0.211813 -0.273096
38.31 -29.2806 1.79556 0.702171 0.652423 0.165384 -0.226672
29.0326 -24.0072 1.69846 0.772332 0.619221 0.0610416 -0.116483
25.147 -24.5628 1.74704 0.784526 0.61437 0.0246292 -0.0594155
37.4626 -27.1105 1.72709 0.688108 0.638196 0.229471 -0.262454
-20.6664 -15.042 1.6651 0.642837 0.547509 -0.363416 0.400302
-16.6182 -15.5303 1.71534 0.660241 0.573211 -0.333546 0.359998
27.7423 -24.9784 1.7222 0.788873 0.607332 0.021345 -0.0829784
-30.4837 -14.2717 1.6568 0.631212 0.576476 -0.366742 0.375531
-31.6932 -15.1526 1.63654 0.621559 0.548395 -0.382923 0.413919
-32.719 -14.8274 1.61571 0.632615 0.539477 -0.369442 0.42203
-22.1712 -14.3651 1.63886 0.650759 0.518378 -0.336686 0.445033
17.0635 -24.1049 1.78435 0.802006 0.596764 -0.0024358 -0.0113165
45.2162 -31.279 1.75914 0.687987 0.654603 0.176142 -0.259517
-20.3815 -17.7347 1.73546 0.652211 0.601653 -0.321803 0.333324
20.8918 -25.5211 1.79837 0.794504 0.602521 0.0307694 -0.0459908
86.3127 -40.9958 1.31871 0.622427 0.588989 0.318118 -0.412429
14.7378 -24.3304 1.85583 0.766844 0.638281 -0.0444378 0.00609085
9.55733 -20.3648 1.79483 0.782351 0.611033 -0.0718033 0.0485755
