0.739054281984
0.732556989235
0.722088920706
0.715451432511
0.704027063703
0.688535277461
0.690006958657
0.665213124099
0.730038772739
0.745950590034
0.721632741619
0.689537803222
0.691630500979
0.688224967371
0.664389823444
0.640731355988
0.615010550941
0.662929731608
0.669234034849
0.664192512049
0.632169939356
0.6065650718
0.601605053726
0.582687659431
0.547263210391
0.545963839365
0.547460467406
0.511630921851
0.48565965631
0.444371998701
0.45892252445
0.4444812943
0.340924463106
0.375905694168
0.350929909867
0.383948125307
0.38464715601
0.393875987706
0.428056468907
0.37309763539
0.399212984777
0.462261905888
0.41618224693
0.391690617931
0.301263863943
0.308825897634
0.288047383326
0.161677657301
0.218642456869
0.213225465355
0.175564041484
0.167827861363
0.154981061583
0.163991421319
0.173400256944
0.164611378254
0.17601440903
0.186776547351
0.203034555793
0.22216179682
0.264166672432
0.160537329017
0.163181684577
0.184571283418
0.172889148631
0.192138373036
0.19414140017
0.183050866009
0.183381062421
0.198293711076
0.205322938048
0.204140844147
0.192840722669
0.217546622528
0.237373995962
0.2360396666
0.219875823141
0.209494549602
0.223955552863
0.238154399147
0.25607385576
0.266687664328
0.281467774373
0.301218479033
0.282603901057
0.293425660539
0.337290566838
0.328748554768
0.393449190834
0.404702364729
0.386384651536
0.421390860101
0.489573500023
0.462608787907
0.414987800356
0.407665136641
0.439652527861
0.412655360763
0.428584374026
0.431448572074
0.457445093521
0.437302763381
0.432564407256
0.405570317215
0.399330993966
0.408217516583
0.389159762265
0.347350929856
0.332773977239
0.318361267002
0.347181679083
0.31827442705
0.31640688766
0.30449731559
0.272116092574
0.284564190665
0.286288121537
0.286724712351
0.302361229685
0.314985187976
0.329378590448
0.364740031253
0.398660474493
0.371399185537
0.406798736553
0.392314696181
0.395215162425
0.459081539029
0.497410330712
0.476110089742
0.497412467936
0.499319947964
0.521251277102
0.547758152893
0.529384382273
0.523024415797
0.576396082007
0.59145877706
0.568260067794
0.59054147381
0.572231228146
0.60384687095
0.649764728576
0.639067921106
0.674820616175
0.680807837137
0.64756186498
0.641386488533
0.628699543135
0.623048918288
0.627392188047
0.647398870891
0.620254873611
0.629023835332
0.662616002625
0.626587219008
0.624870074793
0.638214680655
0.612784573213
0.622637006776
0.603419957378
0.587125862312
0.60943110133
0.58810740103
0.596205004247
0.566452980198
0.555283646691
0.526492388513
0.535301367786
0.529130355992
0.508027239951
0.518499888171
0.48913255162
0.464811554601
0.482986078206
0.494290408473
0.440119284022
0.418531245621
0.478456044292
0.435449535212
0.429367755873
0.420229770461
0.461011685734
0.438446533806
0.450351593043
0.48254336045
0.439553027404
0.448487631699
0.530000118088
0.559335385921
0.548008646681
0.60588317417
0.620968525301
0.634023326219
0.648255217375
0.603025681829
0.652647296605
0.635261957826
0.610378405201
0.657560901948
0.647736689415
0.624897790851
0.629804465331
0.632835509682
0.637969408375
0.631257798337
0.643035138205
0.673145516407
0.722391480216
0.682871969741
0.711011417455
0.715127554578
0.760721371218
0.830123785646
0.620027303605
0.684116122683
0.688577524978
0.658456385877
0.599667060236
0.690828772452
0.653584226416
0.701303364186
0.645405779933
0.615335442608
0.643972894595
0.601485147026
0.620173262594
0.579662659071
0.497788589834
0.441614186773
0.363125358336
0.378618510105
0.284781881551
0.23466851578
0.201478081457
0.160399846759
0.159463069477
0.176334784383
0.16113496284
0.13556099151
0.136237790349
0.141962668906
0.0537148548429
0.0472462178055
0.0552731150338
0.0847600934415
0.117332650961
0.0501983655304
0.0798828626566
0.148903889606
0.151311638483
0.178399458763
0.205967448667
0.244261872452
0.329452930044
0.331862272519
0.332812132457
0.316024436311
0.313417469455
0.338053814765
0.405446754305
0.387376946427
0.39697796721
0.388219359006
0.421719249623
0.462366449298
0.525446812564
0.51710396203
0.523282656277
0.542670927507
0.539705719985
0.555609302637
0.61025322193
0.573191992317
0.590098892801
0.635259621864
0.662495727477
0.668862915017
0.695401131478
0.73773899636
0.73089534331
0.813353950131
0.876597002921
0.865347250783
0.908144668086
0.877191892201
0.873288115809
0.986127220412
0.938659844351
0.944230550881
0.949071017628
0.943046869773
0.966255463024
0.970423022704
0.971089338162
0.988600713437
0.86677755148
0.940062380103
0.888197797035
0.874016642244
0.835185098123
0.891514550068
0.858048823067
0.87520075211
0.895759060334
0.917099217073
0.875287840355
0.840520222159
0.865293339449
0.886741666009
0.875428327151
0.841662224058
0.796422311988
0.776650268872
0.793524761452
0.818848890016
0.84203347295
0.813099787977
0.890030752008
0.961330068952
0.979346208464
1.00992046948
1.04549667382
1.05461993001
1.09516847865
1.15598551813
1.14080881343
1.16458196859
1.15915816886
1.16428873368
1.17268441897
1.13902179496
1.18738877079
1.21416521146
1.0902101086
1.09998369517
1.07425029136
1.09784932844
1.09450431321
1.06249863767
1.05569767198
1.04524143112
1.0401836474
1.00226743025
0.968111025542
0.954525322785
0.926991786664
0.878525386499
0.881350186024
0.812786752312
0.781125275487
0.704370167917
0.669964070581
0.642091020851
0.592851498552
0.558563523504
0.561688239286
0.517741807473
0.479711758205
0.481442300697
0.460580174909
0.480714913242
0.477252492356
0.453131818986
0.441234296202
0.456087602978
0.517502977579
0.473206369195
0.463677585448
0.495368861595
0.504315215632
0.525708747893
0.618220733468
0.555489952726
0.571511701205
0.622662786259
0.661668898019
0.601459672673
0.550256320109
0.551378338574
0.657116857688
0.700339111809
0.628235369653
0.654951363406
0.631783646088
0.767961042129
0.659052055928
0.652406756271
0.698056130503
0.693777406232
0.645116123882
0.640835499164
0.552985425884
0.569478401779
0.509841281274
0.490289507578
0.560632649551
0.57044456125
0.557394181039
0.525808027389
0.530578198132
0.606958076488
0.582331494065
0.622450843467
0.661903635503
0.639752334322
0.621998697338
0.608980317931
0.639177865243
0.624571992275
0.651395903502
0.665954628056
0.648819557244
0.677563408484
0.71351600325
0.737389116518
0.69069586795
0.707458073835
0.720624145472
0.755441098497
0.73240245284
0.761913304648
0.777011865133
0.771330034552
0.764327004806
0.770850448768
0.768298701876
0.794136737317
0.806402405845
0.819510401642
0.771575572863
0.78171412918
0.789538349149
0.77542963875
0.763390515592
0.793965370236
0.80048679732
0.828976359086
0.811817820842
0.826298451057
0.826450119175
0.816606700256
0.824700560958
0.819416570579
0.828394007067
0.820102977291
0.805705389773
0.84425425184
0.865408519437
0.860045338953
0.827937696675
0.834618084682
0.857861730768
0.849567069267
0.887122698937
0.840565314892
0.857292793386
0.864312170888
0.840154416974
0.879442693911
0.888246223311
0.823307694496
0.806912034157
0.830011626003
0.807261930516
0.773731128419
0.771349423212
0.773490156055
0.839094074649
0.776163909758
0.85026639838
0.876603481404
0.886646021894
0.985458209752
1.00507551342
0.967752774678
1.0698676518
1.06746669446
1.14848913315
1.16923057506
1.22939910159
1.16041942187
1.15873399197
1.20247655545
1.13136989761
1.07164310209
1.07269497754
1.00124340291
1.05060854548
0.980691936317
0.975157261568
0.834432710996
0.747489368935
0.765025090608
0.708394489177
0.699186813938
0.644055451901
0.61293067424
0.563789650893
0.563050049221
0.569330275455
0.566704173103
0.479678311194
0.427235634499
0.458943395521
0.46065119423
0.438087481247
0.411554881742
0.409415550071
0.459521551995
0.454372596069
0.448999092767
0.446584120841
0.46706692929
0.46596729921
0.46065371707
0.428693075439
0.424619221178
0.427897985431
0.404687991862
0.398153853834
0.410228200854
0.416778185816
0.402436516911
0.409210431506
0.35177637176
0.344004112284
0.382453640492
0.392682985382
0.379888592391
0.398909930337
0.493788704091
0.46194231303
0.45987878874
0.448657196957
0.445447460862
0.432256749734
0.403790845228
0.401064871397
0.432301293391
0.426639567894
0.382307248736
0.370699522366
0.34270691254
0.35507653809
0.36186979023
0.353580821416
0.371838701848
0.354714586584
0.375118536611
0.360680684045
0.317800489195
0.394096001553
0.384633640498
0.344545173775
0.399104018926
0.396220707678
0.418590763524
0.426357403326
0.462977423454
0.52886837503
0.515318602803
0.489624967119
0.509623807201
0.476257777163
0.476265095334
0.488881606496
0.461299616579
0.475378601271
0.518161592626
0.537273219162
0.510217485845
0.505681589783
0.482112026578
0.565862349406
0.57560852474
0.588197302371
0.608426414835
0.567033515695
0.577159316272
0.62611782438
0.635607503396
0.626376747815
0.651479508834
0.642599293484
0.637394540066
0.641849570853
0.661105140659
0.670309220055
0.659273806147
0.655193630987
0.589830900548
0.59635704581
0.597801084107
0.59707973868
0.60226702704
0.58146697053
0.528571680744
0.499087659717
0.51337482411
0.502181438757
0.516956481585
0.499124829154
0.488955964143
0.467724255657
0.421740598289
0.441431593786
0.428456260494
0.41959814231
0.417001739435
0.388757678337
0.371919060971
0.36800968187
0.364258214093
0.375805977133
0.392658148845
0.38160520693
0.385695921223
0.387327747019
0.395910639126
0.378049331015
0.382744286472
0.411354035865
0.464216569412
0.454774447715
0.460834678953
0.441497167933
0.444226960434
0.490918434495
0.481667315852
0.426008959165
0.43142441716
0.455702535659
0.462408950478
0.464901574711
0.459987316742
0.405819000336
0.418940137266
0.443870355641
0.429667744617
0.34699524634
0.356135440686
0.368962349131
0.346837823208
0.343792184733
0.306877608466
0.33055585279
0.339836146923
0.406182034403
0.419162001675
0.491789267458
0.613862019111
0.628468067394
0.697921489436
0.816916975534
0.886135173173
0.920873073776
1.06820031925
1.07683138193
1.0808774074
1.17907572096
1.21148846117
1.25030732432
1.26745821932
1.33475165485
1.35596739228
1.36896648921
1.33024420177
1.36516758193
1.38523207682
1.44351095105
1.44461684189
1.45166924238
1.43927617065
1.43052651209
1.47395671808
1.49089636262
1.47140845232
1.51582949161
1.50864076022
1.46595147804
1.46593034724
1.49413280905
1.46895610845
1.43925673825
1.47731268825
1.48483507858
1.4173057121
1.44480616357
1.4377146071
1.46009239694
1.44013719205
1.48347750421
1.48897204419
1.45849039863
1.49524519285
1.49269527902
1.46684935546
1.4355155117
1.41847301476
1.29267676839
1.25544890596
1.24263365233
1.14378165741
1.03390896696
1.03841069266
0.934341498119
0.828058794789
0.84841965364
0.72405777075
0.679966566199
0.74575461022
0.699775811096
0.599905183457
0.564618040838
0.543566432517
0.466769754092
0.438641848528
0.472267162693
0.400580256942
0.352992195078
0.316296658106
0.327498390061
0.312302326609
0.278117281086
0.266555932947
0.246864721017
0.231816424153
0.224653262388
0.22713033703
0.244139366856
0.221877742094
0.235025883087
0.229055140822
0.233318111188
0.221943807412
0.243089982748
0.238890571948
0.258670394472
0.2438540894
0.234579147259
0.238757296625
0.2439879153
0.246373635534
0.268460966037
0.273035437924
0.30155149982
0.301455084846
0.311884487919
0.337702979726
0.324809931677
0.342903083193
0.336041518073
0.342963516909
0.325298866828
0.374171724956
0.411126418448
0.422102966089
0.377052198649
0.450378281682
0.427711551285
0.457269427776
0.438657296286
0.470409773784
0.460509948276
0.482561889475
0.496061853775
0.532610110057
0.52656596271
0.499630077131
0.515789131408
0.484605687124
0.516337570647
0.52957585077
0.551529120543
0.538514844676
0.509332730345
0.482688118844
0.480868071701
0.523336135167
0.569954523229
0.53145948041
0.484285237906
0.523100859991
0.536060167534
0.538842001499
0.558281844243
0.544645685579
0.631644117511
0.621840436984
0.618792458355
0.623924225623
0.618716427651
0.634550705162
0.669165579339
0.646244341285
0.654724426182
0.655811735389
0.674067491065
0.671405802167
0.65891804945
0.69948662608
0.707269935304
0.73792716793
0.73848258972
0.697054472188
0.677605836512
0.719020105502
0.722332906405
0.677285050451
0.760511535575
0.745908315629
0.756531776631
0.839759041809
0.840750114371
0.849716209436
0.844105998533
0.806322500414
0.805152517767
0.846870499046
0.880969999803
0.870775926068
0.918796822916
0.920647347262
0.904853348887
0.885379337029
0.948693781756
0.922683863029
0.96462245209
1.04246062209
1.01830064906
1.06286565375
1.09040286141
1.09072319372
1.0574820904
1.0625746131
1.07078007843
1.06827253684
1.10586435406
1.1081024301
1.0604324706
1.07248179791
1.10927255166
1.07969647424
1.10582659805
1.11708795707
1.13095277968
1.13736664859
1.10215336793
1.11250264479
1.12193604824
1.12425107923
1.1202652012
1.09477959598
1.11539250785
1.09764817881
1.10073454051
1.08025322276
1.02730235286
1.04698632797
1.06040043582
1.04495429435
1.05286459786
1.04338407695
1.0337643614
1.04773385728
1.03727845704
1.03699606938
1.02021900053
1.06838396163
1.02425588537
1.05794090706
1.00909528273
0.985802716306
0.957100858959
0.980352752648
0.960337337761
0.93185733776
0.882932749066
0.929978542838
0.958918389149
0.923532467949
0.890938557928
0.87422800796
0.901414676824
0.827401988716
0.799467395864
0.829433484745
0.763590510615
0.761099540578
0.748277697116
0.755229795653
0.685438822553
0.687940301868
0.665569327194
0.655544525804
0.591823930382
0.564461428594
0.539789369197
0.503652947238
0.541376455843
0.499961597074
0.483386522638
0.429794820096
0.418182574437
0.427401933749
0.41602111175
0.423941414897
0.475610784254
0.446225265718
0.451027405466
0.458039358185
0.456072276324
0.41023008518
0.43524150572
0.404213520351
0.360388131883
0.442762701993
0.445824805982
0.514585055075
0.573798719048
0.54285937564
0.524459756467
0.592498319365
0.561206055754
0.546027202665
0.622291343542
0.633841135643
0.632400427424
0.61946542711
0.629700375012
0.624272350994
0.559099718508
0.643163131476
0.625655824466
0.641705953947
0.695226348248
0.722468841978
0.733666876351
0.7304739579
0.725690029755
0.767380107436
0.758561825132
0.760763648873
0.802003263128
0.906843326073
0.88799996436
0.905208316586
0.931896846153
0.942306733257
0.985346511527
0.985590564428
1.05669997339
1.04483143625
1.06980057849
1.09359017209
1.10207684101
1.14873294637
1.20922713466
1.16340465701
1.19881252798
1.28752079042
1.31622532888
1.32875440209
1.38174082988
1.41424034338
1.42639780531
1.43254178225
1.40304336369
1.41681243096
1.43333434057
1.46316919588
1.54704283585
1.50283675214
1.49707679483
1.48262511045
1.48200162165
1.45870609476
1.4612832869
1.49480701079
1.46443835476
1.40601892448
1.3986733204
1.31359425243
1.33445771579
1.26872618458
1.33255470358
1.34386702457
1.27114299626
1.26254920319
1.2523361169
1.2237721848
1.1894152199
1.14078968824
1.0917794287
1.12636586304
1.09101946474
1.0361342199
0.814259202739
0.801443286326
0.818258324122
0.807995926875
0.802358046128
0.810369829893
0.800298929517
0.762045007292
0.77419374512
0.773471985304
0.698659897694
0.670531860262
0.66611198688
0.622739074629
0.601443944008
0.554947287067
0.608723737646
0.600911855591
0.557560247256
0.532123920509
0.522263215476
0.465699542624
0.473229260853
0.496679191837
0.436648744637
0.451743341743
0.408570884095
0.405766696519
0.39450965643
0.404932954429
0.402923411901
0.391832878298
0.394926474605
0.388389266104
0.39636136037
0.40951690566
0.38242765618
0.420835833929
0.457058916229
0.498794590945
0.394834286937
0.346967279497
0.340758324478
0.305791693203
0.301871310928
0.306453117503
0.316532398289
0.342716295149
0.35233049581
0.275527243483
0.261888801035
0.247264376106
0.25091911421
0.259331172911
0.220964368382
0.225633242514
0.288024915435
0.279715622245
0.322994005331
0.360917372687
0.335835280172
0.348262905813
0.366803473762
0.387055148851
0.406807173185
0.414676487356
0.445410205219
0.431630011862
0.488115265759
0.527915249234
0.514776888387
0.523477055457
0.527332201195
0.567039327127
0.566004941074
0.559844330088
0.550620278612
0.579245508175
0.551452935348
0.556681263704
0.562289830224
0.561785533365
0.525059965864
0.487423406516
0.478538161401
0.450242458279
0.431184228457
0.427638712717
0.432506943271
0.421713184275
0.413240716372
0.399732246429
0.400144814382
0.356103653638
0.361379078499
0.335577170271
0.332903414699
0.317360608765
0.285078891752
0.256426333828
0.235008769411
0.198921551916
0.169435718507
0.158433419219
0.13369343637
0.134059033123
0.167061695982
0.194253720571
0.224298329226
0.224273679165
0.217233538068
0.250930989022
0.263233298837
0.320659624574
0.340999690593
0.377239340343
0.394908766897
0.408444129113
0.448801175512
0.463508184851
0.42549522746
0.427392703238
0.444490233841
0.438953184842
0.434079942701
0.434638535164
0.478029788965
0.436979125525
0.469196420934
0.402896139208
0.457092777806
0.456245678728
0.483359923237
0.45776364363
0.417160756428
0.38611077698
0.423380170966
0.472075703818
0.466156755967
0.462478395715
0.473653012784
0.466091277977
0.445360009915
0.490373043511
0.51831013745
0.460800671216
0.497525328009
0.516967050977
0.455084758237
0.441045588794
0.425455620814
0.403886526799
0.431226599479
0.40150953177
0.410073086873
0.404724511165
0.425835065471
0.451222196689
0.427470917637
0.419361592855
0.443181977785
0.414607679406
0.410678401166
0.4271837466
0.423521023905
0.391921254869
0.444224121142
0.373446104955
0.372432741266
0.407985728898
0.41524100608
0.470206905938
0.447588990505
0.460774473933
0.454050779761
0.46866922289
0.484934212106
0.490850313931
0.507500267937
0.541007632499
0.526094651319
0.49969480343
0.482330039508
0.514101772426
0.518098094549
0.54043220781
0.567424666055
0.571823297559
0.561292457822
0.563000961321
0.597914424911
0.578349271802
0.591806865265
0.588003471339
0.511853968199
0.531010994562
0.528515438745
0.532379918229
0.48186000658
0.521076107422
0.495247823637
0.555211265572
0.523869247718
0.524435602534
0.49787456306
0.504181042504
0.511902751636
0.500268817447
0.518762872137
0.476058887454
0.479286372936
0.475571989963
0.478791189515
0.523992370123
0.493075651708
0.484777099255
0.470305081716
0.449703014075
0.461837519335
0.420773322324
0.42754379203
0.409571325114
0.427702513666
0.421764455071
0.412990446201
0.451914322479
0.430004042075
0.478302551836
0.464617845482
0.48723794244
0.515935415874
0.544198159733
0.5694584885
0.590417177376
0.610721145075
0.629743285598
0.648951565408
0.679833503227
0.699763468945
0.695861480961
0.703886098694
0.733492413199
0.742487068678
0.791589640764
0.783834742622
0.824944633497
0.778205820139
0.799263044672
0.830977791941
0.823905776399
0.843297796452
0.859232447151
0.83996431743
0.872067541237
0.871418007679
0.918187835913
0.9067703835
0.934312586078
0.946894021865
0.922973425038
0.916542690802
0.940768902286
0.94592364107
0.9365426534
0.947660710211
0.96929134276
0.954417260048
1.02170302404
1.02965074471
1.0421279901
1.04452750916
1.03188304623
1.0131123595
1.02071533999
1.01794310208
0.99940893397
0.987222271262
0.989443078602
0.982818723552
0.946225527761
0.982459085492
0.961630731482
0.964189601926
0.948272969301
0.924310690272
0.874287918764
0.904343769345
0.926967018848
0.878123273094
0.920183141371
0.910868812661
0.905447740809
0.901495536934
0.879550679882
0.879478365822
0.886291725625
0.878663010739
0.879768009091
0.871273697649
0.851757688217
0.80747508077
0.822561942129
0.805558390629
0.802251785716
0.778685984057
0.746883065468
0.727709261709
0.732719975267
0.720838442192
0.715378486315
0.684811382232
0.68734433527
0.653419540833
0.659697083455
0.636811812674
0.646398668537
0.606185270121
0.618110742607
0.587347165629
0.570537715153
0.559323816655
0.582357058912
0.567513285229
0.57033887633
0.543309060052
0.555079009287
0.546460242644
0.552030826197
0.512904803119
0.53858550508
0.50734472163
0.53154366374
0.52536936219
0.513929027478
0.521169838075
0.517496032783
0.486578117769
0.480939545577
0.53044488729
0.533103032137
0.511364016177
0.471708447859
0.491701725114
0.474110862213
0.453503608845
0.484009053832
0.482499433556
0.525666960418
0.536887595643
0.542963065519
0.546468590161
0.55588537838
0.547839213942
0.54620763552
0.562412899908
0.550791527183
0.590217258575
0.591853108445
0.602722239813
0.615095353785
0.629546309061
0.667243067977
0.685470233347
0.70933155011
0.738704803837
0.743822616169
0.728926163354
0.71083751212
0.72692528245
0.74446117291
0.758282770656
0.773062849876
0.763554925992
0.778860432167
0.81141369267
0.778778268394
0.862102699623
0.818474623522
0.841086585311
0.762960677836
0.803195231591
0.738090981933
0.71240253098
0.68773742922
0.661293303801
0.637783176183
0.622110866922
0.645534877303
0.661583536087
0.672118401817
0.650008115526
0.648568542035
0.632001449528
0.650106739567
0.629497438993
0.630604162111
0.588109278579
0.574553050517
0.565911908599
0.502523697642
0.503272045796
0.494892600282
0.504017682721
0.509064824482
0.504106425379
0.477449601592
0.50925653066
0.499332593634
0.483357870812
0.483201207833
0.455044265776
0.457257037839
0.436737548672
0.456683550117
0.425963324866
0.394616634391
0.345005182373
0.297061995684
0.310473857275
0.277354797114
0.243243295634
0.254374438186
0.249765977129
0.252228062537
0.22700064002
0.253826185385
0.23768149738
0.258635703418
0.262831105668
0.253572947203
0.259062487835
0.281101735016
0.280851572749
0.324723556191
0.320941022025
0.314366367411
0.344359016114
0.344285026171
0.306516099508
0.33404163477
0.324464419551
0.339433640879
0.368736071751
0.367260151579
0.378609038072
0.351141790876
0.361380462544
0.376000628795
0.362784918935
0.362225857259
0.352638271565
0.351859396618
0.380612329754
0.373160224022
0.360925971221
0.383138379357
0.386665262228
0.394784826812
0.422940872891
0.454169500968
0.443606505078
0.44176502685
0.459104128705
0.449030716643
0.440897263634
0.48452845337
0.492730286467
0.471465031499
0.463205091542
0.491822313464
0.481726747191
0.518639916801
0.509242534936
0.541432654892
0.574455343717
0.605362959367
0.62666710205
0.618856549742
0.668497136609
0.688378586565
0.703071974458
0.695384515223
0.721820728457
0.733617867984
0.733006108223
0.761748200044
0.732599093002
0.720283160683
0.715886169714
0.710979885856
0.666127224567
0.663409217225
0.650927027725
0.588127108478
0.56615715236
0.52463478857
0.525137500942
0.534775740058
0.559646686633
0.549993928616
0.524240320707
0.534647348285
0.53401227366
0.514037337031
0.509723021019
0.529760886535
0.529897079059
0.556373008055
0.566441097403
0.52250613746
0.527691786855
0.540772502331
0.562858473735
0.557840516965
0.546598052224
0.589447895747
0.601619842109
0.590320961642
0.599481501465
0.617396631038
0.617735639081
0.626433235963
0.608282291923
0.594034407707
0.573862394282
0.559665014644
0.534409405618
0.540564512044
0.523539532991
0.504459370282
0.495137409233
0.475363958194
0.474117273321
0.482675489307
0.448970538045
0.44663256265
0.454031347999
0.467429614888
0.447071203926
0.437836012177
0.442139381612
0.453728686259
0.453199565289
0.453891854903
0.433289232834
0.450696359677
0.454109893891
0.442652723996
0.431129784371
0.427665026306
0.412845591741
0.406568507822
0.429475510227
0.410064910197
0.436553889929
0.444216881104
0.448545470293
0.441084752034
0.437868819476
0.452999643394
0.478697047714
0.465981422154
0.483374721223
0.481669665307
0.484123530351
0.474183884637
0.520951548095
0.467993829075
0.526328337244
0.513641586618
0.510061452255
0.504112575592
0.557600901816
0.582065902516
0.532329187692
0.626664280456
0.592421298682
0.584223871086
0.594999899707
0.600150243683
0.606455719281
0.628159653305
0.60022340919
0.61365300792
0.638931942504
0.63780748041
0.600622623447
0.6475893242
0.609797414359
0.647584921602
0.637006179414
0.610186710636
0.64949754788
0.559760780778
0.57364174459
0.579298794286
0.564658968115
0.576741495834
0.575314523626
0.548193437982
0.52597478659
0.528435893891
0.515193536323
0.55374401888
0.55856277829
0.546661019927
0.556766196022
0.554240251215
0.540415227324
0.534899279769
0.496861141473
0.530245946473
0.531507725229
0.565812969885
0.55215882386
0.529106580851
0.521024264582
0.467657095288
0.485726463943
0.49001216812
0.434847235333
0.460554031698
0.477829106927
0.472649015863
0.494623201146
0.474834303251
0.468847709443
0.479596279959
0.502651451754
0.505134579624
0.510017654431
0.513365272104
0.52928491556
0.49734255972
0.496724815149
0.522191092939
0.490744120528
0.478443202278
0.504042737068
0.489290752994
0.540603672881
0.525612533914
0.535522522612
0.509434341588
0.512592313071
0.520584842248
0.479057048115
0.498777901233
0.503968128224
0.512938619114
0.52403438436
0.512151776102
0.518865386223
0.555632517867
0.559639646054
0.56191643336
0.51643922509
0.515762362457
0.542715209063
0.514619214817
0.520864077666
0.552488031165
0.552317235444
0.537346550391
0.528334661417
0.571779071015
0.530344931594
0.606851457038
0.591462628178
0.573665115426
0.598307650154
0.62948213493
0.641490978242
0.618918913467
0.599447008534
0.554006201586
0.658037572808
0.721361249988
0.768735353223
0.737241596528
0.715023120852
0.716619965167
0.755392263979
0.770695357174
0.812759349232
0.71764370195
0.833569383344
0.744101856011
0.717646717127
0.826268283366
0.836114700134
0.874349155625
0.765389346828
0.746000107459
0.740198897533
0.758365962948
0.83078548115
0.72996234928
0.787231797877
0.763324076217
0.725964514554
0.713374791326
0.722832075105
0.740129760436
0.727766259971
0.712378141405
0.71799440486
0.677187271146
0.675105472293
0.665291481449
0.659915224169
0.646028316971
0.663063239083
0.713523789477
0.725729492223
0.72000316176
0.744938899656
0.726275821681
0.736732421211
0.797694869859
0.757196984858
0.771237356504
0.783321517329
0.835816451418
0.816388418399
0.802350551357
0.815915594814
0.82287639229
0.814224010431
0.874475567883
0.820102343736
0.894796228058
0.861175305928
0.743551218089
0.696019141917
0.750530299993
0.737610871087
0.761002084876
0.738713892178
0.784700672096
0.77369205594
0.769951502401
0.763258966906
0.77938258324
0.761055703521
0.757131800046
0.756744221721
0.748305752399
0.708256887005
0.695252623764
0.701677940156
0.689264970763
0.720113961317
0.717691176652
0.708611511626
0.693334100687
0.645892561862
0.695327521587
0.665862556994
0.685580301965
0.695537318411
0.665615599958
0.658968502747
0.684984751841
0.69419899565
0.745543106098
0.713614519993
0.661623016872
0.71291454083
0.653445847379
0.668085272866
0.65646601062
0.683562656417
0.692258645716
0.651941850114
0.638186950888
0.634271863863
0.622078234424
0.607839661198
0.624471826369
0.628524445435
0.630202706239
0.650116019564
0.665894358691
0.671143632163
0.690891308225
0.68110249377
0.687571434283
0.669221528866
0.672973731152
0.655593566285
0.722559397411
0.66814909265
0.741179933109
0.712802632756
0.688720568276
0.676354339603
0.726548572888
0.731759674273
0.698132137636
0.728628072935
0.758055116237
0.745954188296
0.76007654178
0.783704277474
0.772475118014
0.71469288054
0.750760735107
0.716285362257
0.675412882836
0.697520373436
0.729638932824
0.750065188502
0.790709299474
0.655352926704
0.695523514588
0.729461790942
0.697197384308
0.706288367993
0.658168370905
0.678842960307
0.705259374455
0.699126935156
0.73811388066
0.704643970148
0.654484105328
0.705539552157
0.73862326012
0.678291281648
0.630476030002
0.662402344301
0.692989069449
0.702319760886
0.777799926375
0.833951229415
0.786764196591
0.750905328048
0.702649983847
0.641308247384
0.720387544377
0.68380567626
0.756801316577
0.679781388067
0.690410617193
0.706544133478
0.761858549189
0.628154276661
0.640314651034
0.662528394076
0.661907005951
0.662478187193
0.638088427983
0.639979882943
0.631663657712
0.646620091556
0.675359802053
0.590517020908
0.608605535513
0.616739788223
0.620389752524
0.636629868754
0.673827905347
0.560970301891
0.694476761527
0.636177615017
0.842733599601
0.934345569941
0.713346136058
0.697373445202
0.685711108868
0.708010928771
0.746405486422
0.763042619904
0.745942313214
0.726165366919
0.701739508822
0.665809575112
0.664481505787
0.646551175342
0.677579371297
0.639708576005
0.630531719939
0.609017846498
0.572931278875
0.580131810718
0.593161578415
0.537893804369
0.474645833001
0.45667437086
0.48889839226
0.481802729327
0.483461499412
0.489909852273
0.457668686366
0.433400645948
0.397540455535
0.368644467989
0.357592579928
0.299893770142
0.301526585823
0.315610023251
0.314187082917
0.334611457136
0.350023277691
0.353848553284
0.346498481069
0.375694467613
0.398804372779
0.379430008351
0.385060754171
0.389025225893
0.403068098584
0.423781713866
0.428946875839
0.415042332698
0.428361975538
0.443480311869
0.462048778828
0.457141717952
0.458546517266
0.462823649716
0.462256023659
0.476153498986
0.452921641524
0.489278935515
0.481078503489
0.474776306863
0.515466792589
0.52179435361
0.47706291312
0.513937750111
0.538877332421
0.498774776549
0.501023355978
0.50915702337
0.506570260545
0.532061830314
0.512368623876
0.508687053836
0.515782746446
0.577935373472
0.581117028005
0.621171863666
0.581353373861
0.637192400952
0.675283755767
0.677950530062
0.738371408528
0.707039828788
0.711556717184
0.718360408385
0.74877643195
0.80666678672
0.845263624975
0.799603246633
0.83498291844
0.87376224853
0.867067322085
0.903335334151
0.908585770478
0.908448247218
0.891949389989
0.915805012303
0.92403983209
0.908295116731
0.95130598243
0.876708128337
0.855315096073
0.83755793381
0.900273950678
0.899639524988
0.855137120111
0.854229204032
0.843978531638
0.80365359387
0.779498762694
0.761544438925
0.702131072105
0.762147143339
0.726747335512
0.743318781673
0.78539214509
0.778341977741
0.752398024381
0.800438590961
0.808591724809
0.828278004696
0.806278617448
0.795794063668
0.83628374858
0.799976608308
0.802823962626
0.807928448151
0.850825776024
0.898194217735
0.897120727807
1.0140131985
0.934383734721
1.07731032129
1.04422572668
