9.1517334537
9.656543216
8.34982700433
8.93830194059
6.95358797414
6.6974901472
6.7595532277
6.43234380116
6.61237555336
7.99459881201
8.21352786171
5.6146869427
6.21975764161
6.79039326796
6.37152788454
7.11002433696
6.61334601265
5.59988136484
6.1615752375
6.38138088627
5.67318034528
4.12571514147
3.37937694172
3.13703838049
3.53751623686
2.60392418322
2.65438953581
4.26594288824
4.6519075142
4.04497058565
5.57862135119
5.50841755837
6.08815756586
5.78321954837
5.70071993825
7.13451739105
6.72723303214
7.11380770679
7.69229111588
8.76556095813
8.4211715077
9.06355162438
10.1774365784
9.28713907735
9.86371388957
9.74407056304
7.46733698593
7.4516925668
8.21582697202
7.9734545474
7.64991755743
6.78704350058
8.10775439586
8.08226233532
7.25487224867
8.01254394414
8.60706727565
8.14646729532
7.00600806069
6.62291169319
6.53167590189
7.64077574343
7.19307228038
7.26735416427
8.54271759905
6.23153729792
5.99950455038
6.29143216585
4.73388748197
4.68490614655
5.6212710516
5.98492315156
5.65634942991
4.85807662565
5.23344506817
5.15436089783
5.90282507856
6.12883564189
5.57495207932
5.25560076848
4.02931617955
5.26661250722
5.21570744981
5.41371510174
6.34189553831
7.45890091926
5.95040081843
5.93736574053
5.40555304547
6.1115631298
6.48543916696
6.76428246155
7.17921658806
6.68884998657
5.82322641194
5.67718111728
5.68295902586
5.78696810839
5.05386058635
5.19486307876
4.84725966143
4.30911561488
3.5332546427
2.98417050663
3.69864228537
3.24521606516
3.38764460953
3.67056250387
3.9052953841
4.27271259671
4.54074306275
4.93427070675
4.65632760887
5.57861597054
6.08833010717
5.96756194404
5.83698700031
5.50242241094
6.12798386575
6.93818341059
6.38118979616
7.6993709898
6.64754725529
4.61061112581
6.14533651926
5.5903401751
5.28599670454
6.93506090746
9.48104612445
9.97286924785
9.69747805311
10.3889228491
10.9528535671
11.828991718
11.8464221631
11.243573432
13.205554733
14.1537511233
12.7521319151
13.2280584942
11.5698450036
11.9844829869
14.3470677319
12.685066918
13.0214406136
13.292272236
12.1452314629
10.9622765663
10.2445066047
11.2536914672
10.9894739528
11.147112239
10.2911855352
10.3124970013
10.949679505
10.3059289566
10.3904980183
10.6080436356
9.22998327475
9.59467602323
8.73680338025
7.79222279201
8.79729151985
9.71261431855
13.1971491634
9.76056971296
11.2261964078
7.93445847815
11.8041442306
9.81587076961
6.40264500728
7.76954660395
7.70679081329
3.9388812703
6.34267442936
6.80772793166
5.49665905257
4.11946130573
6.34433271267
4.56335845821
5.86423440991
5.84813257075
4.51049849909
6.76154664498
7.47982150397
8.11583358591
7.90847866435
9.51420059819
10.4263769164
8.8116263434
9.29874589684
12.082505974
11.0243728595
12.7529429171
13.7710610186
11.9719178088
10.2229184344
12.161170998
11.1911134093
13.4297896099
13.5006814731
15.854386339
15.3237246134
15.3260025124
17.0283018187
16.873633545
19.1534676062
18.5684525489
19.9038179755
18.0785734978
21.6073310164
20.7147514725
24.6575548598
34.7358005418
28.2549461858
35.1268519503
36.8504385897
35.196637143
39.8092489079
38.1577380297
41.3083839966
40.4151184708
40.211366495
43.0074415478
43.776826322
42.943968489
42.3671861394
45.8203301174
39.0467990491
31.1933824497
25.97539013
26.0972142535
22.5066709186
19.1272819144
19.0932386123
16.1291841827
17.5837109828
18.5897766757
22.3016148567
19.6276838134
20.8123720432
25.8005898224
19.6770540667
21.0814980101
20.5179108538
21.1549424413
17.6449315791
19.6799578053
23.5406233319
26.5058910363
29.9051637953
33.7828760196
35.8727762035
44.2300858062
52.5723521928
51.474700206
49.0985370974
44.7720268674
41.2798942228
48.9382566817
51.4483879915
46.2954959108
40.7782864638
37.2812327159
32.0621385542
30.9885896153
21.9227164971
16.7470730198
17.8767788491
10.4835438326
9.25171135487
4.70660006995
4.03677825512
3.15993180333
4.21388195115
2.72964055864
1.28226453899
4.87594055457
6.60213273035
7.43539903186
7.20162306559
4.11736870854
5.00287601372
4.73182532453
5.47424367685
7.14296012797
7.47754637841
5.40324066998
5.83845207764
7.22089323183
7.73467036499
6.70053798396
7.16822862315
6.69606569918
6.19271901152
5.75462640104
6.37795581521
6.89630030725
5.83606518237
5.22322532813
5.64941393594
6.56448069117
4.81595584151
5.91082190197
5.86314708948
7.33788038261
5.06140334756
4.21949194383
5.42321566345
6.00210518002
5.30876745014
4.31141725302
5.12794451551
4.75942703394
4.91850346135
5.38180180874
6.37833535108
4.45365254236
5.29219701176
5.79179537669
4.11389177688
6.38724008872
5.83411738245
4.79788530375
5.43458348321
6.67784354048
6.65800908013
8.45836012056
8.58976042759
9.09413940284
9.26987681884
8.19112110348
9.28021872348
9.04684814742
8.25241982975
9.37945054777
9.21796262224
9.02494578398
9.31598286603
8.85110593202
9.4027968088
10.0611576332
9.31394577091
7.79822498273
8.40762088129
8.98240563188
9.12617011846
7.67664919733
8.11697774611
7.06959309548
6.65024518897
8.24051707151
7.66974763274
7.68948224472
8.4376210405
7.63158416142
8.03400541318
8.04044704207
7.33218607845
8.06567418796
7.45180168046
7.40164795779
8.18343588553
8.66682428881
8.30550229161
8.87436607286
11.6238999047
10.4530297161
9.64649756165
10.75586419
12.4410923414
12.9637392666
14.1047927448
11.3778623588
13.70892501
17.6694592876
21.3191216975
16.5178660781
16.5792970203
19.0033892783
19.8536102374
22.8391838296
20.1964678849
22.8322152783
25.3739777469
34.5118618247
30.665176213
33.2625481448
34.0276006573
28.4611686279
26.7297380841
27.7030457759
22.7598913005
21.1447722732
22.2661936431
22.0808184317
21.9778395614
23.6824577661
23.3145011318
21.8248618468
22.9985235915
24.0613177721
24.1137058423
25.3474555327
26.2853335885
25.9071566262
24.2661437231
23.2913085592
23.2047841859
23.5684809071
24.0419030798
25.0971577929
23.4640115354
24.836357207
24.80477355
24.8075790944
24.0955930689
23.6734732651
23.4910173901
23.4548442573
24.6809077039
22.6529184548
22.8172397222
22.3626561913
21.0161908541
21.0540068049
21.5726299157
21.7526586515
20.8500126002
23.6414148451
21.3128716817
21.901041727
23.5462038679
21.8372326337
21.4106952209
20.5451201749
20.6348792108
20.8109541136
20.8091990777
19.8601146279
19.0372095182
19.5953995327
15.8486451522
15.5860672711
14.984478075
14.3849382741
15.5014459738
14.5327202426
14.8860304338
11.9644420171
12.0897756015
11.5678162774
9.96456870405
13.0241129463
11.5183827055
11.9075444815
13.7723167068
14.3933954137
15.3139462942
13.8633898894
15.597614362
15.0417410931
15.236776337
16.9630166
14.9484772064
16.1498910539
14.6056415622
16.5557818787
15.6473945509
15.8122471837
16.8572356417
15.1445447065
12.1810564289
12.5157731299
10.7338321088
8.1990954121
9.22695244285
7.9391597021
6.95750261798
6.90656662629
6.72638719519
6.42415678657
6.72003179005
7.02161358429
6.74080379637
6.66460131278
5.7394109112
6.02485172639
4.41970442874
4.91669626779
5.48640847888
5.38907573771
5.53287595314
3.94323728085
4.39844387507
4.83409912554
3.75333751373
2.70926999925
2.66665991804
2.72043158992
2.46522208236
2.9220396054
1.90393980415
2.12715237289
2.75750715023
2.28684006319
2.20277050577
0.972116816131
1.48244400548
3.78842824499
2.73781066708
1.77739404283
1.63085403945
2.88874251113
2.84231437724
3.08671389519
2.16113448019
2.05825261435
2.33482004995
2.47711897246
1.87371176701
1.51719278789
2.9104443547
2.59858485144
2.1089485804
5.37208544399
6.12426643093
5.74316317928
5.70133019026
6.22319976526
6.72760282406
7.89305482474
7.66963416631
7.62703913458
7.33465908335
7.87848649477
8.23993382216
7.78436990186
7.58988425673
8.47584648554
7.63373607229
8.21751004387
8.13748830586
8.09225067069
6.8665218431
6.94012935221
6.94320446154
7.76193265679
8.16032974981
8.46539285371
9.41182788581
9.54789530455
9.89845021626
8.73531181209
9.18605115995
11.2371099885
12.3430937865
13.1310154102
13.5235507664
14.2808177798
15.5667665662
16.5997245612
14.8653222722
16.1905679958
13.6101536174
13.285904884
13.2821698835
12.5858353506
13.4313747059
13.5311640433
14.1159370298
13.5820473776
13.3367066542
12.5598310787
14.731304452
16.9590655167
15.8730655274
17.1590855512
14.2917068716
14.5030731336
15.6695475634
14.8084002699
14.6536243183
13.6076341034
14.9776686172
14.5554722418
13.9243165764
14.4812495726
14.8148354204
14.1189555907
14.8453378115
12.4698808043
12.4740200025
12.2942263469
11.9599153269
12.2529810993
10.8883547545
9.3225410374
9.31805514694
8.70513057822
7.98071436606
6.9196193241
7.20196426658
6.77297110108
6.49818710756
5.93027967098
5.10372184721
6.10933382833
4.99488571455
5.74678056909
4.67821721003
3.72086010151
4.15825042012
4.24386994373
3.85185374593
4.15589413946
3.37330137748
2.64093032306
3.00924897399
4.12741686857
2.7749570015
2.57747804083
3.64112148562
5.03460306779
4.66670354214
3.96165414073
2.40162696222
2.10837019525
3.04682003777
2.97216480381
4.56190637315
3.70286384714
2.69028353338
2.98996238181
4.27841316659
4.87572816697
5.22837608188
4.95362544848
4.4273106278
3.60087612691
5.43477242223
5.28255448904
5.92781834471
5.39878097171
5.51926598095
5.15997168692
6.69199236528
6.22546636755
6.12655146609
6.04093266354
6.63420195407
6.84827881735
6.64636207478
7.57852918155
8.88856178479
11.9936852411
11.5225210979
12.4895604682
12.7830008029
12.6706622412
14.3793723478
16.0158707978
16.7234943117
17.3079238948
18.5071893413
18.4126563038
19.2877579456
18.4576749548
18.9120178048
17.5499795623
19.5706998234
19.4367240364
20.4365440658
20.1192097294
20.5929010273
20.9786097341
21.3911910624
20.3254285133
22.2918150398
23.6697018511
22.71003331
22.459255731
22.579375395
22.2776162048
20.1266615196
20.6259348341
19.7155167459
19.4236604321
18.4633761366
19.6812962627
18.4591634723
17.9951009118
18.0779378823
17.6200973571
15.8301128534
16.2871514979
15.4443977339
14.3011220102
13.3079303621
13.8295580258
12.2549617589
10.13164371
10.5231959652
8.74161715594
7.29194818485
9.59601608055
7.27860293897
5.96076850788
4.31875922869
5.44444666764
5.20213887612
6.74655623765
4.96396020754
3.87843179886
3.58380532005
4.22538773129
4.40322040904
4.6517749474
3.85033192884
3.76913230307
3.39072612178
3.37923351235
3.71561254367
4.42800550543
4.36867016433
4.88124539717
6.0707776223
6.83899391875
6.44808584558
7.4332680917
6.27233549818
9.0410929301
7.84467907379
7.62445410729
8.16684743199
8.32823540376
6.63405963856
7.01728406876
6.21358060986
6.41892665617
5.74024190056
5.52663658513
5.8583619163
5.69629950358
6.65533155511
5.99574942663
6.2865050958
5.47743787023
5.52173887205
6.64689229469
6.02607983299
6.44804844436
4.93057306082
4.21373639848
3.446789607
3.9839832568
4.14936547656
3.3166536275
4.11128800434
3.72503600929
2.69688883786
3.12155296773
3.35610465359
3.66386180512
5.41146882536
11.7924540017
10.7520138283
8.07810533578
11.1093555673
6.87087698087
7.82272775312
3.30503262582
5.2374530553
5.96127478382
7.56488517397
5.45243764475
3.52422066574
3.82249424481
4.26229102074
5.03964534141
4.6312602643
2.57739021899
2.10263478711
1.68508039524
0.982728757303
1.18045616124
1.14678284863
1.12338209629
1.17760629153
2.20200805473
2.19961348788
3.10261330751
2.40974342945
2.04782656944
3.84988154585
2.53310126926
3.30985433419
3.01382113724
2.52962720025
3.49051026346
3.88600856736
2.92068465135
2.51631681132
3.37793607084
5.18127758262
4.06133570356
2.46356500527
3.62425817233
2.09293967303
2.4078852723
3.64631201925
2.41846948338
2.9864557773
4.35740949757
2.97655292897
3.24401009595
2.24315078295
3.14678471562
1.91570240757
2.49717044512
4.23363721291
2.98372355122
5.70334286597
8.06328832027
6.87404503004
6.87932468059
9.53613392749
6.53873872826
9.13706556264
9.98035858861
10.7359715182
12.2565640167
13.1410004692
13.2392749739
12.2793135989
11.5602105503
14.9396330315
14.1051688133
10.6470226155
10.6990755231
9.54921203388
9.24527324424
14.2365496784
13.4655805007
11.8743128752
14.0116751693
13.1209167045
11.8208230837
10.7724971013
11.4587422744
11.5248346232
12.0099570445
13.8497739505
13.5387883948
12.8476032802
12.4919995561
12.9260373778
14.2381135103
13.348208603
14.7520757227
13.5923386172
16.3636548341
14.9218021846
13.588442837
12.5665794537
12.465146329
10.7477798124
11.7734572331
12.3073021719
11.5646381653
9.39431051008
8.9730220393
11.1490683931
12.2759288219
11.5315924128
9.80098756515
9.23456688607
7.52019041074
7.63042184745
9.25136262641
9.57520189137
11.4840232473
9.83865557248
11.8353868394
9.63190204256
12.025074917
12.0065710991
11.0093429423
11.0258481348
9.41973418564
11.483402298
10.980937395
10.6643384011
10.3984208464
9.97187630524
10.9203918377
10.2860103339
10.9422771193
10.9895284475
9.648605679
9.57695117304
12.4430280797
12.0214113117
11.5179500789
8.63381946304
10.6411167975
9.51109659077
11.6558318774
12.0388119432
9.81042321562
11.9184654945
10.7968709505
10.5880572515
9.34463082578
11.4743132375
11.5598999695
9.18375386937
11.7009270122
12.0684428931
13.4435683265
14.5431396189
15.375446511
13.5177020646
14.9305055498
13.4372203047
12.6140034298
12.5436661752
12.2982424899
10.9418585167
11.1147023328
10.166595445
12.1718481805
10.174824668
9.28613080354
9.36408360927
13.4650293361
9.66657158579
11.1705891228
10.2524220767
11.3544369768
10.9229602642
9.67869975457
7.48898673474
8.27700551362
5.30811047548
6.16140683115
5.28851601261
5.08839887384
5.53359351422
4.01831081004
3.47795910481
3.83104802039
5.27828439807
4.57691144941
5.56527521319
5.21159715586
5.94364346534
7.16965632701
7.49250454977
8.12293766128
9.68526299013
9.96438671201
10.6145947914
10.6887296349
10.4501585336
10.5453800359
11.8618633331
13.5793998292
15.1737590558
16.3565045999
18.0238621108
17.2096925563
19.2606162261
20.4625054467
21.5004619863
23.3730171314
23.7595437421
28.3889567234
27.2858425934
26.9458679342
26.653691908
26.1322946854
26.8103158431
26.2163356071
25.616634165
26.2701639457
23.5378421541
24.728541424
24.1869630571
23.5808704596
24.2502549515
21.2432443155
19.7461821469
19.2817649312
16.4607029214
15.7315861013
15.4099093559
13.2390507747
16.9089062733
16.9023169076
16.0129927196
16.5029043795
15.3634041222
14.555004876
13.7331495182
13.4766467937
13.7785542967
12.8939518313
11.2298038047
12.0705740334
11.2898554022
11.0057445848
11.412768138
12.5790525566
12.3547784025
12.4434054371
10.217848917
9.90569691303
8.59432620815
8.61971169394
9.1756739391
8.96731813236
6.4600473541
6.57994864238
5.84332903689
6.70261677966
6.37817913641
7.20568700127
9.18372678095
10.4985040523
10.3160591139
10.5900827007
11.7074699659
13.6273553799
12.8262302297
13.8648581348
15.9089366572
13.2043864371
15.4817139812
13.3429271077
12.68965595
13.0132515293
13.3886227214
15.9463635479
16.8385450522
20.5043868483
24.3190083254
21.8481907357
21.6118566853
19.5409493578
19.8658530849
20.872771959
18.9993493043
17.2541856895
22.2874866776
20.813186493
17.5470027491
20.2115191974
19.750310049
19.6389607136
18.800185344
18.8777833385
19.5708069784
18.3949371324
19.8655556298
22.2342500086
23.666336992
25.8861532406
26.5988560577
26.3557624561
25.4952058738
28.73765407
28.2662328964
27.9358251905
29.7886767767
29.916712992
28.6688932051
26.6105298973
28.1543991644
28.1469480762
27.4542856116
26.2208671477
26.8573541998
26.8679639736
27.4769277931
25.5882499921
23.7969201181
23.227255763
19.9872817552
17.2506323875
17.3068026153
14.0122346413
13.3097949066
12.4529117584
12.2538619146
11.7086348415
10.7956072422
10.7962835054
9.83060220192
9.68715709455
10.0159541511
10.2008299242
8.66944551061
9.83203042114
10.044573831
9.8058348215
12.0124285996
11.6046223592
10.6490591567
9.64006082472
8.77425981529
7.63307809872
6.0750320437
6.21254065012
4.46610131841
4.69928223301
3.28946629143
1.94749433832
4.38655390384
0.883686406853
2.04717076949
3.5456885558
2.84349257909
2.13837451196
4.92418130038
4.31287971191
3.24471405799
2.99432989177
3.39449237345
2.38931876335
4.16100951967
3.37647954594
2.35666638422
3.25317240492
3.15197040547
4.73033793434
5.40995525752
4.74886200283
6.490510965
5.73398990148
4.41441075016
5.69544728082
6.11959946509
5.21785706765
6.32742529661
7.41573762459
6.56877934584
5.11146434957
5.39953564216
5.22279296803
5.60955187828
4.77332933389
4.27744255561
4.34082024132
4.89418867483
4.79079985586
4.991465792
4.33128539896
4.7319255964
4.98478247013
4.82700520206
4.76805216902
4.42355901666
3.63787218257
5.61573143539
4.08189552161
4.64152279002
4.6761488554
5.27719722936
7.72821089164
7.01707643393
9.68022494769
9.06029092205
10.8518432907
9.87572497504
9.55323515025
10.9486765284
11.1853425821
10.5784358282
8.52568140672
7.78895227191
10.0168747138
8.31955374394
8.75413823076
8.56424934817
7.68604489324
8.57572716234
4.58470527952
9.30771277387
7.67389091438
7.52532116198
7.48106516456
5.66698971032
6.40854968258
6.02281988579
7.20650997701
3.35731920491
4.92335201117
3.71898680057
3.54138376893
3.62581259156
2.84661811439
2.92484959486
3.43564916395
3.56951332477
4.24272126266
3.96584151762
3.92597243366
3.50667223546
3.74784473875
4.03416894043
4.21947142378
5.23316166061
5.32993720786
4.80863413504
5.04950914494
5.15165992994
4.92305586601
5.29642369529
4.91226536921
5.49524153132
4.47739577301
5.04312267671
5.72020312642
5.68743365769
5.23008960499
3.71056621184
4.60863516324
5.78854459347
5.63546610003
5.39658609608
5.66355500944
5.98138915017
6.64373464413
8.58891873892
8.27121045161
8.88770301533
9.66335770163
10.7033650244
10.5824493125
11.4204708851
11.7077587569
11.1021075794
12.1375431772
13.2410403925
13.0137198367
13.7332207961
13.5514282705
14.686121899
16.3077187146
16.3669635212
17.8317895011
18.198349007
19.0859713836
18.870604981
19.5257503133
20.1100936618
20.3044130029
20.8360554763
21.2715175714
21.4963868057
21.7024049692
21.3922171029
21.7814168912
21.6619047162
21.7444797171
21.4318099788
22.1233427843
22.0665281646
21.6154571886
21.4803099357
21.5491046838
20.6609442439
20.2495037824
19.8486190267
19.8399892748
20.1992044053
20.2308525341
19.2228334667
18.5280825049
19.0676929757
19.458383451
17.7882983332
18.1359989011
17.0357934119
17.3907055114
16.1115903959
15.7046026394
17.760506023
17.7009375173
15.2015664798
13.1192042815
12.4776796157
12.6592321236
11.7924074002
11.7653620863
10.9406012536
9.48958229137
9.21741036531
8.49279831064
7.09706571255
7.14444253822
6.13030260736
5.19510536621
4.41141763819
3.86513884173
4.06280118601
3.12207529799
3.63076778244
3.19321735991
2.88345918411
4.68882913358
2.18807353151
4.9008696607
6.09414855932
5.38924703085
6.11435091917
8.98156179565
5.93913896826
6.29145792399
6.33014155101
10.2304494042
11.0077049156
7.92302691346
10.0329812437
9.37274335172
10.2679976416
8.96496772638
7.73842082311
8.2296011212
8.94363535304
7.26343695786
9.37562009976
10.163062256
9.44196453745
10.8378531636
11.7046547906
13.3536640127
13.1802309688
12.381136433
12.8984991846
14.3462860411
14.3608326025
12.7088271209
13.4375842148
13.2393233138
13.6819628209
15.649660549
12.8621723452
13.7590893899
12.5568015498
12.5936161111
12.5644890215
13.1136639962
13.8056311311
15.6978706719
16.2118950023
16.4634838152
17.1112425188
20.5367575936
21.7072504707
21.8700253476
24.2127365983
24.5039546334
25.9457282028
26.2299823684
26.3239932527
27.5178553198
31.1318498115
31.1909992095
30.6156352752
31.5294558109
34.2157779996
33.205441202
36.1967646187
34.6642290689
32.0784588364
27.7727747121
30.8550455151
23.0900194509
20.3532141587
19.3831581076
18.2235988521
17.1950159907
15.1672241925
15.0759159102
15.055516073
13.8998421241
12.6722444516
14.5705935084
12.6341804772
10.1307658715
9.67435956613
10.3600249146
10.3834235953
9.84906127714
8.70927279252
8.145154865
6.53716242089
7.13360005655
7.1706101913
6.14607408825
5.70543091594
5.47307778242
4.34265519034
4.95847158072
4.99065065877
5.01662268419
5.86696741335
6.02804413868
6.18753654743
6.62240295589
5.82674488616
5.8776543923
6.2014747647
5.37514711726
5.87820852757
5.76993868423
5.50228831923
4.47269004036
4.86057926526
4.26124641035
4.99787160107
4.84731506633
4.17493214483
3.67382935378
3.79945461753
3.64524998667
3.25903182081
2.18515239869
1.98939608666
2.70591719901
4.06647778928
4.65099758471
3.92995404586
4.29866795978
5.89903705433
5.70087488189
7.00747671505
6.54627637252
6.29094938288
5.9497915079
4.92640138096
4.12833712341
4.04357725698
3.91906198438
4.35043443942
3.66246366388
4.53173752174
4.62254610705
5.05330309997
1.83811411425
1.76620399762
3.01936257174
2.80468437833
3.06666933681
4.50556298649
3.54048364992
3.47621627819
3.04900917806
4.2171819342
3.52647487215
4.01176005978
4.11140422507
3.83472930296
3.99723581576
4.27775210864
6.39316515729
4.68984281041
4.22773605179
3.80708030132
1.58082480371
2.03271298407
3.5365588066
4.21680374774
2.28642712437
2.63828943051
1.82429742428
0.553393876346
1.8911320437
2.65257741473
1.40962602671
2.02191141305
6.67596194238
6.43414299053
6.43427683312
4.49735884777
2.8586864972
4.44641787314
4.39907180277
3.56098565531
3.85342449917
3.64913059079
3.96779038416
3.7939373408
3.85942957333
2.91165738375
3.75873691889
2.55528070787
3.40049756411
2.92750514465
2.46211167404
1.76839737886
4.06291827984
4.10080791058
4.15230504985
4.20826503772
4.13240579797
3.27615655614
2.47073452318
4.08979238855
4.33610534427
2.65256178517
2.62325261257
4.79279974111
4.45636863025
5.58825951015
5.45774634742
5.53178500805
5.1053265781
4.46946837006
3.3246671216
3.96711965285
3.43128742807
4.12985797542
4.12087452558
4.29705427047
4.30967420289
4.17178354151
4.61378679339
4.35716744482
4.31780881207
5.83631422945
5.78560411907
4.87085769253
6.17137711945
4.68446549571
4.62292661558
4.33966780579
5.43581074193
4.29257265503
5.04748906974
4.17645190512
3.67555329844
3.35925311521
3.10937557202
2.8512770772
2.5176121299
2.03394695765
1.87681990297
2.96988538614
2.29213371826
2.89279856192
2.07406802788
1.30890731191
1.62144280176
1.82690448265
1.81564881495
2.71116948055
1.81931556617
3.61151065159
3.41165507146
3.39076556057
4.9479894839
5.86866388152
3.28866649755
4.03466066372
4.01428650674
4.51026786544
4.39796101933
5.52367636879
5.59333346319
4.06584015779
6.76401899521
3.79282297971
5.27648319862
5.51429306436
4.89754340201
6.00651600753
7.09190269421
6.56822699707
5.69987727715
9.4081922418
5.93620847804
5.95937529585
7.346397592
6.81340657369
7.91456121179
7.69098494799
7.78531497547
9.33293067245
5.67277913564
6.93333630499
7.39107806089
6.80958420686
8.19507789653
8.08231344583
7.96286120191
8.01070085589
7.18068546332
7.06551344207
7.61777871861
8.15517703652
7.68472879151
7.5298220457
8.15035709495
7.18525171874
7.17512660264
5.63179664601
6.32087585281
6.36409359617
7.11554236176
6.27657701646
6.34299909976
6.11641884239
5.73180989432
6.34274458346
6.04760014482
4.22260856105
4.62940456504
4.76322894652
4.98845311592
5.76962237838
4.68970632562
5.60047145127
6.01990221398
6.75133138733
8.35091498609
8.12671625983
8.25496020116
8.56422040797
7.69271279598
8.145353697
7.94144847937
7.76073177201
8.14673072435
8.71375792793
9.5028363026
11.0669008732
10.3044895607
9.98858384849
9.48197883876
9.1480664971
9.80717526393
8.75148264755
8.8369459601
9.40113265216
9.46596705398
8.20590461494
9.41014659721
10.1796520285
11.4478338458
10.8701134181
10.7365175094
9.24234315918
10.9067185075
11.3902660108
12.4410377372
13.4079875042
12.8044502464
13.0561005559
13.8605392747
15.6514741346
16.1660572205
14.9821168549
15.0156442357
17.3478090703
18.0553707203
19.5173943508
19.3457341243
19.6717862493
18.882200033
17.969008222
18.3557543963
20.7398807185
21.3900903869
22.7780709895
22.1497862388
23.0497189649
23.9290795428
24.0161421354
26.1126674988
22.46172934
23.7927377242
27.6757265795
26.2032403199
22.2533583333
27.9761027301
28.5811811847
26.7883676001
24.3845853071
25.1027393614
23.8630894302
25.0340311543
27.6790311379
20.631239835
27.642934419
22.2583108349
23.4483497733
17.5364126503
17.5481882261
25.7398443155
22.6329020359
18.1091187924
19.5136749309
18.8795532047
20.1443855758
19.6193895446
22.8111366126
20.6971880217
16.8323807833
19.2981690955
18.7241619635
20.3114707162
16.9787989698
15.4187052251
15.3802559158
18.933702505
16.8166651896
16.3994775444
17.1573628395
19.0960657202
15.9749501614
14.9416860706
15.3271387445
16.9730580489
16.7747552465
19.9461050987
16.9777744246
21.8478823584
22.6126532123
16.3306395768
17.3961944049
17.6217731173
18.1056826919
18.1053161524
16.5314757215
17.7749915455
17.8918131674
16.6240491333
19.0411316597
18.958599179
20.2733369952
17.9759000265
21.8260557025
18.9432401288
18.5834749164
16.5736585309
16.4895446972
14.6845061785
15.5091925102
15.4975556793
13.0264623742
14.8127992921
12.069236118
12.5361109315
11.2986168564
12.3044787004
12.185635177
9.67820772223
9.31392196574
10.2472983846
12.1311289796
13.960151079
11.7677880508
8.92599687475
13.1770778335
7.01251298196
7.52470748226
5.98881083698
5.85575439235
6.1202774629
5.31402546542
5.99302205815
5.88889420111
5.93930400346
5.88208632993
5.33154245668
4.66158371944
5.06019802659
3.88712529795
3.60456347793
2.94492243331
4.44177486921
4.04408121143
3.08417516661
2.0042266102
1.35113421664
3.07517936655
2.76686762266
2.59340639616
3.71917922973
3.56155722485
2.77922180687
1.89683086013
3.44981497299
4.49074950908
3.90400684182
3.56445133783
4.91317659906
4.63147838438
6.10137431768
9.30296431659
10.7775011095
9.97294689
14.0204895415
13.0985807596
11.2869996362
9.84067243543
13.942018489
14.2738226638
18.7439073209
14.2248374309
15.857606603
19.9467975027
16.5075767519
16.265764085
14.137774971
14.4237154455
17.222138415
18.3082661721
20.2545532696
19.0163204303
17.2123322028
19.9703035182
22.3686287381
20.0973489211
19.2572112144
19.8558659064
21.1580007025
23.0940897972
28.3762389329
31.0626662667
26.3422248081
25.7870712657
20.931159988
18.8512985712
22.6275781002
20.5273706715
24.9505943515
20.9119856633
20.549387298
22.6047525533
24.8985873896
16.9544265132
17.5867754968
16.4124084432
17.4314709968
16.3644498297
14.8680698426
16.6672198091
14.2666654873
16.1722137409
17.4398286355
15.6115426358
16.2128999404
16.3509387977
16.5730983656
17.4418757657
24.556238232
16.7007587958
23.7691095204
26.3920429115
34.0095884054
41.4102064058
31.3316469507
33.6034671924
34.0810557744
36.1548489201
38.6778819665
38.8585501815
37.3691329952
36.5193251659
35.6570984252
37.0053638659
32.9301283113
33.8486968682
33.8468695638
30.3502423208
31.5730071574
31.9343344656
31.7735165409
33.8994894887
35.3519056396
30.6226692449
27.9617209089
28.4844453641
30.7919094834
31.4442325394
29.1060879388
29.6849942304
24.827738585
24.8178496151
22.7793281829
21.0436379534
15.193012375
11.9681691109
11.6798034511
12.2910222551
12.6128000199
12.6475314523
12.5870738557
12.9085168025
12.3450622874
12.2145515131
12.7057124613
12.9804805235
12.6301357385
12.7853152647
12.6810218265
12.5853939857
12.3568107588
12.7733205993
13.0848128512
12.7306807276
11.8972571293
12.8139878612
11.917558316
11.7042384712
12.7818889424
12.8591527907
13.5790639933
12.980134508
11.9967740837
12.0875142484
11.5225405137
12.2971460528
10.9631706617
10.9005612782
9.68282026211
10.5557403504
10.3477409309
8.17117920399
8.356895034
7.63197854321
8.59290019983
6.39779804601
7.72743792121
8.13940151977
7.74895179046
6.39816033638
4.85339084396
5.90028015499
6.2256872722
5.44370291267
4.065324261
3.0436407867
1.67418325416
2.63654061265
2.34621812924
4.40256100092
5.56358287471
5.61246604814
6.40384871359
6.54584505829
5.24632729801
5.39306950568
6.67626552336
5.69632320101
4.17641344652
5.87400049169
5.78425195247
4.85548010389
5.33674663523
5.11913907051
5.45507969845
6.11587420543
6.49996226942
5.46595060474
4.63935791152
5.4034554194
4.09733426155
4.17187669348
4.26926934792
3.61354755118
2.43453616396
3.56565570734
3.80165784973
5.35723938964
5.70420563707
5.66503997786
5.08921768336
6.43774132404
5.73500927061
6.482848262
5.54143714954
4.49020129996
5.71264647205
6.05546789795
6.15353899032
6.1001400936
8.08522295591
9.40027898927
8.78158059748
9.57391286258
9.57371977525
12.7413405193
12.3737282869
