7.08172356423
6.92666407758
1.89140793356
0.899724733707
6.34119810801
4.62284037533
1.2900871486
1.285138001
1.67818222803
1.94696791
0.517912644411
43.9752298402
2.73767072728
10.4389825432
1.67074586589
5.64633119059
5.02954426139
0.770237132602
4.61355975857
9.50978107066
7.76138686374
20.0510334074
2.27193492103
2.90399821407
4.12680445386
0.988061094354
8.2624910324
7.32871791273
3.23425197171
4.72674650502
2.09217472502
2.10443158796
0.51222139171
19.4712814141
6.99241985221
16.2689755905
9.48931269065
13.7991133478
14.8328105553
2.67975522437
2.54793301924
1.51015028638
3.57936124134
4.89368790028
23.2980657733
6.76140332024
15.7485920195
13.9728436578
1.79274392266
2.47767171202
12.9617421998
6.52814176055
2.44155212469
2.78521685875
5.48188728339
22.3433917315
8.01079396309
9.80510900711
6.10527753782
1.80034333956
12.5819178051
3.54901525835
4.71781671769
3.04468420457
2.42385764191
3.86818763148
2.68760944675
3.53332513748
5.81151383789
2.1990325458
2.20272689688
6.16691431584
10.8894074978
1.28507256498
17.1067464481
2.76547774409
4.82468132587
1.12068328241
4.07276297268
6.35998445763
2.75135961179
1.59649727688
1.29246587258
8.46012560659
2.09725252189
1.79773653781
0.600085344946
1.60045018172
2.25813787311
2.79495127983
4.27811505608
4.67828574748
5.32320612979
4.08355352696
5.72281686099
0.68029859112
4.19454694742
3.31491990269
0.601753960375
1.5541826865
1.68835940249
10.3759770321
1.58404965432
2.53204768522
8.53705667595
6.70553770546
3.21655071845
18.4992723837
12.2968279214
3.02864961599
2.25623228115
5.69881565487
4.18370161597
6.95270326464
20.0800578261
20.0690835602
4.48399990384
3.70229362866
10.3593292003
18.5665687446
12.572707637
7.36561323711
1.41507448788
4.64313340689
6.27058764812
4.89998947534
1.02794278714
15.7487706298
1.47928988478
2.26404202273
3.59511898254
0.997861980228
5.48871676662
6.57353948653
4.85437731319
8.93939744148
15.1660618689
1.68651484555
0.525815331897
5.19133824581
7.65588836596
1.42058929873
1.05249557923
0.847304720992
2.65049724534
1.13523429308
0.714035244368
2.76110711517
5.00868049437
39.4735362618
9.94054610118
1.22114340908
8.52522670925
1.95099379836
4.25044393653
3.53584058889
3.24869169402
3.44582315861
13.2989659793
2.06104649575
0.736203086364
2.83508915871
11.4389708853
7.10193975734
9.16585684316
4.93406117266
2.27203587535
15.416252117
3.11329421276
19.79090669
1.70603368885
4.54699587397
10.0356510229
2.80045007001
2.94839493926
2.75798821091
9.75058384128
1.5150932309
10.8423796442
11.3721492778
1.10090627494
0.900774000795
4.3559755408
2.07700733773
11.9069911113
9.55817160479
46.9940136985
1.47941298025
1.21152884598
0.823612852903
23.1076114245
3.76416093608
2.06806921749
6.64736531188
1.3552872806
10.6415286587
3.62578723866
1.32225518347
8.00551050354
2.59019782333
3.69930926355
6.37396022644
0.845244965304
11.363250408
0.841190793499
5.07367932239
2.33045421075
7.41717903453
5.58013653307
4.43805470625
0.827105557975
8.10408327938
8.79709071855
5.57161291318
1.38206621335
24.5015100215
7.00566878343
5.70620396459
20.2683766062
5.33426798719
0.334640956159
0.600099612029
1.30580573447
19.3426367098
2.88103526175
19.1127602029
3.06238052788
4.74963085254
1.35017644557
9.34983396749
5.02205353615
1.87764584622
1.76913620375
4.07063411089
6.23943441742
7.77044924899
1.16867141421
8.68726870267
8.82776794925
48.7026869021
1.26806616041
12.0800219995
2.30436950886
7.25159024214
11.343274697
4.51522131724
2.6449574759
1.13633234785
9.04252397306
6.05935455775
4.24462009811
8.4928370128
12.7706291193
10.6891958271
8.02389693365
15.2733433296
0.900794079471
15.5172707879
13.8848343715
11.7751444925
2.91471663946
3.55587802219
1.72783783843
1.65102491626
3.98128118349
31.2180073321
11.5700346064
1.13296997675
10.8450487458
0.670149314994
1.34332985039
1.41298418132
3.97102133923
24.1236118856
4.30903385136
3.89002589213
8.72362172867
3.14664477188
12.0908811322
3.530028482
1.74493146284
6.54856842806
10.4212091116
14.0502045339
5.15014218137
11.5780217179
1.09170947977
5.47283309931
10.5528642045
3.22963031948
8.01244355709
1.49305379321
5.25233193004
2.80231097886
1.78834891071
12.3728901938
2.61452551356
8.63119598491
5.47007115968
0.235595749635
0.974056479342
4.4279777705
6.61594188043
4.97198963182
3.93990026746
5.02070184989
1.29206033874
5.65605222606
3.82478711794
0.577070590768
1.98844344243
3.21176221287
2.21275041521
2.70824868715
4.62702712559
10.0317933614
1.43330090861
0.174423870303
3.26481836665
0.407767165252
5.61270805166
2.91248072309
3.92123607545
3.8750429967
0.845802085684
0.95117709937
9.24146329385
12.5076513048
3.209166285
0.52267498505
4.37779142725
12.2499334134
4.95038110704
2.37522247721
10.3790975217
1.87971771423
4.50980045792
8.69707232835
2.13673070501
1.12345603253
23.4840821293
2.62114854397
2.95741769977
6.70856509928
1.82832622099
1.78969233799
22.7706963688
0.358135605427
11.2166125099
15.7171094495
1.56694662418
3.59497928027
3.75898256482
6.22704594102
0.442689496374
0.876142580345
3.55074503192
16.1068502192
8.36088153496
1.42202645331
4.57029701402
11.6134652696
2.51281023994
1.39506975253
1.49673365082
3.3815265374
7.39040494166
2.4145480132
0.757883808498
3.29459219023
6.86346910771
17.5071691129
16.1211380889
4.78663682714
2.12323953414
11.5130348579
3.14328400451
3.16204321538
16.183642007
5.64812642025
1.26860387625
1.83997603274
9.10902302994
5.40925423908
2.59575085499
2.47350050599
3.47967202149
3.39018268111
1.12026028923
11.9906948728
2.53564476065
0.867520439313
12.8349721676
0.746066654003
18.8677187308
2.40880666438
11.3587699887
1.68880418527
0.724577194761
6.90892271973
6.26062062849
1.6871768532
2.53502777628
15.0117426388
1.8774681371
2.3296973674
1.09315400183
2.71233770807
10.0804609715
2.27998921107
4.09611349501
16.7071810517
7.44661154112
5.39480620067
5.80601029811
3.4295856365
1.81435021955
3.25381910474
0.658289922433
5.09013269273
5.97780977462
58.767763497
11.9831047698
2.90350102275
2.60055088632
19.4860796565
4.82715185278
15.2341537727
1.6141084835
3.65103923872
0.637296404456
4.36529931263
2.83705281979
9.92204175218
3.27562403216
1.53852826719
40.9039117818
8.80307475249
2.48997552779
2.55147407721
1.68767201589
13.335866154
2.86032040602
3.85523640584
11.1957643773
3.19352784035
14.553855154
5.30584658162
9.82941924021
19.300260787
8.81828373655
3.73893432625
2.21698931757
3.65378471218
3.9717138518
7.38410872598
0.437975459314
0.58742371445
5.4735058894
1.55997623945
8.7185568297
4.34835692717
3.14913351513
2.20395501105
2.84839900575
2.29496770655
1.14807206585
2.72426059274
21.0971756682
3.40631172057
4.51263291537
1.53409671583
2.85359389189
40.3909243676
0.722746318411
2.65386788957
5.77118280767
1.80762777257
5.90848499632
3.3563724848
3.95213125749
7.61481502413
2.27789264832
1.67052831168
3.27460669063
10.641187543
10.2348466082
24.8495229067
3.24302418819
1.80173268792
19.4663186621
3.66766032173
6.68155061273
23.2827281798
1.90996513225
7.14621943323
1.49806736663
15.1509643018
1.89852409884
4.81749537176
1.06433907943
17.3608148044
3.04074365778
11.5320828974
0.247801578686
3.19368391355
4.96222276269
8.06403029214
14.6513093785
8.93061148268
1.43843862364
5.00129981254
0.509807382139
4.67248209427
1.31354006955
0.863986485172
8.61380559776
1.5095078754
18.4457725017
5.5508980609
6.11096423666
21.6743023891
3.97250566557
3.79136374538
4.41679378899
6.06786302471
9.88056956591
