7.14120287438
5.589884858
6.8957641419
7.91169786467
5.93380111163
5.27202598735
6.91947235182
8.162137668
4.35487272645
14.5835338124
10.0249064207
8.16042523204
12.1064415285
5.31569714852
3.65335153172
5.177510272
5.00980600802
6.59944634889
2.29891042316
5.95402312384
5.92209648623
5.21236977626
7.47220207771
12.6022757183
20.8591593088
20.2963758035
19.3262452726
29.6600173769
21.9442980234
21.7053259091
25.2488076462
10.4573698522
12.7407537779
18.1844955827
23.6767466414
27.8164431397
25.8715488443
36.7426821811
20.4332520912
23.4214615552
15.8827900139
22.740234237
27.3996654132
18.4402460586
20.4375345022
30.6421328897
42.5681663491
37.1773660565
31.1766466791
24.0940070788
25.0057164244
15.6608600718
8.1094527521
10.0828492517
11.8922001461
16.3861618135
13.396196313
13.4050300588
16.4465879549
16.9125698965
20.3922697686
11.7963107784
11.8948196932
6.76612204189
8.78906981481
10.4419942611
15.8696659832
14.7010441149
17.77124434
12.9303985417
7.92368714696
13.4231343485
10.7031679816
12.3871141181
17.6080581651
14.9121143531
14.41839946
11.5422262645
9.91617519066
5.15152921993
4.28861294995
21.7514915471
12.7314547955
10.2720260609
25.17894111
5.59393578902
4.17878252104
7.22208651332
6.8544067196
5.9453847056
7.31060423572
6.15224278732
5.49027305133
16.2252164862
9.92602091841
13.7998695288
6.45396458794
2.17347096968
7.20235806044
12.8061411209
10.1183073615
11.5946112694
2.28867617411
13.3713781429
9.27757810978
19.046989091
8.1410204763
4.22334839281
7.93036225553
2.61635344076
5.10743723646
11.0038374756
5.40560848193
5.19198321911
5.79775770744
6.72066046191
8.05590071689
6.91223526314
8.54346035375
9.81770871336
9.10181806409
10.7224198478
7.41684382225
7.5233777128
9.17564145753
7.45267132444
5.92465456731
7.71260204004
6.04888773838
8.52791190462
7.58260078688
4.64678106333
5.70103479253
6.22355680126
25.723131189
4.51857700376
5.8605761501
5.98531194361
3.06077222822
2.72984888449
3.79144021979
7.66784544647
15.1083227874
15.5729777678
5.910755403
4.82281404533
3.90356527988
4.67479926133
3.68666589668
4.18021813444
6.01582503539
7.32998429265
5.94255448917
6.46551602447
3.50247107452
3.75740996688
9.81423429284
9.27977457534
8.60932571172
6.44916868384
4.61294693705
5.06833680299
2.67651714791
2.81931333421
4.77046766254
7.69684050237
7.6991237527
5.11907030089
7.25714185693
11.2946005361
14.2057862265
8.97868258793
12.796681839
4.70841788921
6.7396854582
5.44267540124
10.8200393424
11.8713076487
10.6212722578
8.83356244397
7.41676851176
7.4780393342
9.16210266848
12.9016814553
10.4580121396
12.4646729568
7.85675903447
5.3955851685
7.1469876521
5.73216659304
5.31381106641
6.53997516517
7.38121964384
12.554428402
25.4975505536
33.3824311841
26.3713568883
14.6242572976
17.4409089944
9.81211631235
8.26916786121
6.60673407329
5.97498745092
1.95766533628
1.37954439639
7.16887674984
3.17943556604
1.81144754565
3.51818783361
8.0392253533
10.6103807693
11.3904887001
24.7275541599
14.7970189267
11.370603977
2.02975426428
4.61081470864
3.91489086207
6.08456747063
3.74821676623
2.48179931109
6.83882595005
13.5622488204
7.00066549232
7.45946286113
7.2462525077
17.1254672043
3.45757801815
3.88661111697
5.60495135783
6.42388706484
5.00852401346
5.63330369173
4.84492996097
6.50316254746
6.9223672056
6.32053473697
4.65774147685
4.0230687972
3.12989229237
7.15322508135
7.74399212943
6.38705502375
11.9608197961
13.5977142875
8.03725274556
14.4685116422
16.8992343704
9.70115679123
9.37842461325
14.323038654
23.2808924616
23.6774476791
20.2846574367
9.17882240407
7.48260726795
25.9620710928
8.69029666978
0.769970130975
2.16767757126
4.8128628344
5.31899519331
4.15453607141
0.699502936372
1.83502775349
3.97836981861
5.03284844026
7.85479865654
2.83041910843
2.62234671601
5.11662240804
8.70200829451
15.7832874995
14.5924670457
7.867201751
6.56991464469
9.6665539903
7.96740269791
6.03821719038
7.41171754636
4.89599567093
6.98356392039
5.83841669019
8.04192715713
4.47127629749
7.73130338434
4.54107935224
4.00347375473
5.09312041757
10.0512218157
4.66586134443
5.2517783433
7.51586748864
8.33640397992
6.76578966944
4.43830128878
5.99441559844
4.06702529748
5.27499729904
6.596029774
7.71501836311
1.76621288472
3.76123917425
3.07913678982
1.55595134953
6.79988483793
5.63647234484
3.37271216511
3.23840728064
1.02074055959
6.32927632719
5.85265544392
16.9722778409
18.5751200104
18.6220518212
11.2103881569
7.61036933657
0.561379384622
2.9253061549
5.005342753
5.46824374247
5.0309762396
7.03515699737
4.17646804225
3.12983684827
0.505065330615
3.56619489655
2.73717940726
2.89892572637
1.41517721251
2.42027495987
3.16183778106
1.36867629219
3.2871316384
1.08779125495
2.97742902487
3.60806226143
1.48407412338
2.39095834555
4.76249585674
16.6027650224
4.366232914
3.47252641394
5.9758495363
3.88159788343
6.99741397568
8.04265524153
5.00998394327
5.28213182801
5.39134857482
3.37142454721
5.17152153598
5.27445006226
6.07942297305
6.89237956883
4.52341129846
4.2772969573
8.94847132674
17.1761448972
9.81056682011
7.87455898525
9.99188414873
6.20332312337
5.22088169765
4.48219051363
3.11287668013
4.10214769457
9.05150632584
4.70988562751
10.2003973032
5.12591220081
2.97595367064
3.49365670314
1.5596422603
3.58724780092
2.64141888948
2.33097910509
0.966894631259
1.70390527006
0.545944031911
3.09745747217
2.83736138496
1.17084020916
7.03846910067
1.74033781802
6.02077265613
10.0830520635
10.4745645698
4.47054630523
5.64724318318
2.48198511254
8.42249476096
9.60095533935
5.41538949574
6.06591181448
7.41181495502
12.0482117779
13.9302830819
12.494398755
2.66271847027
1.68417280027
3.15400027572
3.7625717026
5.25875887348
5.69017634277
4.78341548004
3.41445425185
5.65729387113
5.28275253779
5.18875844573
3.21017820675
3.98886501146
4.34636179407
3.09737159387
7.82848862125
3.40121438586
5.13173735464
4.23895405956
5.36938797795
5.32230173621
2.76414747571
3.38433755563
2.66256310462
2.81666514006
3.06915170227
1.26120973447
5.45611929647
6.81766382023
8.74181463973
7.86870671425
11.0414553291
13.4825747109
20.0700259865
15.2702890301
10.6404160735
3.31354133976
4.26941314634
2.22231318358
8.6499239549
4.75044199902
2.83973010518
2.73493532216
6.1424380705
3.29244172988
12.0762497995
16.9981603912
14.3159183137
16.6362680603
21.9347825509
20.5848493525
12.5127199931
11.840777328
18.7741368082
9.91782119105
7.71681332124
5.00422850914
5.26411419003
4.13115796792
4.1366260804
4.44580920289
8.87801756756
9.64120435493
7.21834326308
4.18078539636
5.65563291214
6.59034244466
9.99711144382
2.6100639824
6.49676624281
3.38978301553
4.79983023404
2.86827339199
3.21494526609
6.56464240556
4.94389442361
5.61622269996
7.02271059158
7.77674027893
8.41345370762
9.19849095571
7.22551797611
7.63560604135
4.38961384787
3.61093594698
1.079454001
1.61413903866
17.2598706813
11.680880285
7.53408484562
11.9799734416
9.477563274
8.26449266036
10.0555334636
7.95471624368
3.71270643348
3.92776805377
5.92031550717
4.04618804671
4.0108041489
4.77909207087
3.33567301866
4.00475832963
3.1906808414
3.93968092606
2.87440906712
2.8118833273
2.15904619394
2.76544393754
2.54028014839
2.74337270115
3.23043556145
5.2129031129
3.49963892967
3.08585556229
3.83114474709
1.17859730335
3.0615781409
6.5634512361
6.90026515527
8.23632271055
7.76365235271
8.46961938922
4.98667480215
6.08481906575
7.66486584943
7.14236609204
5.65884837898
