2.76054220131
6.168938106
4.20975762837
10.9670072985
3.22391118028
6.85242404954
9.82463429115
12.0635455906
14.4328506779
16.113246792
24.8784661542
39.7312858143
18.7895304225
10.3515754446
13.8036070694
27.8820034671
33.8358146051
11.8301189327
19.0705495686
15.74423856
15.4396249519
14.8248171668
21.549907968
8.29837724408
27.4467654544
46.7049524565
29.2834535484
65.8323917888
45.8219408381
44.5152797305
65.587115053
18.6477527894
8.73653971622
27.3597325847
49.0507813565
62.6896665138
63.9056056865
78.2201023195
35.2111778258
44.7025665321
4.41390559112
2.73764154921
6.22408926747
4.6586035399
3.14529071603
49.9344034445
74.5026861129
10.2376230359
29.7057454482
6.47668502699
42.3222137171
2.17050187466
1.69301516243
10.5087938017
12.0469261695
17.5478376543
4.14063736009
1.58918221403
7.25980715341
11.7132406052
13.6952192629
8.00390425363
3.3587000019
4.43381569919
8.17837983763
5.68509995286
65.2410215871
26.0242911074
42.8992959371
35.6951849479
19.6917149624
16.5444441269
14.1684757315
54.7354576081
76.0500966369
89.5481233863
47.362726915
45.6031492804
23.9654895124
13.9972435815
14.6621833377
114.596577156
38.8969907664
6.74070075789
106.560544327
10.4021741911
8.97987024525
16.3342460062
5.96786570899
12.488271115
16.2648663832
13.4815252601
15.6943431974
51.0000605698
19.3221353092
30.411384785
8.2201246348
8.65262606845
8.27378556682
21.1207245236
3.65717476557
11.1327658936
6.08490584598
48.8312429497
49.6003564125
176.943272552
14.1504529777
7.58952686852
13.6816891435
8.32237424478
10.8528584848
13.4534461839
3.9834521156
4.01172610856
7.17264384198
7.13151517165
6.45309647517
7.63948640501
6.72760839132
9.13154042514
9.91436088611
9.3705508089
8.06791511602
7.31314124257
7.5618191072
8.75565766602
14.3818244046
16.7250066196
16.9384320469
11.2711708911
9.88934491723
14.7912891788
14.8169935141
14.7007651253
20.4415047982
9.31499347389
6.99437235987
13.6949530862
6.352935957
7.98375444544
6.1438695411
27.1143681063
163.376109768
133.197061161
15.8203024475
15.9754490395
16.3693259705
13.1925429149
32.2465009652
3.39028067625
6.97839235564
6.01713378283
5.52865196166
4.28448720413
90.4289185944
4.96739102681
5.12355410548
5.07522994824
5.17936286359
7.25105976889
4.05450293435
2.57013346416
2.09225581035
5.26370251696
9.45369992158
12.887406266
13.5462667818
7.59434246629
12.7274068574
17.7329539552
26.659295206
19.5560753053
29.5346515057
39.2608599608
16.2731723248
16.0272179869
8.59927713015
11.4199106269
8.60175697072
8.34315299027
3.04454046544
0.991625641968
2.55037387724
3.07404011765
5.39060933755
7.03874426339
10.9487305309
11.194013752
37.1745179407
32.9386574675
12.6739231632
3.43552485873
6.67997803268
14.4071566858
48.739934474
66.6342219254
40.3947459069
23.4354955588
25.6352453656
12.4664014046
1.57807897218
5.73846315117
2.37594518315
2.86691582402
4.37039457075
10.0116285139
4.36114262016
4.70683318673
5.45214774223
12.7034581189
16.0916881532
12.8115869728
47.2893857323
30.6134255869
19.3344440135
2.83559815753
5.4103028765
2.18036146511
5.23882355369
2.11614998833
2.17140369719
2.02553137194
7.34118727525
4.43589227625
2.67753597385
5.04785866217
23.3551455228
4.93813364692
2.89342798654
4.52508605327
6.47817784214
5.01447180278
4.14638033668
4.59649847151
3.21631218584
6.33500944818
3.61855134148
2.1394730338
2.96090451482
3.66139002706
3.05947217609
3.07878677426
9.83624937293
7.10637211244
1.23844048361
12.2123828365
13.6225197704
10.076958722
3.90488539757
5.6926021869
4.56384607246
18.5411685797
35.6530489795
14.2718170768
7.20062178852
5.83661962568
54.914586067
11.3378543396
10.8153489385
3.78184996216
4.30357324433
3.13572257377
3.65926746441
6.30129558757
5.96908509555
11.8926208564
11.4078663148
13.2218485046
8.07950946607
2.04581626378
2.88411157087
2.82082010223
11.6368979077
14.4289964297
1.62022565876
7.06634223557
1.11007560669
3.71437446333
5.01646130692
5.10566046279
3.92919398639
10.2450058
6.37300364071
11.9995915462
3.24059896238
5.97016527196
3.10232866551
5.1339813309
8.99701312077
16.7605660612
6.39106214609
10.7328291765
9.42038421511
6.69676729734
7.03889738957
10.5924587338
9.5461048846
7.97174815699
4.60634016059
4.4712597669
9.00032093546
12.66285134
10.8479702573
16.0492344661
32.3447652245
20.9787000215
29.7474577778
11.4378750652
31.8043438504
19.9300961061
34.4088468648
48.342217101
68.8878518099
81.6244003715
61.5045543034
27.4636448245
7.48975025619
7.26642439541
8.08028683145
33.566108635
35.11880769
31.4276699441
3.75059950631
2.88623796221
6.00762191483
9.91681440579
7.25416179164
13.2611506295
17.790461159
14.1763987731
18.094621408
20.8405939918
15.4962545573
16.4679792923
9.18633046662
10.0559337964
7.13441618188
8.64548164686
5.79140503996
12.5972844365
84.8455422199
7.52815286005
11.2045518465
18.7157986357
16.8808054443
19.7267170936
7.65130453024
4.58979173956
4.50286828416
4.1749413873
2.52253881663
4.07761486297
2.81491560417
2.07523933813
6.67798424298
1.39573569909
1.96484126207
9.98267351703
9.29234724372
6.05929184202
34.9299657723
17.3385679055
18.3338995667
9.18092738469
7.61233265249
6.87959218577
4.46313882206
14.6978804372
7.41110330814
9.27522877365
7.9830741231
4.43726278264
15.338604782
13.6528898202
18.7512777921
14.4729245015
12.1904957094
5.39537519784
4.60994473018
5.32336304883
3.18808253094
2.90153813322
5.17600468507
12.7455735547
3.43230250085
8.28809775164
15.6084966679
16.8610215819
11.0272185939
8.31698979606
6.76663866711
6.04145947961
3.69126632967
11.6831502472
22.4753572257
7.52268719115
10.0844886439
12.0799898832
9.09320342791
6.3986945521
7.22003820661
3.89540740582
5.67212904798
1.76592552494
1.64484733638
3.43545998098
3.85458068059
4.49144210309
5.14911819654
10.4506975524
1.25693768197
1.60202911672
1.94763496997
7.52728640025
5.60455058664
2.27958901004
7.73462117078
3.50769643057
5.85479187967
3.91101017942
5.40429558289
3.99667073573
2.58856822588
16.7779741601
26.423297759
26.7258822298
9.94312139554
9.20162205067
4.42150779208
5.63453751813
10.0606378346
29.9905864282
44.1775122981
26.076593839
12.2734943328
9.64757495464
14.1251203551
11.4537113159
13.8051798314
4.52252627774
12.1118573007
14.6851400807
7.7170856256
19.7290706742
4.06561947123
23.2486399285
30.3983251148
26.2304638523
11.3144510723
20.0992275237
28.6129769038
26.9658138878
11.6951980953
15.1141401165
5.77902824772
8.35136127184
4.46864824517
3.39686334681
5.33598649107
17.6184548355
35.5267734339
41.8835653621
52.0603901064
29.9616881804
26.6887523157
19.6607690845
8.20004977533
14.6181443792
22.0627227617
20.0576316715
24.0766442496
12.7800529841
8.56910220348
6.29024671881
10.1683123616
11.8370518934
18.4580734401
13.9067807186
13.2317946347
10.1540564929
15.8064440596
13.4104850384
13.3428101556
7.24822641648
42.8466974973
22.9823875881
11.5165190117
35.2187503562
19.8766621253
25.3229163706
7.29975637343
15.215685858
8.06360721649
18.2269848556
4.9226757227
12.9690848046
9.51488008309
2.5048948689
12.94589323
11.1109344839
16.5352685183
15.0457686607
11.8898233177
4.50690542329
11.0533654432
6.36146496103
2.59413691477
1.62275525279
5.98174553318
1.39800081365
5.31872514076
3.49464115075
4.50854947718
7.24625718755
15.6982543946
13.2128400408
24.9337295975
33.1289860796
26.9401432653
24.0168982935
23.3942925354
23.4559339823
12.1371709228
9.52025976681
28.9427817118
24.1434133149
14.2478333199
