seq2/frame00001.png 19.216112 0.634418 1.630551 0.677377 0.645973 -0.251653 0.246070

seq2/frame00002.png 19.278356 0.639723 1.627298 0.677471 0.645927 -0.252762 0.244793

seq2/frame00003.png 19.134574 0.542145 1.635264 0.677203 0.646065 -0.254903 0.242942

seq2/frame00004.png 18.913388 0.339282 1.728062 0.675184 0.646285 -0.256033 0.246757

seq2/frame00005.png 20.006790 0.845674 1.662604 0.664924 0.649642 -0.255347 0.265780

seq2/frame00006.png 20.041266 0.496930 1.707178 0.682002 0.633183 -0.260497 0.257089

seq2/frame00007.png 20.405337 -0.029987 1.672980 0.679805 0.635805 -0.253168 0.263672

seq2/frame00008.png 21.203205 0.275407 1.795980 0.698455 0.632501 -0.232767 0.240671

seq2/frame00009.png 21.825190 0.110436 1.749717 0.714585 0.623127 -0.222354 0.227244

seq2/frame00010.png 22.760901 0.262312 1.686400 0.690347 0.650646 -0.225650 0.221730

seq2/frame00011.png 23.631938 0.311518 1.648887 0.702440 0.642532 -0.213215 0.219703

seq2/frame00012.png 23.938071 -0.053982 1.707766 0.704574 0.642786 -0.212338 0.212872

seq2/frame00013.png 24.989573 0.210004 1.652759 0.703337 0.642663 -0.203315 0.225752

seq2/frame00014.png 25.214640 -0.453475 1.733504 0.710742 0.645591 -0.188158 0.206530

seq2/frame00015.png 26.298675 -0.061405 1.616216 0.711366 0.639183 -0.213790 0.199244

seq2/frame00016.png 26.891264 -0.126506 1.646030 0.699159 0.656701 -0.201904 0.197877

seq2/frame00017.png 27.473589 -0.244724 1.702519 0.709966 0.648983 -0.202032 0.184265

seq2/frame00018.png 28.176556 0.082997 1.632928 0.717442 0.655611 -0.177941 0.154234

seq2/frame00019.png 28.869429 0.017549 1.664303 0.726288 0.647215 -0.162151 0.165305

seq2/frame00020.png 29.524012 0.043604 1.640942 0.723869 0.662101 -0.138851 0.135487

seq2/frame00021.png 30.462976 0.664305 1.622582 0.708606 0.663308 -0.178932 0.160881

seq2/frame00022.png 31.169487 0.809247 1.599664 0.716753 0.663101 -0.152124 0.153037

seq2/frame00023.png 31.881046 1.366426 1.572343 0.717714 0.660249 -0.161649 0.151090

seq2/frame00024.png 32.425469 1.277207 1.564888 0.715191 0.661922 -0.160844 0.156493

seq2/frame00025.png 33.342580 2.194102 1.546915 0.723973 0.658645 -0.138798 0.150948

seq2/frame00026.png 33.750637 1.959544 1.484016 0.724272 0.658904 -0.144481 0.142835

seq2/frame00027.png 34.427836 1.708280 1.401599 0.715976 0.671456 -0.144366 0.125233

seq2/frame00028.png 35.568749 2.974225 1.460281 0.719796 0.662126 -0.146435 0.148454

seq2/frame00029.png 35.994534 3.200321 1.417092 0.716809 0.675397 -0.118575 0.126346

seq2/frame00030.png 36.570023 3.188103 1.453866 0.725786 0.664562 -0.140022 0.109479

seq2/frame00031.png 37.251550 3.759211 1.446013 0.723451 0.671777 -0.116369 0.108596

seq2/frame00032.png 38.176407 4.242298 1.437436 0.724673 0.674607 -0.103430 0.095166

seq2/frame00033.png 38.749542 4.363021 1.443068 0.709223 0.694504 -0.094263 0.076034

seq2/frame00034.png 39.573667 4.591587 1.383145 0.713322 0.683382 -0.118016 0.101163

seq2/frame00035.png 40.299732 4.415318 1.368856 0.720961 0.677079 -0.117189 0.089702

seq2/frame00036.png 41.012452 4.589283 1.379022 0.726153 0.678096 -0.093125 0.064920

seq2/frame00037.png 41.515131 3.565321 1.389540 0.735628 0.674044 -0.059105 0.031988

seq2/frame00038.png 42.292581 3.938538 1.349313 0.734374 0.676912 -0.043026 0.025178

seq2/frame00039.png 43.161519 3.767392 1.358504 0.740309 0.670332 -0.045441 0.023073

seq2/frame00040.png 43.968746 3.640613 1.325270 0.733669 0.678189 -0.030333 0.029471

seq2/frame00041.png 44.703629 3.323236 1.324521 0.737666 0.673866 -0.038853 0.015653

seq2/frame00042.png 45.543310 3.444470 1.330240 0.740485 0.672037 0.006650 0.001861

seq2/frame00043.png 46.351795 3.081304 1.332776 0.747298 0.664015 -0.007445 -0.023962

seq2/frame00044.png 46.922782 2.537270 1.293800 0.739435 0.671240 -0.004953 -0.051462

seq2/frame00045.png 47.707084 2.861460 1.300305 0.748775 0.661632 -0.016534 -0.036140

seq2/frame00046.png 48.512840 2.437264 1.296548 0.747750 0.662719 -0.026362 -0.031268

seq2/frame00047.png 49.385383 2.576418 1.384999 0.747353 0.661826 -0.053262 -0.024756

seq2/frame00048.png 50.247200 2.748972 1.383467 0.728705 0.682661 -0.046632 -0.028082

seq2/frame00049.png 50.944693 2.537071 1.402479 0.730115 0.680940 -0.056627 -0.006800

seq2/frame00050.png 51.732936 1.877973 1.352640 0.735864 0.674919 -0.054110 -0.007779

seq2/frame00051.png 52.492839 1.539283 1.350670 0.730935 0.680621 -0.018290 -0.046430

seq2/frame00052.png 52.984708 1.187505 1.365916 0.744374 0.662596 0.041311 -0.071891

seq2/frame00053.png 53.775869 1.443215 1.356783 0.746280 0.661477 0.016600 -0.072371

seq2/frame00054.png 54.798502 0.125856 1.297281 0.742828 0.663427 0.037176 -0.081787

seq2/frame00055.png 55.596802 0.216209 1.308450 0.748217 0.651766 0.011134 -0.123486

seq2/frame00056.png 56.363169 -0.348626 1.327325 0.763111 0.640517 0.001711 -0.085999

seq2/frame00057.png 57.087723 -0.257500 1.322039 0.753010 0.653131 -0.002367 -0.079946

seq2/frame00058.png 57.524359 0.269091 1.381703 0.740773 0.658510 0.056670 -0.120033

seq2/frame00059.png 58.305050 -0.017593 1.393503 0.721930 0.670092 0.089878 -0.147363

seq2/frame00060.png 58.929953 0.365464 1.433656 0.724446 0.664202 0.086827 -0.162712

seq2/frame00061.png 59.641423 0.599736 1.386426 0.713358 0.672752 0.095947 -0.171230

seq2/frame00062.png 60.371114 0.799017 1.361484 0.702114 0.684803 0.090321 -0.172982

seq2/frame00063.png 61.258341 0.462305 1.334483 0.714582 0.682689 0.087169 -0.125341

seq2/frame00064.png 61.771838 1.051017 1.303868 0.713378 0.682953 0.090440 -0.128404

seq2/frame00065.png 62.661709 1.263208 1.299104 0.726281 0.672101 0.074178 -0.123666

seq2/frame00066.png 63.339340 1.252445 1.178139 0.715384 0.667132 0.116225 -0.172200

seq2/frame00067.png 64.168744 1.300284 1.206368 0.720457 0.665800 0.084596 -0.174631

seq2/frame00068.png 64.606219 2.305065 1.252202 0.722909 0.663642 0.102404 -0.162774

seq2/frame00069.png 65.777620 1.838490 1.203233 0.727996 0.661748 0.089515 -0.155235

seq2/frame00070.png 66.221039 2.526524 1.234653 0.721250 0.662516 0.118936 -0.163479

seq2/frame00071.png 66.892998 2.859940 1.206687 0.714875 0.657692 0.136209 -0.194530

seq2/frame00072.png 67.648581 2.970428 1.199091 0.718861 0.657084 0.124531 -0.189663

seq2/frame00073.png 68.375924 3.167522 1.247287 0.712834 0.658868 0.141244 -0.194450

seq2/frame00074.png 69.111389 3.292177 1.251777 0.688447 0.669932 0.165512 -0.223244

seq2/frame00075.png 69.722466 3.674075 1.265267 0.694166 0.657730 0.191714 -0.220840

seq2/frame00076.png 70.367203 4.007564 1.237593 0.679418 0.660136 0.194717 -0.254356

seq2/frame00077.png 71.200540 4.031413 1.176361 0.670223 0.662765 0.197464 -0.269354

seq2/frame00078.png 71.834947 4.524854 1.173712 0.675326 0.636058 0.226314 -0.296895

seq2/frame00079.png 72.539936 4.666579 1.211478 0.656978 0.620761 0.263678 -0.336912

seq2/frame00080.png 73.448966 4.639330 1.169429 0.660977 0.610811 0.280493 -0.333682

seq2/frame00081.png 74.025641 5.310277 1.181255 0.650623 0.604204 0.283277 -0.362466

seq2/frame00082.png 74.317013 6.122616 1.242187 0.668228 0.597117 0.275785 -0.347658

seq2/frame00083.png 74.711012 7.144688 1.200604 0.675773 0.588544 0.295001 -0.331544

seq2/frame00084.png 74.893077 8.150061 1.183431 0.668725 0.618595 0.258894 -0.321125

seq2/frame00085.png 75.043171 9.065135 1.175506 0.669349 0.636124 0.259260 -0.283025

seq2/frame00086.png 75.576890 9.532069 1.266001 0.679121 0.642625 0.229237 -0.270699

seq2/frame00087.png 75.884194 10.179726 1.251710 0.665777 0.646249 0.245035 -0.281179

seq2/frame00088.png 76.151202 10.854652 1.268254 0.661040 0.644638 0.235574 -0.303271

seq2/frame00089.png 76.481779 11.503119 1.157021 0.656884 0.621611 0.270165 -0.330323

seq2/frame00090.png 76.582775 12.393369 1.143414 0.645869 0.626626 0.272635 -0.340387

seq2/frame00091.png 77.109862 12.951787 1.071881 0.652902 0.598796 0.301179 -0.352780

seq2/frame00092.png 77.538399 13.644744 1.042250 0.657660 0.617226 0.281423 -0.327593

seq2/frame00093.png 77.785624 14.422169 1.003502 0.662356 0.606010 0.290157 -0.331429

seq2/frame00094.png 77.542542 15.572095 1.005143 0.670031 0.631811 0.264923 -0.285814

seq2/frame00095.png 78.788567 15.523094 0.948295 0.679638 0.601707 0.279542 -0.312884

seq2/frame00096.png 77.825821 17.214189 0.939803 0.654318 0.615015 0.295705 -0.325858

seq2/frame00097.png 78.111591 17.764365 0.843806 0.652387 0.620255 0.272625 -0.339633

seq2/frame00098.png 78.113922 18.247479 0.904718 0.639036 0.623217 0.295962 -0.340060

seq2/frame00099.png 78.078206 18.729701 1.001210 0.607708 0.633686 0.293666 -0.378012

seq2/frame00100.png 77.669506 19.355594 0.962604 0.591186 0.593265 0.357472 -0.413219

seq2/frame00101.png 76.961893 20.169622 1.025414 0.593272 0.602300 0.347727 -0.405399

seq2/frame00102.png 76.657747 20.827222 1.032201 0.610960 0.581191 0.347728 -0.409916

seq2/frame00103.png 76.364054 21.333278 1.014729 0.619045 0.588609 0.327868 -0.403517

seq2/frame00104.png 75.559030 22.368607 1.031818 0.621847 0.605365 0.323262 -0.377282

seq2/frame00105.png 74.904094 23.069414 1.025896 0.621901 0.615324 0.326133 -0.358125

seq2/frame00106.png 74.894233 23.497127 0.994051 0.628484 0.583726 0.325586 -0.397826

seq2/frame00107.png 73.903572 24.430515 0.987186 0.635490 0.585218 0.326212 -0.383742

seq2/frame00108.png 73.892181 24.935321 0.938982 0.628283 0.594411 0.303403 -0.399854

seq2/frame00109.png 73.702601 25.584351 0.916609 0.638104 0.561175 0.344048 -0.399421

seq2/frame00110.png 73.067859 26.551472 0.903812 0.633588 0.589833 0.324239 -0.381486

seq2/frame00111.png 73.043000 27.117745 0.859250 0.631673 0.575355 0.345896 -0.387702

seq2/frame00112.png 73.096359 27.729940 0.850239 0.607656 0.574715 0.346900 -0.424402

seq2/frame00113.png 73.187797 28.486072 0.861142 0.614528 0.559292 0.363459 -0.421242

seq2/frame00114.png 72.775805 29.397459 0.914644 0.629439 0.565698 0.335691 -0.413647

seq2/frame00115.png 73.411553 29.935430 0.911169 0.607043 0.544642 0.373943 -0.441622

seq2/frame00116.png 73.247314 30.764033 0.944950 0.590880 0.560945 0.382294 -0.435950

seq2/frame00117.png 73.863047 31.418446 0.944810 0.562540 0.560244 0.387709 -0.468356

seq2/frame00118.png 74.146003 32.035995 0.928380 0.571076 0.562176 0.396448 -0.447951

seq2/frame00119.png 74.880836 32.659484 0.908379 0.589416 0.547796 0.404634 -0.434488

seq2/frame00120.png 75.422248 33.241229 0.901014 0.572910 0.537882 0.409828 -0.463140

seq2/frame00121.png 75.367105 34.053341 0.933877 0.564491 0.531166 0.419970 -0.472057

seq2/frame00122.png 76.036801 34.601263 0.865801 0.539471 0.547434 0.406559 -0.493960

seq2/frame00123.png 76.012778 35.370998 0.920810 0.553374 0.539801 0.401125 -0.491417

seq2/frame00124.png 76.624193 35.945091 0.897485 0.531729 0.506528 0.436214 -0.520010

seq2/frame00125.png 76.638867 36.728229 0.914862 0.532048 0.520809 0.406442 -0.529611

seq2/frame00126.png 76.991460 37.476930 0.897413 0.544376 0.554214 0.387668 -0.496201

seq2/frame00127.png 77.199110 38.109182 0.908853 0.555575 0.568305 0.363433 -0.486090

seq2/frame00128.png 77.667507 38.816392 0.880540 0.550866 0.578916 0.360994 -0.480714

seq2/frame00129.png 77.860688 39.476093 0.836183 0.538641 0.539840 0.424392 -0.488190

seq2/frame00130.png 78.436979 40.166373 0.806964 0.475055 0.472957 0.489776 -0.557453

seq2/frame00131.png 78.323391 40.936951 0.779130 0.482811 0.483656 0.493285 -0.538182

seq2/frame00132.png 78.079306 41.561814 0.769828 0.421937 0.402414 0.546189 -0.601424

seq2/frame00133.png 76.455264 41.949451 0.819272 0.397435 0.382979 0.561735 -0.616300

seq2/frame00134.png 76.844196 42.602997 0.818676 0.423191 0.387789 0.523831 -0.629389

seq2/frame00135.png 76.197162 42.949966 0.821754 0.442358 0.411970 0.516232 -0.606716

seq2/frame00136.png 75.447336 43.202953 0.825495 0.448903 0.431868 0.498236 -0.603106

seq2/frame00137.png 74.778783 43.334175 0.816962 0.398083 0.404854 0.533735 -0.626697

seq2/frame00138.png 73.879946 43.489747 0.835163 0.379956 0.404479 0.536158 -0.636054

seq2/frame00139.png 73.355960 43.805077 0.764302 0.371486 0.370898 0.544984 -0.653778

seq2/frame00140.png 72.590026 44.085018 0.718560 0.355146 0.353886 0.545949 -0.671250

seq2/frame00141.png 71.916372 44.517927 0.742877 0.334759 0.325885 0.569432 -0.676375

seq2/frame00142.png 71.437378 45.085285 0.763678 0.346809 0.337019 0.559023 -0.673524

seq2/frame00143.png 70.840444 45.644673 0.789524 0.355205 0.349174 0.556641 -0.664875

seq2/frame00144.png 70.196758 46.192217 0.798483 0.342515 0.356784 0.563611 -0.661613

seq2/frame00145.png 69.574677 46.732983 0.831749 0.304800 0.296511 0.583331 -0.692028

seq2/frame00146.png 69.283424 47.440968 0.794840 0.276526 0.285530 0.594230 -0.699212

seq2/frame00147.png 68.772792 48.094501 0.814045 0.271903 0.288073 0.581162 -0.710869

seq2/frame00148.png 67.755087 48.324313 0.823666 0.264379 0.272180 0.605667 -0.699421

seq2/frame00149.png 67.218131 48.940512 0.811722 0.259104 0.295443 0.575054 -0.717560

seq2/frame00150.png 66.681287 49.440047 0.818490 0.253221 0.270475 0.586718 -0.720059

seq2/frame00151.png 65.988554 49.819701 0.803960 0.225354 0.275172 0.582527 -0.730861

seq2/frame00152.png 65.298029 50.295533 0.813317 0.223069 0.248087 0.588875 -0.736152

seq2/frame00153.png 64.450737 50.554986 0.815442 0.223430 0.289649 0.593073 -0.717249

seq2/frame00154.png 63.990181 51.164611 0.811978 0.198295 0.265407 0.600703 -0.727595

seq2/frame00155.png 63.234907 51.407574 0.776796 0.192113 0.250065 0.611852 -0.725394

seq2/frame00156.png 62.597354 51.919620 0.736323 0.163696 0.218310 0.626746 -0.729887

seq2/frame00157.png 61.807518 52.084222 0.706099 0.124533 0.182540 0.645063 -0.731481

seq2/frame00158.png 61.121652 52.346085 0.699895 0.114826 0.136376 0.610855 -0.771410

seq2/frame00159.png 60.185862 51.974408 0.722525 0.159000 0.121183 0.624176 -0.755273

seq2/frame00160.png 59.512584 52.070998 0.700453 0.162996 0.127114 0.608200 -0.766399

seq2/frame00161.png 58.741815 51.640913 0.729135 0.123061 0.114729 0.622517 -0.764307

seq2/frame00162.png 58.124660 51.215696 0.765025 0.113905 0.128496 0.628431 -0.758676

seq2/frame00163.png 57.530786 50.779449 0.822725 0.112563 0.104290 0.620308 -0.769202

seq2/frame00164.png 56.874715 50.241864 0.858923 0.079237 0.100824 0.636021 -0.760942

seq2/frame00165.png 56.224354 49.973438 0.892146 0.030277 0.059910 0.624259 -0.778328

seq2/frame00166.png 55.515488 49.702559 0.912151 0.014171 -0.051450 -0.628998 0.775573

seq2/frame00167.png 54.834228 49.808101 0.896106 0.001305 -0.060365 -0.623215 0.779716

seq2/frame00168.png 54.125600 49.805771 0.885181 0.023968 -0.021422 -0.636874 0.770298

seq2/frame00169.png 53.343718 50.191584 0.851205 0.051462 -0.037258 -0.626511 0.776819

seq2/frame00170.png 52.714099 50.260371 0.894276 0.107490 0.043469 -0.616534 0.778744

seq2/frame00171.png 51.923875 50.736890 0.842301 0.121492 0.020102 -0.598935 0.791272

seq2/frame00172.png 51.271395 50.875500 0.865847 0.117038 0.000844 -0.616256 0.778800

seq2/frame00173.png 50.575757 51.061358 0.901859 0.089174 -0.003446 -0.617291 0.781658

seq2/frame00174.png 49.835416 51.455796 0.877327 0.074650 0.014720 -0.634392 0.769258

seq2/frame00175.png 49.123036 51.575311 0.893615 0.121202 0.043270 -0.622669 0.771830

seq2/frame00176.png 48.306758 51.856225 0.875368 0.167463 0.041039 -0.633750 0.754078

seq2/frame00177.png 47.584658 51.813495 0.888270 0.190864 0.045899 -0.641919 0.741218

seq2/frame00178.png 46.774891 52.083231 0.857880 0.240056 0.113158 -0.625152 0.733998

seq2/frame00179.png 46.060718 51.970454 0.841953 0.222957 0.127396 -0.644919 0.719819

seq2/frame00180.png 45.214538 52.181202 0.817942 0.212124 0.177060 -0.614581 0.738880

seq2/frame00181.png 44.560609 52.137603 0.825514 0.228804 0.187285 -0.623798 0.723498

seq2/frame00182.png 43.942820 52.078063 0.852313 0.203487 0.207355 -0.618784 0.729866

seq2/frame00183.png 43.195789 52.030539 0.859826 0.227112 0.246754 -0.629731 0.700693

seq2/frame00184.png 42.649122 51.687347 0.911743 0.227800 0.207312 -0.641952 0.702158

seq2/frame00185.png 41.819325 51.711577 0.902385 0.290978 0.249712 -0.603028 0.699523

seq2/frame00186.png 41.133497 51.361797 0.934947 0.316946 0.242702 -0.594260 0.698209

seq2/frame00187.png 40.461933 50.935433 0.909841 0.310696 0.249815 -0.609169 0.685547

seq2/frame00188.png 40.111296 50.297605 0.938096 0.298897 0.295054 -0.600986 0.680014

seq2/frame00189.png 39.369066 49.991819 0.945680 0.342728 0.315180 -0.552267 0.691520

seq2/frame00190.png 39.264684 49.072141 0.977460 0.378208 0.307001 -0.549303 0.678952

seq2/frame00191.png 38.612489 48.591134 0.971173 0.404156 0.294832 -0.547136 0.671099

seq2/frame00192.png 38.401491 47.962372 1.007335 0.392775 0.308422 -0.550292 0.669165

seq2/frame00193.png 38.043144 47.273826 1.025282 0.365487 0.288155 -0.559214 0.686051

seq2/frame00194.png 37.707560 46.755064 1.027884 0.359042 0.318259 -0.574639 0.663016

seq2/frame00195.png 37.112198 46.332116 1.014726 0.408162 0.345882 -0.566171 0.627072

seq2/frame00196.png 36.257216 46.096171 0.992114 0.473653 0.389443 -0.554866 0.562238

seq2/frame00197.png 35.671945 45.724844 0.942184 0.450179 0.335098 -0.578404 0.592028

seq2/frame00198.png 34.831982 45.542619 0.903369 0.454879 0.323021 -0.571394 0.601873

seq2/frame00199.png 34.452723 45.124806 0.859041 0.437901 0.353082 -0.571458 0.597505

seq2/frame00200.png 32.740501 45.123367 0.950502 0.439836 0.366069 -0.549547 0.608717

seq2/frame00201.png 32.625140 44.756672 0.960116 0.429494 0.365254 -0.569669 0.597998

seq2/frame00202.png 31.765571 44.542686 1.054620 0.439140 0.369386 -0.553774 0.603361

seq2/frame00203.png 31.330215 44.207473 1.129775 0.453367 0.405511 -0.538854 0.582800

seq2/frame00204.png 30.340414 43.867989 1.118888 0.461252 0.364590 -0.547796 0.595181

seq2/frame00205.png 29.807620 43.428440 1.162834 0.479305 0.415389 -0.546947 0.546414

seq2/frame00206.png 29.494227 42.873381 1.183250 0.471905 0.418604 -0.536842 0.560248

seq2/frame00207.png 28.772656 42.349505 1.140299 0.500728 0.433836 -0.526324 0.532955

seq2/frame00208.png 28.815252 41.658824 1.122332 0.486373 0.430632 -0.533175 0.541960

seq2/frame00209.png 27.759325 41.144870 1.073341 0.491409 0.451644 -0.522244 0.530845

seq2/frame00210.png 27.365141 40.520358 1.042440 0.507185 0.479404 -0.503784 0.509055

seq2/frame00211.png 26.918310 39.828590 1.036912 0.527019 0.484176 -0.449347 0.534707

seq2/frame00212.png 26.305185 39.109769 0.985389 0.539049 0.478852 -0.443696 0.532223

seq2/frame00213.png 26.686836 38.274059 1.013490 0.572966 0.430398 -0.475224 0.510519

seq2/frame00214.png 26.471717 37.640397 0.941923 0.584327 0.455805 -0.444376 0.503322

seq2/frame00215.png 27.750734 37.060967 1.062940 0.581850 0.439602 -0.436914 0.526599

seq2/frame00216.png 27.951245 36.454236 1.058636 0.591442 0.446590 -0.442449 0.504968

seq2/frame00217.png 28.605068 35.937596 1.083884 0.577173 0.449781 -0.448901 0.512890

seq2/frame00218.png 29.232702 35.466966 1.098108 0.597785 0.485805 -0.427125 0.473508

seq2/frame00219.png 29.700454 35.000009 1.097482 0.614740 0.500219 -0.401087 0.459352

seq2/frame00220.png 30.485618 34.553471 1.127330 0.629256 0.504409 -0.400854 0.434655

seq2/frame00221.png 31.135607 34.176877 1.108216 0.651037 0.508530 -0.392484 0.404356

seq2/frame00222.png 30.231605 33.363898 1.031932 0.638768 0.502161 -0.397908 0.426004

seq2/frame00223.png 31.696531 33.043165 1.097536 0.637637 0.517046 -0.391006 0.416170

seq2/frame00224.png 31.886389 32.393339 1.108400 0.614082 0.521273 -0.394114 0.442552

seq2/frame00225.png 31.973651 31.700787 1.083341 0.619459 0.548810 -0.372042 0.420314

seq2/frame00226.png 32.259072 31.014408 1.106493 0.615305 0.540663 -0.393390 0.417525

seq2/frame00227.png 32.115752 30.364400 1.113969 0.652609 0.567550 -0.358021 0.351865

seq2/frame00228.png 32.149102 29.685823 1.142134 0.641976 0.534462 -0.402567 0.374375

seq2/frame00229.png 31.453530 28.935825 1.126014 0.634709 0.542953 -0.387791 0.389827

seq2/frame00230.png 31.926590 28.481573 1.156012 0.577184 0.511254 -0.453540 0.446967

seq2/frame00231.png 30.054489 27.234612 1.150127 0.620645 0.557133 -0.392112 0.388138

seq2/frame00232.png 29.833461 26.582230 1.119176 0.637383 0.566196 -0.375644 0.363396

seq2/frame00233.png 30.539700 26.536074 1.156869 0.663429 0.563172 -0.360119 0.336176

seq2/frame00234.png 29.838033 25.673764 1.139231 0.657829 0.577610 -0.338451 0.345079

seq2/frame00235.png 29.582449 24.967434 1.179738 0.674812 0.535685 -0.361402 0.356454

seq2/frame00236.png 29.452969 24.333767 1.178206 0.606966 0.543932 -0.409518 0.409910

seq2/frame00237.png 29.034067 23.602911 1.223485 0.627559 0.572873 -0.364739 0.380725

seq2/frame00238.png 28.556605 22.751428 1.177545 0.650588 0.599126 -0.320025 0.339657

seq2/frame00239.png 28.759372 22.328290 1.218889 0.640343 0.608897 -0.321126 0.340710

seq2/frame00240.png 28.738158 21.619232 1.215658 0.651832 0.609719 -0.317805 0.319935

seq2/frame00241.png 28.766995 20.868318 1.241350 0.634295 0.555477 -0.369688 0.390443

seq2/frame00242.png 27.439450 19.568544 1.165736 0.640172 0.583551 -0.340579 0.365587

seq2/frame00243.png 28.562272 19.843706 1.194317 0.611932 0.590006 -0.353525 0.390453

seq2/frame00244.png 26.979294 18.097423 1.120472 0.658666 0.609339 -0.296592 0.326953

seq2/frame00245.png 26.814009 17.306518 1.113613 0.671187 0.597052 -0.329288 0.290873

seq2/frame00246.png 26.678528 16.507574 1.148568 0.680159 0.597527 -0.306999 0.293423

seq2/frame00247.png 27.575492 16.511093 1.164315 0.673750 0.602191 -0.324521 0.279487

seq2/frame00248.png 27.882159 16.070907 1.196735 0.657945 0.605201 -0.340612 0.291246

seq2/frame00249.png 27.778824 15.070960 1.292160 0.683790 0.622769 -0.287352 0.249036

seq2/frame00250.png 28.484438 14.748489 1.270235 0.700109 0.600182 -0.291603 0.254159

seq2/frame00251.png 28.869495 14.061516 1.278738 0.698156 0.613031 -0.281550 0.239793

seq2/frame00252.png 29.303896 13.630589 1.292803 0.707480 0.612546 -0.267577 0.229481

seq2/frame00253.png 29.537358 12.629263 1.266442 0.693527 0.603347 -0.298975 0.256138

seq2/frame00254.png 30.754308 13.128240 1.228491 0.690990 0.628721 -0.278780 0.222541

seq2/frame00255.png 30.584972 11.892788 1.262606 0.702259 0.639213 -0.243919 0.196831

seq2/frame00256.png 31.359657 11.874367 1.311462 0.697395 0.655069 -0.222048 0.187666

seq2/frame00257.png 31.709898 11.254407 1.258073 0.693645 0.655881 -0.224540 0.195597

seq2/frame00258.png 31.836480 10.305944 1.346713 0.698164 0.665364 -0.191122 0.182564

seq2/frame00259.png 32.096404 9.781511 1.308499 0.689207 0.654369 -0.241046 0.196701

seq2/frame00260.png 32.198359 9.170581 1.439248 0.708704 0.660170 -0.180585 0.171183

seq2/frame00261.png 32.162189 8.864589 1.417338 0.674616 0.691672 -0.181712 0.182931

seq2/frame00262.png 31.903321 8.116997 1.409989 0.669045 0.717820 -0.144330 0.127598

seq2/frame00263.png 31.693174 7.775264 1.388389 0.670575 0.713606 -0.156506 0.128847

seq2/frame00264.png 31.485683 7.255520 1.448344 0.686094 0.712792 -0.138606 0.044626

seq2/frame00265.png 30.385775 5.892299 1.325657 0.733995 0.657816 -0.124138 0.114541

seq2/frame00266.png 30.282973 6.324732 1.442512 0.711062 0.658833 -0.176471 0.170845

seq2/frame00267.png 29.662169 6.229157 1.443805 0.697132 0.668754 -0.188717 0.176527

seq2/frame00268.png 28.860584 6.080185 1.507611 0.727195 0.638831 -0.217962 0.124796

seq2/frame00269.png 28.315034 6.065403 1.538362 0.721613 0.617391 -0.250414 0.188137

seq2/frame00270.png 27.557565 5.598062 1.536275 0.716683 0.616623 -0.264498 0.190214

seq2/frame00271.png 26.655017 5.013522 1.530379 0.738621 0.606170 -0.199915 0.216866

seq2/frame00272.png 25.804724 4.296106 1.488680 0.711987 0.644405 -0.186706 0.207261

seq2/frame00273.png 25.688683 4.332906 1.529231 0.693712 0.633992 -0.217774 0.263425

seq2/frame00274.png 24.772174 3.675241 1.496451 0.688529 0.636812 -0.242814 0.247869

seq2/frame00275.png 24.774987 4.310070 1.529305 0.661495 0.636233 -0.286601 0.274759

seq2/frame00276.png 23.786318 3.704937 1.524163 0.667528 0.649493 -0.259509 0.255383

seq2/frame00277.png 23.213273 3.500966 1.560667 0.679837 0.614320 -0.274525 0.291667

