seq3/frame00001.png 17.802481 -0.017178 1.692196 0.626887 0.650990 -0.304923 0.300411

seq3/frame00002.png 17.765170 -0.050776 1.698341 0.626674 0.651064 -0.304895 0.300723

seq3/frame00003.png 17.752623 -0.059544 1.695109 0.626716 0.650805 -0.305213 0.300874

seq3/frame00004.png 17.694679 -0.113081 1.704697 0.625430 0.650791 -0.305845 0.302931

seq3/frame00005.png 17.717604 -0.092732 1.716204 0.626885 0.647178 -0.307324 0.306150

seq3/frame00006.png 17.546998 -0.075944 1.763753 0.632114 0.629250 -0.305748 0.333157

seq3/frame00007.png 16.885450 0.044270 1.744761 0.636694 0.643755 -0.287006 0.312774

seq3/frame00008.png 16.100081 0.206337 1.795778 0.664896 0.623690 -0.264559 0.314536

seq3/frame00009.png 15.130097 0.242684 1.778103 0.693491 0.619467 -0.219166 0.295461

seq3/frame00010.png 14.401900 0.434515 1.818556 0.657827 0.628582 -0.254832 0.327427

seq3/frame00011.png 14.160396 1.081997 1.689487 0.638994 0.612378 -0.295236 0.359882

seq3/frame00012.png 13.497269 1.584999 1.693984 0.624804 0.626775 -0.288106 0.365743

seq3/frame00013.png 12.829721 1.921307 1.671012 0.637867 0.634266 -0.263941 0.348091

seq3/frame00014.png 11.982709 2.162715 1.710886 0.623085 0.648731 -0.262505 0.349291

seq3/frame00015.png 11.386601 2.454933 1.688357 0.613399 0.629427 -0.299420 0.371364

seq3/frame00016.png 10.413508 2.819662 1.675146 0.603507 0.620069 -0.314037 0.390735

seq3/frame00017.png 9.932270 3.343435 1.621105 0.609793 0.622814 -0.315368 0.375231

seq3/frame00018.png 8.845294 3.290828 1.596835 0.618718 0.606955 -0.321226 0.381585

seq3/frame00019.png 8.185736 3.855379 1.591091 0.599214 0.607768 -0.323607 0.408458

seq3/frame00020.png 8.032793 4.570051 1.539610 0.568364 0.609320 -0.346081 0.431183

seq3/frame00021.png 7.824675 5.130388 1.552208 0.542122 0.598397 -0.381387 0.450077

seq3/frame00022.png 7.650872 5.675273 1.485279 0.554122 0.604179 -0.356650 0.448015

seq3/frame00023.png 7.072494 6.060183 1.509545 0.543335 0.611951 -0.354716 0.452194

seq3/frame00024.png 6.525952 6.516249 1.442320 0.573093 0.577101 -0.360999 0.456288

seq3/frame00025.png 5.350876 6.883618 1.485968 0.577804 0.582253 -0.340970 0.459199

seq3/frame00026.png 5.808554 7.738435 1.471274 0.558618 0.564486 -0.395033 0.461791

seq3/frame00027.png 5.927409 8.364045 1.413535 0.507864 0.524493 -0.443926 0.519529

seq3/frame00028.png 5.822526 9.155109 1.455008 0.427061 0.469241 -0.512483 0.578613

seq3/frame00029.png 5.768670 9.856419 1.482471 0.393308 0.434789 -0.546226 0.598251

seq3/frame00030.png 5.764634 10.561301 1.517576 0.347802 0.414747 -0.569094 0.618992

seq3/frame00031.png 5.863774 11.330295 1.547651 0.355613 0.403393 -0.554941 0.634707

seq3/frame00032.png 5.894629 12.389979 1.527232 0.378013 0.435956 -0.539395 0.613271

seq3/frame00033.png 5.890174 13.184529 1.512287 0.475209 0.491586 -0.487696 0.542837

seq3/frame00034.png 5.907437 13.879527 1.427401 0.532107 0.534363 -0.431470 0.495129

seq3/frame00035.png 5.842355 14.590651 1.400499 0.579668 0.555821 -0.396968 0.444371

seq3/frame00036.png 5.624360 15.625369 1.376207 0.578095 0.581284 -0.369180 0.437745

seq3/frame00037.png 5.644877 16.254615 1.403020 0.561512 0.572781 -0.387874 0.454070

seq3/frame00038.png 5.584008 16.677169 1.408961 0.519320 0.547320 -0.435918 0.490635

seq3/frame00039.png 5.575556 17.674132 1.432115 0.451806 0.500435 -0.483722 0.558076

seq3/frame00040.png 5.803805 18.207200 1.361624 0.424804 0.466220 -0.524163 0.572219

seq3/frame00041.png 5.831742 19.203254 1.407066 0.366185 0.458266 -0.548464 0.595893

seq3/frame00042.png 5.545282 20.016965 1.449787 0.473187 0.543389 -0.478324 0.502024

seq3/frame00043.png 5.533890 20.912223 1.432157 0.514390 0.544654 -0.468683 0.468072

seq3/frame00044.png 5.327979 21.625364 1.502493 0.587140 0.583880 -0.403608 0.389167

seq3/frame00045.png 5.550036 22.520650 1.372461 0.579858 0.613598 -0.378491 0.379483

seq3/frame00046.png 5.701710 23.346838 1.331875 0.604372 0.632720 -0.340315 0.344363

seq3/frame00047.png 5.593279 24.010048 1.341449 0.602052 0.632485 -0.340900 0.348257

seq3/frame00048.png 5.518590 24.781584 1.407202 0.616338 0.614864 -0.324986 0.369396

seq3/frame00049.png 5.303015 25.456340 1.355973 0.589216 0.593168 -0.368466 0.406460

seq3/frame00050.png 5.648906 26.545687 1.318917 0.535013 0.578762 -0.411987 0.457234

seq3/frame00051.png 5.190174 26.938478 1.402794 0.515239 0.550052 -0.449110 0.479866

seq3/frame00052.png 5.400428 27.910353 1.320459 0.497327 0.537260 -0.473378 0.489827

seq3/frame00053.png 4.928878 28.653863 1.333723 0.566672 0.598043 -0.380117 0.420404

seq3/frame00054.png 4.721671 29.462470 1.322404 0.556260 0.613976 -0.375927 0.415075

seq3/frame00055.png 4.938123 30.128864 1.364076 0.511445 0.572312 -0.446910 0.459516

seq3/frame00056.png 5.221356 30.734586 1.351699 0.412475 0.501513 -0.530361 0.545038

seq3/frame00057.png 5.421886 31.258915 1.399673 0.389472 0.434430 -0.575167 0.573380

seq3/frame00058.png 5.856439 31.888155 1.337927 0.315343 0.364691 -0.616155 0.622826

seq3/frame00059.png 5.946587 33.214223 1.479154 0.340972 0.405248 -0.604227 0.595333

seq3/frame00060.png 5.869990 33.864983 1.236664 0.381763 0.431760 -0.574492 0.581205

seq3/frame00061.png 5.960135 34.602073 1.220177 0.426230 0.475472 -0.534564 0.553621

seq3/frame00062.png 5.610445 35.404222 1.232556 0.469911 0.483911 -0.503751 0.539674

seq3/frame00063.png 5.706446 36.123572 1.275473 0.514860 0.523456 -0.458266 0.500904

seq3/frame00064.png 5.528692 36.812660 1.278280 0.521082 0.523740 -0.446571 0.504722

seq3/frame00065.png 5.780337 37.550999 1.240842 0.490494 0.514250 -0.473533 0.520317

seq3/frame00066.png 5.861523 38.371468 1.230772 0.474889 0.520134 -0.469180 0.532739

seq3/frame00067.png 5.758609 39.114936 1.235618 0.436321 0.507547 -0.502471 0.547305

seq3/frame00068.png 5.959374 39.891986 1.248335 0.395033 0.486283 -0.522632 0.578216

seq3/frame00069.png 6.072710 40.671689 1.197330 0.374964 0.444553 -0.540230 0.608216

seq3/frame00070.png 6.281961 41.525721 1.159180 0.387630 0.462769 -0.536684 0.589541

seq3/frame00071.png 6.276302 42.164701 1.084965 0.317941 0.407540 -0.580159 0.629476

seq3/frame00072.png 6.847511 43.116486 1.144994 0.283068 0.355130 -0.613015 0.646504

seq3/frame00073.png 6.778604 43.841973 1.102229 0.290677 0.367920 -0.580116 0.666039

seq3/frame00074.png 7.073152 44.583127 1.040359 0.326359 0.364354 -0.590214 0.642171

seq3/frame00075.png 7.591673 45.330712 0.988596 0.275207 0.349405 -0.621931 0.644499

seq3/frame00076.png 8.202883 46.200645 0.855937 0.263289 0.298278 -0.641468 0.655917

seq3/frame00077.png 8.809496 46.573688 0.833399 0.211651 0.271563 -0.657410 0.670276

seq3/frame00078.png 9.600308 46.505726 0.818912 0.240217 0.262805 -0.661627 0.659909

seq3/frame00079.png 10.068643 45.737906 1.032954 0.208052 0.268098 -0.652397 0.677655

seq3/frame00080.png 10.859792 45.786166 1.096023 0.166202 0.189919 -0.655369 0.711899

seq3/frame00081.png 11.895874 45.965855 1.556668 0.172504 0.144261 -0.644389 0.730886

seq3/frame00082.png 12.595788 45.884034 1.540658 0.219948 0.178385 -0.650659 0.704588

seq3/frame00083.png 13.240175 45.245760 1.577372 0.254254 0.200082 -0.634607 0.701852

seq3/frame00084.png 14.281286 46.385200 1.431481 0.289724 0.238700 -0.617986 0.690779

seq3/frame00085.png 14.907117 46.243574 1.124518 0.387737 0.336992 -0.566794 0.644082

seq3/frame00086.png 15.864288 46.111026 1.091896 0.382524 0.341828 -0.566032 0.645319

seq3/frame00087.png 16.685477 46.178985 1.089529 0.405548 0.383301 -0.568713 0.604299

seq3/frame00088.png 17.658419 46.300204 1.117059 0.431786 0.407515 -0.551350 0.586093

seq3/frame00089.png 17.785490 46.419337 1.185574 0.476196 0.400645 -0.542561 0.564224

seq3/frame00090.png 19.420081 46.364288 1.075921 0.472151 0.402910 -0.547224 0.561500

seq3/frame00091.png 19.709934 46.562968 1.100995 0.449646 0.408218 -0.567442 0.556045

seq3/frame00092.png 20.383353 46.811632 1.136276 0.430001 0.409698 -0.556740 0.580765

seq3/frame00093.png 21.220743 47.127705 1.123318 0.407639 0.400314 -0.580160 0.580512

seq3/frame00094.png 21.907960 47.410807 1.213359 0.400546 0.426148 -0.564786 0.582218

seq3/frame00095.png 22.829816 47.651699 1.222631 0.380058 0.387906 -0.581774 0.605495

seq3/frame00096.png 23.656221 47.841973 1.232616 0.358268 0.345796 -0.566280 0.656807

seq3/frame00097.png 24.389831 48.276127 1.182140 0.324183 0.310047 -0.597585 0.664581

seq3/frame00098.png 25.156816 48.758293 1.180094 0.325935 0.288657 -0.601329 0.669961

seq3/frame00099.png 25.697311 49.098787 1.146152 0.314329 0.300357 -0.596186 0.674941

seq3/frame00100.png 26.691529 49.547787 1.180487 0.332678 0.292260 -0.584704 0.679728

seq3/frame00101.png 26.804387 50.231075 1.149393 0.394749 0.321620 -0.553122 0.659386

seq3/frame00102.png 27.898461 50.492071 1.082282 0.359932 0.313964 -0.565887 0.672047

seq3/frame00103.png 28.384377 51.388916 1.160806 0.307108 0.289843 -0.582503 0.694525

seq3/frame00104.png 28.778407 51.708527 1.036624 0.325777 0.290235 -0.590423 0.678995

seq3/frame00105.png 29.499906 52.292089 1.061376 0.342704 0.308098 -0.572700 0.677971

seq3/frame00106.png 30.158201 52.778010 1.073735 0.321398 0.301660 -0.598052 0.669356

seq3/frame00107.png 30.709644 53.490767 1.099513 0.338514 0.330683 -0.580765 0.662397

seq3/frame00108.png 30.986056 54.320639 1.071581 0.310811 0.295861 -0.601394 0.673936

seq3/frame00109.png 31.560804 54.792202 1.019656 0.260139 0.256137 -0.631824 0.683754

seq3/frame00110.png 31.795394 55.761264 1.088998 0.317347 0.326450 -0.599933 0.657876

seq3/frame00111.png 31.919972 56.594861 1.055341 0.327841 0.334370 -0.591995 0.655941

seq3/frame00112.png 32.174341 57.308964 1.048722 0.305249 0.329176 -0.603944 0.658572

seq3/frame00113.png 32.384971 58.111443 0.971686 0.275556 0.298916 -0.615134 0.675521

seq3/frame00114.png 32.582553 58.839210 1.001029 0.182297 0.238823 -0.653485 0.694758

seq3/frame00115.png 32.943358 59.468645 0.952970 0.217745 0.272614 -0.654576 0.670671

seq3/frame00116.png 32.801791 60.360176 0.983458 0.203424 0.273830 -0.659659 0.669691

seq3/frame00117.png 32.420145 61.616125 0.982571 0.259285 0.307310 -0.652140 0.642686

seq3/frame00118.png 33.012797 61.661719 0.958696 0.143485 0.262100 -0.695169 0.653801

seq3/frame00119.png 32.993595 62.903028 0.974139 0.147994 0.223376 -0.705393 0.656217

seq3/frame00120.png 32.774715 62.923145 0.870585 0.108177 0.181173 -0.700875 0.681358

seq3/frame00121.png 32.836117 64.238918 0.892699 0.131340 0.192624 -0.696418 0.678710

seq3/frame00122.png 32.614767 64.597237 0.831270 0.095853 0.196500 -0.691893 0.688101

seq3/frame00123.png 33.381031 66.453974 0.793913 0.117050 0.208637 -0.680861 0.692242

seq3/frame00124.png 32.371610 66.667046 0.820104 0.082584 0.146364 -0.692491 0.701580

seq3/frame00125.png 32.510670 67.469773 0.867456 0.048650 0.114768 -0.704089 0.699085

seq3/frame00126.png 32.726498 68.446320 0.882188 0.059408 0.157613 -0.693318 0.700671

seq3/frame00127.png 33.573166 68.830770 0.810763 0.143107 0.206456 -0.679688 0.689145

seq3/frame00128.png 32.436676 69.678158 0.845102 0.182251 0.233596 -0.664391 0.686150

seq3/frame00129.png 33.724608 70.704195 0.871793 0.235162 0.226364 -0.653377 0.683049

seq3/frame00130.png 31.658635 70.478932 0.778297 0.240909 0.255389 -0.621339 0.700484

seq3/frame00131.png 33.370356 71.966244 0.822255 0.156840 0.199203 -0.663337 0.704062

seq3/frame00132.png 34.111791 72.362586 0.851840 0.116050 0.161826 -0.670910 0.714300

seq3/frame00133.png 34.384319 73.126016 0.925255 0.063639 0.122415 -0.698731 0.701955

seq3/frame00134.png 35.876132 74.180170 0.900166 0.001824 0.070660 -0.703069 0.707600

seq3/frame00135.png 35.955357 74.165531 0.711118 0.125914 0.065420 0.716854 -0.682632

seq3/frame00136.png 35.445264 74.383810 0.822113 0.155131 0.063643 0.733325 -0.658877

seq3/frame00137.png 37.036682 74.154800 0.710504 0.224957 0.178603 0.707567 -0.645634

seq3/frame00138.png 37.223603 74.460510 0.737353 0.220107 0.134067 0.691965 -0.674361

seq3/frame00139.png 38.277163 74.432223 0.715618 0.261882 0.215783 0.675912 -0.654216

seq3/frame00140.png 39.924114 74.183786 0.752838 0.156905 0.140000 0.702453 -0.679956

seq3/frame00141.png 41.776781 74.349542 0.769181 0.057653 0.023482 0.694481 -0.716813

seq3/frame00142.png 42.002428 74.429996 0.749688 0.014763 0.057044 -0.695581 0.716027

seq3/frame00143.png 42.588041 74.835961 0.731136 0.059417 0.101156 -0.687516 0.716630

seq3/frame00144.png 43.170690 74.866689 0.713556 0.054867 0.107104 -0.697116 0.706787

seq3/frame00145.png 44.134279 74.675284 0.820576 0.060165 0.111217 -0.697825 0.705019

seq3/frame00146.png 44.328834 74.830968 0.818433 0.041758 -0.031546 0.702364 -0.709891

seq3/frame00147.png 45.182522 74.741585 0.774736 0.086079 0.029293 0.700852 -0.707487

seq3/frame00148.png 46.122725 74.653206 0.632729 0.188373 0.108105 0.686076 -0.694355

seq3/frame00149.png 45.275742 74.803166 0.670378 0.169006 0.093608 0.707271 -0.680031

seq3/frame00150.png 47.670461 74.448259 0.753798 0.201941 0.125257 0.684894 -0.688804

seq3/frame00151.png 47.973034 74.157653 0.644161 0.158561 0.108266 0.681751 -0.705941

seq3/frame00152.png 48.713441 74.558054 0.600441 0.145572 0.082329 0.677307 -0.716440

seq3/frame00153.png 49.383007 74.447869 0.649653 0.089182 0.070645 0.681991 -0.722457

seq3/frame00154.png 51.894318 74.125032 0.622350 0.040017 0.013522 0.664051 -0.746493

seq3/frame00155.png 52.618690 74.982763 0.664033 0.032128 0.061517 -0.675681 0.733920

seq3/frame00156.png 51.786089 74.433410 0.643450 0.077054 0.114260 -0.664937 0.734075

seq3/frame00157.png 52.576902 74.873527 0.591570 0.093022 0.120139 -0.662243 0.733722

seq3/frame00158.png 53.176411 74.972951 0.654744 0.114895 0.155981 -0.667928 0.718569

seq3/frame00159.png 54.030354 74.916956 0.683850 0.107938 0.158034 -0.688059 0.699964

seq3/frame00160.png 54.785186 74.923491 0.696110 0.168261 0.202223 -0.676956 0.687404

seq3/frame00161.png 55.291262 75.369164 0.648874 0.185959 0.247805 -0.666011 0.678558

seq3/frame00162.png 56.186510 75.481104 0.710640 0.208805 0.261666 -0.671432 0.661143

seq3/frame00163.png 56.899143 76.026482 0.694447 0.232062 0.246676 -0.658332 0.672233

seq3/frame00164.png 57.309120 76.046847 0.760027 0.215389 0.218163 -0.670106 0.675996

seq3/frame00165.png 58.056263 76.228503 0.630239 0.091950 0.141910 -0.688979 0.704780

seq3/frame00166.png 58.855757 76.308311 0.652191 0.009338 0.002512 0.717016 -0.696990

seq3/frame00167.png 59.705503 76.691346 0.695179 0.123991 0.087597 0.689801 -0.707904

seq3/frame00168.png 60.264535 76.254274 0.696715 0.204962 0.199041 0.682563 -0.672667

seq3/frame00169.png 60.108984 75.861045 0.640237 0.301686 0.297698 0.640417 -0.640490

seq3/frame00170.png 61.146501 75.817529 0.665329 0.326652 0.288385 0.628680 -0.644122

seq3/frame00171.png 60.942533 76.247013 0.720316 0.331979 0.332190 0.618894 -0.629610

seq3/frame00172.png 62.606894 75.207183 0.734139 0.339534 0.378906 0.611558 -0.605924

seq3/frame00173.png 62.976317 75.938558 0.805828 0.320369 0.304769 0.633789 -0.634658

seq3/frame00174.png 63.670146 76.245977 0.767500 0.255669 0.268476 0.653526 -0.659892

seq3/frame00175.png 64.443982 75.819391 0.759314 0.211050 0.215678 0.661389 -0.686663

seq3/frame00176.png 65.705973 76.299100 0.706945 0.144986 0.158157 0.674588 -0.706326

seq3/frame00177.png 65.982411 75.270070 0.693530 0.088044 0.173460 0.659454 -0.726141

seq3/frame00178.png 68.014692 74.330442 0.934017 0.046917 0.121142 0.679369 -0.722205

seq3/frame00179.png 67.631475 74.800375 0.714908 0.015406 0.055934 0.675751 -0.734843

seq3/frame00180.png 68.788457 74.495604 0.625119 0.039189 0.042233 -0.689638 0.721858

seq3/frame00181.png 69.235418 74.734147 0.629337 0.097691 0.088847 -0.697728 0.704087

seq3/frame00182.png 69.979338 74.715765 0.655605 0.158038 0.130615 -0.686825 0.697305

seq3/frame00183.png 70.792010 74.671351 0.675584 0.177892 0.137568 -0.688022 0.689968

seq3/frame00184.png 71.358137 74.617727 0.677551 0.143360 0.144347 -0.678014 0.706334

seq3/frame00185.png 71.799806 74.583144 0.702160 0.101249 0.093604 -0.706005 0.694653

seq3/frame00186.png 72.790836 74.039812 0.705649 0.047149 0.021225 -0.709733 0.702571

seq3/frame00187.png 73.205382 73.900895 0.727693 0.007902 0.041140 0.723103 -0.689469

seq3/frame00188.png 74.701690 72.900786 0.956223 0.080922 0.120158 0.716051 -0.682850

seq3/frame00189.png 74.400793 73.214644 0.737818 0.178721 0.205638 0.685279 -0.675400

seq3/frame00190.png 74.586027 72.756557 0.740730 0.232651 0.262636 0.663148 -0.661159

seq3/frame00191.png 74.726755 72.294551 0.750235 0.315113 0.323903 0.616624 -0.644644

seq3/frame00192.png 75.316336 72.258999 0.774483 0.362764 0.395414 0.572531 -0.619885

seq3/frame00193.png 75.079243 70.229726 0.490681 0.425653 0.440806 0.539898 -0.577079

seq3/frame00194.png 74.374876 70.339246 0.708800 0.474735 0.489616 0.495696 -0.537762

seq3/frame00195.png 74.930797 68.992830 1.057654 0.408963 0.444609 0.534339 -0.591230

seq3/frame00196.png 74.922749 68.678392 0.810503 0.343699 0.406753 0.569128 -0.626511

seq3/frame00197.png 74.928781 67.904606 0.830917 0.285933 0.337725 0.602096 -0.664579

seq3/frame00198.png 75.043867 67.258384 0.839604 0.262436 0.313601 0.607220 -0.681224

seq3/frame00199.png 75.075050 66.429553 0.795630 0.238500 0.267321 0.623173 -0.695207

seq3/frame00200.png 75.295692 65.852262 0.783658 0.223312 0.229003 0.642519 -0.696318

seq3/frame00201.png 75.207538 64.909077 0.813865 0.174191 0.211623 0.651555 -0.707353

seq3/frame00202.png 75.223687 64.088096 0.796475 0.191654 0.199934 0.658178 -0.700069

seq3/frame00203.png 75.390778 63.433389 0.796841 0.187179 0.210637 0.659080 -0.697287

seq3/frame00204.png 75.444154 62.739880 0.782104 0.189826 0.185886 0.665410 -0.697597

seq3/frame00205.png 75.754344 62.356791 0.841939 0.269906 0.236334 0.614485 -0.702642

seq3/frame00206.png 75.419062 61.535495 0.831129 0.377991 0.322316 0.579998 -0.645630

seq3/frame00207.png 74.857090 61.598296 0.660390 0.485041 0.405676 0.522754 -0.571743

seq3/frame00208.png 74.846503 60.436704 0.879375 0.547485 0.428723 0.471665 -0.542207

seq3/frame00209.png 74.877188 59.610086 0.700727 0.522130 0.423454 0.489148 -0.555698

seq3/frame00210.png 74.987962 58.593900 0.861770 0.446313 0.355802 0.538823 -0.619580

seq3/frame00211.png 75.057644 57.873944 0.817625 0.406956 0.323627 0.565844 -0.639901

seq3/frame00212.png 74.775989 57.097312 0.814582 0.415430 0.331952 0.565364 -0.630547

seq3/frame00213.png 74.885879 56.447512 0.796949 0.439234 0.363681 0.541999 -0.617290

seq3/frame00214.png 74.594098 55.384984 0.792718 0.411378 0.322358 0.562135 -0.640981

seq3/frame00215.png 75.188055 54.887060 0.767418 0.350655 0.285177 0.571784 -0.684674

seq3/frame00216.png 74.875590 53.948656 0.804209 0.307980 0.278868 0.593423 -0.689370

seq3/frame00217.png 74.922314 53.298845 0.794538 0.331896 0.290013 0.599797 -0.667818

seq3/frame00218.png 74.754630 52.700835 0.798284 0.393271 0.356611 0.572142 -0.625156

seq3/frame00219.png 74.072541 52.069117 0.848367 0.474988 0.426194 0.527389 -0.560898

seq3/frame00220.png 73.185941 51.539328 0.761203 0.571973 0.526991 0.437463 -0.451390

seq3/frame00221.png 72.443117 51.470563 0.786971 0.610782 0.558557 0.393294 -0.400348

seq3/frame00222.png 71.938103 50.881429 0.704025 0.648732 0.605212 0.338636 -0.313353

seq3/frame00223.png 71.246554 51.049772 0.621765 0.687107 0.627898 0.268645 -0.247907

seq3/frame00224.png 70.498228 50.574171 0.467167 0.701364 0.649473 0.229139 -0.183763

seq3/frame00225.png 69.690719 50.062019 1.245245 0.691000 0.653355 0.220990 -0.216355

seq3/frame00226.png 68.971598 50.238106 0.851991 0.666609 0.616846 0.296756 -0.295075

seq3/frame00227.png 68.205032 50.401988 0.782053 0.614115 0.573892 0.373443 -0.392493

seq3/frame00228.png 67.361621 50.094811 0.790069 0.533653 0.484725 0.468526 -0.510626

seq3/frame00229.png 66.865956 50.217074 0.833881 0.429663 0.401524 0.534659 -0.606883

seq3/frame00230.png 66.142586 50.235984 0.854999 0.347705 0.330227 0.592220 -0.647554

seq3/frame00231.png 65.236104 50.071557 0.869558 0.303729 0.314611 0.617973 -0.653359

seq3/frame00232.png 64.708777 50.354217 0.875103 0.244080 0.267052 0.633097 -0.684322

seq3/frame00233.png 63.903036 50.270715 0.913546 0.185770 0.232697 0.653064 -0.696311

seq3/frame00234.png 62.974351 50.054670 0.963399 0.097033 0.127400 0.676153 -0.719146

seq3/frame00235.png 63.033269 49.670446 0.961367 0.020525 0.053757 0.698201 -0.713586

seq3/frame00236.png 61.512301 49.711317 1.085120 0.086975 0.046010 -0.682315 0.724407

seq3/frame00237.png 61.048158 49.809231 1.009656 0.197832 0.139326 -0.676062 0.695982

seq3/frame00238.png 59.838250 49.503237 0.761372 0.315916 0.224265 -0.647875 0.655866

seq3/frame00239.png 59.767032 49.282407 0.811356 0.210475 0.153748 -0.669660 0.695426

seq3/frame00240.png 58.665673 48.661417 0.403049 0.077561 0.049633 -0.664918 0.741218

seq3/frame00241.png 58.228558 48.730210 0.926713 0.034257 0.059339 0.680215 -0.729804

seq3/frame00242.png 57.429918 48.654486 0.964231 0.198193 0.205306 0.644575 -0.709290

seq3/frame00243.png 56.485995 49.071780 0.919470 0.260849 0.256030 0.640733 -0.675180

seq3/frame00244.png 55.734211 48.608674 1.022795 0.300648 0.312727 0.613233 -0.660120

seq3/frame00245.png 55.502186 48.270765 0.961348 0.277651 0.303726 0.621837 -0.666318

seq3/frame00246.png 54.005639 48.733222 1.007363 0.308605 0.328475 0.603378 -0.657877

seq3/frame00247.png 52.841449 48.869773 -0.145818 0.422045 0.387794 0.557687 -0.600399

seq3/frame00248.png 52.423585 48.417431 1.317403 0.537806 0.529076 0.452663 -0.475332

seq3/frame00249.png 51.999229 49.097986 1.039323 0.619054 0.595667 0.352486 -0.371088

seq3/frame00250.png 50.987889 49.219862 1.009843 0.632429 0.626416 0.311733 -0.332353

seq3/frame00251.png 50.310707 49.118392 1.004173 0.606963 0.612963 0.350557 -0.364668

seq3/frame00252.png 49.625225 49.424056 0.896363 0.547358 0.575491 0.420618 -0.438509

seq3/frame00253.png 48.993428 49.169545 3.305569 0.418142 0.473584 0.544587 -0.551634

seq3/frame00254.png 47.789008 49.616139 1.001368 0.260568 0.289876 0.619896 -0.681033

seq3/frame00255.png 48.163572 48.879513 1.007496 0.188885 0.233517 0.626103 -0.719574

seq3/frame00256.png 47.350193 49.338858 1.124454 0.040939 0.093218 0.656790 -0.747169

seq3/frame00257.png 45.879316 49.415458 1.057564 0.144272 0.030694 -0.653360 0.742539

seq3/frame00258.png 45.112786 49.230921 1.063401 0.174423 0.090777 -0.663798 0.721601

seq3/frame00259.png 44.247259 48.539100 1.337485 0.218372 0.098236 -0.660169 0.711928

seq3/frame00260.png 43.523161 49.007024 1.100013 0.212680 0.105924 -0.656980 0.715489

seq3/frame00261.png 42.790330 48.840474 1.129494 0.188294 0.095614 -0.663131 0.718095

seq3/frame00262.png 41.991171 48.809275 1.085888 0.205094 0.099658 -0.663475 0.712605

seq3/frame00263.png 41.243806 48.654214 1.110698 0.213707 0.113534 -0.671117 0.700743

seq3/frame00264.png 40.333320 48.656150 1.074734 0.262261 0.141829 -0.661892 0.687752

seq3/frame00265.png 39.696288 48.337804 1.057266 0.229599 0.122118 -0.675578 0.689903

seq3/frame00266.png 38.749662 48.418898 1.038597 0.251226 0.124900 -0.664826 0.692309

seq3/frame00267.png 37.908201 48.194287 1.019633 0.294925 0.138958 -0.661602 0.675272

seq3/frame00268.png 37.041746 47.923636 0.994445 0.282913 0.130597 -0.654424 0.688936

seq3/frame00269.png 36.534346 47.500831 1.045749 0.342039 0.199737 -0.637614 0.660730

seq3/frame00270.png 35.804124 47.068121 1.035448 0.401376 0.272805 -0.588688 0.646468

seq3/frame00271.png 35.461914 46.366222 1.029198 0.422444 0.307893 -0.585678 0.619455

seq3/frame00272.png 34.980755 45.623868 0.991434 0.425995 0.299412 -0.587710 0.619256

seq3/frame00273.png 33.934965 45.111661 0.923945 0.467414 0.323163 -0.572772 0.590780

seq3/frame00274.png 33.652270 44.279551 0.978802 0.484222 0.331104 -0.569077 0.576238

seq3/frame00275.png 33.477086 43.512718 1.057267 0.496171 0.391373 -0.546621 0.549406

seq3/frame00276.png 33.261662 42.754217 1.118494 0.495790 0.380445 -0.542968 0.560927

seq3/frame00277.png 32.888596 42.070127 1.128648 0.496459 0.424189 -0.521921 0.548808

seq3/frame00278.png 32.769529 41.173998 1.140800 0.505317 0.405606 -0.531325 0.545740

seq3/frame00279.png 32.691609 40.402879 1.129586 0.454529 0.389237 -0.542643 0.589438

seq3/frame00280.png 32.285960 39.661851 1.134232 0.451428 0.353875 -0.563633 0.594393

seq3/frame00281.png 31.619985 38.902141 1.150599 0.507353 0.375428 -0.526646 0.569465

seq3/frame00282.png 31.642359 38.141440 1.155178 0.522749 0.402847 -0.519339 0.542895

seq3/frame00283.png 31.295044 37.400964 1.162581 0.568893 0.431633 -0.483077 0.506647

seq3/frame00284.png 31.009264 36.631964 1.205037 0.575484 0.452935 -0.460054 0.502014

seq3/frame00285.png 30.941949 35.874937 1.192417 0.613889 0.482947 -0.423288 0.459052

seq3/frame00286.png 31.042207 35.096908 1.211725 0.613823 0.492046 -0.433024 0.440002

seq3/frame00287.png 31.019611 34.294430 1.224578 0.592010 0.460516 -0.454365 0.480627

seq3/frame00288.png 30.095983 33.843155 1.231109 0.598312 0.471893 -0.445985 0.469507

seq3/frame00289.png 30.823705 32.785440 1.271919 0.607693 0.456021 -0.457017 0.462482

seq3/frame00290.png 30.425519 31.891415 1.258054 0.623451 0.486454 -0.427769 0.437819

seq3/frame00291.png 30.702267 31.204613 1.302214 0.626124 0.483392 -0.437220 0.427948

seq3/frame00292.png 30.429821 30.295355 1.256761 0.608815 0.493856 -0.447678 0.430157

seq3/frame00293.png 30.495533 29.561844 1.262313 0.615856 0.510186 -0.439623 0.408856

seq3/frame00294.png 30.276046 28.778868 1.255980 0.651164 0.551399 -0.375256 0.362115

seq3/frame00295.png 30.445701 28.020481 1.222103 0.631049 0.568035 -0.370478 0.376643

seq3/frame00296.png 30.188476 26.980609 1.235563 0.625663 0.521927 -0.391204 0.427898

seq3/frame00297.png 30.578277 26.346848 1.253874 0.603877 0.519069 -0.413531 0.441466

seq3/frame00298.png 30.368539 25.433936 1.219001 0.596837 0.490257 -0.432719 0.464961

seq3/frame00299.png 30.735513 24.836989 1.226374 0.603496 0.517780 -0.423857 0.433639

seq3/frame00300.png 29.988448 22.923907 1.076044 0.640014 0.511018 -0.405151 0.406321

seq3/frame00301.png 30.420610 23.190323 1.267782 0.642979 0.543331 -0.381652 0.381721

seq3/frame00302.png 30.759427 22.598027 1.302433 0.615000 0.483372 -0.433755 0.447194

seq3/frame00303.png 30.353612 21.451907 1.312458 0.616304 0.524687 -0.399408 0.430519

seq3/frame00304.png 30.694824 20.888409 1.307023 0.615465 0.512478 -0.421340 0.425490

seq3/frame00305.png 30.481869 20.131433 1.319180 0.618100 0.519159 -0.428835 0.405620

seq3/frame00306.png 30.661306 19.390370 1.338328 0.612405 0.513847 -0.436919 0.412339

seq3/frame00307.png 30.472159 18.591129 1.382379 0.645312 0.547267 -0.384644 0.368944

seq3/frame00308.png 30.795998 18.022113 1.394245 0.644281 0.570642 -0.366438 0.353543

seq3/frame00309.png 30.528344 17.180880 1.365997 0.678034 0.578009 -0.323020 0.319112

seq3/frame00310.png 30.998719 16.532035 1.422430 0.655970 0.582210 -0.331738 0.347398

seq3/frame00311.png 30.208827 15.204254 1.347769 0.606241 0.549137 -0.377551 0.434024

seq3/frame00312.png 30.992152 14.556402 1.971133 0.584411 0.524106 -0.418718 0.456566

seq3/frame00313.png 30.661044 14.312232 1.507117 0.647923 0.559472 -0.364335 0.366669

seq3/frame00314.png 30.192421 13.758529 1.274666 0.710368 0.628021 -0.243993 0.203554

seq3/frame00315.png 30.118059 12.476169 1.526352 0.734493 0.674999 -0.066392 0.022092

seq3/frame00316.png 30.393282 11.890523 1.408772 0.721508 0.678046 0.028839 -0.137289

seq3/frame00317.png 30.111505 11.554743 1.378360 0.683514 0.666864 0.141934 -0.260683

seq3/frame00318.png 29.961682 10.898265 1.182532 0.654120 0.653852 0.213961 -0.314366

seq3/frame00319.png 29.870715 10.141186 0.977640 0.622901 0.629396 0.271811 -0.376795

seq3/frame00320.png 29.995621 9.653415 2.595760 0.642359 0.659435 0.264093 -0.287707

seq3/frame00321.png 30.624163 9.242920 1.532632 0.681068 0.701092 0.132747 -0.164301

seq3/frame00322.png 30.500173 8.470296 1.501655 0.704104 0.707954 0.031470 -0.045259

seq3/frame00323.png 30.164930 7.636062 1.323378 0.705466 0.685760 0.104134 -0.145628

seq3/frame00324.png 29.446668 7.136814 1.128415 0.656291 0.649717 0.231849 -0.305607

seq3/frame00325.png 29.326197 6.803532 1.841051 0.632717 0.676380 0.232114 -0.297157

seq3/frame00326.png 29.245897 6.191740 1.842124 0.655249 0.668083 0.212987 -0.280981

seq3/frame00327.png 29.433116 5.973348 1.627280 0.700666 0.696787 0.054753 -0.143376

seq3/frame00328.png 30.084706 5.090354 1.309137 0.719033 0.689610 -0.085585 -0.010281

seq3/frame00329.png 30.475283 4.940893 1.518249 0.714947 0.685413 -0.118869 0.070205

seq3/frame00330.png 31.061863 4.305808 1.529979 0.718111 0.676214 -0.128509 0.102649

seq3/frame00331.png 31.606387 3.939140 1.476641 0.720263 0.672675 -0.138493 0.097721

seq3/frame00332.png 32.225411 3.525917 1.521297 0.735651 0.645993 -0.166345 0.117648

seq3/frame00333.png 32.827796 3.382396 1.487717 0.729750 0.661512 -0.138723 0.103065

seq3/frame00334.png 33.509907 2.704966 1.568323 0.731537 0.659372 -0.146787 0.092388

seq3/frame00335.png 34.350277 2.601479 1.519463 0.720641 0.677408 -0.123181 0.081368

seq3/frame00336.png 35.209362 2.258089 1.530276 0.733600 0.660016 -0.131743 0.094095

seq3/frame00337.png 35.762956 1.924333 1.495210 0.740973 0.669914 -0.045666 0.009425

seq3/frame00338.png 36.735817 1.950704 1.486497 0.732369 0.679793 -0.034321 -0.018396

seq3/frame00339.png 37.458180 1.461311 1.473094 0.728494 0.682608 -0.044803 0.036532

seq3/frame00340.png 38.541241 1.607046 1.461920 0.731021 0.658732 -0.139340 0.110747

seq3/frame00341.png 38.981050 0.906484 1.463593 0.734345 0.648301 -0.152729 0.130829

seq3/frame00342.png 39.880897 1.362036 1.402642 0.725487 0.659605 -0.140076 0.137726

seq3/frame00343.png 40.601269 0.508631 1.459653 0.728275 0.659104 -0.123093 0.141584

seq3/frame00344.png 41.376820 0.254372 1.462911 0.738272 0.660862 -0.118114 0.065302

seq3/frame00345.png 42.159127 -0.317957 1.452209 0.745578 0.657893 -0.094518 0.048545

seq3/frame00346.png 42.678724 -0.296396 1.463456 0.728274 0.683599 -0.036847 -0.030846

seq3/frame00347.png 43.588530 -0.139196 1.539869 0.733956 0.675290 0.010547 -0.071978

seq3/frame00348.png 44.965433 0.821218 1.504829 0.725003 0.676750 0.059629 -0.113243

seq3/frame00349.png 45.389697 0.356580 1.551793 0.744924 0.664583 -0.010677 -0.057474

seq3/frame00350.png 46.039403 0.102747 1.528106 0.731805 0.679493 0.018242 -0.049173

seq3/frame00351.png 47.016648 0.441467 1.525686 0.737308 0.673907 -0.025728 -0.039553

seq3/frame00352.png 47.725616 -0.291986 1.520514 0.733799 0.667765 0.058195 -0.110648

seq3/frame00353.png 48.454828 -0.194409 1.547906 0.725322 0.679463 0.047161 -0.100072

seq3/frame00354.png 49.270885 0.174177 1.452319 0.734167 0.670505 0.048509 -0.095230

seq3/frame00355.png 49.391731 0.430158 1.470944 0.740254 0.671302 -0.018485 -0.032196

seq3/frame00356.png 50.799626 0.182508 1.462290 0.741554 0.669610 -0.040988 0.006397

seq3/frame00357.png 51.581099 0.131939 1.452635 0.744611 0.663297 -0.061224 0.042934

seq3/frame00358.png 52.292458 -1.358862 1.371962 0.748002 0.662352 -0.034272 0.024658

seq3/frame00359.png 52.928604 0.070769 1.461095 0.735245 0.677629 0.007536 -0.013324

seq3/frame00360.png 53.939538 -0.936832 1.459104 0.757366 0.650598 0.004108 -0.055704

seq3/frame00361.png 54.365096 -0.897163 1.424166 0.743134 0.661235 0.040985 -0.094028

seq3/frame00362.png 55.432800 -0.410172 1.395998 0.739045 0.667988 0.028716 -0.082341

seq3/frame00363.png 56.114110 -0.505773 1.445534 0.726322 0.666199 0.090774 -0.142809

seq3/frame00364.png 56.770892 -0.536359 1.469172 0.730396 0.658025 0.099301 -0.153831

seq3/frame00365.png 57.433779 0.325391 1.418098 0.681501 0.638045 0.214696 -0.286985

seq3/frame00366.png 58.017736 -0.004747 1.488641 0.682553 0.637488 0.214318 -0.286004

seq3/frame00367.png 59.154765 0.405676 1.433634 0.684167 0.642276 0.206771 -0.276844

seq3/frame00368.png 59.894447 0.192729 1.463676 0.726855 0.648513 0.124845 -0.188486

seq3/frame00369.png 60.830198 -0.283311 1.395981 0.740853 0.651258 0.078153 -0.144541

seq3/frame00370.png 61.462490 0.184866 1.414468 0.749914 0.654950 0.024238 -0.089900

seq3/frame00371.png 62.426487 -0.734050 1.355866 0.756177 0.647727 0.030595 -0.087802

seq3/frame00372.png 63.164896 -0.668676 1.360129 0.750548 0.657937 0.014475 -0.059900

seq3/frame00373.png 64.388342 -2.056253 1.336735 0.760908 0.640000 0.062186 -0.086898

seq3/frame00374.png 64.762042 -0.843877 1.334545 0.747550 0.655190 0.057317 -0.092789

seq3/frame00375.png 65.828042 -0.785876 1.382894 0.764906 0.641802 0.026315 -0.048123

seq3/frame00376.png 65.813811 -0.509345 1.252323 0.751467 0.656276 0.032021 -0.059785

seq3/frame00377.png 67.813157 -2.265051 1.303362 0.760283 0.647020 0.008580 -0.057114

seq3/frame00378.png 67.798864 -0.358588 1.388013 0.752263 0.653140 0.034573 -0.079454

seq3/frame00379.png 68.320713 -0.552076 1.323459 0.760520 0.642178 0.040766 -0.086912

seq3/frame00380.png 69.051756 -0.508358 1.296965 0.757373 0.648199 0.042312 -0.066590

seq3/frame00381.png 70.184780 -0.190792 1.407563 0.748381 0.661706 0.002901 -0.045413

seq3/frame00382.png 70.898205 -0.111234 1.439731 0.709436 0.668585 0.117465 -0.189462

seq3/frame00383.png 71.298828 0.369546 1.405687 0.672199 0.635775 0.219477 -0.309464

seq3/frame00384.png 72.203754 0.132556 1.362587 0.654766 0.633950 0.243186 -0.332038

seq3/frame00385.png 72.935635 0.417304 1.324717 0.635747 0.612965 0.280596 -0.375986

seq3/frame00386.png 72.790763 0.355381 0.583479 0.610261 0.571491 0.335252 -0.434264

seq3/frame00387.png 74.313621 1.246414 1.304884 0.635669 0.578083 0.327460 -0.393084

seq3/frame00388.png 76.792949 -1.826630 0.606758 0.692138 0.583047 0.257271 -0.338840

seq3/frame00389.png 75.626881 2.125009 1.183976 0.731723 0.607861 0.187104 -0.245107

seq3/frame00390.png 76.864735 1.837858 1.197991 0.746528 0.625992 0.123226 -0.188801

seq3/frame00391.png 77.606229 1.899729 1.183596 0.748107 0.640065 0.097020 -0.145742

seq3/frame00392.png 78.216341 2.398923 1.151743 0.774510 0.624644 0.029445 -0.095324

seq3/frame00393.png 79.193678 2.160600 1.184127 0.757546 0.645105 0.026292 -0.096292

seq3/frame00394.png 80.081951 2.403383 1.186227 0.765087 0.639872 -0.019371 -0.069505

seq3/frame00395.png 80.953631 1.832187 1.095982 0.737872 0.667308 0.027631 -0.097373

seq3/frame00396.png 81.650884 2.053497 1.188856 0.744869 0.659395 0.027157 -0.098138

seq3/frame00397.png 82.429863 1.868261 1.089272 0.725441 0.659299 0.096794 -0.172310

seq3/frame00398.png 83.148202 2.363324 1.151829 0.733877 0.648197 0.085696 -0.184179

seq3/frame00399.png 83.639589 2.483911 1.086230 0.730068 0.645070 0.091815 -0.206046

seq3/frame00400.png 84.424909 2.895895 1.161647 0.751820 0.645117 0.022501 -0.134481

seq3/frame00401.png 85.696218 2.333215 1.082528 0.745456 0.654389 0.043491 -0.119077

seq3/frame00402.png 86.779932 2.050011 1.007932 0.740068 0.646845 0.068680 -0.170804

seq3/frame00403.png 87.453475 2.168861 1.060884 0.722381 0.648599 0.111893 -0.212048

seq3/frame00404.png 87.729509 2.524096 1.005607 0.711905 0.642460 0.148035 -0.241914

seq3/frame00405.png 90.063101 1.648849 1.123130 0.721162 0.631926 0.152104 -0.239705

seq3/frame00406.png 90.448681 2.372727 1.024033 0.708939 0.639755 0.137490 -0.263086

seq3/frame00407.png 90.524688 2.958702 1.085498 0.711867 0.636162 0.143033 -0.260932

seq3/frame00408.png 91.143262 3.171200 1.062785 0.668996 0.630938 0.221438 -0.324540

seq3/frame00409.png 91.814447 3.435382 0.991398 0.629064 0.609824 0.280849 -0.391811

seq3/frame00410.png 91.430994 2.976213 1.000818 0.600918 0.586318 0.321192 -0.438137

seq3/frame00411.png 93.345281 4.564744 0.830346 0.594999 0.573743 0.318540 -0.464033

seq3/frame00412.png 93.983638 5.180554 0.737636 0.567702 0.554302 0.370138 -0.483179

seq3/frame00413.png 93.790279 5.993715 0.722198 0.564103 0.540845 0.368386 -0.503554

seq3/frame00414.png 94.238338 6.762826 0.701605 0.534055 0.505516 0.418679 -0.532866

seq3/frame00415.png 94.394716 7.598000 0.738374 0.495498 0.477290 0.448626 -0.570448

seq3/frame00416.png 94.911001 8.541443 0.760139 0.486999 0.470324 0.456064 -0.577609

seq3/frame00417.png 94.640766 9.147959 0.767926 0.570445 0.534736 0.376108 -0.497185

seq3/frame00418.png 94.729653 9.738700 0.797370 0.608043 0.536899 0.347998 -0.470021

seq3/frame00419.png 94.414816 10.861037 0.782867 0.642501 0.574732 0.297733 -0.410160

seq3/frame00420.png 95.869781 10.833215 0.733823 0.639115 0.563458 0.311452 -0.420767

seq3/frame00421.png 95.978320 12.360509 0.617415 0.601682 0.535075 0.357103 -0.473446

seq3/frame00422.png 94.586799 12.891297 0.658682 0.568442 0.472599 0.413940 -0.531204

seq3/frame00423.png 95.228918 13.999244 0.642702 0.504809 0.444526 0.470210 -0.571373

seq3/frame00424.png 94.910007 14.636385 0.672821 0.519568 0.482743 0.454390 -0.539016

seq3/frame00425.png 94.964101 15.827755 0.686501 0.504055 0.492439 0.479819 -0.522691

seq3/frame00426.png 94.834716 16.291828 0.717829 0.538514 0.532945 0.437365 -0.484443

seq3/frame00427.png 94.762463 17.087959 0.782323 0.574375 0.606576 0.375086 -0.401833

seq3/frame00428.png 94.676449 18.165277 0.767614 0.635602 0.652221 0.284844 -0.299135

seq3/frame00429.png 94.943433 18.750686 0.355223 0.694739 0.663764 0.178453 -0.211918

seq3/frame00430.png 95.731721 19.842586 0.720577 0.722798 0.682165 0.050244 -0.098433

seq3/frame00431.png 94.765689 20.007530 0.220734 0.713954 0.696113 0.047167 -0.058915

seq3/frame00432.png 95.057959 20.750329 0.949236 0.712376 0.696367 0.059976 -0.063219

seq3/frame00433.png 95.184398 21.635312 0.771352 0.698786 0.708697 0.055465 -0.079812

seq3/frame00434.png 96.442442 22.514375 1.472914 0.701651 0.685437 0.116419 -0.155912

seq3/frame00435.png 96.269050 23.044893 1.432735 0.704132 0.673037 0.137840 -0.179497

seq3/frame00436.png 96.783358 24.116122 2.568659 0.681861 0.687271 0.163362 -0.189834

seq3/frame00437.png 96.475363 24.538194 0.966462 0.669800 0.662184 0.214838 -0.258312

seq3/frame00438.png 96.410028 25.699393 0.764349 0.655080 0.634517 0.269590 -0.309160

seq3/frame00439.png 96.281765 26.523766 0.774005 0.649316 0.637139 0.266344 -0.318596

seq3/frame00440.png 96.453978 27.143912 0.755378 0.615991 0.606374 0.321192 -0.386913

seq3/frame00441.png 96.322792 27.975855 0.772197 0.659057 0.612421 0.282092 -0.333180

seq3/frame00442.png 96.195158 28.180075 0.032278 0.687523 0.639785 0.220977 -0.262976

seq3/frame00443.png 96.225756 29.400853 -0.120291 0.725512 0.662503 0.119912 -0.142630

seq3/frame00444.png 96.340690 30.186135 0.618229 0.726359 0.675599 0.073265 -0.102958

seq3/frame00445.png 96.329962 30.905331 1.215467 0.711257 0.675345 0.103200 -0.165446

seq3/frame00446.png 96.765005 31.690004 1.423156 0.671190 0.651353 0.217686 -0.279026

seq3/frame00447.png 96.643378 32.514918 0.721475 0.606920 0.594751 0.345200 -0.398441

seq3/frame00448.png 96.250261 33.131788 0.636571 0.535619 0.541180 0.416742 -0.496550

seq3/frame00449.png 96.041555 33.898341 0.597217 0.513872 0.499861 0.464358 -0.520045

seq3/frame00450.png 95.693550 34.895277 0.594304 0.412887 0.421129 0.527964 -0.611088

seq3/frame00451.png 95.162523 35.055662 0.667934 0.380740 0.363561 0.554926 -0.644141

seq3/frame00452.png 95.223917 35.273244 0.614350 0.347595 0.302454 0.571422 -0.679100

seq3/frame00453.png 95.317165 36.085835 0.062942 0.274618 0.261327 0.604030 -0.701028

seq3/frame00454.png 95.277370 37.142277 0.529000 0.250035 0.241865 0.581959 -0.735056

seq3/frame00455.png 95.424179 37.584713 1.514231 0.256109 0.245521 0.597636 -0.718999

seq3/frame00456.png 95.146303 38.173917 1.051802 0.298538 0.262693 0.572947 -0.716658

seq3/frame00457.png 95.105139 39.229911 1.255643 0.301808 0.255448 0.581446 -0.711041

seq3/frame00458.png 94.681759 40.374755 0.739042 0.336724 0.295149 0.535968 -0.715711

seq3/frame00459.png 94.562751 40.382541 0.342497 0.280386 0.260501 0.572476 -0.725117

seq3/frame00460.png 93.980409 41.469515 1.151629 0.229949 0.224527 0.630288 -0.706716

seq3/frame00461.png 93.958595 41.838982 -0.441004 0.132726 0.150622 0.647777 -0.734903

seq3/frame00462.png 93.053125 42.787804 2.065556 0.190265 0.173499 0.651479 -0.713633

seq3/frame00463.png 92.509434 43.478179 0.759528 0.342660 0.301310 0.579496 -0.675263

seq3/frame00464.png 92.237829 43.613187 0.599152 0.379070 0.345376 0.557066 -0.653222

seq3/frame00465.png 91.433170 44.030753 0.578609 0.457793 0.411656 0.514516 -0.596857

seq3/frame00466.png 90.486586 44.129665 0.583199 0.549261 0.486551 0.445213 -0.513191

seq3/frame00467.png 89.508750 44.554129 0.587214 0.607399 0.571638 0.355981 -0.421395

seq3/frame00468.png 88.789219 45.149315 0.654165 0.615491 0.595612 0.354631 -0.375038

seq3/frame00469.png 88.192370 45.215790 0.738341 0.586837 0.602775 0.373932 -0.390461

seq3/frame00470.png 87.630292 46.091777 0.806547 0.549531 0.558203 0.416249 -0.461696

seq3/frame00471.png 86.731827 46.383359 0.774417 0.547940 0.552611 0.416919 -0.469641

seq3/frame00472.png 86.096021 46.707045 0.772419 0.496029 0.499620 0.468782 -0.533459

seq3/frame00473.png 84.979008 46.982992 0.778249 0.497770 0.500247 0.473337 -0.527191

seq3/frame00474.png 84.563371 47.447446 0.763046 0.484829 0.479271 0.480251 -0.551905

seq3/frame00475.png 83.312556 47.486418 0.760630 0.483915 0.487468 0.485002 -0.541271

seq3/frame00476.png 82.963130 47.845247 0.766490 0.490315 0.476515 0.476241 -0.552919

seq3/frame00477.png 82.153183 47.783214 0.763994 0.446329 0.457502 0.505959 -0.579213

seq3/frame00478.png 81.543905 48.014906 0.770831 0.417568 0.424593 0.527457 -0.605926

seq3/frame00479.png 81.045440 48.050526 0.763470 0.347638 0.354711 0.582633 -0.643324

seq3/frame00480.png 80.381683 47.868998 0.828948 0.290708 0.306523 0.600184 -0.679199

seq3/frame00481.png 79.967517 46.778435 0.353464 0.170609 0.202760 0.644730 -0.717010

seq3/frame00482.png 79.302597 46.780082 0.732991 0.123879 0.161559 0.653762 -0.728799

seq3/frame00483.png 78.299160 46.892986 0.444384 0.010687 0.058125 0.664234 -0.745185

seq3/frame00484.png 78.258148 46.030930 1.370656 0.001921 -0.033329 -0.674538 0.737485

seq3/frame00485.png 77.524076 45.774745 0.726437 0.003756 0.012770 0.686644 -0.726872

seq3/frame00486.png 76.898514 44.892407 0.889844 0.037796 0.036008 0.679540 -0.731779

seq3/frame00487.png 76.399882 44.154451 0.761665 0.002777 -0.002946 -0.671137 0.741322

seq3/frame00488.png 76.678937 43.411799 0.894269 0.002166 -0.010420 0.667607 -0.744438

seq3/frame00489.png 76.289861 42.755509 0.949669 0.029997 0.025745 -0.637549 0.769395

seq3/frame00490.png 76.720118 42.329746 0.864691 0.140575 0.109446 -0.634675 0.751963

seq3/frame00491.png 76.900960 41.573086 0.852079 0.142888 0.100103 -0.636706 0.751111

seq3/frame00492.png 78.005809 40.970656 1.184374 0.019533 0.020507 -0.655323 0.754817

seq3/frame00493.png 77.589031 40.097944 1.551769 0.070723 0.055397 0.672426 -0.734693

seq3/frame00494.png 77.325169 39.401709 1.228265 0.115103 0.093927 0.669051 -0.728217

seq3/frame00495.png 77.909320 38.491553 1.241420 0.140084 0.131299 0.671238 -0.715945

seq3/frame00496.png 78.247772 37.494530 1.195285 0.152313 0.150340 0.668188 -0.712548

seq3/frame00497.png 77.986628 37.268338 1.213739 0.170070 0.155893 0.676592 -0.699283

seq3/frame00498.png 78.408794 35.968936 0.708971 0.124888 0.147370 0.662562 -0.723669

seq3/frame00499.png 78.028070 35.834708 1.740826 0.218355 0.212613 0.654748 -0.691680

seq3/frame00500.png 77.718118 34.679448 1.084290 0.275436 0.266341 0.623553 -0.681454

seq3/frame00501.png 77.607380 34.344958 1.013070 0.337449 0.318436 0.591574 -0.659369

seq3/frame00502.png 77.135245 33.336450 0.997584 0.394802 0.362535 0.573913 -0.619132

seq3/frame00503.png 76.750833 33.743035 0.959368 0.427382 0.389134 0.561164 -0.592465

seq3/frame00504.png 76.234904 32.169667 0.966528 0.438865 0.397081 0.561013 -0.578782

seq3/frame00505.png 76.049252 31.282682 1.056480 0.394226 0.353769 0.565969 -0.631754

seq3/frame00506.png 75.680611 30.396646 0.675917 0.313773 0.284082 0.601695 -0.677353

seq3/frame00507.png 75.815792 29.455263 0.796236 0.202530 0.189187 0.615777 -0.737569

seq3/frame00508.png 75.329705 29.158522 0.860929 0.155836 0.153571 0.613982 -0.758391

seq3/frame00509.png 75.114177 28.600159 0.914780 0.052715 0.051987 0.634460 -0.769401

seq3/frame00510.png 75.060180 27.832450 0.990096 0.035742 0.024451 0.649923 -0.758765

seq3/frame00511.png 74.784900 27.221146 1.175756 0.039412 0.030174 -0.653305 0.755466

seq3/frame00512.png 75.052482 26.496481 0.932262 0.063997 0.074801 -0.653189 0.750769

seq3/frame00513.png 75.062450 25.883117 1.169457 0.128316 0.124625 -0.653081 0.735859

seq3/frame00514.png 75.350282 25.199836 1.524653 0.019198 0.002736 0.664827 -0.746746

seq3/frame00515.png 75.149160 24.469423 2.402002 0.234834 0.204191 0.660259 -0.683533

seq3/frame00516.png 75.337017 24.356977 1.134493 0.423716 0.402633 0.536879 -0.608368

seq3/frame00517.png 75.522550 23.299459 1.072776 0.512704 0.463544 0.471187 -0.547946

seq3/frame00518.png 75.018935 21.059314 1.466007 0.560214 0.513949 0.447774 -0.470655

seq3/frame00519.png 74.923019 21.233271 1.099190 0.594488 0.566634 0.400567 -0.406270

seq3/frame00520.png 73.857692 19.316151 1.427518 0.612129 0.540892 0.404282 -0.411449

seq3/frame00521.png 74.589405 19.766576 1.124951 0.615540 0.552878 0.391126 -0.403060

seq3/frame00522.png 73.890235 18.462298 1.258537 0.635110 0.572894 0.340100 -0.390845

seq3/frame00523.png 74.175688 18.340837 1.194032 0.649021 0.590264 0.308684 -0.367525

seq3/frame00524.png 74.035828 17.581882 1.149445 0.634623 0.557518 0.342384 -0.411339

seq3/frame00525.png 73.925604 16.660789 0.927065 0.595497 0.523220 0.391042 -0.467666

seq3/frame00526.png 73.764204 16.668029 0.996242 0.490760 0.455870 0.484405 -0.562751

seq3/frame00527.png 73.921884 15.964494 1.039249 0.483576 0.437832 0.507061 -0.563335

seq3/frame00528.png 73.469446 14.907796 1.113666 0.501767 0.473264 0.485612 -0.537059

seq3/frame00529.png 73.843841 14.224168 1.067418 0.534241 0.480168 0.446623 -0.533435

seq3/frame00530.png 72.780218 12.028600 1.291250 0.572292 0.530821 0.396298 -0.483383

seq3/frame00531.png 73.234580 11.793774 1.052601 0.678886 0.600385 0.274320 -0.321558

seq3/frame00532.png 73.139878 11.074462 1.121641 0.705159 0.615125 0.239429 -0.258934

seq3/frame00533.png 72.944966 9.957315 1.125160 0.747066 0.597757 0.186301 -0.223317

seq3/frame00534.png 72.894973 9.462629 1.157084 0.734252 0.629668 0.164311 -0.193376

seq3/frame00535.png 72.397086 8.752099 1.207743 0.739303 0.640362 0.118452 -0.171281

seq3/frame00536.png 72.640605 7.657552 1.211936 0.738050 0.644518 0.119167 -0.160243

seq3/frame00537.png 72.077523 6.988054 1.246232 0.739659 0.655822 0.083224 -0.125995

seq3/frame00538.png 72.094070 6.302664 1.233355 0.739485 0.651067 0.113688 -0.127860

seq3/frame00539.png 71.924625 5.251801 1.208555 0.741573 0.648707 0.102718 -0.136741

seq3/frame00540.png 71.677132 4.417279 1.124798 0.737821 0.674280 0.001650 -0.031065

seq3/frame00541.png 71.203352 4.939708 1.017750 0.737699 0.666853 -0.079103 0.069649

seq3/frame00542.png 69.993065 4.366567 0.765583 0.687079 0.640749 -0.217066 0.265038

seq3/frame00543.png 69.207966 4.037819 1.607017 0.689361 0.620344 -0.259077 0.269877

seq3/frame00544.png 68.250135 3.909280 0.745550 0.729620 0.584111 -0.234532 0.267325

seq3/frame00545.png 67.700942 3.786185 1.845136 0.705399 0.600208 -0.263283 0.269898

seq3/frame00546.png 66.987789 3.799635 1.437106 0.721935 0.591374 -0.247860 0.260101

seq3/frame00547.png 66.429210 3.781164 1.189654 0.703667 0.581284 -0.271489 0.305379

seq3/frame00548.png 65.291979 3.892508 1.627638 0.673355 0.586756 -0.307860 0.327921

seq3/frame00549.png 64.265782 3.691734 2.559785 0.658874 0.606472 -0.315727 0.313677

seq3/frame00550.png 63.426972 3.856057 1.361226 0.694244 0.617512 -0.259533 0.263337

seq3/frame00551.png 63.075361 3.814419 1.670108 0.671275 0.624489 -0.274966 0.289476

seq3/frame00552.png 62.325355 3.681678 1.282885 0.694733 0.606359 -0.262204 0.284472

seq3/frame00553.png 61.144264 3.777404 0.446923 0.663189 0.592229 -0.292402 0.352061

seq3/frame00554.png 60.681231 3.772581 1.459654 0.643441 0.596471 -0.324934 0.353021

seq3/frame00555.png 59.365373 3.734359 1.394781 0.640635 0.580296 -0.321773 0.386400

seq3/frame00556.png 58.498459 3.696102 2.532696 0.660824 0.632776 -0.290265 0.280449

seq3/frame00557.png 57.397124 3.468756 1.079525 0.695518 0.622786 -0.244088 0.262325

seq3/frame00558.png 56.995446 3.818514 1.215906 0.700715 0.649410 -0.218130 0.199209

seq3/frame00559.png 56.021212 3.777635 1.241972 0.713930 0.623419 -0.229097 0.221738

seq3/frame00560.png 55.454775 3.506601 1.310496 0.731891 0.639969 -0.173101 0.157515

seq3/frame00561.png 54.895817 3.716365 1.277318 0.735961 0.656211 -0.130818 0.103128

seq3/frame00562.png 53.919673 3.630652 1.230219 0.735170 0.666602 -0.103773 0.066323

seq3/frame00563.png 52.989395 3.766088 1.293313 0.745648 0.664711 0.013781 -0.044486

seq3/frame00564.png 52.177110 3.316219 1.328078 0.744767 0.656925 0.059243 -0.101303

seq3/frame00565.png 51.548723 3.886721 1.314404 0.736979 0.646697 0.110460 -0.162613

seq3/frame00566.png 50.615354 3.123731 1.313206 0.747697 0.658050 0.056555 -0.068702

seq3/frame00567.png 49.778617 3.609466 1.352955 0.744632 0.667386 -0.008666 0.006658

seq3/frame00568.png 49.098505 3.368087 1.281223 0.732788 0.673518 -0.058311 0.077428

seq3/frame00569.png 48.265846 3.900617 1.303069 0.710290 0.695608 -0.072723 0.079557

seq3/frame00570.png 47.188985 3.250896 1.361329 0.730335 0.664375 -0.123188 0.100206

seq3/frame00571.png 46.359401 3.779987 1.297664 0.734591 0.654737 -0.138569 0.111772

seq3/frame00572.png 45.545361 3.248120 1.287954 0.736005 0.638154 -0.139342 0.177876

seq3/frame00573.png 45.103841 3.656756 1.426072 0.728178 0.627930 -0.205756 0.182004

seq3/frame00574.png 44.307065 4.485138 1.403911 0.711534 0.620633 -0.225419 0.240251

seq3/frame00575.png 43.261734 4.244780 1.407118 0.712093 0.655446 -0.168661 0.186731

seq3/frame00576.png 42.535587 3.989256 1.476357 0.739976 0.672104 -0.026154 0.005282

seq3/frame00577.png 41.569411 3.845669 1.451057 0.741171 0.668511 0.013494 -0.059810

seq3/frame00578.png 41.184047 4.396662 1.389589 0.744310 0.665502 0.007389 -0.055270

seq3/frame00579.png 40.321849 3.857145 1.437763 0.754708 0.646778 -0.076650 0.078857

seq3/frame00580.png 39.771087 4.244753 1.383798 0.741622 0.657010 -0.116211 0.069494

seq3/frame00581.png 38.475464 3.677975 1.389038 0.745385 0.637776 -0.143414 0.130672

seq3/frame00582.png 37.836664 4.110678 1.403535 0.741950 0.626284 -0.187725 0.148452

seq3/frame00583.png 37.323173 4.379183 1.471253 0.727158 0.607301 -0.230177 0.222361

seq3/frame00584.png 36.475986 4.481205 1.471941 0.710583 0.625649 -0.230712 0.224512

seq3/frame00585.png 35.884877 4.838621 1.505107 0.708239 0.616690 -0.236696 0.249130

seq3/frame00586.png 34.878137 4.618609 1.502758 0.731797 0.618206 -0.199184 0.206447

seq3/frame00587.png 34.236637 5.001225 1.554453 0.730269 0.637970 -0.190267 0.153295

seq3/frame00588.png 33.354211 4.927724 1.457307 0.714228 0.644509 -0.194218 0.191744

seq3/frame00589.png 33.026236 5.398487 1.464145 0.666520 0.654275 -0.257964 0.247244

seq3/frame00590.png 32.622271 5.857352 1.465172 0.629751 0.656354 -0.303098 0.284157

seq3/frame00591.png 31.748640 5.671481 1.522608 0.675107 0.631421 -0.273916 0.265533

