seq5/frame00001.png 54.628790 0.339174 1.452350 0.723934 0.688749 0.026008 -0.029445

seq5/frame00002.png 54.650606 0.064587 1.427809 0.723975 0.688676 0.027184 -0.029100

seq5/frame00003.png 54.676530 -0.079872 1.412251 0.724062 0.688554 0.028454 -0.028598

seq5/frame00004.png 54.425473 0.271653 1.421061 0.729328 0.682865 0.032504 -0.026824

seq5/frame00005.png 53.986350 0.540818 1.451318 0.726529 0.685533 0.025469 -0.039378

seq5/frame00006.png 53.265990 0.628514 1.443359 0.735629 0.676755 0.016401 -0.024183

seq5/frame00007.png 53.043588 0.591934 1.442204 0.726180 0.686966 -0.016104 0.021921

seq5/frame00008.png 52.275582 1.163841 1.430445 0.728427 0.682173 -0.042006 0.047638

seq5/frame00009.png 51.575309 1.526195 1.494822 0.725297 0.675167 -0.097146 0.093042

seq5/frame00010.png 50.953462 1.966791 1.426621 0.704814 0.665468 -0.182402 0.164679

seq5/frame00011.png 50.374091 2.068143 1.457325 0.709189 0.652696 -0.175767 0.200362

seq5/frame00012.png 49.563169 2.146313 1.391919 0.697141 0.662577 -0.177098 0.208858

seq5/frame00013.png 49.078873 2.682536 1.420742 0.723170 0.649003 -0.166272 0.167849

seq5/frame00014.png 48.315128 2.927822 1.391701 0.732165 0.649876 -0.135778 0.152184

seq5/frame00015.png 47.294983 3.237312 1.359499 0.740860 0.664477 -0.057497 0.079315

seq5/frame00016.png 46.953006 3.518485 1.376861 0.723952 0.685545 -0.051426 0.057250

seq5/frame00017.png 45.962726 3.612550 1.311644 0.720083 0.693678 -0.015160 0.007864

seq5/frame00018.png 45.238984 3.564071 1.326199 0.710683 0.701991 -0.003568 0.046113

seq5/frame00019.png 44.649096 4.271748 1.384674 0.721036 0.692694 -0.016714 -0.001648

seq5/frame00020.png 44.006519 4.056697 1.327043 0.727872 0.685677 -0.003214 -0.006281

seq5/frame00021.png 43.380087 4.348550 1.353429 0.728018 0.684201 -0.002647 -0.043035

seq5/frame00022.png 42.251619 4.325391 1.347170 0.735618 0.675870 0.005441 -0.045126

seq5/frame00023.png 41.748884 4.415035 1.353374 0.719181 0.694731 -0.011144 -0.001829

seq5/frame00024.png 41.086726 5.028131 1.393367 0.719564 0.694299 -0.013095 -0.002237

seq5/frame00025.png 40.331041 5.207009 1.378842 0.734873 0.677868 -0.018797 -0.010144

seq5/frame00026.png 39.247137 4.934199 1.379173 0.729825 0.683294 -0.000779 -0.021536

seq5/frame00027.png 38.358559 4.975376 1.457586 0.723002 0.686524 -0.066703 0.038772

seq5/frame00028.png 37.903240 4.911141 1.423680 0.709512 0.683077 -0.127709 0.116999

seq5/frame00029.png 37.452718 5.422259 1.396304 0.673488 0.676145 -0.213135 0.209324

seq5/frame00030.png 36.869297 5.371636 1.357936 0.665258 0.645957 -0.268162 0.261267

seq5/frame00031.png 36.208614 5.445619 1.473407 0.664746 0.652480 -0.255373 0.259166

seq5/frame00032.png 35.657378 5.687317 1.453667 0.671977 0.641075 -0.268187 0.256020

seq5/frame00033.png 34.867768 5.602234 1.486802 0.665356 0.652616 -0.261136 0.251400

seq5/frame00034.png 34.255246 5.831929 1.470805 0.669846 0.631646 -0.279671 0.272237

seq5/frame00035.png 33.495869 5.886955 1.482190 0.668774 0.633430 -0.269322 0.281021

seq5/frame00036.png 33.438423 6.739332 1.459070 0.669526 0.624308 -0.291315 0.277687

seq5/frame00037.png 32.741031 6.980890 1.458842 0.668328 0.639453 -0.261228 0.276038

seq5/frame00038.png 32.645086 7.783089 1.447131 0.644081 0.625179 -0.315936 0.307401

seq5/frame00039.png 32.477035 8.413032 1.440369 0.646040 0.604697 -0.322297 0.336301

seq5/frame00040.png 32.128699 8.741507 1.463792 0.616949 0.597370 -0.363582 0.361014

seq5/frame00041.png 32.157892 9.465013 1.423343 0.658720 0.634794 -0.279501 0.291555

seq5/frame00042.png 32.071418 10.276030 1.425632 0.672154 0.662578 -0.231442 0.235868

seq5/frame00043.png 31.866532 10.761580 1.416153 0.695496 0.668333 -0.175275 0.197219

seq5/frame00044.png 31.891667 11.561560 1.429187 0.691466 0.658282 -0.211848 0.208950

seq5/frame00045.png 31.759142 12.308996 1.409167 0.694321 0.667012 -0.194820 0.187237

seq5/frame00046.png 31.565795 12.920953 1.425697 0.697421 0.656458 -0.210044 0.196338

seq5/frame00047.png 31.456705 13.934816 1.431204 0.686619 0.643378 -0.245625 0.232994

seq5/frame00048.png 30.994510 14.598354 1.431246 0.677705 0.609073 -0.304032 0.278047

seq5/frame00049.png 30.463044 15.063356 1.312505 0.640248 0.610309 -0.342174 0.317053

seq5/frame00050.png 30.297537 15.806597 1.407018 0.622023 0.588012 -0.364674 0.366528

seq5/frame00051.png 30.144087 16.481984 1.342704 0.583277 0.561507 -0.423739 0.406132

seq5/frame00052.png 29.507390 18.184528 0.037864 0.573902 0.549359 -0.427110 0.431762

seq5/frame00053.png 29.197192 17.817501 1.250978 0.567469 0.527369 -0.456250 0.437831

seq5/frame00054.png 29.100460 18.175706 1.167389 0.548104 0.498140 -0.472902 0.477285

seq5/frame00055.png 28.585921 19.048765 1.242542 0.519895 0.490357 -0.485777 0.503269

seq5/frame00056.png 28.908024 19.612167 1.234225 0.566371 0.527105 -0.426894 0.468130

seq5/frame00057.png 28.701576 20.362618 1.254071 0.582847 0.549096 -0.422270 0.424819

seq5/frame00058.png 28.430042 20.929407 1.306095 0.608771 0.577008 -0.376881 0.392963

seq5/frame00059.png 28.364364 21.863491 1.262303 0.613147 0.603419 -0.360072 0.360950

seq5/frame00060.png 28.447152 22.558442 1.283604 0.623178 0.578186 -0.370365 0.374406

seq5/frame00061.png 28.379210 23.395967 1.255948 0.615638 0.575208 -0.378719 0.383012

seq5/frame00062.png 28.483711 24.081751 1.241094 0.597390 0.575220 -0.400989 0.389172

seq5/frame00063.png 28.176684 24.713689 1.261693 0.589535 0.574177 -0.396780 0.406613

seq5/frame00064.png 28.726841 25.814156 1.134578 0.591065 0.551178 -0.422271 0.410525

seq5/frame00065.png 28.599790 26.411832 1.151268 0.574069 0.566549 -0.419474 0.416543

seq5/frame00066.png 28.870702 27.176538 1.135041 0.565059 0.553972 -0.433892 0.430768

seq5/frame00067.png 28.562886 27.850651 1.151578 0.617156 0.587466 -0.358104 0.381790

seq5/frame00068.png 28.500190 28.418849 1.134805 0.651241 0.630259 -0.296736 0.301008

seq5/frame00069.png 28.661875 29.147028 1.186598 0.665864 0.658845 -0.241275 0.253641

seq5/frame00070.png 28.543727 30.099367 1.163899 0.675264 0.676479 -0.207600 0.208078

seq5/frame00071.png 28.840841 30.589372 0.926627 0.693070 0.693934 -0.128710 0.146777

seq5/frame00072.png 27.454067 31.211859 0.918823 0.693847 0.716313 -0.057424 0.046635

seq5/frame00073.png 28.379117 31.912654 1.110122 0.700142 0.712572 0.038049 -0.024376

seq5/frame00074.png 27.899334 32.631747 1.126117 0.692660 0.711770 0.090879 -0.073118

seq5/frame00075.png 27.599748 33.428345 0.951079 0.699103 0.714205 0.016611 -0.029840

seq5/frame00076.png 26.705340 33.914166 2.029572 0.693793 0.716441 -0.052535 0.051029

seq5/frame00077.png 27.321087 34.476823 1.949180 0.680099 0.692673 -0.177004 0.162296

seq5/frame00078.png 27.732296 34.926594 1.329762 0.653704 0.646322 -0.284331 0.272203

seq5/frame00079.png 27.363726 36.178703 1.023980 0.608205 0.610303 -0.384591 0.331220

seq5/frame00080.png 27.754769 36.924986 1.046580 0.583017 0.583964 -0.383770 0.414485

seq5/frame00081.png 27.754418 37.604464 1.072395 0.612377 0.610111 -0.353475 0.357510

seq5/frame00082.png 27.483498 38.893959 0.872436 0.664398 0.642134 -0.260187 0.280254

seq5/frame00083.png 27.668727 39.582538 1.171846 0.695589 0.652861 -0.211326 0.212767

seq5/frame00084.png 27.624605 39.930721 0.783129 0.707197 0.677108 -0.144547 0.143190

seq5/frame00085.png 27.772708 40.429746 1.355514 0.702058 0.692354 -0.128080 0.106563

seq5/frame00086.png 28.113866 41.056599 1.202190 0.717065 0.692695 -0.063794 0.043840

seq5/frame00087.png 28.575249 41.093986 1.762974 0.707219 0.700774 0.040456 -0.084384

seq5/frame00088.png 29.572092 42.045359 1.079895 0.672610 0.671714 0.210980 -0.227778

seq5/frame00089.png 29.218025 42.532388 1.216303 0.654780 0.680819 0.215172 -0.247893

seq5/frame00090.png 29.763375 43.138977 1.161532 0.680595 0.650571 0.223751 -0.251960

seq5/frame00091.png 30.463925 44.657562 1.158865 0.701744 0.688590 0.128571 -0.129875

seq5/frame00092.png 30.447687 44.929344 1.051399 0.727734 0.684707 -0.036227 0.016343

seq5/frame00093.png 30.374662 45.543089 1.665719 0.710786 0.682206 -0.122320 0.120068

seq5/frame00094.png 30.390608 46.148148 1.490458 0.699027 0.649244 -0.209697 0.214176

seq5/frame00095.png 30.059027 46.951400 1.615305 0.662481 0.617025 -0.290969 0.309414

seq5/frame00096.png 29.933855 47.593418 1.186453 0.614330 0.587657 -0.372646 0.372012

seq5/frame00097.png 30.306555 48.624035 1.099375 0.595249 0.567644 -0.383794 0.419716

seq5/frame00098.png 30.236240 49.631819 1.122075 0.571017 0.557276 -0.414536 0.437656

seq5/frame00099.png 30.323652 49.564383 1.143214 0.556230 0.527534 -0.434487 0.472797

seq5/frame00100.png 30.457772 50.606725 1.081712 0.481936 0.474937 -0.511831 0.529340

seq5/frame00101.png 30.822671 51.183948 1.101119 0.437983 0.407963 -0.535479 0.595818

seq5/frame00102.png 30.946716 51.934758 1.079270 0.390783 0.397179 -0.567044 0.606629

seq5/frame00103.png 31.355635 52.467825 1.118006 0.386189 0.342158 -0.602435 0.608981

seq5/frame00104.png 31.424788 53.288874 1.101177 0.324172 0.333681 -0.601987 0.648984

seq5/frame00105.png 31.896319 53.738379 1.061325 0.342632 0.330151 -0.600115 0.643013

seq5/frame00106.png 31.921522 54.588282 1.053753 0.329642 0.331274 -0.598841 0.650371

seq5/frame00107.png 31.999260 55.303886 0.999761 0.328734 0.320032 -0.602521 0.653056

seq5/frame00108.png 31.699230 56.460420 1.054262 0.339417 0.313423 -0.601926 0.651342

seq5/frame00109.png 32.290490 56.868882 0.924473 0.353003 0.294908 -0.602197 0.652516

seq5/frame00110.png 32.043130 57.715959 0.939880 0.354612 0.289516 -0.600449 0.655661

seq5/frame00111.png 32.219332 58.264411 0.981790 0.349080 0.294204 -0.594544 0.661894

seq5/frame00112.png 31.694613 59.412366 0.922264 0.385657 0.341662 -0.559417 0.649298

seq5/frame00113.png 32.026503 60.926476 0.563219 0.448195 0.426641 -0.532913 0.577150

seq5/frame00114.png 31.323533 60.753663 0.927777 0.486583 0.465864 -0.503497 0.541016

seq5/frame00115.png 31.212331 61.509091 0.924799 0.491256 0.468373 -0.512605 0.525861

seq5/frame00116.png 31.198024 62.431236 0.857947 0.505616 0.477411 -0.495094 0.520878

seq5/frame00117.png 31.029588 63.048628 0.852391 0.499472 0.481779 -0.506743 0.511496

seq5/frame00118.png 31.384404 63.827435 0.915875 0.487504 0.441736 -0.516383 0.548232

seq5/frame00119.png 31.141096 64.282379 1.035874 0.429530 0.405586 -0.559168 0.581665

seq5/frame00120.png 31.380182 64.927031 0.928584 0.413176 0.393594 -0.581331 0.580020

seq5/frame00121.png 31.342556 65.605881 0.908545 0.350775 0.339456 -0.603462 0.630523

seq5/frame00122.png 31.510629 66.032483 0.926627 0.293243 0.271467 -0.624721 0.670848

seq5/frame00123.png 31.478490 66.912910 0.921421 0.228999 0.231890 -0.650946 0.685606

seq5/frame00124.png 31.784883 67.471980 0.889644 0.219027 0.201385 -0.655747 0.693878

seq5/frame00125.png 31.997833 68.125588 0.840666 0.283363 0.239317 -0.636392 0.676341

seq5/frame00126.png 32.277460 68.739835 0.840653 0.306518 0.271452 -0.627384 0.662382

seq5/frame00127.png 32.418620 69.531477 0.808586 0.326373 0.292201 -0.599597 0.669763

seq5/frame00128.png 32.583584 70.319266 0.801994 0.280596 0.256048 -0.618214 0.688126

seq5/frame00129.png 33.050330 70.710230 0.859834 0.246021 0.184661 -0.638510 0.705464

seq5/frame00130.png 33.392013 71.289809 0.885098 0.187529 0.146570 -0.646475 0.724859

seq5/frame00131.png 34.068287 71.512373 0.856490 0.184252 0.160029 -0.652323 0.717577

seq5/frame00132.png 34.406043 72.083800 0.840518 0.181746 0.144370 -0.672152 0.703091

seq5/frame00133.png 34.557136 72.601385 0.906536 0.092230 0.071664 -0.684493 0.719602

seq5/frame00134.png 35.137082 73.139333 0.826439 0.034555 0.030540 -0.691493 0.720910

seq5/frame00135.png 35.223995 73.257918 0.819611 0.009557 0.027030 0.672464 -0.739575

seq5/frame00136.png 35.440717 73.391146 0.798476 0.051272 0.053098 0.676414 -0.732814

seq5/frame00137.png 36.601243 73.945459 0.694396 0.008803 0.000768 -0.709173 0.704979

seq5/frame00138.png 37.439941 74.207688 0.794687 0.076085 0.064634 -0.713512 0.693494

seq5/frame00139.png 38.121299 74.394723 0.729015 0.131628 0.128335 -0.694440 0.695670

seq5/frame00140.png 39.076376 73.897938 0.701102 0.180926 0.189849 -0.663933 0.700298

seq5/frame00141.png 39.491689 74.322699 0.789668 0.217736 0.202099 -0.671243 0.679102

seq5/frame00142.png 41.149881 74.545553 0.721314 0.235621 0.239804 -0.659916 0.671928

seq5/frame00143.png 40.807847 74.315863 0.722645 0.234036 0.230958 -0.669153 0.666423

seq5/frame00144.png 41.500712 74.082573 0.733957 0.201100 0.224236 -0.665779 0.682653

seq5/frame00145.png 42.125095 74.170561 0.763793 0.195838 0.200746 -0.675437 0.682007

seq5/frame00146.png 42.892378 74.150765 0.714543 0.189208 0.188313 -0.677232 0.685635

seq5/frame00147.png 43.437170 73.930117 0.736842 0.180210 0.172216 -0.669013 0.700206

seq5/frame00148.png 43.987244 73.776432 0.658005 0.181069 0.157378 -0.676935 0.695849

seq5/frame00149.png 45.196679 73.687212 0.730264 0.173790 0.134252 -0.664809 0.714004

seq5/frame00150.png 45.815584 74.169566 0.680005 0.153110 0.098901 -0.677383 0.712691

seq5/frame00151.png 46.508197 73.729257 0.761507 0.168485 0.134841 -0.663978 0.715936

seq5/frame00152.png 47.070779 74.320798 0.688424 0.145929 0.106298 -0.667983 0.721945

seq5/frame00153.png 47.841727 74.401119 0.653311 0.138720 0.109353 -0.659099 0.731018

seq5/frame00154.png 48.591174 74.413001 0.666490 0.128833 0.105992 -0.675608 0.718138

seq5/frame00155.png 49.285818 74.612214 0.717012 0.129982 0.092489 -0.670174 0.724857

seq5/frame00156.png 49.969596 74.834167 0.697084 0.073727 0.063866 -0.670238 0.735709

seq5/frame00157.png 50.526341 74.997229 0.739114 0.125399 0.113161 -0.676920 0.716414

seq5/frame00158.png 51.171825 75.219424 0.748565 0.165002 0.152201 -0.675725 0.702143

seq5/frame00159.png 54.255812 75.571410 0.383154 0.237187 0.196647 -0.650285 0.694407

seq5/frame00160.png 52.171908 75.858220 -0.120488 0.302858 0.288004 -0.625312 0.659027

seq5/frame00161.png 53.231498 75.854651 0.902659 0.317795 0.292179 -0.626304 0.649138

seq5/frame00162.png 54.051756 75.476202 0.632855 0.292686 0.287476 -0.634079 0.655466

seq5/frame00163.png 54.196798 75.896523 0.419987 0.299854 0.259446 -0.638071 0.660031

seq5/frame00164.png 55.261338 75.751273 0.682251 0.277213 0.253407 -0.644502 0.666000

seq5/frame00165.png 55.899314 75.803856 0.708762 0.262703 0.230979 -0.655247 0.669543

seq5/frame00166.png 56.915271 75.640861 0.673324 0.261648 0.260411 -0.641548 0.672415

seq5/frame00167.png 57.820262 75.520225 0.649151 0.245260 0.251083 -0.648110 0.675838

seq5/frame00168.png 58.410287 75.505182 0.726208 0.242545 0.235105 -0.645940 0.684587

seq5/frame00169.png 58.917059 75.407738 0.651242 0.242654 0.217323 -0.647034 0.689374

seq5/frame00170.png 59.447894 75.434540 0.316142 0.257757 0.211634 -0.644019 0.688486

seq5/frame00171.png 60.373379 75.551232 -0.310791 0.315092 0.279729 -0.620418 0.661476

seq5/frame00172.png 61.099408 75.812040 -0.859592 0.398901 0.348057 -0.573438 0.625222

seq5/frame00173.png 61.237704 75.929902 0.509021 0.434482 0.411148 -0.561740 0.571517

seq5/frame00174.png 62.235537 75.929102 0.732631 0.426664 0.389426 -0.562592 0.591435

seq5/frame00175.png 62.994535 76.321082 0.584639 0.417244 0.391137 -0.559266 0.600117

seq5/frame00176.png 63.334326 76.138055 0.543478 0.419265 0.373304 -0.569379 0.600557

seq5/frame00177.png 64.244681 76.081747 0.634026 0.411558 0.375683 -0.567217 0.606422

seq5/frame00178.png 64.619540 75.844256 0.380571 0.381779 0.351017 -0.583160 0.625265

seq5/frame00179.png 66.057549 76.194730 1.002733 0.375308 0.342198 -0.584513 0.632763

seq5/frame00180.png 66.426034 75.751690 0.249114 0.374129 0.324534 -0.592044 0.635758

seq5/frame00181.png 67.482512 76.186535 0.750601 0.382894 0.348806 -0.582499 0.626436

seq5/frame00182.png 67.934889 75.828701 1.358065 0.344865 0.304413 -0.607755 0.647329

seq5/frame00183.png 68.687217 75.450358 1.228050 0.253668 0.252926 -0.643677 0.676284

seq5/frame00184.png 68.928825 75.447066 0.973604 0.174202 0.168935 -0.676792 0.695030

seq5/frame00185.png 69.710341 75.078365 0.549443 0.154396 0.147731 -0.683180 0.698285

seq5/frame00186.png 70.047571 75.007667 0.571107 0.126123 0.117942 -0.693113 0.699841

seq5/frame00187.png 71.124318 74.798897 0.602389 0.082634 0.054197 -0.696586 0.710636

seq5/frame00188.png 72.254794 73.920092 0.493073 0.092442 0.060783 -0.687430 0.717774

seq5/frame00189.png 72.784949 73.592905 0.530638 0.089950 0.069290 -0.676042 0.728062

seq5/frame00190.png 73.258242 73.309194 0.520371 0.109825 0.105596 -0.669070 0.727415

seq5/frame00191.png 73.895922 72.866605 0.697602 0.091124 0.066406 -0.690230 0.714751

seq5/frame00192.png 73.732754 72.535108 0.618026 0.001667 0.000110 -0.691402 0.722468

seq5/frame00193.png 75.248349 72.918972 0.650376 0.234153 0.236657 0.663475 -0.670050

seq5/frame00194.png 74.188231 71.761628 0.415279 0.425171 0.419043 0.547978 -0.585962

seq5/frame00195.png 74.554811 71.059037 0.602305 0.497329 0.506781 0.499477 -0.496346

seq5/frame00196.png 74.072794 70.580411 0.654277 0.526192 0.514856 0.478811 -0.478316

seq5/frame00197.png 74.250182 69.789770 0.672339 0.525602 0.496766 0.489361 -0.487331

seq5/frame00198.png 74.363133 68.965952 0.660100 0.507715 0.486036 0.494397 -0.511434

seq5/frame00199.png 74.439628 68.343700 0.724608 0.486384 0.484142 0.513929 -0.514698

seq5/frame00200.png 74.379160 67.570179 0.729927 0.491809 0.472623 0.500738 -0.532928

seq5/frame00201.png 74.644408 66.771057 0.663695 0.495058 0.475157 0.500387 -0.527973

seq5/frame00202.png 74.771565 66.013973 0.572664 0.506792 0.475469 0.489004 -0.527225

seq5/frame00203.png 74.494285 65.463757 0.605972 0.513499 0.458427 0.484782 -0.539583

seq5/frame00204.png 74.920796 65.109289 0.794348 0.467419 0.456244 0.508552 -0.561013

seq5/frame00205.png 74.582975 63.561754 0.911321 0.486766 0.436792 0.515520 -0.553634

seq5/frame00206.png 74.808268 62.891416 0.683267 0.469928 0.464656 0.530120 -0.531258

seq5/frame00207.png 74.387398 62.707261 0.764825 0.443486 0.440995 0.548061 -0.555403

seq5/frame00208.png 74.596143 62.134864 0.753077 0.417143 0.404872 0.572175 -0.578521

seq5/frame00209.png 74.943928 61.788184 0.737746 0.375905 0.387572 0.588434 -0.601854

seq5/frame00210.png 74.714226 60.887019 0.710772 0.374186 0.366033 0.593470 -0.611390

seq5/frame00211.png 74.723468 60.165530 0.705052 0.357595 0.354820 0.607913 -0.613735

seq5/frame00212.png 74.804738 59.442811 0.702294 0.346602 0.348328 0.629652 -0.601724

seq5/frame00213.png 74.769069 58.790520 0.752084 0.363309 0.359378 0.615958 -0.599541

seq5/frame00214.png 74.931128 58.174403 0.831064 0.378366 0.361652 0.592296 -0.612562

seq5/frame00215.png 74.871726 57.449980 0.806950 0.382791 0.378403 0.580551 -0.610936

seq5/frame00216.png 74.903464 56.721494 0.797501 0.378689 0.347112 0.588809 -0.624029

seq5/frame00217.png 74.867509 55.924054 0.765304 0.377295 0.368134 0.597361 -0.604389

seq5/frame00218.png 74.840785 55.164108 0.763265 0.375738 0.357246 0.583614 -0.624973

seq5/frame00219.png 74.909548 54.521355 0.784076 0.383729 0.380367 0.589000 -0.600959

seq5/frame00220.png 74.861621 53.764975 0.817084 0.355853 0.357457 0.600556 -0.620424

seq5/frame00221.png 74.892292 53.095187 0.802388 0.366385 0.367764 0.612529 -0.596087

seq5/frame00222.png 74.832644 52.407079 0.810481 0.363606 0.355321 0.608608 -0.609207

seq5/frame00223.png 74.738567 51.705059 0.836295 0.408544 0.383832 0.575989 -0.594980

seq5/frame00224.png 74.528445 50.976358 0.802669 0.406156 0.405568 0.558588 -0.598775

seq5/frame00225.png 74.778640 50.296201 0.848006 0.408859 0.380127 0.561182 -0.611075

seq5/frame00226.png 74.309513 49.481052 0.791461 0.393493 0.381598 0.572022 -0.610194

seq5/frame00227.png 74.827282 48.920339 0.827470 0.392622 0.356419 0.582864 -0.615698

seq5/frame00228.png 74.801360 48.217723 0.836865 0.398857 0.389538 0.571270 -0.602349

seq5/frame00229.png 74.831545 47.562360 0.845515 0.422128 0.401256 0.556655 -0.592399

seq5/frame00230.png 74.757333 46.793595 0.911997 0.420956 0.400387 0.567233 -0.583723

seq5/frame00231.png 74.568635 46.049594 0.903510 0.372122 0.349887 0.596024 -0.619565

seq5/frame00232.png 74.703413 45.419787 0.906976 0.382412 0.361628 0.590160 -0.612125

seq5/frame00233.png 74.556498 44.705829 0.910311 0.361477 0.327494 0.594299 -0.639446

seq5/frame00234.png 74.728562 44.095389 0.902774 0.410891 0.379764 0.581835 -0.590267

seq5/frame00235.png 74.479489 43.447974 0.904512 0.451655 0.432165 0.535088 -0.568262

seq5/frame00236.png 74.520433 42.772850 0.898145 0.492364 0.460249 0.512931 -0.531648

seq5/frame00237.png 74.418624 42.129218 0.885726 0.482193 0.462496 0.512079 -0.539780

seq5/frame00238.png 74.461802 41.385017 0.888124 0.495467 0.447673 0.509110 -0.543055

seq5/frame00239.png 74.517473 40.734016 0.874426 0.475535 0.446758 0.510774 -0.559807

seq5/frame00240.png 74.801117 40.043236 0.883862 0.479518 0.460811 0.491402 -0.562352

seq5/frame00241.png 74.872574 39.406154 0.917673 0.497137 0.485129 0.474896 -0.540350

seq5/frame00242.png 74.900829 38.767951 0.938970 0.496728 0.504517 0.475120 -0.522480

seq5/frame00243.png 75.331570 38.080548 0.915112 0.524399 0.515831 0.459066 -0.498179

seq5/frame00244.png 75.213936 37.459654 0.940290 0.559486 0.538146 0.419159 -0.470829

seq5/frame00245.png 75.510641 36.837150 0.932001 0.591235 0.564624 0.404224 -0.410174

seq5/frame00246.png 75.742703 36.174653 0.912096 0.601646 0.592081 0.371594 -0.386498

seq5/frame00247.png 75.900494 35.446192 0.955172 0.621364 0.596294 0.354040 -0.364686

seq5/frame00248.png 75.721884 34.922591 0.925829 0.622633 0.611794 0.347536 -0.342425

seq5/frame00249.png 75.958448 34.121091 0.932348 0.624844 0.602970 0.350965 -0.350458

seq5/frame00250.png 75.944922 33.355801 0.944393 0.567793 0.537872 0.431606 -0.449468

seq5/frame00251.png 76.092396 32.580563 0.973657 0.508220 0.451627 0.500698 -0.535768

seq5/frame00252.png 75.707156 31.987954 0.986902 0.461048 0.454801 0.538920 -0.538661

seq5/frame00253.png 75.758320 32.118384 1.069116 0.445146 0.414800 0.539540 -0.581965

seq5/frame00254.png 75.940466 30.615812 1.030003 0.468935 0.451684 0.522355 -0.550659

seq5/frame00255.png 75.626783 30.115478 1.013731 0.484203 0.466884 0.515734 -0.530646

seq5/frame00256.png 75.752789 29.377487 1.022492 0.541132 0.505090 0.471240 -0.479576

seq5/frame00257.png 75.781328 28.679848 0.999549 0.535293 0.515612 0.474774 -0.471376

seq5/frame00258.png 76.094186 27.960527 1.031577 0.574519 0.539412 0.426913 -0.443518

seq5/frame00259.png 75.649644 27.441855 0.964742 0.582244 0.557626 0.400258 -0.435704

seq5/frame00260.png 75.700779 26.726577 0.983427 0.609900 0.560109 0.380564 -0.411669

seq5/frame00261.png 75.971965 25.891988 1.032967 0.603664 0.563530 0.373509 -0.422511

seq5/frame00262.png 75.734140 25.341083 0.995855 0.557981 0.495732 0.456607 -0.484167

seq5/frame00263.png 75.656838 24.777024 1.045679 0.501114 0.467015 0.510770 -0.519514

seq5/frame00264.png 75.416900 24.144877 0.981591 0.430694 0.403501 0.562429 -0.579105

seq5/frame00265.png 75.614308 23.589448 1.023255 0.387455 0.380950 0.586841 -0.600311

seq5/frame00266.png 75.067025 22.772019 1.003868 0.385760 0.374569 0.587466 -0.604790

seq5/frame00267.png 74.888312 22.501637 0.975737 0.375255 0.392539 0.594644 -0.592871

seq5/frame00268.png 74.271651 21.736047 0.991902 0.352832 0.370679 0.606770 -0.608225

seq5/frame00269.png 73.951570 21.253283 1.026507 0.357217 0.341834 0.608063 -0.621131

seq5/frame00270.png 73.362951 20.147303 0.275091 0.248718 0.299586 0.638014 -0.664324

seq5/frame00271.png 73.329457 19.732653 1.034821 0.227450 0.200360 0.655604 -0.691596

seq5/frame00272.png 73.087227 19.226763 0.942847 0.172589 0.165822 0.643576 -0.726998

seq5/frame00273.png 72.856276 18.748473 0.961071 0.087741 0.089465 0.652059 -0.747741

seq5/frame00274.png 73.078542 18.444176 1.363064 0.030333 -0.003863 -0.659495 0.751087

seq5/frame00275.png 72.415424 17.869207 1.320750 0.172868 0.142295 -0.649131 0.726978

seq5/frame00276.png 72.119450 16.862084 1.085163 0.204454 0.182128 -0.638083 0.719638

seq5/frame00277.png 71.964196 16.381501 0.955324 0.275123 0.246421 -0.628374 0.684639

seq5/frame00278.png 71.851325 15.798112 0.984166 0.315724 0.287329 -0.623504 0.654983

seq5/frame00279.png 71.965706 15.421676 0.937645 0.413991 0.375797 -0.561187 0.610293

seq5/frame00280.png 72.022181 15.187967 1.040482 0.454635 0.425426 -0.536557 0.569584

seq5/frame00281.png 71.907979 14.184544 0.863754 0.522344 0.460358 -0.492636 0.522051

seq5/frame00282.png 71.960599 13.276651 0.624178 0.563671 0.510839 -0.444085 0.473399

seq5/frame00283.png 71.978965 12.429562 1.171496 0.610182 0.552056 -0.400364 0.403262

seq5/frame00284.png 72.079041 11.886867 1.350134 0.633808 0.593983 -0.350853 0.349821

seq5/frame00285.png 73.033341 11.346232 2.655541 0.658752 0.633627 -0.303739 0.268895

seq5/frame00286.png 73.067641 10.849171 1.180862 0.714934 0.651649 -0.193166 0.164041

seq5/frame00287.png 72.805196 10.022667 1.114253 0.721136 0.687028 -0.080881 0.037588

seq5/frame00288.png 73.411971 9.487940 1.181841 0.716191 0.688970 0.049551 -0.099676

seq5/frame00289.png 74.187986 9.555881 1.217255 0.705244 0.687602 0.110034 -0.133143

seq5/frame00290.png 74.130028 8.838819 1.180872 0.674789 0.679190 0.182649 -0.223606

seq5/frame00291.png 73.942928 7.902035 1.149180 0.667293 0.665449 0.217828 -0.253869

seq5/frame00292.png 74.195598 7.818186 1.032363 0.606521 0.606426 0.352701 -0.374142

seq5/frame00293.png 74.480506 7.501276 0.968323 0.500068 0.507861 0.473316 -0.517669

seq5/frame00294.png 73.973723 6.780984 1.043795 0.371862 0.417951 0.575602 -0.596420

seq5/frame00295.png 73.883574 6.164456 1.073245 0.323964 0.347738 0.615880 -0.628345

seq5/frame00296.png 73.894898 5.592525 1.100350 0.282272 0.331223 0.637421 -0.635852

seq5/frame00297.png 3117382476.410000 -137672612.290000 -1240777531.790000 0.308042 -0.508641 0.232939 0.769503

seq5/frame00298.png 75.817987 5.887551 1.124716 0.460165 0.481566 0.518604 -0.536090

seq5/frame00299.png 72.102439 3.430753 2.730348 0.566378 0.579140 0.389810 -0.438019

seq5/frame00300.png 72.070919 4.286319 1.361157 0.622852 0.634524 0.314241 -0.332698

seq5/frame00301.png 72.100761 2.856341 1.094697 0.671243 0.648759 0.233183 -0.272342

seq5/frame00302.png 71.277863 3.743443 1.121250 0.696460 0.659423 0.193180 -0.206846

seq5/frame00303.png 70.373040 2.854201 1.096167 0.678135 0.663260 0.202785 -0.243098

seq5/frame00304.png 69.819847 2.807341 1.055358 0.653672 0.627271 0.279140 -0.318315

seq5/frame00305.png 69.025096 2.662430 1.158197 0.640412 0.622862 0.291062 -0.342341

seq5/frame00306.png 67.938364 3.014706 1.189741 0.661918 0.618503 0.272204 -0.324382

seq5/frame00307.png 67.220449 2.511174 1.352978 0.647872 0.645689 0.283025 -0.288522

seq5/frame00308.png 67.187213 2.660138 1.220830 0.653720 0.661713 0.275806 -0.242317

seq5/frame00309.png 66.810571 1.892987 1.293521 0.713907 0.641973 0.174813 -0.218285

seq5/frame00310.png 66.318734 0.670859 1.237444 0.735518 0.644528 0.125331 -0.167002

seq5/frame00311.png 64.356187 -0.278641 0.949825 0.744040 0.663656 0.035544 -0.068565

seq5/frame00312.png 63.396810 -0.380966 1.198897 0.744033 0.665498 -0.020405 0.055772

seq5/frame00313.png 63.233998 0.382977 1.392434 0.720798 0.656813 -0.157707 0.155487

seq5/frame00314.png 62.985951 0.198074 1.342855 0.705553 0.654222 -0.197698 0.187360

seq5/frame00315.png 62.071015 0.234669 0.945981 0.692739 0.615542 -0.253426 0.277482

seq5/frame00316.png 61.418376 -0.122690 1.736703 0.677890 0.616819 -0.283103 0.282580

seq5/frame00317.png 60.343476 0.330493 0.726479 0.680422 0.595602 -0.275098 0.326503

seq5/frame00318.png 59.870151 -0.249763 1.754113 0.691410 0.602106 -0.281787 0.282873

seq5/frame00319.png 58.494450 -0.503405 1.428327 0.750767 0.597916 -0.220481 0.173875

seq5/frame00320.png 57.654918 -0.430617 1.469752 0.753371 0.622792 -0.162325 0.134957

seq5/frame00321.png 57.366969 -0.015293 1.458861 0.753554 0.617324 -0.176757 0.140801

seq5/frame00322.png 56.609230 0.055514 1.561253 0.743453 0.639347 -0.160922 0.112329

seq5/frame00323.png 55.930496 -0.110979 1.542379 0.752371 0.642003 -0.122354 0.082459

seq5/frame00324.png 55.183030 0.122131 1.467626 0.739082 0.652151 -0.132070 0.104953

seq5/frame00325.png 54.351624 0.070344 1.472356 0.753106 0.647877 -0.104780 0.045907

seq5/frame00326.png 53.226117 0.149818 1.560719 0.749617 0.658788 -0.063136 0.009294

seq5/frame00327.png 53.004229 -0.050592 1.502102 0.748799 0.661555 -0.014118 -0.038030

seq5/frame00328.png 51.852580 0.113089 1.532776 0.759787 0.648713 -0.027822 -0.033476

seq5/frame00329.png 51.249396 0.138854 1.504726 0.750406 0.659210 -0.026144 -0.040608

seq5/frame00330.png 50.362425 0.484859 1.568931 0.755316 0.646605 -0.090832 0.056117

seq5/frame00331.png 49.665135 0.868312 1.555700 0.738330 0.610326 -0.224163 0.179224

seq5/frame00332.png 49.834255 0.331063 1.472051 0.701613 0.581084 -0.296816 0.286322

seq5/frame00333.png 48.343600 0.450553 1.441355 0.734570 0.617771 -0.218721 0.175861

seq5/frame00334.png 47.417190 0.713573 1.568560 0.739450 0.640620 -0.176341 0.108281

seq5/frame00335.png 46.290615 0.983207 1.494937 0.760337 0.643000 -0.088959 -0.022914

seq5/frame00336.png 45.576451 0.401093 1.427429 0.767246 0.639003 -0.010372 -0.053862

seq5/frame00337.png 45.127177 0.587030 1.466077 0.758314 0.637257 0.046534 -0.129221

seq5/frame00338.png 45.593547 0.281684 1.257264 0.741111 0.633505 0.102511 -0.197274

seq5/frame00339.png 43.308523 -0.222939 1.478288 0.756223 0.637316 0.074958 -0.127812

seq5/frame00340.png 42.938630 -0.043941 1.542596 0.758001 0.638261 0.067455 -0.116221

seq5/frame00341.png 41.855302 -0.426767 1.519382 0.753047 0.655821 0.013989 -0.051221

seq5/frame00342.png 40.981737 -0.602280 1.524886 0.760526 0.646722 0.011693 -0.056688

seq5/frame00343.png 40.175506 -0.639677 1.545558 0.755027 0.655334 -0.020243 -0.007808

seq5/frame00344.png 39.281170 -0.737647 1.549548 0.760531 0.648832 -0.003031 -0.024499

seq5/frame00345.png 38.665551 -0.369274 1.578638 0.752190 0.650713 -0.078818 0.067606

seq5/frame00346.png 38.005077 -0.179839 1.570401 0.750979 0.644508 -0.102540 0.100626

seq5/frame00347.png 37.170860 -0.010642 1.560081 0.731467 0.646565 -0.150294 0.155956

seq5/frame00348.png 36.550914 0.479094 1.538820 0.734047 0.637210 -0.167955 0.164101

seq5/frame00349.png 36.033685 1.126418 1.627845 0.702838 0.617504 -0.244078 0.255213

seq5/frame00350.png 35.662130 1.839595 1.541677 0.665079 0.583252 -0.312907 0.345799

seq5/frame00351.png 35.130536 1.944150 1.484355 0.617774 0.542761 -0.371242 0.431214

seq5/frame00352.png 34.610300 3.290049 0.442731 0.611222 0.543206 -0.378267 0.433876

seq5/frame00353.png 34.057151 2.874172 1.386547 0.593325 0.485246 -0.422525 0.483709

seq5/frame00354.png 33.922421 3.554177 1.397491 0.585565 0.494288 -0.430837 0.476627

seq5/frame00355.png 33.237984 4.190007 1.432460 0.573086 0.451823 -0.456137 0.509282

seq5/frame00356.png 32.721508 5.007270 1.407770 0.556005 0.451025 -0.454194 0.530229

seq5/frame00357.png 32.189090 5.656292 1.383212 0.570461 0.423811 -0.467365 0.525859

seq5/frame00358.png 31.600671 6.482814 1.240127 0.554223 0.410404 -0.480577 0.541712

seq5/frame00359.png 32.067258 6.856345 1.341737 0.475572 0.381544 -0.518122 0.599838

seq5/frame00360.png 31.546386 7.548904 1.452610 0.509256 0.397845 -0.513669 0.564378

seq5/frame00361.png 31.311968 8.311858 1.472965 0.585253 0.455372 -0.459130 0.489199

seq5/frame00362.png 30.636721 8.622752 1.503166 0.672417 0.504091 -0.390940 0.375385

seq5/frame00363.png 30.632574 9.474912 1.408319 0.735040 0.559663 -0.289747 0.250079

seq5/frame00364.png 30.073687 9.912994 1.498589 0.754027 0.597872 -0.221391 0.158044

seq5/frame00365.png 28.570104 10.285274 1.236969 0.761864 0.642927 -0.067735 -0.040252

seq5/frame00366.png 29.848816 10.018858 1.243707 0.743837 0.624416 0.079275 -0.224782

seq5/frame00367.png 28.781143 10.462490 0.523106 0.598430 0.541285 0.325216 -0.493078

seq5/frame00368.png 29.652077 11.165373 1.338512 0.447231 0.419637 0.469356 -0.635290

seq5/frame00369.png 29.942701 12.022839 1.108227 0.210827 0.254133 0.579036 -0.745443

seq5/frame00370.png 30.290797 12.886398 2.194682 0.030569 -0.069653 -0.660103 0.747314

seq5/frame00371.png 29.841294 13.270222 1.958061 0.288270 0.132928 -0.638124 0.701447

seq5/frame00372.png 29.689223 13.852112 1.641833 0.463061 0.285540 -0.560317 0.624569

seq5/frame00373.png 29.073805 14.405763 1.452871 0.587321 0.394995 -0.493785 0.505183

seq5/frame00374.png 28.681598 14.127714 1.190067 0.735110 0.524668 -0.324193 0.281490

seq5/frame00375.png 28.689726 14.129084 -0.193939 0.785465 0.586585 -0.179211 0.082748

seq5/frame00376.png 29.452854 13.975419 1.087069 0.753082 0.610520 0.060926 -0.237530

seq5/frame00377.png 27.987354 13.898012 -0.992253 0.624157 0.521815 0.268636 -0.515725

seq5/frame00378.png 28.907103 13.861336 1.217339 0.414547 0.429368 0.465886 -0.653257

seq5/frame00379.png 29.031416 14.028183 1.191732 0.194916 0.273021 0.557593 -0.759314

seq5/frame00380.png 28.915219 14.036807 1.940424 0.044024 -0.041277 -0.677391 0.733143

seq5/frame00381.png 28.341390 13.905299 2.006913 0.322413 0.273511 -0.622753 0.658347

seq5/frame00382.png 28.213973 13.179723 1.248905 0.500171 0.443686 -0.487025 0.561942

seq5/frame00383.png 27.221543 13.122233 1.237949 0.605501 0.507824 -0.381148 0.479801

seq5/frame00384.png 27.123167 11.724646 1.346354 0.693955 0.567101 -0.266827 0.354438

seq5/frame00385.png 25.898311 11.899844 -1.861937 0.783474 0.615623 -0.034639 0.077311

seq5/frame00386.png 27.265624 9.747489 1.216675 0.774243 0.608119 0.113975 -0.133223

seq5/frame00387.png 26.401359 9.131063 0.489337 0.696920 0.561903 0.245282 -0.372028

seq5/frame00388.png 26.354973 8.111004 1.236442 0.673155 0.509732 0.308586 -0.437961

seq5/frame00389.png 26.030865 7.335822 1.612060 0.661784 0.534126 0.330761 -0.409082

seq5/frame00390.png 25.910926 6.668692 3.348412 0.676495 0.572847 0.314458 -0.339582

seq5/frame00391.png 25.805521 6.160824 1.528044 0.734909 0.613460 0.193092 -0.215154

seq5/frame00392.png 25.370488 5.636295 1.453025 0.757605 0.631813 0.111344 -0.120208

seq5/frame00393.png 24.414501 5.479607 1.525241 0.767216 0.641316 0.008647 -0.004407

seq5/frame00394.png 23.953162 5.803533 1.565719 0.772708 0.612980 -0.115047 0.118074

seq5/frame00395.png 23.454353 5.516417 1.550156 0.744425 0.598290 -0.187965 0.229238

seq5/frame00396.png 22.808025 5.800204 1.478415 0.722548 0.590135 -0.225851 0.280458

seq5/frame00397.png 21.979417 5.850160 1.565471 0.712511 0.572487 -0.253413 0.316809

seq5/frame00398.png 21.153788 5.865340 1.501198 0.731020 0.587704 -0.212994 0.273582

seq5/frame00399.png 20.407947 5.861337 1.512004 0.703269 0.582697 -0.239865 0.329153

seq5/frame00400.png 19.322130 5.229189 1.414373 0.739581 0.606346 -0.170050 0.237586

seq5/frame00401.png 18.448882 5.327969 1.591091 0.745751 0.577609 -0.222485 0.246422

seq5/frame00402.png 17.880606 5.366688 1.453143 0.744102 0.592417 -0.203711 0.232070

seq5/frame00403.png 16.811577 5.620692 1.478683 0.743217 0.577915 -0.227726 0.248563

seq5/frame00404.png 16.148592 5.432633 1.560476 0.717187 0.584990 -0.244341 0.289356

seq5/frame00405.png 14.630986 4.852657 1.566042 0.740360 0.558486 -0.224911 0.298958

seq5/frame00406.png 14.560106 5.621741 1.593213 0.738532 0.566674 -0.241361 0.274219

seq5/frame00407.png 13.826241 5.470402 1.567052 0.742362 0.550015 -0.246288 0.292788

seq5/frame00408.png 13.195093 5.828226 1.545042 0.706224 0.565104 -0.270960 0.329372

seq5/frame00409.png 12.877560 5.964791 1.506806 0.710590 0.552142 -0.273564 0.339653

seq5/frame00410.png 11.667546 5.741470 1.464493 0.710292 0.557494 -0.272740 0.332113

seq5/frame00411.png 10.487313 6.741368 1.392536 0.744369 0.572772 -0.234585 0.250632

seq5/frame00412.png 10.521134 5.719246 1.586627 0.721232 0.572666 -0.244246 0.303680

seq5/frame00413.png 9.494020 5.749671 1.341282 0.720417 0.591003 -0.235873 0.275824

seq5/frame00414.png 8.773849 5.735648 1.603135 0.710674 0.575391 -0.251711 0.317033

seq5/frame00415.png 8.580911 6.374897 1.610344 0.694612 0.584164 -0.285706 0.307634

seq5/frame00416.png 7.453261 6.320683 1.743294 0.699300 0.538940 -0.303234 0.358570

seq5/frame00417.png 6.775874 6.563635 1.530963 0.640052 0.541737 -0.368615 0.401221

seq5/frame00418.png 5.964766 7.002296 1.394143 0.613095 0.492022 -0.416381 0.456789

seq5/frame00419.png 5.675915 7.693761 1.364470 0.558662 0.490277 -0.406148 0.531572

seq5/frame00420.png 5.395946 8.154444 1.343561 0.555848 0.472855 -0.398420 0.555610

seq5/frame00421.png 4.844723 9.011054 1.307542 0.504714 0.458614 -0.456941 0.571088

seq5/frame00422.png 5.577527 9.219509 1.437492 0.525781 0.454846 -0.430660 0.575501

seq5/frame00423.png 5.043977 10.228585 1.411309 0.475558 0.403481 -0.480005 0.616963

seq5/frame00424.png 5.832918 10.316411 1.557712 0.493950 0.422930 -0.458248 0.605931

seq5/frame00425.png 4.753872 11.679615 1.435259 0.464964 0.392585 -0.483653 0.629099

seq5/frame00426.png 4.824575 12.442337 1.376333 0.505125 0.416704 -0.463179 0.597220

seq5/frame00427.png 4.391078 13.363821 1.325510 0.520924 0.438535 -0.442142 0.583811

seq5/frame00428.png 4.614869 13.739581 1.406376 0.578323 0.467020 -0.416255 0.523610

seq5/frame00429.png 4.398498 14.378461 1.419343 0.607195 0.503432 -0.368767 0.491814

seq5/frame00430.png 4.260191 14.900207 1.454376 0.638286 0.520664 -0.332973 0.458944

seq5/frame00431.png 4.068658 15.556671 1.433844 0.677395 0.564415 -0.291973 0.370573

seq5/frame00432.png 4.531989 16.731278 1.439895 0.687032 0.600878 -0.257097 0.317545

seq5/frame00433.png 4.298226 17.193005 1.470861 0.711676 0.621748 -0.198762 0.259693

seq5/frame00434.png 3.797970 17.895454 1.587540 0.714388 0.621540 -0.195898 0.254874

seq5/frame00435.png 3.679253 18.340202 1.459534 0.716997 0.616788 -0.209621 0.248084

seq5/frame00436.png 3.096845 19.224612 1.598839 0.725482 0.589371 -0.234048 0.267470

seq5/frame00437.png 3.267734 19.968774 1.556713 0.704259 0.596593 -0.265273 0.278794

seq5/frame00438.png 2.832356 20.743392 1.542153 0.701931 0.603248 -0.247638 0.286460

seq5/frame00439.png 3.591994 21.762778 1.466822 0.678648 0.604475 -0.275808 0.313014

seq5/frame00440.png 2.757833 22.196874 1.523680 0.712626 0.586066 -0.244426 0.298242

seq5/frame00441.png 3.136168 23.048546 1.554612 0.683152 0.565084 -0.312762 0.340828

seq5/frame00442.png 3.358490 23.900413 1.613552 0.651065 0.523601 -0.361596 0.413769

seq5/frame00443.png 2.988671 24.439628 1.537115 0.641324 0.453727 -0.418757 0.455497

seq5/frame00444.png 2.312740 25.212359 1.300273 0.591764 0.445961 -0.420665 0.523426

seq5/frame00445.png 2.754373 25.925036 1.520371 0.508300 0.421185 -0.495148 0.564856

seq5/frame00446.png 2.590242 26.266536 1.495467 0.496816 0.401737 -0.501678 0.583182

seq5/frame00447.png 2.763357 27.162725 1.544697 0.426598 0.362728 -0.554413 0.615685

seq5/frame00448.png 2.934803 27.631097 1.579950 0.458683 0.377281 -0.534592 0.601232

seq5/frame00449.png 3.104847 28.082341 1.498205 0.441382 0.351839 -0.544037 0.620818

seq5/frame00450.png 3.089022 29.038094 1.735903 0.453110 0.366506 -0.533606 0.612886

seq5/frame00451.png 2.751243 30.010142 1.536784 0.481299 0.376964 -0.499531 0.613774

seq5/frame00452.png 3.254703 30.722680 1.565862 0.533455 0.433653 -0.470239 0.553396

seq5/frame00453.png 3.016164 31.477355 1.516378 0.544315 0.435150 -0.463951 0.546914

seq5/frame00454.png 2.745262 32.256555 1.460454 0.592109 0.466403 -0.447177 0.481569

seq5/frame00455.png 2.672717 33.035967 1.436368 0.590905 0.467867 -0.429454 0.497494

seq5/frame00456.png 3.011193 33.924391 1.455371 0.613605 0.499729 -0.409881 0.453606

seq5/frame00457.png 2.016247 34.380116 1.452130 0.656641 0.514721 -0.360975 0.416631

seq5/frame00458.png 2.272700 35.119203 1.466189 0.663517 0.541065 -0.344283 0.385309

seq5/frame00459.png 1.863410 36.171198 1.460263 0.690450 0.552751 -0.301858 0.355848

seq5/frame00460.png 1.945307 36.650468 1.488469 0.651097 0.529620 -0.367948 0.400237

seq5/frame00461.png 2.754699 37.429516 1.535150 0.586520 0.475830 -0.440021 0.485759

seq5/frame00462.png 2.892480 37.822838 1.490679 0.480439 0.414391 -0.505435 0.584802

seq5/frame00463.png 2.731083 38.669460 1.460061 0.511085 0.412373 -0.493586 0.570187

seq5/frame00464.png 2.417619 39.516641 1.494873 0.454575 0.363831 -0.535056 0.612130

seq5/frame00465.png 2.718365 39.860072 1.423424 0.418143 0.345453 -0.542552 0.641449

seq5/frame00466.png 2.681246 40.924354 1.457985 0.358913 0.326846 -0.575767 0.657909

seq5/frame00467.png 2.654593 41.248134 1.351600 0.355794 0.317262 -0.584788 0.656337

seq5/frame00468.png 2.910791 41.225610 1.147934 0.196600 0.181164 -0.632566 0.726903

seq5/frame00469.png 3.541042 42.256749 1.663756 0.184310 0.156151 -0.652933 0.717862

seq5/frame00470.png 3.610475 42.879711 1.683540 0.107001 0.085141 -0.681151 0.719260

seq5/frame00471.png 3.539906 43.468888 1.671338 0.108369 0.115577 -0.710917 0.685197

seq5/frame00472.png 3.600599 44.123724 1.751087 0.088360 0.101673 -0.711668 0.689481

seq5/frame00473.png 3.411160 44.917531 1.721900 0.165616 0.171467 -0.682160 0.691251

seq5/frame00474.png 3.452641 45.155080 1.676801 0.118467 0.143331 -0.682318 0.707010

seq5/frame00475.png 3.602010 45.800486 1.708932 0.207562 0.218927 -0.672962 0.675360

seq5/frame00476.png 3.287794 46.967491 1.514245 0.320556 0.325903 -0.614153 0.643310

seq5/frame00477.png 3.291841 47.607203 1.451747 0.371924 0.384123 -0.572970 0.621150

seq5/frame00478.png 2.802236 48.457366 1.330040 0.479392 0.446771 -0.460096 0.599075

seq5/frame00479.png 2.869648 49.359260 1.347406 0.540593 0.468590 -0.435591 0.546299

seq5/frame00480.png 2.660493 50.672017 1.305381 0.602458 0.536767 -0.371478 0.459270

seq5/frame00481.png 2.637337 50.926991 1.216419 0.584573 0.556942 -0.392542 0.440456

seq5/frame00482.png 2.385488 51.804705 1.098666 0.629915 0.584541 -0.336169 0.385370

seq5/frame00483.png 2.167530 52.660120 1.299636 0.623203 0.600161 -0.329115 0.378296

seq5/frame00484.png 2.213156 53.346671 1.120802 0.628252 0.614941 -0.307409 0.364207

seq5/frame00485.png 2.030086 54.006234 1.463546 0.599167 0.621559 -0.328216 0.383323

seq5/frame00486.png 2.150716 54.531827 1.146235 0.605716 0.598514 -0.337780 0.400991

seq5/frame00487.png 1.836432 54.907062 1.545098 0.531397 0.552972 -0.426580 0.479446

seq5/frame00488.png 2.149649 55.665740 1.268755 0.527417 0.529765 -0.439382 0.498120

seq5/frame00489.png 2.123439 56.678885 1.328805 0.511950 0.475440 -0.466481 0.542457

seq5/frame00490.png 2.730928 57.512815 1.335394 0.481546 0.485727 -0.470161 0.557791

seq5/frame00491.png 1.921139 58.220950 1.242342 0.478795 0.449914 -0.478415 0.582625

seq5/frame00492.png 2.621671 58.695372 1.232654 0.435634 0.443347 -0.492872 0.608887

seq5/frame00493.png 2.134632 59.654035 1.264206 0.451736 0.441864 -0.466429 0.618979

seq5/frame00494.png 2.196766 60.312175 1.229335 0.420566 0.404095 -0.525022 0.619826

seq5/frame00495.png 1.973974 61.173913 1.221953 0.470212 0.423770 -0.466310 0.617960

seq5/frame00496.png 1.688711 61.853451 1.202856 0.448617 0.448208 -0.469906 0.614036

seq5/frame00497.png 1.940297 62.525609 1.261371 0.445971 0.438309 -0.472454 0.621113

seq5/frame00498.png 2.302311 63.175332 1.262937 0.393698 0.427753 -0.516960 0.628316

seq5/frame00499.png 2.116555 64.040761 1.309066 0.441170 0.436954 -0.499019 0.604500

seq5/frame00500.png 2.284103 64.722002 1.244711 0.443133 0.437929 -0.511148 0.592097

seq5/frame00501.png 2.284714 65.511258 1.278380 0.474014 0.469822 -0.490155 0.560648

seq5/frame00502.png 2.290987 66.251024 1.250976 0.450752 0.450683 -0.500025 0.586244

seq5/frame00503.png 2.477302 67.048738 1.244003 0.464136 0.433682 -0.518297 0.572596

seq5/frame00504.png 2.399387 67.816477 1.270173 0.431557 0.420358 -0.522513 0.603355

seq5/frame00505.png 2.704352 68.440865 1.166024 0.420989 0.393085 -0.556771 0.598546

seq5/frame00506.png 3.044384 68.849202 1.186588 0.314977 0.294093 -0.616850 0.658631

seq5/frame00507.png 2.997578 69.074809 1.164308 0.262204 0.228308 -0.638899 0.686245

seq5/frame00508.png 3.035602 69.730396 1.213916 0.222388 0.246970 -0.681372 0.652136

seq5/frame00509.png 3.240662 69.982987 1.269398 0.237424 0.212381 -0.682551 0.657761

seq5/frame00510.png 2.559386 71.092576 1.296532 0.219466 0.184095 -0.671650 0.683249

seq5/frame00511.png 2.771893 71.505504 1.360583 0.240974 0.191067 -0.658622 0.686762

seq5/frame00512.png 2.647812 72.400397 1.276852 0.263475 0.213843 -0.634275 0.694656

seq5/frame00513.png 2.470060 73.479181 1.242236 0.332087 0.243689 -0.651485 0.637103

seq5/frame00514.png 3.607006 73.480531 1.279405 0.333136 0.322018 -0.614329 0.638690

seq5/frame00515.png 3.368267 74.559745 1.307023 0.394509 0.356144 -0.592576 0.605291

seq5/frame00516.png 3.893351 75.239732 1.244372 0.437032 0.419534 -0.548119 0.576680

seq5/frame00517.png 4.077578 75.857492 1.286126 0.457279 0.428193 -0.545919 0.556344

seq5/frame00518.png 4.566533 76.478656 1.246619 0.478912 0.457111 -0.507463 0.551520

seq5/frame00519.png 4.691515 77.116124 1.259090 0.500804 0.471638 -0.500003 0.526071

seq5/frame00520.png 5.128858 77.586919 1.276395 0.500310 0.446919 -0.508496 0.539801

seq5/frame00521.png 5.496876 78.095991 1.222850 0.436881 0.406406 -0.552507 0.581984

seq5/frame00522.png 6.227677 78.406001 1.121386 0.388565 0.348763 -0.594538 0.611479

seq5/frame00523.png 6.856894 78.689977 1.060028 0.308178 0.284190 -0.632097 0.651702

seq5/frame00524.png 7.637881 78.871883 0.967783 0.244612 0.194659 -0.674464 0.668858

seq5/frame00525.png 8.034224 78.902922 0.975686 0.196592 0.163591 -0.677701 0.689428

seq5/frame00526.png 8.038367 78.921387 0.976462 0.094721 0.060812 -0.704618 0.700602

seq5/frame00527.png 8.063069 78.915637 0.978959 0.011080 0.027325 0.704021 -0.709567

seq5/frame00528.png 8.102860 78.918747 0.980928 0.015546 0.003311 -0.710505 0.703513

seq5/frame00529.png 8.108410 78.921534 0.982451 0.116622 0.075898 -0.695550 0.704876

seq5/frame00530.png 9.858326 78.088188 1.054786 0.198567 0.189549 -0.669284 0.690435

seq5/frame00531.png 10.824574 77.963691 1.060530 0.271872 0.248347 -0.645250 0.669374

seq5/frame00532.png 11.641769 77.269591 1.041051 0.308432 0.274098 -0.626901 0.660860

seq5/frame00533.png 11.925133 77.510726 0.973563 0.329742 0.281053 -0.629438 0.645048

seq5/frame00534.png 12.629872 77.289091 1.016340 0.327828 0.283153 -0.622681 0.651630

seq5/frame00535.png 12.188323 78.344962 0.998176 0.343145 0.261911 -0.623666 0.651686

seq5/frame00536.png 14.388378 78.218549 1.013799 0.375608 0.321379 -0.589470 0.638873

seq5/frame00537.png 14.404793 77.585515 0.964782 0.405591 0.342731 -0.593258 0.605043

seq5/frame00538.png 15.231753 77.535062 0.935500 0.427126 0.405244 -0.569897 0.573200

seq5/frame00539.png 15.944073 77.736831 0.939892 0.434277 0.409546 -0.575230 0.559273

seq5/frame00540.png 16.511758 77.669247 0.961219 0.453197 0.417474 -0.550282 0.563488

seq5/frame00541.png 17.397613 77.653749 0.975029 0.410109 0.365979 -0.585600 0.595771

seq5/frame00542.png 18.135898 77.682484 0.964847 0.419510 0.369320 -0.570741 0.601555

seq5/frame00543.png 18.938296 77.641292 0.946952 0.389927 0.353244 -0.597989 0.604636

seq5/frame00544.png 19.647960 77.605057 0.951794 0.361258 0.316999 -0.613313 0.626778

seq5/frame00545.png 20.526787 77.527612 0.889770 0.354196 0.312735 -0.630260 0.616047

seq5/frame00546.png 21.574432 76.903455 0.935350 0.310595 0.255019 -0.632037 0.662590

seq5/frame00547.png 21.998842 77.110966 0.825381 0.268635 0.248568 -0.637417 0.678047

seq5/frame00548.png 22.896445 76.820938 0.803423 0.296569 0.247070 -0.652730 0.651880

seq5/frame00549.png 23.506017 76.704734 0.825833 0.344578 0.273711 -0.636084 0.633834

seq5/frame00550.png 23.533299 77.210839 0.905340 0.345944 0.249291 -0.651435 0.627542

seq5/frame00551.png 24.590237 76.626844 0.873272 0.347869 0.269159 -0.636836 0.633230

seq5/frame00552.png 25.164016 76.416681 0.911989 0.315858 0.234656 -0.661432 0.638497

seq5/frame00553.png 25.826369 76.145718 0.911096 0.294322 0.232966 -0.660849 0.649907

seq5/frame00554.png 26.454324 76.081007 0.942947 0.247867 0.202359 -0.679487 0.660235

seq5/frame00555.png 27.240240 75.822405 0.905549 0.232220 0.200651 -0.684712 0.661046

seq5/frame00556.png 27.821304 76.039481 0.907763 0.285496 0.241581 -0.675921 0.635028

seq5/frame00557.png 29.268161 76.516789 -0.962788 0.412194 0.368582 -0.604367 0.573571

seq5/frame00558.png 28.597657 76.501318 0.821601 0.487968 0.457511 -0.538523 0.512409

seq5/frame00559.png 29.922091 76.584664 0.840463 0.483008 0.456646 -0.543028 0.513126

seq5/frame00560.png 30.219292 76.590656 0.876453 0.462468 0.442752 -0.552556 0.533644

seq5/frame00561.png 32.523253 76.879273 2.062799 0.378049 0.342394 -0.611959 0.604443

seq5/frame00562.png 32.216340 76.110694 0.875341 0.299439 0.256470 -0.645355 0.654275

seq5/frame00563.png 32.840018 76.072004 0.882939 0.205381 0.157729 -0.685769 0.680191

seq5/frame00564.png 33.687325 75.826345 0.850544 0.160779 0.135855 -0.696046 0.686450

seq5/frame00565.png 34.288332 75.565064 0.834945 0.124527 0.098339 -0.704024 0.692223

seq5/frame00566.png 34.785425 75.483710 0.857998 0.095250 0.103544 -0.700039 0.700108

seq5/frame00567.png 35.128636 75.649610 0.925168 0.048492 0.015405 -0.722719 0.689267

seq5/frame00568.png 35.385861 75.862768 0.966208 0.127466 0.140659 0.704400 -0.683950

seq5/frame00569.png 36.525499 75.695253 0.880618 0.281283 0.312745 0.649955 -0.632952

seq5/frame00570.png 36.310192 74.903615 0.630780 0.396733 0.397698 0.575406 -0.594431

seq5/frame00571.png 36.708684 74.705876 0.510843 0.469662 0.435415 0.517862 -0.567143

seq5/frame00572.png 37.005317 74.967964 0.662723 0.518496 0.491363 0.453328 -0.533121

seq5/frame00573.png 37.397596 75.421785 0.684881 0.602576 0.539477 0.373013 -0.454674

seq5/frame00574.png 38.277365 75.239675 0.853103 0.666356 0.593424 0.278604 -0.355242

seq5/frame00575.png 38.933523 75.219069 0.793572 0.697438 0.637893 0.208964 -0.251011

seq5/frame00576.png 39.470108 75.404436 0.749454 0.712492 0.673701 0.120259 -0.154984

seq5/frame00577.png 40.010209 75.203155 0.458898 0.741642 0.669336 -0.003880 -0.044063

seq5/frame00578.png 41.057985 75.636792 1.103714 0.696040 0.694350 -0.145691 0.110369

seq5/frame00579.png 41.300771 75.527675 0.869526 0.637310 0.603013 -0.348622 0.329656

seq5/frame00580.png 42.238491 75.222284 0.855278 0.573074 0.555483 -0.425325 0.426759

seq5/frame00581.png 42.933158 75.240091 0.823084 0.512547 0.498279 -0.498685 0.490232

seq5/frame00582.png 43.414665 75.052612 0.811853 0.475367 0.428322 -0.540644 0.546141

seq5/frame00583.png 44.553650 75.176887 0.978976 0.397795 0.373101 -0.585951 0.599347

seq5/frame00584.png 45.207673 74.571932 1.126603 0.295131 0.267646 -0.629037 0.667514

seq5/frame00585.png 45.485646 74.195189 0.802673 0.093153 0.084554 -0.679053 0.723229

seq5/frame00586.png 46.068063 73.740364 0.866855 0.090976 0.107079 0.682076 -0.717656

seq5/frame00587.png 44.623552 74.312773 0.115688 0.316016 0.284307 0.605270 -0.673017

seq5/frame00588.png 45.767662 74.570471 0.674375 0.492070 0.467790 0.494556 -0.542636

seq5/frame00589.png 46.609189 74.131842 0.704420 0.573823 0.549885 0.398766 -0.457536

seq5/frame00590.png 47.164354 73.953146 0.747686 0.620839 0.573734 0.357058 -0.397364

seq5/frame00591.png 47.836525 73.697741 0.684554 0.658225 0.575246 0.312177 -0.371991

seq5/frame00592.png 48.350773 73.748475 0.783655 0.718089 0.579637 0.248403 -0.294387

seq5/frame00594.png 49.954765 73.871885 0.810081 0.719464 0.645845 -0.163076 0.196626

seq5/frame00595.png 50.651116 73.901360 0.786080 0.646474 0.588046 -0.345106 0.342307

seq5/frame00596.png 51.353990 73.903152 0.640349 0.593144 0.558578 -0.421310 0.398333

seq5/frame00597.png 52.058229 74.059486 0.690491 0.582060 0.524018 -0.446802 0.432411

seq5/frame00598.png 52.620618 73.817730 0.687228 0.534484 0.474943 -0.491629 0.497048

seq5/frame00599.png 53.624453 73.746029 0.917638 0.440560 0.389633 -0.576474 0.567247

seq5/frame00600.png 53.831947 73.282438 1.377945 0.269858 0.229643 -0.638364 0.683324

seq5/frame00601.png 55.556685 74.953274 0.484333 0.072658 0.048107 -0.679366 0.728607

seq5/frame00602.png 56.121210 73.879269 0.259102 0.004670 0.056256 0.691641 -0.720032

seq5/frame00603.png 56.854571 74.027462 0.435140 0.011514 0.003980 0.680245 -0.732883

seq5/frame00604.png 56.031857 73.111598 1.186306 0.076165 0.053022 0.640944 -0.761957

seq5/frame00605.png 56.520855 74.150082 0.874488 0.157115 0.145128 0.650370 -0.728884

seq5/frame00606.png 58.577950 73.432184 0.727056 0.169622 0.167254 0.642637 -0.728198

seq5/frame00607.png 58.505695 73.660086 0.660961 0.217402 0.181917 0.619085 -0.732377

seq5/frame00608.png 59.728668 73.184173 0.860808 0.219687 0.201982 0.615166 -0.729734

seq5/frame00609.png 60.958023 73.005393 0.864593 0.116056 0.149346 0.625544 -0.756916

seq5/frame00610.png 63.008512 72.377110 0.754817 0.072404 0.116685 0.634957 -0.760245

seq5/frame00611.png 62.971890 72.909091 0.631218 0.000040 -0.018664 -0.641141 0.767196

seq5/frame00612.png 63.592103 72.848456 0.606404 0.020007 0.009753 -0.641609 0.766709

seq5/frame00613.png 64.043765 72.738191 0.744762 0.056542 0.041127 -0.640964 0.764380

seq5/frame00614.png 64.454366 73.137434 0.510553 0.167577 0.094893 -0.628159 0.753877

seq5/frame00615.png 65.440708 73.178604 -0.029452 0.237194 0.150480 -0.608536 0.742144

seq5/frame00616.png 66.205066 73.275743 0.730779 0.293193 0.257045 -0.607975 0.691616

seq5/frame00617.png 66.546644 72.993075 0.145875 0.303319 0.286023 -0.625101 0.659877

seq5/frame00618.png 67.735294 73.414781 0.517089 0.311902 0.298077 -0.594755 0.678332

seq5/frame00619.png 68.287194 73.109748 0.620809 0.327374 0.303996 -0.585355 0.676589

seq5/frame00620.png 69.298845 73.353447 0.319159 0.356693 0.344028 -0.571239 0.654294

seq5/frame00621.png 69.772691 73.129080 0.731715 0.363143 0.339931 -0.571135 0.652976

seq5/frame00622.png 70.438370 72.958029 0.522673 0.363853 0.385876 -0.562676 0.634118

seq5/frame00623.png 71.065576 72.817241 1.227408 0.340669 0.359568 -0.568833 0.656570

seq5/frame00624.png 71.775558 72.603429 1.052165 0.329242 0.340415 -0.570114 0.671332

seq5/frame00625.png 72.497327 72.570324 1.714061 0.263211 0.260123 -0.610503 0.700244

seq5/frame00626.png 72.798761 72.383355 1.987516 0.140588 0.130746 -0.639418 0.744503

seq5/frame00627.png 73.642999 71.698981 0.769183 0.024658 0.065343 0.659114 -0.748793

seq5/frame00628.png 74.811070 72.551895 0.731043 0.190312 0.212424 0.612736 -0.737029

seq5/frame00629.png 75.670349 72.530812 0.684157 0.215509 0.245891 0.615763 -0.716889

seq5/frame00630.png 76.601219 72.931091 0.578803 0.236932 0.235971 0.604597 -0.722941

seq5/frame00631.png 77.778894 72.959384 0.667316 0.249864 0.255490 0.579448 -0.732484

seq5/frame00632.png 77.770256 72.595706 0.699368 0.234289 0.241446 0.585362 -0.737675

seq5/frame00633.png 78.151525 72.529738 0.642245 0.229565 0.235439 0.588979 -0.738223

seq5/frame00634.png 79.110343 72.548002 0.688491 0.244020 0.220814 0.611666 -0.719417

seq5/frame00635.png 80.055737 72.609420 0.678546 0.228038 0.215578 0.599333 -0.736427

seq5/frame00636.png 80.275233 72.403692 0.671443 0.304601 0.242102 0.604848 -0.694812

seq5/frame00637.png 81.417110 72.508195 0.574847 0.172928 0.139026 0.615080 -0.756601

seq5/frame00638.png 82.337974 72.619275 0.547610 0.161198 0.135765 0.641112 -0.737942

seq5/frame00639.png 82.900970 72.449626 0.582539 0.193353 0.165214 0.632149 -0.731920

seq5/frame00640.png 84.034746 71.658105 0.437090 0.238415 0.192962 0.622673 -0.719862

seq5/frame00641.png 84.644836 72.197839 0.514444 0.248020 0.218387 0.606851 -0.722859

seq5/frame00642.png 84.131128 73.222301 0.531277 0.250897 0.197737 0.595316 -0.737258

seq5/frame00643.png 85.459060 72.670618 0.572834 0.204351 0.198865 0.599841 -0.747585

seq5/frame00644.png 87.029157 72.313492 0.457265 0.269923 0.222589 0.582975 -0.733305

seq5/frame00645.png 87.568016 71.182723 0.360714 0.209516 0.194919 0.611867 -0.737380

seq5/frame00646.png 89.074419 71.908920 0.525356 0.095543 0.116679 0.626189 -0.764948

seq5/frame00647.png 89.549025 71.636856 0.633112 0.043913 0.069479 0.632701 -0.770022

seq5/frame00648.png 91.098645 72.975896 0.409302 0.077846 0.070208 0.619511 -0.777957

seq5/frame00649.png 91.142853 71.912854 0.364197 0.135118 0.131968 0.628102 -0.754861

seq5/frame00650.png 92.054799 71.702642 0.403961 0.278138 0.255486 0.598086 -0.706866

seq5/frame00651.png 92.475259 71.566704 0.393969 0.366121 0.314089 0.565401 -0.669048

seq5/frame00652.png 93.322012 71.288461 0.418512 0.349461 0.288952 0.564754 -0.689519

seq5/frame00653.png 94.678244 71.904529 0.267027 0.386069 0.307045 0.547417 -0.676024

seq5/frame00654.png 93.774754 70.593049 0.389178 0.376196 0.296675 0.545723 -0.687493

seq5/frame00655.png 95.327020 70.903069 0.231776 0.396656 0.279933 0.540066 -0.687481

seq5/frame00656.png 97.081832 71.288592 0.284471 0.378223 0.329096 0.550737 -0.667332

seq5/frame00657.png 95.769732 69.646722 0.335665 0.456351 0.378429 0.518255 -0.616399

seq5/frame00658.png 96.322386 69.097276 0.292521 0.460952 0.431256 0.501734 -0.591442

seq5/frame00659.png 96.830728 68.607202 0.273238 0.487477 0.437614 0.489815 -0.575275

seq5/frame00660.png 96.981868 67.909835 0.255966 0.494952 0.447319 0.481588 -0.568332

seq5/frame00661.png 97.723583 67.405660 0.321417 0.452357 0.405737 0.520364 -0.599976

seq5/frame00662.png 97.667979 66.845240 0.330339 0.441736 0.434454 0.549278 -0.560725

seq5/frame00663.png 97.495331 66.380485 0.378415 0.455745 0.466807 0.541336 -0.530418

seq5/frame00664.png 97.700745 66.050607 0.375847 0.443562 0.489152 0.537797 -0.524173

seq5/frame00665.png 98.029011 65.883834 0.385793 0.449585 0.511280 0.519195 -0.516626

