seq1/frame00001.png -39.362805 -17.508553 1.766455 0.630396 0.589374 -0.343440 0.370524

seq1/frame00002.png -39.433699 -17.524726 1.749368 0.630623 0.588548 -0.343934 0.370992

seq1/frame00003.png -39.481624 -17.526740 1.749492 0.630539 0.587975 -0.344331 0.371676

seq1/frame00004.png -39.817104 -17.551148 1.650659 0.631540 0.583334 -0.346175 0.375554

seq1/frame00005.png -39.734042 -17.623933 1.697257 0.631078 0.581280 -0.346527 0.379175

seq1/frame00006.png -39.740973 -17.631805 1.676392 0.631435 0.579559 -0.348027 0.379840

seq1/frame00007.png -39.641556 -17.522267 1.784629 0.616248 0.567779 -0.368540 0.402548

seq1/frame00008.png -39.554494 -17.444646 1.584588 0.607270 0.563161 -0.377123 0.414550

seq1/frame00009.png -39.080512 -17.136399 1.563588 0.621481 0.573993 -0.359743 0.393545

seq1/frame00010.png -38.795366 -16.742265 1.517707 0.630048 0.581194 -0.342864 0.384313

seq1/frame00011.png -38.626041 -16.200792 1.587371 0.631028 0.596698 -0.352123 0.348948

seq1/frame00012.png -38.176219 -15.714907 1.805179 0.615052 0.558341 -0.368644 0.417214

seq1/frame00013.png -37.849465 -15.191964 1.687171 0.635758 0.527605 -0.364253 0.429841

seq1/frame00014.png -37.556991 -14.654008 1.437501 0.642787 0.508852 -0.377513 0.430557

seq1/frame00015.png -37.206043 -14.200180 1.389727 0.649261 0.534862 -0.352193 0.410297

seq1/frame00016.png -36.836624 -13.233789 2.193871 0.638151 0.539934 -0.366310 0.408721

seq1/frame00017.png -36.894840 -12.818952 1.163018 0.662574 0.520675 -0.374199 0.387127

seq1/frame00018.png -36.340928 -11.939111 1.508226 0.661067 0.530404 -0.363156 0.387014

seq1/frame00019.png -36.138903 -11.180787 1.536939 0.658964 0.533018 -0.347402 0.401209

seq1/frame00020.png -36.041354 -10.734856 1.402273 0.632187 0.543441 -0.381439 0.399395

seq1/frame00021.png -35.825799 -10.133917 1.445584 0.609135 0.554374 -0.384021 0.417315

seq1/frame00022.png -35.461089 -9.450395 1.572877 0.606541 0.545291 -0.391065 0.426420

seq1/frame00023.png -34.992919 -9.052949 1.547758 0.599825 0.536704 -0.395603 0.442330

seq1/frame00024.png -34.695004 -8.777437 1.589754 0.587746 0.533202 -0.420668 0.439646

seq1/frame00025.png -34.108458 -8.593880 1.536255 0.595290 0.534304 -0.396695 0.450312

seq1/frame00026.png -33.555664 -8.602377 1.521337 0.596466 0.551296 -0.392009 0.432007

seq1/frame00027.png -33.066375 -8.827418 1.516854 0.609363 0.560903 -0.378718 0.413083

seq1/frame00028.png -32.500815 -8.978687 1.500101 0.630299 0.578940 -0.337648 0.391847

seq1/frame00029.png -31.921657 -9.418191 1.680085 0.618063 0.569432 -0.374520 0.391765

seq1/frame00030.png -31.485979 -9.938220 1.821258 0.546740 0.538474 -0.466002 0.440412

seq1/frame00031.png -30.901399 -10.481630 1.552778 0.553568 0.549980 -0.462489 0.420937

seq1/frame00032.png -30.654761 -11.044133 1.306582 0.593812 0.587845 -0.400442 0.376128

seq1/frame00033.png -30.484175 -11.916298 1.438161 0.617920 0.581159 -0.386766 0.361719

seq1/frame00034.png -30.115925 -12.570464 1.625194 0.618249 0.602650 -0.364667 0.348711

seq1/frame00035.png -29.748732 -13.283779 1.661005 0.601748 0.602180 -0.392551 0.348111

seq1/frame00036.png -29.670570 -14.110817 1.603341 0.609030 0.594799 -0.386345 0.355013

seq1/frame00037.png -29.022356 -14.595205 1.717825 0.604929 0.596124 -0.376977 0.369574

seq1/frame00038.png -28.933741 -15.402556 1.309045 0.631141 0.577508 -0.366402 0.365917

seq1/frame00039.png -28.375586 -15.762217 1.444011 0.655560 0.607917 -0.316219 0.317306

seq1/frame00040.png -28.089713 -16.377221 1.596398 0.668366 0.597912 -0.304065 0.321453

seq1/frame00041.png -27.256128 -16.491198 1.730705 0.643223 0.602379 -0.306823 0.359532

seq1/frame00042.png -26.850187 -17.071663 1.690816 0.639671 0.586432 -0.327601 0.373626

seq1/frame00043.png -26.255101 -17.341911 1.652877 0.650742 0.589254 -0.308035 0.366644

seq1/frame00044.png -25.571088 -17.508935 1.710739 0.653057 0.585986 -0.310963 0.365293

seq1/frame00045.png -25.109126 -17.960086 1.527441 0.677626 0.590902 -0.275694 0.340073

seq1/frame00046.png -24.544260 -18.117291 1.945963 0.683787 0.597630 -0.244011 0.340195

seq1/frame00047.png -24.074178 -19.019618 1.824765 0.680714 0.584317 -0.252457 0.362585

seq1/frame00048.png -23.361878 -19.255600 1.786485 0.655876 0.603087 -0.261929 0.370818

seq1/frame00049.png -22.616176 -19.638391 1.679507 0.635554 0.620594 -0.298322 0.349194

seq1/frame00050.png -22.134556 -19.717216 1.730713 0.665688 0.598439 -0.287337 0.340835

seq1/frame00051.png -21.589622 -19.909453 1.671614 0.674539 0.571888 -0.314112 0.345363

seq1/frame00052.png -20.847111 -20.049539 1.742962 0.657260 0.579856 -0.328096 0.352320

seq1/frame00053.png -20.141567 -19.986001 1.743840 0.672317 0.588249 -0.308175 0.327080

seq1/frame00054.png -19.502190 -20.158215 1.715794 0.680882 0.591211 -0.292140 0.318626

seq1/frame00055.png -18.881475 -20.355512 1.793205 0.656143 0.600375 -0.321641 0.324921

seq1/frame00056.png -18.128859 -20.456637 1.838771 0.670744 0.587195 -0.302626 0.337226

seq1/frame00057.png -17.422693 -20.619113 1.917598 0.672374 0.585321 -0.306705 0.333533

seq1/frame00058.png -16.903013 -20.791359 1.593684 0.678011 0.583042 -0.291205 0.339945

seq1/frame00059.png -16.139969 -21.213719 2.011597 0.660538 0.597530 -0.303931 0.338044

seq1/frame00060.png -15.813785 -21.251237 1.594670 0.668070 0.589095 -0.292027 0.348382

seq1/frame00061.png -15.009884 -20.967706 1.667530 0.668813 0.614520 -0.277430 0.313190

seq1/frame00062.png -14.412717 -20.825099 1.644296 0.682124 0.611151 -0.270098 0.297065

seq1/frame00063.png -13.893995 -20.543227 1.612151 0.685467 0.635988 -0.230171 0.269585

seq1/frame00064.png -13.389262 -20.128157 1.773056 0.670181 0.654728 -0.255089 0.238996

seq1/frame00065.png -12.934860 -19.645723 1.806259 0.680996 0.626487 -0.258742 0.277149

seq1/frame00066.png -12.564664 -19.169332 1.808922 0.686314 0.628119 -0.259909 0.258625

seq1/frame00067.png -12.135921 -18.776735 1.688737 0.703913 0.604191 -0.263549 0.264578

seq1/frame00068.png -11.603007 -18.007102 1.741260 0.701181 0.620909 -0.250274 0.245315

seq1/frame00069.png -11.292765 -17.707788 1.561981 0.700724 0.624881 -0.250261 0.236387

seq1/frame00070.png -10.799871 -17.117086 1.640915 0.693784 0.628763 -0.253184 0.243348

seq1/frame00071.png -10.351650 -16.500415 1.721404 0.683705 0.614890 -0.272386 0.283308

seq1/frame00072.png -9.861099 -15.983237 1.662260 0.672097 0.603062 -0.294227 0.313100

seq1/frame00073.png -9.401542 -15.524883 1.611851 0.649855 0.580316 -0.336358 0.357470

seq1/frame00074.png -8.767838 -15.056277 1.650396 0.645980 0.573791 -0.343881 0.367722

seq1/frame00075.png -8.187832 -14.609491 1.657622 0.644710 0.573302 -0.343170 0.371361

seq1/frame00076.png -7.577084 -14.493487 1.574592 0.654231 0.577281 -0.329808 0.360494

seq1/frame00077.png -6.962440 -14.226255 1.644220 0.660233 0.600535 -0.298166 0.338447

seq1/frame00078.png -6.473010 -14.283737 1.589327 0.672292 0.609085 -0.276960 0.316752

seq1/frame00079.png -5.771554 -14.262853 1.767190 0.657442 0.624842 -0.278325 0.316034

seq1/frame00080.png -5.182442 -14.385603 1.489423 0.653352 0.610884 -0.313714 0.318645

seq1/frame00081.png -4.663395 -14.475362 1.814879 0.655856 0.636030 -0.263661 0.309519

seq1/frame00082.png -3.893955 -14.569315 1.682466 0.658314 0.628734 -0.280716 0.304162

seq1/frame00083.png -3.307198 -14.808846 1.680762 0.658733 0.631810 -0.276129 0.301065

seq1/frame00084.png -2.679870 -14.949341 1.738529 0.669996 0.619494 -0.271468 0.306002

seq1/frame00085.png -2.019277 -15.106898 1.587678 0.686299 0.620218 -0.248662 0.287212

seq1/frame00086.png -1.397027 -15.373197 1.682377 0.702593 0.621211 -0.224501 0.264687

seq1/frame00087.png -0.839891 -15.484318 1.735075 0.695741 0.626624 -0.227057 0.267827

seq1/frame00088.png -0.215495 -15.606175 1.740550 0.690515 0.632109 -0.216627 0.276946

seq1/frame00089.png 0.573891 -15.652500 1.584901 0.710665 0.614007 -0.213039 0.269379

seq1/frame00090.png 1.038499 -15.809907 1.673358 0.706918 0.632724 -0.182681 0.257981

seq1/frame00091.png 1.685535 -15.854483 1.733102 0.721328 0.627545 -0.170825 0.238099

seq1/frame00092.png 2.227558 -15.869081 1.761506 0.723210 0.642861 -0.132815 0.214610

seq1/frame00093.png 2.899787 -15.827183 1.726225 0.730799 0.641426 -0.129828 0.194036

seq1/frame00094.png 3.586868 -15.893747 1.837866 0.742408 0.644533 -0.088208 0.160083

seq1/frame00095.png 4.208315 -15.857121 1.878655 0.744110 0.636343 -0.122047 0.162702

seq1/frame00096.png 4.779221 -15.862694 1.825110 0.754450 0.626889 -0.120850 0.152349

seq1/frame00097.png 5.519962 -15.813563 1.907583 0.737902 0.648878 -0.094181 0.159961

seq1/frame00098.png 6.007729 -15.881021 2.072900 0.739712 0.644892 -0.067698 0.179882

seq1/frame00099.png 6.703686 -16.136297 2.027613 0.733537 0.653079 -0.048197 0.181902

seq1/frame00100.png 7.493281 -16.356427 2.105932 0.746195 0.650355 -0.028851 0.139283

seq1/frame00101.png 7.885061 -16.349646 2.011420 0.722972 0.672551 -0.037974 0.153441

seq1/frame00102.png 8.612437 -16.402978 1.909579 0.725641 0.666147 -0.054760 0.163388

seq1/frame00103.png 9.233972 -16.561494 1.743561 0.742861 0.651244 -0.015504 0.154265

seq1/frame00104.png 9.806683 -16.513806 1.656272 0.750567 0.649564 0.003860 0.121247

seq1/frame00105.png 10.363358 -16.726534 1.653066 0.752583 0.649143 0.002543 0.110572

seq1/frame00106.png 10.652213 -16.880062 1.643101 0.744950 0.661911 0.012464 0.082269

seq1/frame00107.png 11.363860 -17.189191 1.714131 0.771444 0.630465 -0.059477 0.062055

seq1/frame00108.png 11.804543 -17.366767 1.539066 0.739554 0.668915 -0.067982 0.031466

seq1/frame00109.png 12.581726 -17.477413 1.556887 0.744127 0.664795 -0.065561 -0.005049

seq1/frame00110.png 12.769443 -17.915081 1.575651 0.736515 0.675330 -0.019965 -0.032817

seq1/frame00111.png 13.456686 -17.930157 1.526971 0.724618 0.680938 -0.105875 0.006469

seq1/frame00112.png 13.820388 -18.024739 1.694366 0.708838 0.703173 -0.055548 -0.003186

seq1/frame00113.png 13.797530 -17.463004 1.613955 0.723655 0.689340 -0.031571 0.011731

seq1/frame00114.png 14.265328 -17.069083 1.646765 0.744543 0.667318 0.006788 -0.017202

seq1/frame00115.png 14.270880 -16.486965 1.665912 0.758946 0.650627 0.016559 -0.020290

seq1/frame00116.png 14.478261 -15.919796 1.682816 0.787317 0.616182 0.018321 -0.010709

seq1/frame00117.png 14.300480 -15.352650 1.494974 0.792624 0.608759 0.026712 -0.021108

seq1/frame00118.png 14.448006 -14.780860 1.496173 0.793544 0.608274 0.010558 -0.013413

seq1/frame00119.png 14.440038 -14.169005 1.536560 0.798230 0.601822 0.019061 -0.016628

seq1/frame00120.png 14.340723 -13.591110 1.492335 0.800098 0.599759 0.006703 -0.009293

seq1/frame00121.png 14.320088 -13.159517 1.527878 0.809008 0.587700 0.010660 -0.001282

seq1/frame00122.png 14.350946 -13.038260 1.617931 0.797800 0.601679 0.008138 -0.037826

seq1/frame00123.png 14.356781 -13.334116 1.546256 0.771499 0.630402 0.031994 -0.079740

seq1/frame00124.png 14.085094 -13.745881 1.587093 0.740967 0.664125 0.037607 -0.092156

seq1/frame00125.png 14.006137 -14.185257 1.602166 0.736522 0.673211 0.017204 -0.063457

seq1/frame00126.png 13.836450 -14.632498 1.626825 0.715920 0.689193 0.028404 -0.108000

seq1/frame00127.png 13.366398 -14.962872 1.610277 0.756507 0.653372 -0.001290 -0.028285

seq1/frame00128.png 13.201367 -15.618000 1.689647 0.750924 0.660251 -0.012756 -0.004398

seq1/frame00129.png 12.829908 -16.354271 1.684699 0.762670 0.644116 0.005721 -0.058453

seq1/frame00130.png 12.745376 -16.648076 1.711459 0.732510 0.674421 -0.075358 -0.053913

seq1/frame00131.png 12.616184 -17.240302 1.617510 0.723942 0.676967 -0.132752 0.000441

seq1/frame00132.png 12.976397 -17.556068 1.563309 0.752104 0.650917 -0.102312 -0.013357

seq1/frame00133.png 13.316627 -17.792960 1.510719 0.771019 0.627707 -0.095443 0.049020

seq1/frame00134.png 13.900631 -18.100339 1.646179 0.783167 0.619741 -0.035298 -0.036382

seq1/frame00135.png 14.763135 -18.213461 1.674503 0.781795 0.621640 -0.048468 0.003326

seq1/frame00136.png 15.267645 -18.661665 1.622157 0.783570 0.618348 -0.059374 -0.011777

seq1/frame00137.png 15.759034 -18.964584 1.758672 0.783306 0.617804 -0.068386 -0.008541

seq1/frame00138.png 15.968676 -19.539003 1.662711 0.796670 0.600064 -0.007310 -0.072019

seq1/frame00139.png 16.443927 -20.001645 1.596067 0.766305 0.638320 -0.014893 -0.071428

seq1/frame00140.png 16.739334 -20.554535 1.559810 0.753573 0.654464 -0.054830 -0.028241

seq1/frame00141.png 17.337946 -20.864583 1.431869 0.740786 0.663378 -0.099103 -0.036677

seq1/frame00142.png 17.659385 -21.743865 1.795812 0.763272 0.637935 -0.077492 -0.066699

seq1/frame00143.png 18.229120 -22.402596 1.633648 0.745074 0.656603 -0.075495 -0.089653

seq1/frame00144.png 18.647426 -22.744716 1.564742 0.724392 0.688496 -0.026260 -0.023215

seq1/frame00145.png 18.743453 -23.628184 2.079402 0.754354 0.655649 0.032771 -0.000555

seq1/frame00146.png 18.597782 -24.089615 1.721425 0.729425 0.672514 0.074726 -0.100397

seq1/frame00147.png 19.068800 -24.795003 1.844458 0.732033 0.668232 0.074201 -0.109943

seq1/frame00148.png 19.057115 -25.241703 2.037075 0.750710 0.648593 0.058713 -0.110971

seq1/frame00149.png 19.166793 -25.981149 1.859814 0.759233 0.640462 0.071330 -0.091022

seq1/frame00150.png 19.201624 -26.292971 1.885469 0.764793 0.643233 0.023567 -0.028061

seq1/frame00151.png 19.535229 -26.689933 1.628863 0.760855 0.648483 -0.014994 0.018592

seq1/frame00152.png 19.798403 -26.822740 1.864887 0.757755 0.646688 -0.063268 0.059990

seq1/frame00153.png 20.355890 -26.730518 1.927438 0.743312 0.640219 -0.136035 0.138208

seq1/frame00154.png 20.834156 -26.743931 1.739732 0.747864 0.637853 -0.121262 0.138342

seq1/frame00155.png 21.276800 -26.490724 1.815969 0.747487 0.640720 -0.110535 0.136098

seq1/frame00156.png 21.561380 -26.642159 1.491148 0.757636 0.650870 -0.025765 0.041130

seq1/frame00157.png 22.356351 -26.497154 1.820797 0.735255 0.674179 0.026413 -0.064696

seq1/frame00158.png 22.762714 -26.582959 1.922486 0.735887 0.658249 0.095954 -0.126382

seq1/frame00159.png 23.525332 -26.425434 1.941850 0.697988 0.668009 0.177587 -0.187192

seq1/frame00160.png 23.948740 -25.936741 1.523782 0.711272 0.664179 0.134781 -0.186526

seq1/frame00161.png 24.623397 -25.645570 1.518753 0.741909 0.644306 0.111650 -0.148240

seq1/frame00162.png 25.015768 -25.328623 1.823712 0.726029 0.650060 0.147640 -0.168837

seq1/frame00163.png 25.403962 -25.113749 1.776162 0.697388 0.654502 0.164247 -0.241455

seq1/frame00164.png 25.476646 -24.874106 1.928025 0.685309 0.649066 0.194596 -0.266827

seq1/frame00165.png 25.353239 -23.990298 1.676106 0.709351 0.653560 0.174510 -0.198057

seq1/frame00166.png 25.339929 -23.624687 1.681833 0.715190 0.669750 0.138026 -0.144524

seq1/frame00167.png 25.005119 -23.395621 1.782164 0.731577 0.651064 0.145566 -0.140433

seq1/frame00168.png 25.004791 -22.998685 1.601218 0.735667 0.642381 0.162705 -0.140238

seq1/frame00169.png 25.041218 -22.674841 1.483279 0.745616 0.646209 0.139846 -0.083153

seq1/frame00170.png 25.125360 -22.025172 1.632049 0.741426 0.655965 0.117652 -0.078457

seq1/frame00171.png 25.557225 -21.822705 1.528160 0.746443 0.645229 0.129063 -0.099223

seq1/frame00172.png 25.935651 -21.653441 1.659063 0.761015 0.623512 0.125138 -0.128177

seq1/frame00173.png 26.382470 -21.445711 2.008937 0.755645 0.622639 0.155268 -0.131200

seq1/frame00174.png 26.830964 -21.521764 1.886189 0.744500 0.620437 0.190586 -0.156379

seq1/frame00175.png 27.285471 -21.525571 1.872509 0.744180 0.622100 0.185624 -0.157259

seq1/frame00176.png 27.763079 -21.764080 1.034457 0.739653 0.615427 0.197256 -0.187760

seq1/frame00177.png 28.577013 -21.644207 1.825616 0.739408 0.622448 0.162000 -0.198974

seq1/frame00178.png 28.894395 -21.713794 1.754882 0.736175 0.611083 0.187204 -0.222661

seq1/frame00179.png 29.513985 -21.504062 1.763239 0.722475 0.626932 0.208359 -0.203893

seq1/frame00180.png 29.917991 -21.446356 1.570284 0.723264 0.619652 0.243641 -0.183195

seq1/frame00181.png 30.448779 -21.716043 1.696591 0.694491 0.650803 0.254005 -0.172101

seq1/frame00182.png 31.261962 -21.521854 1.603860 0.717470 0.634416 0.233164 -0.168488

seq1/frame00183.png 31.533314 -22.063468 1.711495 0.709279 0.619508 0.241790 -0.233818

seq1/frame00184.png 32.121833 -22.071024 1.717971 0.738266 0.604477 0.217243 -0.205856

seq1/frame00185.png 32.505209 -22.203652 1.792242 0.731891 0.612621 0.219678 -0.201919

seq1/frame00186.png 33.053891 -22.436795 1.577458 0.716011 0.625827 0.239982 -0.195133

seq1/frame00187.png 33.533862 -22.631694 1.738125 0.731466 0.630764 0.199608 -0.165079

seq1/frame00188.png 34.081750 -22.947729 1.576831 0.728358 0.651133 0.144981 -0.156527

seq1/frame00189.png 34.761732 -23.136215 1.963680 0.733665 0.623607 0.145923 -0.227059

seq1/frame00190.png 35.478962 -23.775676 1.763345 0.740415 0.586103 0.159832 -0.287614

seq1/frame00191.png 36.109182 -23.636837 1.690750 0.773716 0.564702 0.141140 -0.250111

seq1/frame00192.png 36.550538 -23.519779 1.613563 0.772719 0.581178 0.141076 -0.212685

seq1/frame00193.png 36.952020 -23.663320 1.600917 0.752773 0.603911 0.145479 -0.217854

seq1/frame00194.png 37.247438 -23.700986 1.685271 0.761131 0.611525 0.115012 -0.183000

seq1/frame00195.png 37.940981 -23.712893 1.899582 0.718844 0.639703 0.162796 -0.218039

seq1/frame00196.png 38.353187 -23.523717 1.568903 0.711108 0.634947 0.195582 -0.230034

seq1/frame00197.png 38.913447 -23.470773 1.654420 0.714783 0.623941 0.197834 -0.246261

seq1/frame00198.png 39.350284 -23.406105 1.604546 0.705921 0.642011 0.179872 -0.239046

seq1/frame00199.png 39.748410 -23.502773 1.676486 0.720412 0.650949 0.139739 -0.194281

seq1/frame00200.png 40.505397 -23.811401 1.837186 0.717868 0.640709 0.146250 -0.229715

seq1/frame00201.png 40.744078 -24.038483 1.056463 0.712210 0.644707 0.159598 -0.227240

seq1/frame00202.png 41.503992 -23.981145 1.723430 0.711806 0.633162 0.182122 -0.243454

seq1/frame00203.png 42.012866 -24.032139 1.664388 0.695311 0.643638 0.205595 -0.244958

seq1/frame00204.png 42.610127 -24.066969 1.761485 0.697589 0.635630 0.206706 -0.258104

seq1/frame00205.png 43.156169 -24.491124 1.587150 0.693786 0.636078 0.211154 -0.263591

seq1/frame00206.png 43.598488 -24.307624 1.722434 0.689310 0.636810 0.226164 -0.261102

seq1/frame00207.png 44.238068 -24.687260 1.610072 0.687743 0.637776 0.214983 -0.272093

seq1/frame00208.png 44.770916 -24.863126 1.593575 0.688007 0.635962 0.200669 -0.286234

seq1/frame00209.png 45.165781 -24.689609 1.655554 0.696470 0.638883 0.196571 -0.260993

seq1/frame00210.png 45.702637 -24.770222 1.631234 0.682254 0.651917 0.182779 -0.275909

seq1/frame00211.png 46.190743 -24.658139 1.671665 0.681360 0.667515 0.169242 -0.248050

seq1/frame00212.png 46.914903 -24.748949 1.648030 0.690965 0.658709 0.172684 -0.242589

seq1/frame00213.png 46.860291 -25.078687 0.930307 0.709720 0.647320 0.175969 -0.215194

seq1/frame00214.png 47.729582 -25.308361 1.590692 0.694498 0.653510 0.198620 -0.226158

seq1/frame00215.png 48.253230 -25.381356 1.567025 0.679180 0.660601 0.204852 -0.245675

seq1/frame00216.png 48.976240 -25.143375 1.565315 0.694030 0.670476 0.163012 -0.205455

seq1/frame00217.png 49.739884 -25.446759 1.494653 0.690879 0.691708 0.119631 -0.172956

seq1/frame00218.png 50.327335 -25.516275 2.554308 0.723119 0.675369 0.100791 -0.104000

seq1/frame00219.png 50.069703 -26.334680 2.036054 0.674124 0.645751 0.218772 -0.284079

seq1/frame00220.png 50.196910 -26.743074 1.786907 0.662663 0.640115 0.269503 -0.280176

seq1/frame00221.png 50.678180 -27.099845 1.694212 0.635616 0.622831 0.303018 -0.340961

seq1/frame00222.png 50.639357 -27.627017 1.633581 0.620746 0.635522 0.300477 -0.347131

seq1/frame00223.png 50.689541 -28.198381 1.358517 0.636479 0.619941 0.301879 -0.345596

seq1/frame00224.png 50.311877 -28.510243 1.428975 0.684586 0.600031 0.273280 -0.310841

seq1/frame00225.png 50.044491 -29.191232 1.242903 0.661612 0.617723 0.280931 -0.319007

seq1/frame00226.png 49.451225 -29.607787 1.443163 0.659580 0.643270 0.233067 -0.311187

seq1/frame00227.png 49.273340 -29.879212 1.898978 0.681324 0.630021 0.236420 -0.288055

seq1/frame00228.png 48.609623 -30.471325 1.562104 0.693772 0.605990 0.256835 -0.292391

seq1/frame00229.png 47.911554 -31.215391 1.340068 0.695718 0.610549 0.259933 -0.275030

seq1/frame00230.png 47.623417 -30.889288 1.857809 0.675267 0.628343 0.230603 -0.309873

seq1/frame00231.png 46.873981 -31.687421 1.534482 0.687612 0.625001 0.222599 -0.294981

seq1/frame00232.png 46.548938 -31.661199 1.694193 0.684635 0.656855 0.184039 -0.256798

seq1/frame00233.png 45.987150 -32.272594 1.750040 0.691393 0.637967 0.210406 -0.265902

seq1/frame00234.png 45.832610 -32.510112 1.871918 0.679203 0.636944 0.216213 -0.293662

seq1/frame00235.png 45.627219 -32.894224 1.677101 0.705137 0.582469 0.276070 -0.295460

seq1/frame00236.png 45.220897 -33.562381 0.886421 0.701539 0.631052 0.210437 -0.255602

seq1/frame00237.png 45.739979 -33.776671 1.554402 0.739153 0.639593 0.110770 -0.179732

seq1/frame00238.png 45.785271 -34.331782 1.779674 0.711309 0.666725 0.094894 -0.201276

seq1/frame00239.png 46.408486 -34.647211 1.613579 0.706535 0.690008 0.037511 -0.152609

seq1/frame00240.png 47.026353 -35.015394 1.811342 0.714285 0.686032 0.048407 -0.129670

seq1/frame00241.png 47.295942 -35.008505 1.902365 0.707673 0.681525 0.096865 -0.159185

seq1/frame00242.png 48.145624 -35.551047 1.794282 0.721191 0.665133 0.132556 -0.141108

seq1/frame00243.png 48.345643 -35.788766 1.814571 0.732435 0.653472 0.121458 -0.147517

seq1/frame00244.png 49.535857 -35.738753 2.327992 0.732340 0.638759 0.158617 -0.174659

seq1/frame00245.png 49.968490 -36.136962 1.729561 0.711213 0.639436 0.181006 -0.229206

seq1/frame00246.png 50.936232 -36.012630 1.609607 0.726697 0.632773 0.170850 -0.205718

seq1/frame00247.png 51.357902 -35.749869 2.179917 0.715955 0.637467 0.182926 -0.218132

seq1/frame00248.png 51.719083 -36.100080 1.529299 0.711152 0.638662 0.183554 -0.229525

seq1/frame00249.png 52.218199 -36.133933 1.523381 0.698369 0.657627 0.175033 -0.221745

seq1/frame00250.png 52.778524 -35.871112 1.554852 0.702041 0.627993 0.205970 -0.265214

seq1/frame00251.png 53.407349 -35.592903 1.561543 0.695091 0.626897 0.235436 -0.261568

seq1/frame00252.png 53.976425 -35.021067 1.628441 0.702021 0.637292 0.199549 -0.247398

seq1/frame00253.png 54.569026 -34.329819 2.034134 0.695766 0.643947 0.203482 -0.244616

seq1/frame00254.png 55.168711 -34.621382 1.260998 0.693435 0.632051 0.212417 -0.273018

seq1/frame00255.png 55.768554 -33.862853 1.742638 0.700733 0.624415 0.209438 -0.274254

seq1/frame00256.png 56.461275 -33.106154 1.565145 0.681333 0.634861 0.239622 -0.274441

seq1/frame00257.png 56.582848 -32.780658 1.554859 0.672990 0.639579 0.244321 -0.279876

seq1/frame00258.png 57.363870 -32.445425 1.560165 0.669519 0.628871 0.257314 -0.300092

seq1/frame00259.png 57.531714 -32.051327 1.976453 0.660558 0.630928 0.261202 -0.312036

seq1/frame00260.png 57.988763 -31.861237 1.523941 0.660031 0.622661 0.286879 -0.307169

seq1/frame00261.png 58.220228 -32.069751 1.504903 0.657349 0.613279 0.294710 -0.323925

