seq4/frame00001.png 98.155218 -42.062536 1.280947 0.637969 0.608601 0.324635 -0.342363

seq4/frame00002.png 98.207025 -42.049858 1.314700 0.637380 0.605601 0.326384 -0.347085

seq4/frame00003.png 98.015825 -41.821146 1.279787 0.640400 0.601941 0.325131 -0.349062

seq4/frame00004.png 99.070984 -42.620104 1.365571 0.655982 0.586725 0.309926 -0.359705

seq4/frame00005.png 98.353749 -42.431180 1.323654 0.618619 0.590943 0.327758 -0.400838

seq4/frame00006.png 98.286885 -42.719120 0.565073 0.608004 0.590236 0.331379 -0.414897

seq4/frame00007.png 98.107127 -42.669367 1.355147 0.653095 0.613429 0.255217 -0.363368

seq4/frame00008.png 97.621477 -42.746349 1.295827 0.648784 0.588519 0.301841 -0.376320

seq4/frame00009.png 97.374303 -43.076286 1.399352 0.613771 0.605727 0.313552 -0.397575

seq4/frame00010.png 96.974222 -43.099434 1.299775 0.559410 0.593619 0.369779 -0.444904

seq4/frame00011.png 96.895243 -43.270795 1.296461 0.536018 0.586779 0.394454 -0.461282

seq4/frame00012.png 96.011806 -43.169587 0.193627 0.614778 0.613183 0.327566 -0.372498

seq4/frame00013.png 96.358999 -43.661442 1.329480 0.669274 0.631059 0.259252 -0.294321

seq4/frame00014.png 96.195447 -44.538760 1.355587 0.651659 0.603503 0.303417 -0.345055

seq4/frame00015.png 95.743276 -44.731277 1.319661 0.643331 0.613141 0.298415 -0.348039

seq4/frame00016.png 94.880476 -44.651631 1.220892 0.657433 0.633941 0.246644 -0.324143

seq4/frame00017.png 94.463693 -44.998535 1.254806 0.660849 0.622138 0.262531 -0.327567

seq4/frame00018.png 94.017135 -45.376860 1.283955 0.645992 0.621385 0.289233 -0.336034

seq4/frame00019.png 93.759378 -46.049827 1.386143 0.643706 0.603139 0.316279 -0.349047

seq4/frame00020.png 92.943683 -45.896454 1.322264 0.624849 0.629368 0.300152 -0.351238

seq4/frame00021.png 92.181519 -46.084128 1.328764 0.630790 0.623472 0.300354 -0.350963

seq4/frame00022.png 91.675798 -46.294834 1.338323 0.610258 0.630452 0.301618 -0.373018

seq4/frame00023.png 90.830332 -46.160590 1.323508 0.622118 0.655537 0.258067 -0.341528

seq4/frame00024.png 90.287245 -46.228294 1.318072 0.630756 0.647474 0.265678 -0.335170

seq4/frame00025.png 89.978028 -45.587978 1.440090 0.631681 0.610226 0.284111 -0.384557

seq4/frame00026.png 90.075814 -46.533844 1.380493 0.640504 0.611910 0.292796 -0.359987

seq4/frame00027.png 89.350861 -45.339239 1.328654 0.634643 0.632927 0.293315 -0.332562

seq4/frame00028.png 89.461681 -45.270815 1.408990 0.635242 0.608535 0.314698 -0.356535

seq4/frame00029.png 88.703580 -43.971798 0.488813 0.646767 0.618958 0.302374 -0.327345

seq4/frame00030.png 88.990180 -43.947929 1.637140 0.655641 0.610090 0.293972 -0.333925

seq4/frame00031.png 88.374581 -42.889497 1.191139 0.664239 0.603638 0.304466 -0.318915

seq4/frame00032.png 87.783179 -41.964404 1.537976 0.639953 0.638154 0.289867 -0.314954

seq4/frame00033.png 87.513199 -41.668484 1.624917 0.629696 0.629689 0.314837 -0.328410

seq4/frame00034.png 87.391968 -40.477566 1.578229 0.642522 0.618065 0.300709 -0.338725

seq4/frame00035.png 87.623341 -40.873026 1.439056 0.630281 0.603430 0.332742 -0.357633

seq4/frame00036.png 87.294052 -39.821364 1.722800 0.633234 0.603801 0.310495 -0.371527

seq4/frame00037.png 87.212551 -39.033450 0.519850 0.635419 0.583216 0.333256 -0.380846

seq4/frame00038.png 87.081790 -38.600190 0.650267 0.646088 0.598514 0.310915 -0.357328

seq4/frame00039.png 87.051741 -37.697579 0.954763 0.637647 0.625930 0.299598 -0.334455

seq4/frame00040.png 86.988396 -37.154931 0.883082 0.651202 0.633045 0.277178 -0.313627

seq4/frame00041.png 86.971153 -36.247508 1.477297 0.638670 0.631803 0.300317 -0.320522

seq4/frame00042.png 87.009481 -35.649171 1.197649 0.656949 0.605140 0.304318 -0.331079

seq4/frame00043.png 86.991705 -35.012470 0.797584 0.659297 0.594676 0.311859 -0.338277

seq4/frame00044.png 86.798929 -34.119478 1.173600 0.644326 0.612431 0.319688 -0.327982

seq4/frame00045.png 86.708571 -33.856188 1.316746 0.638475 0.627670 0.293307 -0.335187

seq4/frame00046.png 85.976689 -33.749209 0.964811 0.669710 0.620631 0.260282 -0.313942

seq4/frame00047.png 85.950986 -33.947246 1.506894 0.648915 0.620914 0.263837 -0.351804

seq4/frame00048.png 85.256982 -34.264125 1.255661 0.649754 0.595713 0.296270 -0.367655

seq4/frame00049.png 84.574728 -34.379966 1.315500 0.623106 0.610844 0.301360 -0.384435

seq4/frame00050.png 83.868490 -34.634938 1.438975 0.629579 0.593574 0.310862 -0.393274

seq4/frame00051.png 83.171466 -34.719430 1.208698 0.640665 0.607467 0.293844 -0.366318

seq4/frame00052.png 82.619265 -35.107602 1.483949 0.630297 0.603736 0.295131 -0.388751

seq4/frame00053.png 82.100548 -35.552780 1.001701 0.627717 0.608682 0.303479 -0.378652

seq4/frame00054.png 81.477710 -35.649777 1.770162 0.606801 0.617877 0.300052 -0.399987

seq4/frame00055.png 81.195602 -36.173005 1.116883 0.629438 0.604646 0.285635 -0.395758

seq4/frame00056.png 80.905620 -36.680357 1.404890 0.610136 0.626900 0.308775 -0.373347

seq4/frame00057.png 80.277388 -36.506449 2.247316 0.631283 0.618846 0.295711 -0.362030

seq4/frame00058.png 79.790288 -36.802053 1.751957 0.609537 0.612601 0.318451 -0.389582

seq4/frame00059.png 79.007641 -37.101473 1.705218 0.588465 0.621596 0.331523 -0.396761

seq4/frame00060.png 79.020876 -38.136785 1.135181 0.615031 0.618619 0.313937 -0.374821

seq4/frame00061.png 78.532604 -38.413301 1.748112 0.634178 0.600895 0.319167 -0.367255

seq4/frame00062.png 78.040478 -38.910420 1.589880 0.641195 0.603747 0.300981 -0.365746

seq4/frame00063.png 77.170040 -39.812882 1.117976 0.657911 0.608774 0.263689 -0.356393

seq4/frame00064.png 76.547506 -39.775750 1.351168 0.660782 0.619238 0.248518 -0.343731

seq4/frame00065.png 76.516257 -40.079645 2.158235 0.640899 0.641215 0.231656 -0.352744

seq4/frame00066.png 75.708926 -40.781519 1.352212 0.650798 0.618015 0.252125 -0.361874

seq4/frame00067.png 75.308147 -41.276912 1.971464 0.638232 0.638487 0.244804 -0.353646

seq4/frame00068.png 74.862262 -42.121333 1.451952 0.652146 0.606923 0.285510 -0.353320

seq4/frame00069.png 74.207569 -42.713143 1.469626 0.661945 0.605455 0.292153 -0.331511

seq4/frame00070.png 73.374106 -42.730300 1.398236 0.660910 0.618305 0.275623 -0.323928

seq4/frame00071.png 72.938675 -43.148952 1.543233 0.652397 0.642631 0.259940 -0.306324

seq4/frame00072.png 72.170143 -43.070965 1.682374 0.643900 0.657612 0.253432 -0.297844

seq4/frame00073.png 71.649891 -43.809512 1.622418 0.637941 0.649346 0.265694 -0.317471

seq4/frame00074.png 71.167094 -43.613450 1.650159 0.639371 0.631003 0.294370 -0.326170

seq4/frame00075.png 70.922362 -43.883005 1.777232 0.629562 0.628053 0.296165 -0.348550

seq4/frame00076.png 70.866093 -43.434243 1.610704 0.627354 0.635042 0.270208 -0.360743

seq4/frame00077.png 70.582861 -42.731026 1.511805 0.653318 0.647686 0.250740 -0.301343

seq4/frame00078.png 70.639831 -41.853275 1.343460 0.680843 0.641964 0.219043 -0.276325

seq4/frame00079.png 70.741547 -41.809921 1.533081 0.659822 0.641506 0.251756 -0.299540

seq4/frame00080.png 70.919217 -41.159963 1.478292 0.655005 0.642905 0.251181 -0.307491

seq4/frame00081.png 70.766101 -40.375246 1.445157 0.656049 0.646879 0.248592 -0.298914

seq4/frame00082.png 71.148207 -39.947035 1.342685 0.662718 0.650650 0.246505 -0.276937

seq4/frame00083.png 71.375651 -38.355780 1.579874 0.651683 0.674736 0.248770 -0.241151

seq4/frame00084.png 71.804035 -38.244799 1.675703 0.677863 0.616425 0.281623 -0.284974

seq4/frame00085.png 72.619784 -38.164538 1.433973 0.662142 0.593768 0.306420 -0.339285

seq4/frame00086.png 72.684505 -37.417507 1.151366 0.652526 0.606331 0.307119 -0.335037

seq4/frame00087.png 72.560030 -35.971069 1.426498 0.624996 0.638745 0.308057 -0.326323

seq4/frame00088.png 73.031066 -35.779633 1.327813 0.625756 0.622313 0.329006 -0.336022

seq4/frame00089.png 73.692720 -34.827435 1.464427 0.639361 0.598837 0.318502 -0.362171

seq4/frame00090.png 73.749221 -33.721969 1.409521 0.615700 0.602660 0.338701 -0.378148

seq4/frame00091.png 73.724419 -33.599342 1.374353 0.614142 0.611140 0.331367 -0.373541

seq4/frame00092.png 74.037149 -32.963130 1.219482 0.608100 0.606461 0.348326 -0.375617

seq4/frame00093.png 73.667481 -32.148998 1.322399 0.619742 0.618953 0.323286 -0.358195

seq4/frame00094.png 73.575306 -31.416719 1.621036 0.598463 0.603659 0.363251 -0.381428

seq4/frame00095.png 73.148557 -30.951364 1.309195 0.618055 0.595328 0.349883 -0.375732

seq4/frame00096.png 72.731573 -30.526190 1.549202 0.595313 0.599047 0.372687 -0.384512

seq4/frame00097.png 72.165746 -30.289064 1.394078 0.602721 0.599695 0.354598 -0.389041

seq4/frame00098.png 71.342873 -30.185246 1.486311 0.612925 0.604247 0.331228 -0.386648

seq4/frame00099.png 70.645766 -30.234870 1.351856 0.619443 0.588187 0.327578 -0.403755

seq4/frame00100.png 69.907715 -30.270907 1.418483 0.610656 0.584974 0.340796 -0.410808

seq4/frame00101.png 70.185092 -30.995066 1.187862 0.610109 0.561354 0.353209 -0.433465

seq4/frame00102.png 69.469081 -31.246906 2.241136 0.576063 0.596083 0.363477 -0.425113

seq4/frame00103.png 68.727524 -31.381192 1.500950 0.579379 0.576252 0.379387 -0.433958

seq4/frame00104.png 68.481575 -31.826757 1.379402 0.592259 0.596892 0.345623 -0.416526

seq4/frame00105.png 67.854392 -31.892517 1.318650 0.635783 0.580958 0.324631 -0.391002

seq4/frame00106.png 67.493711 -32.483806 1.521077 0.637071 0.588490 0.320767 -0.380695

seq4/frame00107.png 67.301087 -33.119302 1.424195 0.622016 0.595785 0.308719 -0.403521

seq4/frame00108.png 66.481406 -33.202560 1.483362 0.638284 0.612710 0.296132 -0.359842

seq4/frame00109.png 65.997268 -33.065182 1.414365 0.648870 0.622833 0.268447 -0.344939

seq4/frame00110.png 65.571061 -33.897780 1.477009 0.663445 0.591723 0.291727 -0.352988

seq4/frame00111.png 64.890858 -33.867224 1.741617 0.652350 0.600329 0.304247 -0.348536

seq4/frame00112.png 64.120625 -34.033240 1.676550 0.637154 0.592916 0.304590 -0.386923

seq4/frame00113.png 63.635295 -34.826622 1.442049 0.621293 0.610859 0.306059 -0.383633

seq4/frame00114.png 62.933918 -34.944084 1.523712 0.614853 0.618144 0.311032 -0.378302

seq4/frame00115.png 62.102982 -35.106455 1.600462 0.636308 0.599187 0.316648 -0.368540

seq4/frame00116.png 61.434663 -35.281767 1.760700 0.618836 0.594708 0.334595 -0.389115

seq4/frame00117.png 61.044466 -35.825878 1.594699 0.611531 0.591300 0.348866 -0.393303

seq4/frame00118.png 60.351083 -36.079862 1.523280 0.615498 0.587865 0.330296 -0.408022

seq4/frame00119.png 59.843154 -36.602633 1.440279 0.658765 0.587442 0.302716 -0.359587

seq4/frame00120.png 58.309567 -36.342018 1.250287 0.662492 0.601594 0.285813 -0.342782

seq4/frame00121.png 58.425189 -37.604726 0.643565 0.642870 0.612394 0.290517 -0.356781

seq4/frame00122.png 57.723323 -37.836211 1.553295 0.642482 0.653437 0.255987 -0.307746

seq4/frame00123.png 57.356533 -38.154379 1.571515 0.679553 0.619220 0.260042 -0.295216

seq4/frame00124.png 57.035620 -38.611387 1.647438 0.682321 0.614097 0.255008 -0.303797

seq4/frame00125.png 56.454057 -39.422232 1.442836 0.680062 0.619436 0.252027 -0.300493

seq4/frame00126.png 55.901375 -39.709886 1.628641 0.663829 0.653525 0.233645 -0.278652

seq4/frame00127.png 55.573140 -39.312783 2.135034 0.673172 0.624346 0.242979 -0.313038

seq4/frame00128.png 55.251629 -39.817375 1.669303 0.664302 0.621277 0.258967 -0.325045

seq4/frame00129.png 54.826559 -38.824525 1.637433 0.663220 0.613838 0.273606 -0.329366

seq4/frame00130.png 54.632017 -38.655784 1.319745 0.666094 0.614449 0.273984 -0.322031

seq4/frame00131.png 54.569449 -37.510189 2.001247 0.684739 0.615672 0.253712 -0.296161

seq4/frame00132.png 54.596459 -37.038480 1.768505 0.668462 0.614883 0.275386 -0.315023

seq4/frame00133.png 54.538414 -36.135488 1.502241 0.689718 0.635276 0.236098 -0.254896

seq4/frame00134.png 54.612086 -35.477743 2.043167 0.670018 0.642377 0.243983 -0.280890

seq4/frame00135.png 54.757806 -34.728893 1.583024 0.675352 0.635531 0.238268 -0.288493

seq4/frame00136.png 54.618194 -33.943716 1.630083 0.665141 0.630797 0.260715 -0.302839

seq4/frame00137.png 54.665816 -33.430380 1.605455 0.662173 0.621815 0.277176 -0.313124

seq4/frame00138.png 54.759728 -32.933856 1.449223 0.655942 0.623046 0.281788 -0.319608

seq4/frame00139.png 54.575619 -31.523055 1.631774 0.662715 0.634095 0.267822 -0.294964

seq4/frame00140.png 54.671463 -31.124683 1.580921 0.659635 0.617270 0.288282 -0.317416

seq4/frame00141.png 54.524369 -30.660530 1.287309 0.673555 0.615780 0.271938 -0.305268

seq4/frame00142.png 54.472046 -29.626142 1.707893 0.644462 0.602799 0.322260 -0.342711

seq4/frame00143.png 54.131020 -28.818526 1.407250 0.643107 0.623388 0.298070 -0.330085

seq4/frame00144.png 53.818192 -28.251226 1.554002 0.647597 0.608109 0.312440 -0.336455

seq4/frame00145.png 53.501637 -27.631881 1.633651 0.654932 0.620525 0.289900 -0.319329

seq4/frame00146.png 53.122754 -26.933337 1.733867 0.643719 0.624455 0.280666 -0.341919

seq4/frame00147.png 52.561718 -26.620051 1.213731 0.658353 0.627163 0.263397 -0.322272

seq4/frame00148.png 51.996343 -26.062093 1.842897 0.666074 0.621810 0.258170 -0.321008

seq4/frame00149.png 51.224338 -26.337768 1.474211 0.668880 0.607161 0.281437 -0.323648

seq4/frame00150.png 50.875216 -26.125113 2.310016 0.644442 0.620749 0.271916 -0.354157

seq4/frame00151.png 49.799066 -26.261285 1.436392 0.664152 0.598346 0.291746 -0.340247

seq4/frame00152.png 49.196324 -26.323103 1.647222 0.664536 0.613842 0.276086 -0.324601

seq4/frame00153.png 48.512291 -26.514129 1.941834 0.625788 0.618556 0.316293 -0.354594

seq4/frame00154.png 47.791912 -26.876441 1.303490 0.663975 0.621051 0.286011 -0.302706

seq4/frame00155.png 47.295439 -27.412997 1.647568 0.684731 0.593662 0.286152 -0.311167

seq4/frame00156.png 46.789673 -28.241949 1.346812 0.675376 0.614284 0.270708 -0.305353

seq4/frame00157.png 46.394130 -28.553097 1.598555 0.679214 0.627368 0.241051 -0.294910

seq4/frame00158.png 46.152335 -29.202003 1.727979 0.674149 0.634932 0.246660 -0.285557

seq4/frame00159.png 45.717092 -29.912967 1.832272 0.670000 0.625202 0.243065 -0.318029

seq4/frame00160.png 45.176693 -30.881596 1.417637 0.664523 0.636656 0.240642 -0.308496

seq4/frame00161.png 44.798241 -31.563172 1.587673 0.687410 0.596464 0.225022 -0.347943

seq4/frame00162.png 44.442164 -32.140656 1.890555 0.707160 0.607916 0.217446 -0.288237

seq4/frame00163.png 43.868823 -32.615928 2.057959 0.690100 0.633043 0.203009 -0.286017

seq4/frame00164.png 43.569331 -33.143206 1.983651 0.685467 0.643276 0.188170 -0.284469

seq4/frame00165.png 43.000785 -33.786330 2.249432 0.669793 0.666353 0.155330 -0.288486

seq4/frame00166.png 42.614405 -33.919448 2.481565 0.683194 0.661175 0.148108 -0.272318

seq4/frame00167.png 41.963379 -34.588005 2.013009 0.681844 0.645587 0.169990 -0.299013

seq4/frame00168.png 41.196342 -34.706808 1.753129 0.697998 0.646183 0.159300 -0.264328

seq4/frame00169.png 40.735258 -34.745193 1.971078 0.707483 0.642736 0.152230 -0.251365

seq4/frame00170.png 39.987711 -34.808468 1.912759 0.714513 0.641882 0.157632 -0.229370

seq4/frame00171.png 39.633602 -34.895710 2.100637 0.716978 0.628410 0.185980 -0.237603

seq4/frame00172.png 39.108940 -34.828846 1.692476 0.712656 0.613603 0.215865 -0.262709

seq4/frame00173.png 38.751144 -34.298215 1.513364 0.712179 0.611635 0.199915 -0.280601

seq4/frame00174.png 38.751214 -33.803504 1.904477 0.698007 0.622286 0.211434 -0.284326

seq4/frame00175.png 38.541607 -33.207137 1.783067 0.700626 0.620508 0.201236 -0.289134

seq4/frame00176.png 38.390330 -32.814183 1.658538 0.714617 0.615719 0.195985 -0.267961

seq4/frame00177.png 38.342175 -32.345747 1.438934 0.717193 0.623303 0.175093 -0.257819

seq4/frame00178.png 38.578987 -31.297847 1.892677 0.722461 0.632067 0.168608 -0.223857

seq4/frame00179.png 38.634941 -30.927176 1.494139 0.705272 0.636611 0.185063 -0.251138

seq4/frame00180.png 38.724036 -29.842617 2.111270 0.694348 0.638630 0.197726 -0.266340

seq4/frame00181.png 38.910731 -29.311999 1.929620 0.683582 0.622931 0.229868 -0.303040

seq4/frame00182.png 38.864491 -28.745995 1.540181 0.690518 0.625488 0.208991 -0.297107

seq4/frame00183.png 39.206796 -27.794700 2.002536 0.677475 0.632113 0.223207 -0.302720

seq4/frame00184.png 39.358922 -27.436254 1.483377 0.694926 0.625353 0.222540 -0.276564

seq4/frame00185.png 39.660781 -26.455087 1.989888 0.696579 0.627499 0.205339 -0.280819

seq4/frame00186.png 39.505071 -25.892797 1.515054 0.701061 0.609411 0.237122 -0.284438

seq4/frame00187.png 39.673104 -25.064261 1.983653 0.686057 0.619740 0.239998 -0.296056

seq4/frame00188.png 39.450193 -24.506365 1.855615 0.688446 0.610495 0.228948 -0.317679

seq4/frame00189.png 39.198897 -24.147895 1.758817 0.694185 0.603254 0.225344 -0.321578

seq4/frame00190.png 38.829017 -23.664119 1.666262 0.707904 0.586463 0.251690 -0.302632

seq4/frame00191.png 38.297192 -23.496704 1.598776 0.710085 0.600760 0.240112 -0.277873

seq4/frame00192.png 37.671340 -23.126614 1.793631 0.698467 0.609635 0.232173 -0.294254

seq4/frame00193.png 37.016124 -22.910481 1.883565 0.685024 0.630810 0.210441 -0.297548

seq4/frame00194.png 36.375789 -23.162538 2.196223 0.680089 0.622583 0.225916 -0.314375

seq4/frame00195.png 35.764917 -23.389721 1.792192 0.650734 0.634003 0.243310 -0.339685

seq4/frame00196.png 35.194697 -23.558567 1.694305 0.717667 0.611018 0.203810 -0.264711

seq4/frame00197.png 34.620695 -24.174823 1.698763 0.698418 0.615966 0.226763 -0.285266

seq4/frame00198.png 34.220277 -24.311786 1.727095 0.683135 0.643046 0.210747 -0.274599

seq4/frame00199.png 33.716251 -24.555418 1.721294 0.699485 0.629800 0.198912 -0.272959

seq4/frame00200.png 33.228159 -25.068103 1.605595 0.678843 0.653498 0.196175 -0.271343

seq4/frame00201.png 32.670821 -25.528199 1.517157 0.699095 0.654462 0.179469 -0.225247

seq4/frame00202.png 32.464515 -25.871305 2.226960 0.720569 0.649428 0.154921 -0.187147

seq4/frame00203.png 31.843435 -26.287472 2.065325 0.716001 0.628065 0.201218 -0.228884

seq4/frame00204.png 31.287752 -26.915159 1.960296 0.700945 0.646495 0.175407 -0.244853

seq4/frame00205.png 30.588217 -27.200615 1.909291 0.688115 0.667357 0.153294 -0.240069

seq4/frame00206.png 30.225949 -27.854124 2.082220 0.692047 0.658223 0.147963 -0.256749

seq4/frame00207.png 29.714978 -28.239808 1.799422 0.710668 0.644592 0.152246 -0.237221

seq4/frame00208.png 29.010267 -29.285691 1.874206 0.744297 0.619600 0.163683 -0.187949

seq4/frame00209.png 28.739870 -29.412652 1.964481 0.722083 0.635388 0.171831 -0.212960

seq4/frame00210.png 28.030258 -30.061905 1.729520 0.718862 0.648952 0.161340 -0.189917

seq4/frame00211.png 27.809475 -30.827144 1.624927 0.716553 0.654428 0.157213 -0.183192

seq4/frame00212.png 27.024849 -30.912834 1.583584 0.709322 0.670707 0.124745 -0.177349

seq4/frame00213.png 26.699372 -31.324789 1.882743 0.711365 0.675884 0.082807 -0.174020

seq4/frame00214.png 26.078822 -31.453138 1.959973 0.724416 0.663248 0.104763 -0.156038

seq4/frame00215.png 25.817136 -31.602398 2.165331 0.737357 0.653182 0.108852 -0.133447

seq4/frame00216.png 25.394722 -31.382254 1.762384 0.741374 0.636030 0.116115 -0.179856

seq4/frame00217.png 25.159784 -30.847494 1.699682 0.754484 0.644438 0.078658 -0.096259

seq4/frame00218.png 25.307470 -29.936563 1.590627 0.761726 0.645891 0.024538 -0.044671

seq4/frame00219.png 24.936541 -29.541938 1.764570 0.742400 0.666275 0.033115 -0.061827

seq4/frame00220.png 24.510656 -28.793421 1.972489 0.750156 0.655882 0.053300 -0.065146

seq4/frame00221.png 24.352306 -28.009484 1.669919 0.758970 0.646157 0.068506 -0.041854

seq4/frame00222.png 24.871153 -26.985063 1.621208 0.773937 0.625238 0.072164 -0.069933

seq4/frame00223.png 24.432884 -26.325889 1.898922 0.753368 0.638458 0.103546 -0.118687

seq4/frame00224.png 24.504000 -25.440276 1.659000 0.737072 0.642026 0.134026 -0.162988

seq4/frame00225.png 24.428108 -24.523049 1.571819 0.737642 0.646628 0.122115 -0.151146

seq4/frame00226.png 24.368807 -23.772723 1.698409 0.747056 0.650602 0.082236 -0.108914

seq4/frame00227.png 24.093564 -23.103227 1.691106 0.740699 0.653435 0.104288 -0.116244

seq4/frame00228.png 23.854855 -22.445532 1.969687 0.745721 0.650932 0.096889 -0.103923

seq4/frame00229.png 23.573364 -21.904916 1.769119 0.757424 0.636372 0.091041 -0.114238

seq4/frame00230.png 23.015003 -21.480343 1.680447 0.743877 0.652534 0.088088 -0.114393

seq4/frame00231.png 22.483137 -21.122264 1.854831 0.739371 0.648744 0.124735 -0.130011

seq4/frame00232.png 21.843927 -20.750093 1.756769 0.738769 0.652541 0.118269 -0.120096

seq4/frame00233.png 21.311995 -20.425747 1.785228 0.746809 0.640619 0.117081 -0.134816

seq4/frame00234.png 20.521486 -20.248035 1.652496 0.744462 0.649460 0.100096 -0.118146

seq4/frame00235.png 19.943790 -19.992261 1.736542 0.738463 0.652601 0.118171 -0.121733

seq4/frame00236.png 19.177883 -19.808133 1.613862 0.751284 0.641920 0.080213 -0.130678

seq4/frame00237.png 18.667939 -19.536595 1.765909 0.728971 0.667832 0.092561 -0.118468

seq4/frame00238.png 17.920034 -19.400838 1.515776 0.731614 0.665834 0.119318 -0.084672

seq4/frame00239.png 17.232452 -19.169274 1.639233 0.731901 0.669222 0.105831 -0.072543

seq4/frame00240.png 16.671591 -18.955220 1.622793 0.735271 0.668105 0.091582 -0.068000

seq4/frame00241.png 16.237493 -18.637017 1.553533 0.740131 0.665410 0.050843 -0.082767

seq4/frame00242.png 16.158291 -18.142370 1.677447 0.754225 0.651607 0.042235 -0.069067

seq4/frame00243.png 16.235055 -17.857353 1.755905 0.760340 0.647102 0.011709 -0.054815

seq4/frame00244.png 16.714621 -17.362092 1.680268 0.758920 0.646197 0.035705 -0.072073

seq4/frame00245.png 17.053732 -17.036001 1.551324 0.780831 0.612775 0.053380 -0.109359

seq4/frame00246.png 17.675504 -16.694200 1.398174 0.782426 0.598224 0.111647 -0.132182

seq4/frame00247.png 18.342171 -16.360226 1.626744 0.789716 0.582180 0.113506 -0.156626

seq4/frame00248.png 19.027642 -16.188976 1.551661 0.793608 0.581033 0.111403 -0.142044

seq4/frame00249.png 19.612543 -15.884390 1.584850 0.803203 0.571463 0.119534 -0.118346

seq4/frame00250.png 20.314122 -15.578686 1.497707 0.807715 0.560199 0.114616 -0.143656

seq4/frame00251.png 20.797592 -15.250452 1.489888 0.791080 0.581791 0.117957 -0.147641

seq4/frame00252.png 21.377681 -14.925295 1.592255 0.790695 0.583490 0.114034 -0.146070

seq4/frame00253.png 21.878636 -14.720715 1.561571 0.771158 0.603899 0.142631 -0.142401

seq4/frame00254.png 22.138114 -14.517468 1.441678 0.775460 0.610373 0.105563 -0.122323

seq4/frame00255.png 22.202164 -14.720541 1.433445 0.765456 0.607867 0.147646 -0.150914

seq4/frame00256.png 21.928892 -14.794787 1.459057 0.777942 0.607503 0.106819 -0.119732

seq4/frame00257.png 21.304221 -14.831363 1.384616 0.765738 0.617025 0.108318 -0.145576

seq4/frame00258.png 20.710146 -14.872388 1.453743 0.769741 0.618057 0.068502 -0.144263

seq4/frame00259.png 20.110105 -14.952197 1.550400 0.772647 0.620471 0.052003 -0.123804

seq4/frame00260.png 19.217458 -15.080093 1.555537 0.780286 0.605171 0.078719 -0.136843

seq4/frame00261.png 18.518320 -15.072352 1.441915 0.783264 0.614054 0.051119 -0.082602

seq4/frame00262.png 17.567852 -15.127241 1.548962 0.776340 0.621435 0.075941 -0.073129

seq4/frame00263.png 16.845242 -15.219136 1.478017 0.779444 0.619776 0.038236 -0.082961

seq4/frame00264.png 15.921990 -15.194896 1.704757 0.762361 0.643377 0.024697 -0.065283

seq4/frame00265.png 15.312656 -15.307976 1.611979 0.759211 0.648527 0.028046 -0.047174

seq4/frame00266.png 14.577178 -15.261685 1.853164 0.744184 0.665959 -0.007605 -0.051294

seq4/frame00267.png 13.807739 -15.206246 1.635237 0.768325 0.639451 0.000696 -0.027906

seq4/frame00268.png 13.061207 -15.293600 1.740219 0.761354 0.647234 0.008037 -0.036928

seq4/frame00269.png 12.360082 -15.211727 1.745190 0.753609 0.656951 -0.021566 -0.004848

seq4/frame00270.png 11.618266 -15.236617 1.779949 0.781547 0.620747 -0.047085 0.040510

seq4/frame00271.png 10.673446 -15.191868 1.747889 0.789404 0.604421 -0.077072 0.074674

seq4/frame00272.png 9.963219 -15.063412 1.677953 0.791186 0.604549 -0.080989 0.044566

seq4/frame00273.png 9.152625 -15.106633 1.647882 0.774410 0.624581 -0.093436 0.038189

seq4/frame00274.png 8.409606 -15.092696 1.539959 0.773305 0.627452 -0.089610 0.016539

seq4/frame00275.png 7.698626 -15.119574 1.629145 0.765426 0.633425 -0.110853 0.024637

seq4/frame00276.png 6.988290 -14.918009 1.798336 0.762988 0.631454 -0.126662 0.055422

seq4/frame00277.png 6.295878 -14.884896 1.767861 0.794779 0.583283 -0.129558 0.106405

seq4/frame00278.png 5.673774 -14.564777 1.612614 0.796555 0.570858 -0.132631 0.148424

seq4/frame00279.png 5.209276 -14.598315 1.436568 0.840559 0.517580 -0.126194 0.098222

seq4/frame00280.png 5.223088 -14.701604 1.838240 0.803439 0.569765 -0.116408 0.127681

seq4/frame00281.png 5.525338 -14.852867 1.683077 0.786837 0.586254 -0.139659 0.133001

seq4/frame00282.png 6.146545 -14.824652 1.639376 0.796108 0.592590 -0.081874 0.091352

seq4/frame00283.png 6.864028 -15.043727 1.604122 0.796918 0.586155 -0.090682 0.114544

seq4/frame00284.png 7.666077 -15.399806 1.958141 0.787124 0.599347 -0.091127 0.113644

seq4/frame00285.png 8.172398 -15.433660 1.450520 0.807470 0.570050 -0.077999 0.130198

seq4/frame00286.png 8.879869 -15.593578 1.578277 0.808307 0.572289 -0.072057 0.118036

seq4/frame00287.png 9.668965 -15.852264 1.542626 0.805944 0.583917 -0.065080 0.072528

seq4/frame00288.png 10.310801 -16.030554 1.642129 0.798605 0.591454 -0.090471 0.065019

seq4/frame00289.png 11.045098 -16.464317 1.642664 0.815612 0.574596 -0.051730 0.044042

seq4/frame00290.png 11.571778 -16.839055 1.652535 0.812485 0.579306 -0.039441 0.052130

seq4/frame00291.png 11.856271 -17.293488 2.024242 0.799767 0.590778 -0.069636 0.080656

seq4/frame00292.png 11.934129 -17.837616 2.475040 0.755840 0.621882 -0.127480 0.160368

seq4/frame00293.png 11.925046 -17.942922 1.582337 0.759781 0.617979 -0.144702 0.141057

seq4/frame00294.png 11.988191 -18.818669 1.930790 0.782379 0.617644 -0.079911 -0.003704

seq4/frame00295.png 12.235363 -19.429306 1.993599 0.788862 0.613382 -0.015208 -0.035054

seq4/frame00296.png 12.529667 -20.327199 1.964011 0.769775 0.629768 -0.102863 -0.016045

seq4/frame00297.png 12.908654 -20.610632 2.077158 0.773693 0.629488 -0.071684 -0.002376

seq4/frame00298.png 13.341166 -21.577914 1.845087 0.787379 0.614564 -0.027978 0.039531

seq4/frame00299.png 13.593138 -21.935964 1.747607 0.782155 0.620591 -0.028980 0.047548

seq4/frame00300.png 14.101899 -22.702277 1.821468 0.784569 0.619179 -0.008705 0.031519

seq4/frame00301.png 14.560974 -23.303857 1.883570 0.783007 0.621968 0.004253 0.006149

seq4/frame00302.png 14.733173 -24.231385 1.810654 0.783340 0.620654 -0.016974 0.029646

seq4/frame00303.png 14.937261 -24.723384 1.852742 0.764569 0.642722 -0.038018 0.029951

seq4/frame00304.png 15.219055 -25.179950 1.852245 0.760743 0.643664 -0.062877 0.054891

seq4/frame00305.png 15.179455 -25.676934 1.765688 0.776155 0.630241 -0.015186 0.012183

seq4/frame00306.png 15.416818 -26.466886 1.885505 0.784461 0.619830 0.018244 -0.009890

seq4/frame00307.png 15.302010 -26.859121 2.148520 0.770497 0.636082 -0.011728 -0.039961

seq4/frame00308.png 15.274687 -27.492570 2.192704 0.761580 0.646394 0.004684 -0.046360

seq4/frame00309.png 15.234156 -27.962148 2.115538 0.757187 0.651423 0.006590 -0.047667

seq4/frame00310.png 15.457481 -28.359810 2.095130 0.755847 0.654161 -0.011090 -0.025396

seq4/frame00311.png 15.313286 -28.762625 2.041073 0.758508 0.651358 0.009607 -0.017460

seq4/frame00312.png 15.047536 -29.023613 1.797552 0.767618 0.640496 -0.014966 -0.017421

seq4/frame00313.png 14.375334 -28.992278 1.913826 0.782205 0.621847 -0.037172 -0.008983

seq4/frame00314.png 13.800317 -28.782230 1.956505 0.784961 0.617490 -0.030866 0.039872

seq4/frame00315.png 13.048580 -28.468590 2.110011 0.772080 0.632014 -0.054228 0.038862

seq4/frame00316.png 12.813777 -27.949599 2.239520 0.772914 0.626578 -0.078574 0.061885

seq4/frame00317.png 12.192842 -27.371099 2.153194 0.772760 0.626138 -0.091360 0.049466

seq4/frame00318.png 11.770126 -26.688605 2.097368 0.777386 0.624002 -0.066738 0.042875

seq4/frame00319.png 11.647407 -26.383701 1.999645 0.774680 0.623478 -0.077115 0.072107

seq4/frame00320.png 11.056919 -25.672885 1.942310 0.777947 0.625947 -0.032641 0.043846

seq4/frame00321.png 10.655775 -25.144906 1.945026 0.773828 0.628552 -0.069918 0.034997

seq4/frame00322.png 10.295920 -24.573265 1.918439 0.776942 0.617847 -0.096213 0.073269

seq4/frame00323.png 10.058748 -24.071969 1.890073 0.773049 0.623695 -0.102144 0.054472

seq4/frame00324.png 9.343722 -23.294154 1.683220 0.790936 0.605931 -0.076937 0.036716

seq4/frame00325.png 9.094574 -22.621727 1.863711 0.784371 0.613157 -0.066306 0.066361

seq4/frame00326.png 8.947160 -22.097882 1.710205 0.803634 0.586575 -0.077335 0.064203

seq4/frame00327.png 8.439396 -21.408421 1.903280 0.804149 0.582167 -0.089849 0.079701

seq4/frame00328.png 8.333564 -20.732124 1.679765 0.807835 0.578003 -0.098753 0.059686

seq4/frame00329.png 7.966848 -20.211192 1.655060 0.815939 0.566551 -0.088390 0.073825

seq4/frame00330.png 7.690237 -19.446466 1.822388 0.807741 0.572472 -0.101663 0.097443

seq4/frame00331.png 7.401986 -18.692244 1.541106 0.806079 0.567183 -0.118614 0.120296

seq4/frame00332.png 7.108988 -17.989502 1.619154 0.792403 0.585418 -0.128951 0.112938

seq4/frame00333.png 6.657994 -17.558641 1.868879 0.787807 0.594263 -0.121101 0.107453

seq4/frame00334.png 6.138321 -17.366646 1.698330 0.788944 0.595494 -0.136041 0.066693

seq4/frame00335.png 5.581146 -17.437590 1.897400 0.768084 0.630376 -0.111762 0.013477

seq4/frame00336.png 5.053123 -17.866103 1.823490 0.782191 0.616474 -0.089677 0.009745

seq4/frame00337.png 4.556852 -17.807727 1.836990 0.773831 0.629782 -0.059134 -0.032612

seq4/frame00338.png 4.095936 -18.115277 1.819792 0.764129 0.640478 -0.042407 -0.064005

seq4/frame00339.png 3.536087 -18.200457 1.653706 0.777731 0.624055 -0.053646 -0.053028

seq4/frame00340.png 3.105193 -18.400073 1.932382 0.817804 0.568858 -0.082951 0.026776

seq4/frame00341.png 2.553191 -18.778687 1.709332 0.818276 0.560335 -0.108919 0.067723

seq4/frame00342.png 1.973688 -19.013232 1.450829 0.810441 0.563038 -0.102968 0.124784

seq4/frame00343.png 1.437261 -19.717108 2.189753 0.791501 0.577926 -0.137225 0.143861

seq4/frame00344.png 1.139706 -20.101402 2.082199 0.782974 0.576743 -0.164241 0.165360

seq4/frame00345.png 1.295901 -20.678217 1.760963 0.787644 0.558323 -0.169522 0.197878

seq4/frame00346.png 1.319421 -21.302278 1.799234 0.769789 0.584211 -0.179580 0.184049

seq4/frame00347.png 1.445969 -21.981893 2.064724 0.775194 0.575393 -0.157193 0.208058

seq4/frame00348.png 1.475070 -22.691567 2.063931 0.757786 0.586949 -0.186558 0.215519

seq4/frame00349.png 1.509408 -23.312464 2.232754 0.747189 0.583168 -0.201793 0.246787

seq4/frame00350.png 1.239715 -24.203644 1.995785 0.716238 0.570443 -0.263264 0.303793

seq4/frame00351.png 1.390339 -24.461537 1.977281 0.701923 0.540135 -0.292935 0.360204

seq4/frame00352.png 0.877495 -24.888042 1.963018 0.746402 0.574234 -0.203992 0.267444

seq4/frame00353.png 0.449140 -25.471752 2.053298 0.747932 0.591309 -0.202587 0.223406

seq4/frame00354.png -0.122155 -25.618291 2.283524 0.741215 0.618200 -0.173486 0.195785

seq4/frame00355.png -0.635001 -25.974847 1.888665 0.774941 0.589474 -0.163085 0.159342

seq4/frame00356.png -1.537354 -25.772275 2.029883 0.809332 0.562974 -0.129985 0.105578

seq4/frame00357.png -1.940719 -25.725609 1.719069 0.805126 0.565545 -0.129757 0.122856

seq4/frame00358.png -2.845844 -25.208893 1.773396 0.808484 0.571643 -0.110941 0.085266

seq4/frame00359.png -3.558296 -24.867044 1.794487 0.807232 0.572552 -0.129988 0.060529

seq4/frame00360.png -3.813163 -24.479102 2.298339 0.809307 0.550670 -0.145801 0.143271

seq4/frame00361.png -3.693327 -23.568923 1.768448 0.774557 0.567672 -0.183936 0.209709

seq4/frame00362.png -3.879252 -22.927425 1.634818 0.754990 0.585683 -0.182562 0.231597

seq4/frame00363.png -3.985703 -22.155454 1.930113 0.735445 0.607398 -0.189465 0.233007

seq4/frame00364.png -3.923881 -21.710465 1.810282 0.726049 0.602756 -0.220059 0.247209

seq4/frame00365.png -3.957294 -20.869271 1.978601 0.723660 0.602539 -0.209815 0.263135

seq4/frame00366.png -4.109328 -20.419862 2.120302 0.710796 0.571394 -0.269732 0.309068

seq4/frame00367.png -4.169491 -19.667349 1.849776 0.705798 0.583786 -0.256919 0.308280

seq4/frame00368.png -4.480967 -18.921767 1.866627 0.699151 0.603164 -0.242058 0.297974

seq4/frame00369.png -4.674100 -18.304737 1.755886 0.698351 0.614973 -0.239278 0.277238

seq4/frame00370.png -5.139406 -17.752760 1.869652 0.693665 0.625191 -0.227205 0.276302

seq4/frame00371.png -5.218655 -16.978784 1.746216 0.687141 0.627305 -0.251108 0.266965

seq4/frame00372.png -5.627283 -16.551414 1.640516 0.708214 0.602702 -0.260784 0.259181

seq4/frame00373.png -5.907973 -15.841118 1.734432 0.693678 0.596996 -0.285060 0.284864

seq4/frame00374.png -6.197415 -15.239819 1.756607 0.669335 0.596753 -0.292954 0.331745

seq4/frame00375.png -6.632543 -14.839220 1.650120 0.682019 0.583533 -0.310124 0.313308

seq4/frame00376.png -6.786841 -14.292205 1.825235 0.719517 0.568912 -0.276167 0.286995

seq4/frame00377.png -7.317077 -14.141623 1.696840 0.736325 0.575916 -0.276006 0.223533

seq4/frame00378.png -7.683078 -14.341435 1.855245 0.720797 0.557395 -0.335128 0.239691

seq4/frame00379.png -8.103073 -14.728668 1.695758 0.706399 0.548824 -0.343705 0.285762

seq4/frame00380.png -8.459579 -15.309007 1.667173 0.706161 0.577769 -0.282789 0.295888

seq4/frame00381.png -8.533465 -15.877897 1.733612 0.688109 0.578654 -0.312190 0.306924

seq4/frame00382.png -8.926084 -16.582582 2.112374 0.661989 0.593503 -0.332723 0.314357

seq4/frame00383.png -9.616604 -17.372939 1.752165 0.640457 0.585229 -0.321011 0.379833

seq4/frame00384.png -10.061350 -17.908346 1.650820 0.664368 0.576277 -0.319374 0.352874

seq4/frame00385.png -10.428148 -18.476497 1.878232 0.641479 0.605126 -0.319838 0.346455

seq4/frame00386.png -10.395593 -18.847735 1.616381 0.676022 0.595793 -0.304677 0.308539

seq4/frame00387.png -10.858024 -19.322511 2.173635 0.670010 0.599053 -0.288496 0.330140

seq4/frame00388.png -11.260170 -19.809448 1.828716 0.698283 0.580444 -0.278318 0.313089

seq4/frame00389.png -11.305357 -20.371364 1.691218 0.699756 0.598398 -0.276719 0.275116

seq4/frame00390.png -11.530677 -20.588216 1.808118 0.670847 0.644812 -0.267172 0.250601

seq4/frame00391.png -12.000386 -21.066430 1.663784 0.694021 0.664495 -0.209777 0.181038

seq4/frame00392.png -12.508058 -21.663525 1.789227 0.710656 0.643487 -0.206179 0.195912

seq4/frame00393.png -13.064367 -21.700322 1.840915 0.705012 0.617507 -0.270848 0.219738

seq4/frame00394.png -13.802287 -21.469989 1.694173 0.695715 0.640385 -0.224474 0.235584

seq4/frame00395.png -14.468745 -21.691807 1.753753 0.679738 0.633342 -0.246137 0.276135

seq4/frame00396.png -15.287762 -21.491083 1.721725 0.698899 0.595037 -0.263765 0.296478

seq4/frame00397.png -15.880931 -21.517899 1.681341 0.689929 0.611522 -0.279263 0.268423

seq4/frame00398.png -16.612009 -21.234734 1.782205 0.698598 0.601268 -0.292586 0.254620

seq4/frame00399.png -17.132704 -21.120703 1.986603 0.655737 0.604509 -0.318290 0.321356

seq4/frame00400.png -17.781313 -20.797974 1.771281 0.657659 0.631155 -0.285082 0.296404

seq4/frame00401.png -18.261750 -20.552622 1.835221 0.640121 0.621380 -0.309084 0.329545

seq4/frame00402.png -18.709447 -20.021299 2.080135 0.631934 0.611587 -0.330498 0.342624

seq4/frame00403.png -19.175220 -19.477810 1.916620 0.606541 0.568319 -0.391314 0.394963

seq4/frame00404.png -19.239596 -19.088010 1.673610 0.616619 0.542817 -0.406050 0.400317

seq4/frame00405.png -19.264019 -18.671250 1.866878 0.598859 0.532676 -0.405118 0.439891

seq4/frame00406.png -19.413756 -18.415668 1.883743 0.565492 0.525262 -0.423098 0.474665

seq4/frame00407.png -19.352667 -18.101585 1.675632 0.611485 0.527142 -0.399200 0.434565

seq4/frame00408.png -19.393216 -17.734691 1.691426 0.631213 0.555848 -0.352997 0.409875

seq4/frame00409.png -19.479408 -17.188209 1.704281 0.627477 0.585845 -0.351119 0.373862

seq4/frame00410.png -19.452099 -16.627706 2.069184 0.628827 0.574007 -0.348247 0.392195

seq4/frame00411.png -19.624123 -16.155899 1.561284 0.627219 0.545624 -0.375939 0.409341

seq4/frame00412.png -19.702462 -15.468950 1.656767 0.635495 0.542379 -0.360140 0.415055

seq4/frame00413.png -19.717723 -14.792072 1.476403 0.618481 0.541161 -0.365751 0.436867

seq4/frame00414.png -19.686951 -14.076643 1.508591 0.641267 0.562956 -0.351468 0.385132

seq4/frame00415.png -19.936265 -13.413183 1.903097 0.636969 0.544650 -0.378590 0.392806

seq4/frame00416.png -19.629474 -12.591981 1.282772 0.639146 0.567207 -0.354990 0.379145

seq4/frame00417.png -19.849455 -11.841538 1.650411 0.653045 0.585150 -0.332590 0.347153

seq4/frame00418.png -19.993023 -11.355697 1.772389 0.666995 0.577476 -0.325575 0.340060

seq4/frame00419.png -20.146014 -11.110591 1.829322 0.661192 0.576518 -0.320745 0.357176

seq4/frame00420.png -20.395869 -11.064090 1.665708 0.655739 0.585179 -0.337854 0.336789

seq4/frame00421.png -20.703605 -11.344522 1.824065 0.643008 0.551050 -0.348801 0.401525

seq4/frame00422.png -21.026325 -11.296338 1.811062 0.617298 0.528372 -0.356528 0.461144

seq4/frame00423.png -21.326023 -11.410096 1.685238 0.624304 0.524197 -0.353134 0.459084

seq4/frame00424.png -21.696528 -11.736393 1.568643 0.598463 0.579269 -0.313057 0.456383

seq4/frame00425.png -21.966314 -12.146900 1.618177 0.609742 0.567301 -0.308978 0.459258

seq4/frame00426.png -22.626180 -12.672200 1.711270 0.634128 0.550551 -0.304966 0.449189

seq4/frame00427.png -22.855559 -13.421614 1.525304 0.619467 0.590958 -0.328691 0.398736

seq4/frame00428.png -23.317640 -14.169880 1.661265 0.637696 0.544693 -0.335200 0.429295

seq4/frame00429.png -23.479199 -14.794589 1.601525 0.629572 0.556192 -0.336432 0.425562

seq4/frame00430.png -23.832942 -15.395713 1.760576 0.608050 0.599331 -0.308031 0.419755

seq4/frame00431.png -24.095053 -16.247301 1.508041 0.590258 0.602087 -0.301371 0.445266

seq4/frame00432.png -24.423711 -16.450604 1.899948 0.603789 0.616850 -0.280334 0.419939

seq4/frame00433.png -24.733679 -17.268865 1.715033 0.631417 0.589775 -0.273817 0.422495

seq4/frame00434.png -25.060048 -17.786180 1.682156 0.642644 0.572415 -0.323855 0.393024

seq4/frame00435.png -25.634693 -18.494658 1.546855 0.637788 0.553543 -0.340380 0.413470

seq4/frame00436.png -25.967042 -18.756408 1.437743 0.671130 0.564222 -0.304981 0.371785

seq4/frame00437.png -26.302509 -19.062397 1.785991 0.684897 0.557022 -0.306008 0.356373

seq4/frame00438.png -26.626498 -19.426306 1.934466 0.681344 0.559184 -0.325756 0.342005

seq4/frame00439.png -26.846758 -19.813803 1.914267 0.665139 0.569565 -0.325322 0.356863

seq4/frame00440.png -27.330945 -20.305845 1.647693 0.648304 0.580126 -0.329498 0.366860

seq4/frame00441.png -27.500131 -20.500110 1.634768 0.658014 0.600805 -0.333899 0.307512

seq4/frame00442.png -27.722003 -20.532470 1.735708 0.625598 0.626389 -0.358890 0.295738

seq4/frame00443.png -27.433121 -19.961903 1.952022 0.608978 0.581398 -0.398998 0.363212

seq4/frame00444.png -27.199182 -19.370423 1.685500 0.620806 0.567300 -0.377547 0.387594

seq4/frame00445.png -26.926990 -18.637054 2.058496 0.605179 0.569651 -0.389208 0.397207

seq4/frame00446.png -26.895498 -18.030864 1.665298 0.609165 0.548899 -0.386170 0.422494

seq4/frame00447.png -27.310476 -17.514609 1.668928 0.613777 0.556898 -0.393090 0.398274

seq4/frame00448.png -27.232473 -16.796576 1.768850 0.628328 0.550876 -0.406621 0.369322

seq4/frame00449.png -27.666447 -16.237643 1.883823 0.604607 0.544197 -0.430902 0.390669

seq4/frame00450.png -28.157705 -15.932856 1.209248 0.627385 0.543357 -0.397337 0.391504

seq4/frame00451.png -28.675232 -15.385351 1.528444 0.646937 0.556342 -0.376892 0.360427

seq4/frame00452.png -29.275241 -15.081525 1.453200 0.650278 0.549874 -0.380749 0.360288

seq4/frame00453.png -29.547437 -14.328202 1.623906 0.650768 0.553763 -0.378853 0.355412

seq4/frame00454.png -30.042634 -13.777926 1.730959 0.627665 0.537486 -0.389790 0.406459

seq4/frame00455.png -30.471514 -13.179323 1.691417 0.622560 0.544597 -0.373534 0.419886

seq4/frame00456.png -30.974150 -12.653911 1.511528 0.633901 0.532846 -0.385984 0.406525

seq4/frame00457.png -31.536239 -12.062823 1.684728 0.646581 0.521767 -0.381565 0.405093

seq4/frame00458.png -31.743501 -11.448591 1.670774 0.623995 0.528090 -0.394761 0.419422

seq4/frame00459.png -32.271431 -10.923285 1.702894 0.613647 0.519190 -0.397972 0.442151

seq4/frame00460.png -32.829475 -10.360286 1.533259 0.616345 0.527441 -0.394862 0.431287

seq4/frame00461.png -33.136884 -9.838409 1.696742 0.604886 0.534064 -0.391014 0.442716

seq4/frame00462.png -33.693715 -9.354693 1.630635 0.585329 0.525498 -0.423265 0.449542

seq4/frame00463.png -34.159624 -8.946381 1.568287 0.623375 0.535878 -0.399926 0.405337

seq4/frame00464.png -34.789024 -8.637513 1.491058 0.631549 0.555213 -0.392172 0.372941

seq4/frame00465.png -35.116529 -8.186052 1.565193 0.629119 0.569378 -0.397934 0.348807

seq4/frame00466.png -35.720091 -8.067161 1.463408 0.611903 0.505450 -0.414021 0.445737

seq4/frame00467.png -36.233177 -8.043838 1.519995 0.624310 0.511496 -0.419584 0.415402

seq4/frame00468.png -36.831248 -8.164736 1.790725 0.600033 0.509335 -0.402621 0.467370

seq4/frame00469.png -37.507533 -8.260116 1.477780 0.618312 0.494678 -0.412070 0.450757

seq4/frame00470.png -38.167016 -8.295662 1.683662 0.588985 0.494641 -0.410888 0.489488

seq4/frame00471.png -38.654989 -8.301351 1.613734 0.547837 0.471137 -0.468683 0.508174

seq4/frame00472.png -38.998734 -8.132408 1.751439 0.544787 0.495254 -0.466169 0.490528

seq4/frame00473.png -39.748284 -8.092716 1.496669 0.544269 0.486858 -0.469107 0.496668

seq4/frame00474.png -40.038815 -7.878654 1.660927 0.554117 0.506398 -0.447527 0.486041

seq4/frame00475.png -40.705155 -7.981346 1.546030 0.597944 0.489750 -0.422870 0.473062

seq4/frame00476.png -41.394648 -8.371173 1.638878 0.529918 0.521013 -0.457448 0.488338

seq4/frame00477.png -41.624644 -8.813890 1.571205 0.562957 0.522966 -0.438717 0.465954

seq4/frame00478.png -42.235684 -9.486511 1.026555 0.575388 0.515122 -0.426992 0.470379

seq4/frame00479.png -42.537845 -10.346115 1.430905 0.570892 0.523630 -0.418072 0.474457

seq4/frame00480.png -42.454210 -10.809304 1.375910 0.573584 0.528266 -0.395428 0.485359

seq4/frame00481.png -42.473726 -11.645430 1.354922 0.582412 0.540837 -0.415495 0.442329

seq4/frame00482.png -42.555349 -12.352885 1.617559 0.575350 0.520527 -0.430290 0.461384

seq4/frame00483.png -42.358549 -12.788014 1.542841 0.598020 0.542743 -0.400958 0.432475

seq4/frame00484.png -42.354732 -13.462049 1.566782 0.612224 0.550834 -0.386211 0.415457

seq4/frame00485.png -42.111603 -13.992928 1.869904 0.620894 0.559860 -0.380435 0.395369

seq4/frame00486.png -42.069351 -14.340038 1.782870 0.613457 0.565100 -0.376375 0.403329

seq4/frame00487.png -42.748060 -15.138555 1.669758 0.601479 0.550273 -0.374778 0.441548

seq4/frame00488.png -42.483147 -15.028248 1.712767 0.599165 0.533960 -0.385837 0.454993

seq4/frame00489.png -42.445774 -14.961463 1.745428 0.587617 0.537368 -0.391141 0.461466

