0,98398.3515625
1,60632.65625
2,42532.3164062
3,33972.1289062
4,24969.4960938
5,19410.9628906
6,20619.0761719
7,15382.8427734
8,14767.6816406
9,11996.3964844
10,12679.3789062
11,10879.9638672
12,10579.5195312
13,9651.15722656
14,9458.39257812
15,9635.07910156
16,8385.90625
17,8956.09570312
18,8652.57910156
19,7005.30664062
20,8122.73193359
21,7572.63183594
22,7896.71289062
23,6845.82324219
24,7291.78613281
25,6607.95019531
26,7025.11083984
27,6920.73144531
28,6485.6640625
29,6339.87207031
30,6074.79394531
31,6569.05908203
32,6202.05664062
33,6082.3203125
34,6401.89794922
35,5665.34960938
36,5735.44042969
37,5456.98046875
38,5332.51904297
39,5373.71777344
40,5371.49755859
41,4922.74511719
42,5018.94824219
43,5168.61376953
44,5302.06152344
45,5035.26464844
46,4837.92138672
47,5234.99560547
48,4659.35839844
49,4434.05517578
50,4936.88085938
51,4875.90087891
52,4441.00537109
53,4506.66210938
54,4687.60595703
55,4572.65527344
56,4301.62597656
57,4109.55029297
58,4308.06005859
59,4420.31542969
60,4349.33056641
61,3998.13818359
62,4466.86669922
63,4101.84277344
64,4670.9765625
65,4343.03662109
66,4026.70239258
67,3995.69018555
68,4035.578125
69,4229.59228516
70,3837.12158203
71,3709.86206055
72,3920.45874023
73,4012.81591797
74,3677.02685547
75,3765.49804688
76,3408.95385742
77,3750.14160156
78,3444.76928711
79,3698.13867188
80,3619.70385742
81,3751.80786133
82,3304.69042969
83,3415.70410156
84,3614.24609375
85,3290.98413086
86,3283.25488281
87,3147.1184082
88,3383.99389648
89,3322.72021484
90,3027.80297852
91,3020.13989258
92,3021.73413086
93,2963.93701172
94,3110.69799805
95,3171.93945312
96,2895.62011719
97,2980.93164062
98,2869.10473633
99,3011.47119141
100,2811.21118164
101,2686.53271484
102,2732.74438477
103,2637.98046875
104,2779.71459961
105,2438.00537109
106,2489.13964844
107,2576.18457031
108,2513.23144531
109,2257.68408203
110,2351.92382812
111,2405.48339844
112,2509.60839844
113,2288.36987305
114,2273.54516602
115,2352.63964844
116,2341.41674805
117,2423.7331543
118,2336.58105469
119,2205.17944336
120,2321.01000977
121,2261.30053711
122,2246.87231445
123,2363.13720703
124,2102.75512695
125,2061.25268555
126,2168.57885742
127,2146.85644531
128,2155.5715332
129,2146.51416016
130,2145.09155273
131,2112.56152344
132,2137.21313477
133,2200.74780273
134,2195.19067383
135,2301.7331543
136,2095.44555664
137,2144.71704102
138,2086.23413086
139,2112.2746582
140,2049.9831543
141,2113.84545898
142,1985.92834473
143,2222.01977539
144,2135.90893555
145,2254.71948242
146,2051.96337891
147,2102.58056641
148,2179.62353516
149,2108.58569336
150,2156.55737305
151,2065.34570312
152,2125.09545898
153,2141.80371094
154,2020.20825195
155,1988.63574219
156,1988.78381348
157,2014.32006836
158,1950.23486328
159,1894.37390137
160,2003.15270996
161,2009.64233398
162,2134.49902344
163,2014.80786133
164,1958.7097168
165,1993.74560547
166,1924.65002441
167,1981.56945801
168,1915.75866699
169,1998.58105469
170,1894.54626465
171,1877.47424316
172,1866.27697754
173,2087.48242188
174,1998.87536621
175,2047.2421875
176,1891.24377441
177,1998.77038574
178,1922.80554199
179,2031.93994141
180,2004.59460449
181,1861.62414551
182,1908.33654785
183,1974.3762207
184,1774.71838379
185,2063.75048828
186,1891.46459961
187,1991.24084473
188,1958.42431641
189,1836.26538086
190,1918.74804688
191,2017.6697998
192,1911.49987793
193,1741.92944336
194,1873.46801758
195,1939.23266602
196,2014.8001709
197,1964.76306152
198,1717.17687988
199,1871.25292969
200,1932.29309082
201,1928.49438477
202,1911.6385498
203,1828.97924805
204,1992.93212891
205,1943.17895508
206,1975.74768066
207,1874.60058594
208,1949.34533691
209,2051.32104492
210,1829.09179688
211,2035.99682617
212,1847.40490723
213,1751.7746582
214,1921.78625488
215,1780.37756348
216,1985.47167969
217,1695.57275391
218,1795.38220215
219,1786.38049316
220,1739.90344238
221,1814.90197754
222,1802.49023438
223,1805.7166748
224,1950.97424316
225,1811.88757324
226,1862.54223633
227,1827.30358887
228,1893.6751709
229,1705.31994629
230,1703.99804688
231,1701.21948242
232,1822.33496094
233,1717.61120605
234,1837.5378418
235,1756.63232422
236,1757.00146484
237,1771.01428223
238,1878.65319824
239,1810.74963379
240,1697.47607422
241,1907.06115723
242,1665.16333008
243,1800.70507812
244,1858.86535645
245,1796.1776123
246,1698.57800293
247,1804.87744141
248,1563.86157227
249,1705.49584961
250,1700.41149902
251,1738.43884277
252,1755.27502441
253,1685.43859863
254,1735.32836914
255,1705.88989258
256,1719.93310547
257,1693.68261719
258,1681.2689209
259,1698.64428711
260,1651.66931152
261,1631.23059082
262,1714.38989258
263,1704.43945312
264,1688.53137207
265,1626.85180664
266,1737.38671875
267,1843.48132324
268,1720.57971191
269,1754.43286133
270,1776.62976074
271,1690.11254883
272,1702.48657227
273,1723.9720459
274,1608.77929688
275,1803.33654785
276,1703.02380371
277,1659.92480469
278,1696.10620117
279,1735.60559082
280,1786.49487305
281,1653.01379395
282,1822.58703613
283,1561.91186523
284,1644.93945312
285,1618.90161133
286,1562.96325684
287,1671.39221191
288,1746.51489258
289,1603.48754883
290,1630.34155273
291,1644.00048828
292,1656.69726562
293,1590.15795898
294,1713.55285645
295,1774.09765625
296,1748.08398438
297,1589.81420898
298,1676.36767578
299,1731.5925293
300,1599.87036133
301,1645.53808594
302,1663.63061523
303,1635.49841309
304,1540.81835938
305,1634.16442871
306,1727.54748535
307,1694.41491699
308,1677.64111328
309,1634.80651855
310,1551.00024414
311,1675.30786133
312,1601.58935547
313,1550.68066406
314,1630.66210938
315,1588.08789062
316,1618.29833984
317,1533.93139648
318,1687.15527344
319,1637.18115234
320,1605.11572266
321,1639.57788086
322,1524.73461914
323,1507.58911133
324,1603.66015625
325,1618.25
326,1733.44152832
327,1574.609375
328,1826.24890137
329,1554.81750488
330,1484.84741211
331,1543.71325684
332,1565.1607666
333,1505.35107422
334,1560.02648926
335,1559.15576172
336,1576.62670898
337,1577.28198242
338,1647.55822754
339,1489.90161133
340,1627.10192871
341,1489.93481445
342,1574.20324707
343,1685.69714355
344,1576.91369629
345,1502.06079102
346,1652.78344727
347,1533.03393555
348,1563.57849121
349,1654.75695801
350,1502.25927734
351,1687.53979492
352,1586.96435547
353,1507.40112305
354,1586.65234375
355,1703.83874512
356,1688.01708984
357,1650.44689941
358,1569.61743164
359,1490.69189453
360,1617.63842773
361,1604.61962891
362,1658.26123047
363,1598.61572266
364,1474.58032227
365,1535.1940918
366,1459.71765137
367,1512.83764648
368,1610.21069336
369,1446.06872559
370,1522.62316895
371,1584.41687012
372,1555.57836914
373,1532.86730957
374,1552.71850586
375,1519.79589844
376,1567.65795898
377,1514.67504883
378,1442.72314453
379,1487.91064453
380,1634.75036621
381,1510.53234863
382,1597.81481934
383,1630.51037598
384,1587.31433105
385,1528.4432373
386,1565.7512207
387,1634.57873535
388,1505.63476562
389,1595.02648926
390,1629.50793457
391,1522.90527344
392,1482.60253906
393,1573.76318359
394,1615.39416504
395,1406.29626465
396,1483.60632324
397,1526.43969727
398,1448.76660156
399,1513.87329102
400,1595.75805664
401,1592.56347656
402,1593.69262695
403,1620.31835938
404,1588.1418457
405,1383.6875
406,1524.83618164
407,1474.08081055
408,1464.74755859
409,1477.36010742
410,1443.09228516
411,1443.21948242
412,1562.89306641
413,1594.10229492
414,1507.6204834
415,1551.68347168
416,1444.21813965
417,1506.04174805
418,1461.48010254
419,1471.7487793
420,1560.68139648
421,1442.40771484
422,1413.60095215
423,1388.66992188
424,1520.25817871
425,1497.95654297
426,1481.4420166
427,1472.26940918
428,1582.13208008
429,1430.47570801
430,1408.20874023
431,1515.53271484
432,1525.65844727
433,1549.41955566
434,1557.0793457
435,1351.94262695
436,1559.6060791
437,1461.58666992
438,1439.1295166
439,1436.7019043
440,1474.08032227
441,1451.80517578
442,1421.53234863
443,1609.54321289
444,1382.00354004
445,1606.46875
446,1460.43139648
447,1562.67333984
448,1346.82958984
449,1419.68530273
450,1523.78491211
451,1464.31323242
452,1403.98144531
453,1467.80102539
454,1499.99926758
455,1454.37695312
456,1554.92382812
457,1455.98046875
458,1551.26416016
459,1490.83251953
460,1564.01855469
461,1404.59790039
462,1545.15710449
463,1467.73999023
464,1362.1505127
465,1457.61694336
466,1401.3996582
467,1442.9486084
468,1430.28637695
469,1415.67651367
470,1467.92749023
471,1482.76306152
472,1377.13220215
473,1490.11181641
474,1449.921875
475,1401.02062988
476,1498.18884277
477,1457.39575195
478,1427.19177246
479,1468.92150879
480,1454.31201172
481,1377.25219727
482,1458.92773438
483,1462.58227539
484,1412.72009277
485,1428.53161621
486,1495.86291504
487,1501.9140625
488,1372.73925781
489,1385.15515137
490,1402.48791504
491,1465.6763916
492,1397.12768555
493,1446.77087402
494,1333.5546875
495,1357.96923828
496,1386.49438477
497,1435.33605957
498,1449.98522949
499,1521.77380371
500,1423.67993164
501,1356.11877441
502,1384.37194824
503,1357.06835938
504,1455.52111816
505,1422.22412109
506,1411.04162598
507,1544.29052734
508,1394.19030762
509,1417.02978516
510,1393.51318359
511,1440.10253906
512,1392.83691406
513,1487.69787598
514,1350.44787598
515,1609.57275391
516,1459.20678711
517,1426.59765625
518,1506.14233398
519,1441.22583008
520,1398.00158691
521,1382.32189941
522,1364.06103516
523,1474.12255859
524,1377.0489502
525,1393.12609863
526,1364.42675781
527,1459.15039062
528,1431.99121094
529,1374.73864746
530,1531.18127441
531,1400.04833984
532,1383.18884277
533,1531.51013184
534,1448.81848145
535,1406.33337402
536,1258.63891602
537,1477.9473877
538,1501.83679199
539,1312.09338379
540,1428.79602051
541,1427.85229492
542,1465.92687988
543,1338.9005127
544,1496.85046387
545,1428.60302734
546,1310.50622559
547,1456.93847656
548,1277.85681152
549,1457.44177246
550,1381.24475098
551,1399.44567871
552,1377.5189209
553,1374.02331543
554,1352.19299316
555,1352.22253418
556,1377.40991211
557,1323.07336426
558,1369.60180664
559,1353.96240234
560,1419.9876709
561,1405.64794922
562,1475.60632324
563,1357.19958496
564,1327.46105957
565,1422.46740723
566,1474.08093262
567,1262.54614258
568,1303.66491699
569,1295.08520508
570,1392.76708984
571,1332.8704834
572,1291.74255371
573,1458.31481934
574,1365.57226562
575,1248.19592285
576,1390.67797852
577,1419.2265625
578,1420.56420898
579,1411.03491211
580,1305.54956055
581,1370.79223633
582,1420.43615723
583,1325.12646484
584,1306.72338867
585,1270.82177734
586,1362.9440918
587,1346.18505859
588,1358.39147949
589,1261.18139648
590,1310.39550781
591,1480.77294922
592,1186.82348633
593,1344.30651855
594,1394.2755127
595,1191.37805176
596,1276.92541504
597,1385.11706543
598,1405.22058105
599,1298.29064941
600,1441.74816895
601,1348.93078613
602,1422.91577148
603,1291.45776367
604,1422.14343262
605,1241.29821777
606,1267.97814941
607,1391.79882812
608,1426.61157227
609,1325.0682373
610,1400.48449707
611,1426.2935791
612,1431.69958496
613,1306.63903809
614,1322.27648926
615,1362.109375
616,1271.8314209
617,1292.73803711
618,1360.19226074
619,1367.67602539
620,1418.0703125
621,1345.63354492
622,1282.28417969
623,1439.40112305
624,1256.25146484
625,1227.50634766
626,1289.80456543
627,1337.19921875
628,1424.08984375
629,1338.7043457
630,1401.61364746
631,1307.85986328
632,1326.57910156
633,1277.66870117
634,1233.99157715
635,1166.41113281
636,1339.13696289
637,1406.36279297
638,1404.65942383
639,1222.25634766
640,1429.41503906
641,1357.26403809
642,1380.19885254
643,1307.4699707
644,1323.40686035
645,1366.89233398
646,1338.96350098
647,1372.95910645
648,1288.45947266
649,1299.35754395
650,1392.60754395
651,1241.88903809
652,1281.91442871
653,1276.6463623
654,1348.30419922
655,1298.57958984
656,1392.60449219
657,1323.88537598
658,1412.47058105
659,1361.10644531
660,1293.53149414
661,1267.55114746
662,1344.27502441
663,1281.453125
664,1272.36401367
665,1286.32971191
666,1223.84240723
667,1312.0838623
668,1356.19470215
669,1074.42199707
670,1426.23156738
671,1258.56323242
672,1251.47277832
673,1223.33349609
674,1271.4864502
675,1268.75939941
676,1366.0637207
677,1213.89086914
678,1261.58483887
679,1383.49987793
680,1361.02868652
681,1362.9675293
682,1316.29650879
683,1299.45715332
684,1381.44433594
685,1325.0078125
686,1292.46557617
687,1349.10876465
688,1298.37475586
689,1224.08081055
690,1297.05908203
691,1436.12255859
692,1349.27685547
693,1286.97644043
694,1315.15881348
695,1329.88171387
696,1458.18896484
697,1362.45727539
698,1300.08300781
699,1246.06347656
700,1365.67773438
701,1480.22106934
702,1345.06152344
703,1300.34643555
704,1267.20751953
705,1242.79858398
706,1301.33410645
707,1353.62231445
708,1274.88452148
709,1345.23718262
710,1154.51269531
711,1308.65966797
712,1342.71569824
713,1351.04736328
714,1266.9342041
715,1228.18212891
716,1359.7175293
717,1326.93579102
718,1258.84301758
719,1252.24255371
720,1271.46154785
721,1317.4465332
722,1273.21960449
723,1276.60632324
724,1303.19030762
725,1290.11901855
726,1358.35070801
727,1206.09973145
728,1288.08032227
729,1360.66381836
730,1313.67199707
731,1368.59130859
732,1232.83239746
733,1304.9810791
734,1288.82849121
735,1228.12646484
736,1251.13378906
737,1288.41601562
738,1232.70617676
739,1231.45654297
740,1216.41577148
741,1318.88037109
742,1446.26831055
743,1259.18530273
744,1268.17724609
745,1275.80505371
746,1325.32385254
747,1279.9642334
748,1342.58312988
749,1334.71716309
750,1237.46655273
751,1283.40014648
752,1259.56469727
753,1273.40527344
754,1311.30737305
755,1371.17089844
756,1343.67797852
757,1264.01074219
758,1299.76806641
759,1219.8392334
760,1286.14074707
761,1292.30505371
762,1252.48071289
763,1275.41540527
764,1308.3137207
765,1297.39501953
766,1267.56848145
767,1278.74560547
768,1241.86694336
769,1341.65148926
770,1311.61376953
771,1154.35229492
772,1231.99255371
773,1200.12756348
774,1274.2890625
775,1197.19067383
776,1247.11547852
777,1133.23706055
778,1248.78198242
779,1262.97766113
780,1344.96362305
781,1265.52954102
782,1283.32531738
783,1304.703125
784,1232.19665527
785,1231.78894043
786,1195.72619629
787,1200.53283691
788,1343.23376465
789,1315.14733887
790,1268.68566895
791,1199.13806152
792,1286.43676758
793,1280.27978516
794,1391.86193848
795,1400.50830078
796,1292.02270508
797,1249.88464355
798,1222.96789551
799,1339.78369141
800,1227.67956543
801,1255.890625
802,1214.7644043
803,1212.88793945
804,1230.98657227
805,1344.30957031
806,1234.76147461
807,1253.56201172
808,1209.68164062
809,1237.4152832
810,1303.92285156
811,1344.17834473
812,1276.22973633
813,1379.21435547
814,1318.6895752
815,1188.88977051
816,1297.61035156
817,1137.58398438
818,1313.68359375
819,1258.5703125
820,1334.98303223
821,1230.83251953
822,1230.54150391
823,1161.02099609
824,1352.56408691
825,1322.11938477
826,1235.05529785
827,1339.93200684
828,1279.51928711
829,1178.12988281
830,1226.74926758
831,1267.29064941
832,1310.80151367
833,1258.30090332
834,1239.82885742
835,1284.71520996
836,1279.58190918
837,1198.45617676
838,1221.45678711
839,1191.55151367
840,1214.70556641
841,1251.56420898
842,1172.19775391
843,1208.2857666
844,1323.8972168
845,1145.57421875
846,1230.6138916
847,1272.17724609
848,1249.24584961
849,1146.48449707
850,1323.27160645
851,1443.83862305
852,1302.53369141
853,1239.21899414
854,1295.7779541
855,1264.00561523
856,1169.43603516
857,1301.99914551
858,1327.41186523
859,1247.61303711
860,1153.56213379
861,1278.90979004
862,1180.03771973
863,1297.26098633
864,1245.42663574
865,1362.90002441
866,1210.88122559
867,1290.27966309
868,1191.83032227
869,1194.98742676
870,1271.12023926
871,1218.70568848
872,1144.56896973
873,1248.70422363
874,1230.59472656
875,1203.22229004
876,1182.14562988
877,1201.54504395
878,1315.8939209
879,1159.61022949
880,1131.04394531
881,1221.39526367
882,1182.98388672
883,1165.69604492
884,1292.39562988
885,1253.82983398
886,1239.89440918
887,1312.48278809
888,1316.68969727
889,1318.99365234
890,1338.09326172
891,1181.9708252
892,1163.23376465
893,1242.29248047
894,1168.67944336
895,1308.70068359
896,1183.84924316
897,1279.88500977
898,1249.24560547
899,1223.95166016
900,1229.48010254
901,1302.78540039
902,1187.93505859
903,1244.8203125
904,1177.78051758
905,1184.12927246
906,1141.14916992
907,1182.64501953
908,1317.98925781
909,1106.16662598
910,1251.09265137
911,1248.08190918
912,1237.4041748
913,1184.21008301
914,1218.4588623
915,1397.5057373
916,1229.43640137
917,1252.04064941
918,1247.50646973
919,1292.62487793
920,1320.84570312
921,1273.70544434
922,1223.04309082
923,1240.55822754
924,1188.6270752
925,1201.01391602
926,1162.05236816
927,1246.54248047
928,1249.84313965
929,1236.20275879
930,1119.02758789
931,1220.06652832
932,1164.63415527
933,1296.40966797
934,1167.3605957
935,1238.74072266
936,1215.41308594
937,1133.41601562
938,1275.0234375
939,1295.91503906
940,1239.94580078
941,1155.98925781
942,1153.19311523
943,1251.97229004
944,1361.1550293
945,1161.58666992
946,1294.99902344
947,1184.83520508
948,1231.07495117
949,1174.90380859
950,1194.84655762
951,1224.12072754
952,1117.76318359
953,1151.87231445
954,1186.58483887
955,1109.02197266
956,1251.73608398
957,1207.57006836
958,1106.75427246
959,1198.43713379
960,1152.69909668
961,1217.8067627
962,1261.24609375
963,1198.81689453
964,1249.32507324
965,1051.20654297
966,1254.48291016
967,1167.34973145
968,1193.16320801
969,1270.99157715
970,1207.5078125
971,1145.99536133
972,1198.28076172
973,1145.66650391
974,1145.47814941
975,1160.63269043
976,1194.77282715
977,1143.36157227
978,1158.78100586
979,1203.00744629
980,1147.27050781
981,1188.28356934
982,1288.23059082
983,1248.79992676
984,1123.64331055
985,1186.15686035
986,1245.31481934
987,1176.44873047
988,1134.33630371
989,1092.79187012
990,1226.49743652
991,1153.74462891
992,1271.85388184
993,1231.16113281
994,1174.85656738
995,1267.11584473
996,1014.82055664
997,1341.36315918
998,1210.51782227
999,1146.73291016
1000,1164.93823242
1001,1171.68310547
1002,1160.90246582
1003,1328.79589844
1004,1221.36999512
1005,1196.39367676
1006,1152.46691895
1007,1287.13598633
1008,1123.49365234
1009,1208.47106934
1010,1199.53393555
1011,1278.67492676
1012,1271.30029297
1013,1184.0715332
1014,1139.21936035
1015,1180.08837891
1016,1164.65856934
1017,1196.53076172
1018,1171.81799316
1019,1146.26220703
1020,1274.11694336
1021,1257.03833008
1022,1178.60986328
1023,1279.84448242
1024,1122.47058105
1025,1148.51733398
1026,1254.24243164
1027,1042.55371094
1028,1176.7623291
1029,1092.33544922
1030,1219.47314453
1031,1151.55554199
1032,1192.89355469
1033,1225.79077148
1034,1258.02404785
1035,1149.00561523
1036,1188.42651367
1037,1210.59838867
1038,1034.41601562
1039,1203.71118164
1040,1143.81384277
1041,1166.21398926
1042,1206.81396484
1043,1136.13232422
1044,1161.09069824
1045,1133.0168457
1046,1137.96594238
1047,1252.69812012
1048,1159.81652832
1049,1170.92260742
1050,1237.28112793
1051,1196.86804199
1052,1210.02282715
1053,1223.4362793
1054,1247.31335449
1055,1210.64221191
1056,1149.58435059
1057,1198.51855469
1058,1172.19299316
1059,1151.17370605
1060,1195.97546387
1061,1168.15112305
1062,1082.85058594
1063,1176.80334473
1064,1216.68969727
1065,1157.03271484
1066,1132.04907227
1067,1085.18908691
1068,1152.02429199
1069,1173.19213867
1070,1256.97473145
1071,1154.0567627
1072,1136.50195312
1073,1247.09375
1074,1223.5703125
1075,1146.4284668
1076,1152.32055664
1077,1269.49023438
1078,1218.17114258
1079,1149.05773926
1080,1228.65979004
1081,1217.68054199
1082,1197.46044922
1083,1231.47570801
1084,1244.91418457
1085,1271.49133301
1086,1100.57653809
1087,1195.15441895
1088,1169.15991211
1089,1116.16918945
1090,1213.30578613
1091,1143.67858887
1092,1171.35522461
1093,1197.93237305
1094,1171.21826172
1095,1039.43310547
1096,1041.85961914
1097,1114.94421387
1098,1056.484375
1099,1191.890625
1100,1137.77600098
1101,1201.05090332
1102,1105.30444336
1103,1182.04846191
1104,1128.58154297
1105,1183.89648438
1106,1296.64599609
1107,1248.12023926
1108,1209.46154785
1109,1185.99377441
1110,1120.63903809
1111,1120.90759277
1112,1258.93713379
1113,1118.39355469
1114,1122.61694336
1115,1205.54589844
1116,1095.90649414
1117,1152.47827148
1118,1088.60632324
1119,1176.95251465
1120,1205.48730469
1121,1150.79394531
1122,1088.0168457
1123,1103.27294922
1124,1121.16711426
1125,1080.54724121
1126,1271.98449707
1127,1085.25305176
1128,1121.60705566
1129,1064.20056152
1130,1169.20544434
1131,1161.24731445
1132,1051.29736328
1133,1242.06323242
1134,1165.88623047
1135,1171.25769043
1136,1110.43078613
1137,1150.72424316
1138,1029.19555664
1139,1204.59399414
1140,1160.62902832
1141,1102.61706543
1142,1129.46655273
1143,1261.65209961
1144,1076.11499023
1145,1199.84143066
1146,1197.11071777
1147,1220.17272949
1148,1204.29919434
1149,1110.46325684
1150,1239.63745117
1151,1178.87353516
1152,1095.59790039
1153,1149.41479492
1154,1109.24499512
1155,1064.39428711
1156,1164.87744141
1157,1133.6776123
1158,1141.94152832
1159,1112.01062012
1160,1227.59399414
1161,1183.75305176
1162,1137.68151855
1163,1132.02001953
1164,1167.3848877
1165,1206.12133789
1166,1169.1875
1167,1114.60375977
1168,1182.1796875
1169,1244.96862793
1170,1121.33215332
1171,1223.84741211
1172,1240.38867188
1173,1102.7208252
1174,1215.28613281
1175,1075.81298828
1176,1195.45300293
1177,1183.85632324
1178,1118.81811523
1179,1100.67834473
1180,1163.47680664
1181,1105.24291992
1182,1123.34777832
1183,1150.09118652
1184,1066.07104492
1185,1122.05200195
1186,1188.00793457
1187,1181.57104492
1188,1161.78027344
1189,1180.77416992
1190,1136.10424805
1191,1183.24267578
1192,1114.38183594
1193,1049.02319336
1194,1075.03710938
1195,1107.00073242
1196,1129.6652832
1197,1135.36010742
1198,1067.96777344
1199,1101.66625977
1200,1123.95471191
1201,1147.11950684
1202,1130.46813965
1203,1181.30163574
1204,1106.95019531
1205,1145.28222656
1206,1144.72216797
1207,1228.00561523
1208,1145.20703125
1209,1052.21582031
1210,1190.62414551
1211,1140.62231445
1212,1123.31652832
1213,1165.6776123
1214,1037.50964355
1215,1164.02990723
1216,1120.14575195
1217,1221.59350586
1218,1151.19616699
1219,1199.72631836
1220,1182.36791992
1221,1099.51989746
1222,1079.65991211
1223,1219.31640625
1224,1136.12194824
1225,1138.00341797
1226,1149.46533203
1227,1076.08459473
1228,1197.14282227
1229,1224.58178711
1230,1105.57397461
1231,1170.83886719
1232,1033.78808594
1233,1083.81604004
1234,1163.83862305
1235,1152.89086914
1236,1094.78076172
1237,1193.21130371
1238,1232.11535645
1239,1087.45837402
1240,1001.50585938
1241,1126.24682617
1242,1095.25341797
1243,1199.48535156
1244,1096.05358887
1245,1117.92492676
1246,968.133117676
1247,1014.2857666
1248,1058.90856934
1249,1117.26953125
1250,1128.38464355
1251,1049.49719238
1252,1065.12438965
1253,1071.48010254
1254,1161.17712402
1255,1128.17736816
1256,1255.03051758
1257,1078.89489746
1258,1130.01733398
1259,1157.53552246
1260,1160.69189453
1261,1016.9654541
1262,1128.1270752
1263,1088.28503418
1264,1190.16394043
1265,1101.66552734
1266,1132.93481445
1267,1248.10302734
1268,1075.27929688
1269,1167.22290039
1270,1165.44152832
1271,1130.40356445
1272,1101.82446289
1273,1166.87512207
1274,1181.17834473
1275,1131.90148926
1276,1197.87744141
1277,1003.27563477
1278,1114.01330566
1279,1038.43920898
1280,1065.51794434
1281,1062.18359375
1282,1129.32104492
1283,1140.75073242
1284,1126.09533691
1285,1118.79406738
1286,1153.1060791
1287,1066.89428711
1288,1000.13952637
1289,1191.62097168
1290,1073.47338867
1291,1121.68786621
1292,1061.90490723
1293,1162.75598145
1294,1077.19665527
1295,1229.36865234
1296,1099.20080566
1297,1191.20495605
1298,1262.09460449
1299,1089.8190918
1300,1090.51184082
1301,1077.43884277
1302,1116.20092773
1303,1163.94836426
1304,977.279602051
1305,1091.35424805
1306,1151.26806641
1307,1150.4609375
1308,1060.67541504
1309,1108.20861816
1310,1124.18554688
1311,1051.70385742
1312,1147.99645996
1313,1165.10998535
1314,1127.60803223
1315,1069.12475586
1316,1118.18103027
1317,1163.11413574
1318,1021.09588623
1319,1109.9576416
1320,1067.99597168
1321,1088.51977539
1322,1097.99328613
1323,1161.14196777
1324,1148.03979492
1325,1110.33605957
1326,1092.92321777
1327,1084.97045898
1328,1163.49963379
1329,1125.27404785
1330,1007.60974121
1331,1281.47912598
1332,1083.06323242
1333,1103.61218262
1334,1111.31884766
1335,1117.22460938
1336,1091.09643555
1337,1089.12927246
1338,1123.28955078
1339,1102.32202148
1340,1165.72802734
1341,1043.79931641
1342,1208.79675293
1343,1028.76733398
1344,1022.89782715
1345,1052.07373047
1346,1161.27307129
1347,1078.40124512
1348,1005.84594727
1349,1129.96691895
1350,1115.95690918
1351,1104.85803223
1352,1180.13684082
1353,1103.74328613
1354,1062.28771973
1355,1080.03625488
1356,983.741943359
1357,1039.97851562
1358,1032.52563477
1359,1076.2401123
1360,1163.36914062
1361,1134.36889648
1362,1067.90612793
1363,1043.36938477
1364,1132.04138184
1365,1096.25891113
1366,1006.9510498
1367,991.424316406
1368,1091.77355957
1369,1128.97460938
1370,1069.46777344
1371,1128.04870605
1372,1211.10864258
1373,978.917236328
1374,1180.37097168
1375,1092.40332031
1376,1060.93041992
1377,1218.07971191
1378,1078.46472168
1379,1151.49609375
1380,1176.87133789
1381,1136.03112793
1382,1160.33972168
1383,1066.1159668
1384,1074.92297363
1385,1151.5300293
1386,1092.70654297
1387,1088.99023438
1388,1132.95861816
1389,1077.88354492
1390,1105.05480957
1391,1025.32507324
1392,994.669372559
1393,1160.74890137
1394,1083.43994141
1395,1054.48364258
1396,1090.4666748
1397,1154.86218262
1398,1066.1496582
1399,1081.28979492
1400,1039.43127441
1401,1043.92443848
1402,1030.0456543
1403,1054.63952637
1404,1060.23510742
1405,1172.08190918
1406,1138.21105957
1407,1073.03869629
1408,1166.58129883
1409,1085.16174316
1410,1158.32250977
1411,1049.7701416
1412,1071.91650391
1413,978.009094238
1414,1053.70507812
1415,1222.01477051
1416,1119.38769531
1417,1114.68054199
1418,1018.84887695
1419,1065.73425293
1420,1162.91088867
1421,1061.72888184
1422,1106.37512207
1423,1130.4630127
1424,1089.99694824
1425,1047.93371582
1426,1053.77526855
1427,1100.84631348
1428,1238.02050781
1429,1106.74719238
1430,1095.9342041
1431,1170.85046387
1432,1077.9519043
1433,1098.24377441
1434,1009.36297607
1435,1156.43908691
1436,1108.20935059
1437,1035.73083496
1438,1106.31555176
1439,940.897949219
1440,1123.26940918
1441,1113.60192871
1442,1031.63232422
1443,1086.54187012
1444,1053.12548828
1445,1103.57800293
1446,1103.05847168
1447,1090.88317871
1448,1116.85534668
1449,1145.08312988
1450,1065.91918945
1451,1096.96704102
1452,1041.72277832
1453,1083.47387695
1454,1110.70092773
1455,1093.1809082
1456,948.178222656
1457,1172.97644043
1458,980.420410156
1459,1054.68847656
1460,1117.58459473
1461,1012.54077148
1462,1051.15930176
1463,1012.67236328
1464,1094.50891113
1465,1147.5078125
1466,1203.70239258
1467,1090.55065918
1468,1066.15710449
1469,1138.10180664
1470,1167.70239258
1471,1184.51489258
1472,1025.19262695
1473,917.302429199
1474,1069.96484375
1475,1009.40515137
1476,1014.26391602
1477,1027.25244141
1478,1078.47180176
1479,1088.38793945
1480,1070.20544434
1481,1022.57055664
1482,1121.63891602
1483,1022.80432129
1484,1145.93041992
1485,1057.26928711
1486,1048.34875488
1487,1060.73217773
1488,1068.70080566
1489,1085.80004883
1490,1053.70056152
1491,1019.60162354
1492,1057.47216797
1493,1020.63531494
1494,1004.03155518
1495,1200.73156738
1496,1168.91357422
1497,973.203613281
1498,1027.00744629
1499,1061.17614746
1500,1050.81506348
1501,968.583190918
1502,1145.21630859
1503,1019.29260254
1504,966.292602539
1505,1149.93603516
1506,995.231933594
1507,1008.31604004
1508,1065.14770508
1509,1119.72802734
1510,1050.99914551
1511,1064.08337402
1512,982.891967773
1513,967.124389648
1514,985.757202148
1515,1016.50231934
1516,1117.04602051
1517,1047.45092773
1518,1048.96411133
1519,994.541442871
1520,1114.4239502
1521,1034.19384766
1522,1040.74206543
1523,1010.9130249
1524,1120.92102051
1525,1170.88903809
1526,1115.04663086
1527,981.675170898
1528,1110.67346191
1529,974.199584961
1530,1119.78637695
1531,1059.71362305
1532,986.836914062
1533,1108.2902832
1534,1137.92346191
1535,962.359741211
1536,1060.85754395
1537,1042.74804688
1538,978.213500977
1539,1082.78979492
1540,1153.55651855
1541,1040.41894531
1542,1011.75579834
1543,882.356811523
1544,1024.91772461
1545,1090.08178711
1546,1074.68017578
1547,1095.47619629
1548,1060.99108887
1549,974.341003418
1550,1060.19592285
1551,1034.37194824
1552,1047.99206543
1553,1115.28222656
1554,1107.91162109
1555,1146.38769531
1556,1050.36364746
1557,1006.19311523
1558,1018.91473389
1559,1029.20922852
1560,1090.43884277
1561,1077.10705566
1562,1005.84020996
1563,1051.43200684
1564,1119.63574219
1565,1045.40368652
1566,948.001708984
1567,1115.22241211
1568,1113.44592285
1569,1002.30810547
1570,1061.02697754
1571,1042.07824707
1572,1064.16003418
1573,1058.94299316
1574,1051.53283691
1575,1081.6048584
1576,1085.11877441
1577,1041.68457031
1578,940.890197754
1579,1041.83203125
1580,1055.06652832
1581,997.453308105
1582,974.152648926
1583,1020.06781006
1584,982.639038086
1585,966.889709473
1586,1058.79968262
1587,1080.97827148
1588,1079.12438965
1589,1058.90722656
1590,988.336181641
1591,999.916931152
1592,1046.57043457
1593,1008.74804688
1594,1067.67370605
1595,1080.06713867
1596,1052.18054199
1597,1044.05895996
1598,1042.17614746
1599,1110.25524902
1600,1036.45605469
1601,1078.06884766
1602,1062.4440918
1603,1051.08789062
1604,1104.18884277
1605,1042.95751953
1606,1045.05822754
1607,1085.28808594
1608,1181.44702148
1609,1031.25036621
1610,1042.15563965
1611,1037.04553223
1612,1070.8494873
1613,1028.9519043
1614,996.662841797
1615,1032.72790527
1616,1062.63745117
1617,1059.04077148
1618,993.55871582
1619,912.865966797
1620,940.76940918
1621,1029.7019043
1622,1129.78979492
1623,942.227661133
1624,1039.05041504
1625,1098.58740234
1626,1028.7442627
1627,1095.16101074
1628,1052.5513916
1629,1040.92834473
1630,1010.96313477
1631,975.948303223
1632,1152.11413574
1633,1115.27648926
1634,1014.04315186
1635,1003.60064697
1636,1040.9786377
1637,1091.28015137
1638,1078.85864258
1639,1081.33068848
1640,1103.90222168
1641,1078.93945312
1642,1117.1517334
1643,1026.39550781
1644,1057.68310547
1645,986.714416504
1646,1139.41442871
1647,1053.64929199
1648,1069.57519531
1649,1028.34912109
1650,1071.37341309
1651,1062.65478516
1652,1014.46142578
1653,982.290344238
1654,1088.98498535
1655,981.004211426
1656,1091.51721191
1657,1074.08789062
1658,989.307189941
1659,1031.41992188
1660,1067.70410156
1661,993.052124023
1662,1106.40527344
1663,989.142150879
1664,1101.1706543
1665,1017.90405273
1666,1034.1171875
1667,1090.68981934
1668,1082.68188477
1669,1101.95251465
1670,1144.10693359
1671,1014.62963867
1672,974.472717285
1673,976.343078613
1674,1108.75244141
1675,1034.05883789
1676,971.709472656
1677,1035.92248535
1678,1040.14172363
1679,962.265625
1680,1078.921875
1681,1098.34619141
1682,943.728088379
1683,940.93939209
1684,1028.57250977
1685,1073.11425781
1686,1075.58349609
1687,1006.34655762
1688,939.823425293
1689,1123.41418457
1690,1016.67272949
1691,1015.11907959
1692,980.321105957
1693,1087.85681152
1694,1058.83740234
1695,1015.23278809
1696,1067.40405273
1697,934.231018066
1698,1037.55029297
1699,1016.29156494
1700,1183.96398926
1701,1107.0135498
1702,999.794677734
1703,985.521972656
1704,1151.85559082
1705,1106.22387695
1706,1186.94238281
1707,996.067993164
1708,1056.15527344
1709,1094.20117188
1710,966.076171875
1711,1019.875
1712,1006.00592041
1713,1006.40710449
1714,1029.16247559
1715,1037.33532715
1716,970.643432617
1717,987.852294922
1718,1089.45703125
1719,1108.04223633
1720,947.579162598
1721,1065.67346191
1722,1126.94995117
1723,1008.78100586
1724,1062.46118164
1725,1004.61645508
1726,927.557617188
1727,1002.85137939
1728,1075.56604004
1729,1023.29058838
1730,980.442443848
1731,1014.90447998
1732,962.390197754
1733,1132.84838867
1734,984.560058594
1735,966.340637207
1736,1108.58569336
1737,1059.86950684
1738,1101.12658691
1739,1101.56616211
1740,1057.73010254
1741,975.467163086
1742,1021.41021729
1743,927.705444336
1744,1155.90783691
1745,973.306518555
1746,1018.24188232
1747,1118.64904785
1748,1073.55908203
1749,1032.8293457
1750,1007.07299805
1751,943.734313965
1752,1038.17932129
1753,946.94329834
1754,1056.33752441
1755,932.12701416
1756,939.005310059
1757,984.714904785
1758,939.756958008
1759,1142.19128418
1760,1094.1003418
1761,998.23651123
1762,1012.28118896
1763,973.116577148
1764,1014.5223999
1765,1052.69348145
1766,1096.18127441
1767,1027.59240723
1768,1088.90722656
1769,1056.41101074
1770,1049.34753418
1771,1037.45898438
1772,1048.92016602
1773,1043.41381836
1774,1020.32843018
1775,983.671691895
1776,931.628601074
1777,1069.82385254
1778,1026.49450684
1779,1037.55908203
1780,975.289489746
1781,1077.88305664
1782,1078.96630859
1783,1015.8795166
1784,1136.77270508
1785,1000.58111572
1786,1076.13476562
1787,978.15625
1788,999.552734375
1789,1043.39233398
1790,1002.30004883
1791,1037.81335449
1792,1075.41003418
1793,912.082336426
1794,990.032348633
1795,950.510253906
1796,1082.06896973
1797,1160.11328125
1798,931.069030762
1799,1038.34936523
1800,1025.38208008
1801,933.058532715
1802,1090.60803223
1803,1003.31378174
1804,993.519104004
1805,980.842468262
1806,988.444885254
1807,971.106628418
1808,1025.33776855
1809,1060.04052734
1810,1017.81976318
1811,923.002624512
1812,958.418762207
1813,1001.41888428
1814,974.475646973
1815,990.768432617
1816,1087.69140625
1817,1125.49707031
1818,1035.19628906
1819,1109.61181641
1820,1021.90814209
1821,1011.73266602
1822,1083.31982422
1823,1086.8449707
1824,1056.45385742
1825,986.657226562
1826,1073.87512207
1827,995.652954102
1828,994.169128418
1829,1045.43859863
1830,1007.1373291
1831,964.67779541
1832,1025.96325684
1833,992.856567383
1834,899.734924316
1835,1057.73803711
1836,1058.24206543
1837,989.984741211
1838,967.874084473
1839,929.11920166
1840,988.121887207
1841,965.427612305
1842,994.924865723
1843,970.953186035
1844,1047.8815918
1845,1058.5715332
1846,1025.78942871
1847,1014.77929688
1848,1093.10009766
1849,939.98425293
1850,907.734924316
1851,1026.37561035
1852,977.520996094
1853,1012.14508057
1854,962.294433594
1855,881.224914551
1856,966.772583008
1857,982.354064941
1858,976.299255371
1859,945.133850098
1860,1035.48791504
1861,972.518005371
1862,1052.34960938
1863,947.848876953
1864,1075.01623535
1865,1040.06677246
1866,1094.12402344
1867,1047.8449707
1868,1067.08105469
1869,1003.67260742
1870,972.589172363
1871,1079.70568848
1872,994.144897461
1873,989.692504883
1874,999.050720215
1875,1070.11328125
1876,991.018249512
1877,1051.37609863
1878,1048.6361084
1879,1079.23059082
1880,1007.76672363
1881,1074.75720215
1882,995.973205566
1883,1004.67150879
1884,958.493225098
1885,969.995361328
1886,950.224914551
1887,1041.7746582
1888,987.625
1889,1095.26318359
1890,1013.89898682
1891,1001.94763184
1892,970.93927002
1893,948.21697998
1894,993.428894043
1895,1091.92602539
1896,1008.53619385
1897,1010.64367676
1898,1003.03619385
1899,1115.76660156
1900,1028.80578613
1901,1050.17919922
1902,986.125427246
1903,944.773925781
1904,1017.23095703
1905,1033.73461914
1906,871.685302734
1907,840.146484375
1908,979.20123291
1909,989.137145996
1910,1035.8170166
1911,1045.83093262
1912,936.634094238
1913,1028.98596191
1914,942.899169922
1915,940.545166016
1916,1047.5703125
1917,956.347412109
1918,1044.9453125
1919,1045.73095703
1920,939.632141113
1921,906.358093262
1922,1005.38372803
1923,1065.27648926
1924,1015.20611572
1925,976.604125977
1926,1021.85437012
1927,1033.02441406
1928,1033.00415039
1929,995.29510498
1930,994.132141113
1931,1038.74731445
1932,982.389343262
1933,1031.94555664
1934,1016.46228027
1935,1030.88085938
1936,853.619628906
1937,942.59161377
1938,1073.13061523
1939,1036.12817383
1940,1020.81347656
1941,1051.66918945
1942,1037.01367188
1943,991.750366211
1944,889.57434082
1945,994.924377441
1946,995.899780273
1947,998.809692383
1948,1060.5213623
1949,1059.98205566
1950,1063.85498047
1951,999.008056641
1952,939.676513672
1953,1067.27502441
1954,1030.40612793
1955,936.518188477
1956,1044.58300781
1957,956.913085938
1958,1000.25634766
1959,988.790405273
1960,1030.87182617
1961,951.755737305
1962,999.154663086
1963,984.434387207
1964,955.918457031
1965,1071.05566406
1966,1051.81079102
1967,1073.4564209
1968,1027.99572754
1969,966.718139648
1970,1007.25958252
1971,1087.49328613
1972,1067.9161377
1973,930.38659668
1974,954.237548828
1975,967.745666504
1976,916.598205566
1977,1039.93225098
1978,959.991516113
1979,929.007995605
1980,976.523681641
1981,868.520019531
1982,924.564758301
1983,887.594909668
1984,990.777648926
1985,1049.49023438
1986,1036.87072754
1987,994.84362793
1988,1014.67486572
1989,977.789367676
1990,981.085876465
1991,1015.12249756
1992,978.18548584
1993,957.404174805
1994,946.707214355
1995,988.772399902
1996,1045.55358887
1997,1032.1973877
1998,1015.75897217
1999,923.691772461
2000,1022.05523682
2001,983.974182129
2002,1092.52185059
2003,1011.00561523
2004,910.39440918
2005,939.660400391
2006,956.199523926
2007,1008.77929688
2008,1039.52734375
2009,1030.73962402
2010,962.229919434
2011,985.112365723
2012,1030.99523926
2013,1062.45593262
2014,996.367431641
2015,1073.84069824
2016,958.582641602
2017,832.405700684
2018,1006.66619873
2019,991.422119141
2020,1200.02856445
2021,951.606018066
2022,1083.80932617
2023,1005.07556152
2024,961.588684082
2025,1032.65734863
2026,892.372375488
2027,917.094299316
2028,1026.94812012
2029,916.214050293
2030,1012.85015869
2031,900.710388184
2032,998.830200195
2033,933.338745117
2034,930.687072754
2035,1020.42126465
2036,1071.76538086
2037,1010.46118164
2038,1008.92602539
2039,1010.30047607
2040,1013.20422363
2041,975.626281738
2042,947.236694336
2043,1007.19805908
2044,1001.47363281
2045,923.216430664
2046,1058.90576172
2047,925.736206055
2048,981.325012207
2049,910.972717285
2050,946.838684082
2051,943.540588379
2052,935.051208496
2053,949.463684082
2054,997.16217041
2055,948.929077148
2056,959.574462891
2057,1006.8828125
2058,935.66796875
2059,935.380249023
2060,913.203430176
2061,1009.95593262
2062,1078.53417969
2063,1007.57043457
2064,885.442871094
2065,947.774597168
2066,1041.52709961
2067,947.165039062
2068,1045.08288574
2069,975.808227539
2070,1001.72631836
2071,1009.94763184
2072,1070.20336914
2073,985.45324707
2074,980.289550781
2075,1009.06048584
2076,954.182678223
2077,938.653198242
2078,942.576721191
2079,1026.63085938
2080,1025.94567871
2081,945.61340332
2082,954.342895508
2083,987.256713867
2084,995.341918945
2085,1042.44970703
2086,1042.17126465
2087,979.920654297
2088,969.591796875
2089,1086.11999512
2090,985.454833984
2091,938.697021484
2092,1074.58691406
2093,900.041381836
2094,936.567871094
2095,975.067443848
2096,963.361572266
2097,969.197265625
2098,908.997497559
2099,894.130004883
2100,995.676330566
2101,933.155273438
2102,951.939880371
2103,930.999633789
2104,877.458251953
2105,972.632141113
2106,961.975585938
2107,1003.98651123
2108,939.869445801
2109,1000.53015137
2110,897.055053711
2111,977.89440918
2112,932.102783203
2113,974.709655762
2114,1003.29852295
2115,1000.277771
2116,962.679626465
2117,986.138977051
2118,976.045349121
2119,1078.84790039
2120,1048.44287109
2121,1000.14117432
2122,1010.29925537
2123,853.04675293
2124,1056.92004395
2125,1034.14672852
2126,986.632507324
2127,996.319885254
2128,997.685913086
2129,959.444763184
2130,907.162719727
2131,1006.59039307
2132,929.541870117
2133,917.556335449
2134,971.185180664
2135,1075.72241211
2136,954.575927734
2137,929.380249023
2138,971.687255859
2139,978.932922363
2140,1040.18615723
2141,931.14855957
2142,973.184814453
2143,966.395996094
2144,1020.72320557
2145,1001.49841309
2146,971.264892578
2147,954.622680664
2148,962.564941406
2149,865.549926758
2150,899.884338379
2151,855.182861328
2152,1051.19433594
2153,976.063842773
2154,867.770019531
2155,1053.95166016
2156,989.003540039
2157,897.57635498
2158,1019.95727539
2159,1011.20709229
2160,900.512207031
2161,969.508483887
2162,998.042419434
2163,944.902404785
2164,1049.44824219
2165,979.87298584
2166,950.688415527
2167,990.18939209
2168,998.297790527
2169,973.51361084
2170,908.497741699
2171,972.118347168
2172,999.003845215
2173,992.90045166
2174,978.489318848
2175,1001.80419922
2176,1012.31170654
2177,902.114685059
2178,988.293884277
2179,1027.85693359
2180,1034.13635254
2181,950.8671875
2182,901.125427246
2183,896.651855469
2184,872.903747559
2185,915.220092773
2186,985.025146484
2187,965.40814209
2188,914.472106934
2189,1059.01403809
2190,1006.85211182
2191,986.870788574
2192,927.262878418
2193,1014.68267822
2194,968.370544434
2195,1032.87341309
2196,975.653686523
2197,878.020385742
2198,996.90246582
2199,1017.68847656
2200,979.945983887
2201,983.395812988
2202,910.336730957
2203,960.011230469
2204,961.565490723
2205,1021.44659424
2206,928.713439941
2207,901.999084473
2208,933.162475586
2209,902.825561523
2210,940.969604492
2211,978.743286133
2212,902.215026855
2213,888.707275391
2214,951.906188965
2215,1037.15429688
2216,985.919616699
2217,960.669494629
2218,993.661865234
2219,922.513793945
2220,992.620910645
2221,967.860778809
2222,978.469299316
2223,882.130004883
2224,990.435974121
2225,986.866271973
2226,927.721496582
2227,934.002075195
2228,1053.64501953
2229,1042.05126953
2230,1000.4175415
2231,973.935119629
2232,1076.29077148
2233,991.561889648
2234,925.036743164
2235,1049.90527344
2236,896.651245117
2237,911.676635742
2238,1001.02459717
2239,951.069702148
2240,844.268371582
2241,898.437072754
2242,1021.83825684
2243,994.119506836
2244,922.947692871
2245,900.444519043
2246,919.03729248
2247,941.250854492
2248,861.250427246
2249,906.318054199
2250,1002.22302246
2251,965.302490234
2252,950.996459961
2253,937.45880127
2254,946.717529297
2255,939.424072266
2256,944.488342285
2257,961.868164062
2258,829.278320312
2259,1012.31298828
2260,984.290405273
2261,987.076965332
2262,985.491821289
2263,955.667053223
2264,915.593566895
2265,1059.61230469
2266,1009.95843506
2267,950.668334961
2268,962.036621094
2269,916.404052734
2270,998.198608398
2271,1011.64794922
2272,964.237060547
2273,1005.59179688
2274,927.302124023
2275,929.750061035
2276,988.009094238
2277,953.176452637
2278,947.051269531
2279,991.992675781
2280,906.399414062
2281,851.847595215
2282,938.564697266
2283,946.75604248
2284,888.800964355
2285,1021.9364624
2286,921.344665527
2287,999.466247559
2288,923.918395996
2289,914.077148438
2290,930.982055664
2291,891.009765625
2292,863.392456055
2293,944.610595703
2294,905.567016602
2295,1044.86376953
2296,893.228515625
2297,940.601318359
2298,1029.140625
2299,931.432189941
2300,923.592285156
2301,995.40411377
2302,1009.62329102
2303,1008.75445557
2304,962.28704834
2305,890.645141602
2306,1048.41015625
2307,1040.69116211
2308,963.678710938
2309,868.477233887
2310,895.545349121
2311,906.394104004
2312,993.043212891
2313,992.95703125
2314,944.672363281
2315,891.756835938
2316,994.120483398
2317,937.448181152
2318,1007.53570557
2319,860.880493164
2320,972.958068848
2321,966.502380371
2322,964.575927734
2323,930.272094727
2324,981.505187988
2325,976.359313965
2326,843.754455566
2327,1002.61798096
2328,932.515319824
2329,917.22277832
2330,953.388671875
2331,1006.909729
2332,1011.24133301
2333,951.392456055
2334,944.908752441
2335,879.328063965
2336,1046.73449707
2337,969.449645996
2338,899.946899414
2339,978.783996582
2340,930.992675781
2341,944.727600098
2342,955.708557129
2343,947.475036621
2344,948.296936035
2345,919.390136719
2346,922.187255859
2347,851.733764648
2348,913.186767578
2349,986.602172852
2350,935.341796875
2351,957.437927246
2352,1050.87121582
2353,963.711608887
2354,930.144348145
2355,925.758422852
2356,924.635375977
2357,986.574157715
2358,967.327209473
2359,982.892700195
2360,883.158630371
2361,821.410766602
2362,859.363952637
2363,947.778930664
2364,972.568664551
2365,994.595275879
2366,888.772216797
2367,962.535461426
2368,877.113586426
2369,998.394042969
2370,920.920959473
2371,904.446716309
2372,953.1015625
2373,896.124084473
2374,845.568054199
2375,852.035217285
2376,985.917358398
2377,909.360595703
2378,919.307983398
2379,1041.76745605
2380,938.573852539
2381,909.342468262
2382,911.50201416
2383,929.47088623
2384,950.707214355
2385,1008.42730713
2386,961.742248535
2387,998.40423584
2388,978.904846191
2389,904.462585449
2390,895.344360352
2391,903.396362305
2392,834.88092041
2393,900.236816406
2394,994.796691895
2395,989.399230957
2396,922.338562012
2397,926.913818359
2398,884.821960449
2399,909.51776123
2400,980.14630127
2401,914.620422363
2402,974.768493652
2403,934.079528809
2404,852.303771973
2405,920.790344238
2406,983.756591797
2407,971.900268555
2408,863.051330566
2409,889.871398926
2410,1021.25976562
2411,930.847961426
2412,857.940368652
2413,865.501953125
2414,869.077392578
2415,919.432250977
2416,972.061157227
2417,969.055419922
2418,913.613952637
2419,1008.07861328
2420,916.272460938
2421,1009.66534424
2422,1022.54974365
2423,1006.20648193
2424,920.102966309
2425,937.53503418
2426,826.952941895
2427,911.979370117
2428,881.212341309
2429,882.742492676
2430,970.084899902
2431,978.147460938
2432,924.292785645
2433,926.158874512
2434,846.797302246
2435,940.812194824
2436,891.615844727
2437,938.82434082
2438,962.575195312
2439,809.413146973
2440,887.091064453
2441,950.306945801
2442,874.241577148
2443,1016.09277344
2444,1001.45385742
2445,916.636779785
2446,825.313659668
2447,952.849487305
2448,922.632019043
2449,998.021911621
2450,776.436096191
2451,889.859191895
2452,847.415222168
2453,989.140563965
2454,987.784667969
2455,956.065368652
2456,927.098693848
2457,989.477722168
2458,910.955444336
2459,864.327331543
2460,935.551208496
2461,917.199462891
2462,891.858154297
2463,1046.11975098
2464,906.995178223
2465,946.624267578
2466,866.477905273
2467,935.912109375
2468,935.464538574
2469,895.015686035
2470,867.744689941
2471,976.468017578
2472,892.008544922
2473,950.715881348
2474,890.576843262
2475,821.744262695
2476,966.121826172
2477,921.423034668
2478,849.96875
2479,906.304870605
2480,871.824401855
2481,953.655761719
2482,950.486694336
2483,1002.59375
2484,905.379638672
2485,857.210144043
2486,905.696899414
2487,940.889343262
2488,942.973266602
2489,881.413818359
2490,899.820068359
2491,843.247375488
2492,914.773986816
2493,895.471496582
2494,936.626159668
2495,1017.90496826
2496,909.879638672
2497,812.019470215
2498,883.473693848
2499,908.251464844
2500,884.629516602
2501,807.344970703
2502,966.173095703
2503,897.413574219
2504,857.585144043
2505,931.500549316
2506,845.581481934
2507,954.153381348
2508,905.181274414
2509,891.284790039
2510,881.019714355
2511,1019.20678711
2512,909.079528809
2513,866.704040527
2514,913.443603516
2515,906.459106445
2516,949.26373291
2517,927.233215332
2518,931.533569336
2519,882.347717285
2520,896.190612793
2521,924.179138184
2522,836.656311035
2523,813.147338867
2524,926.328735352
2525,836.486938477
2526,889.124938965
2527,930.397827148
2528,901.04284668
2529,934.439025879
2530,1025.65612793
2531,886.771362305
2532,877.173095703
2533,863.173217773
2534,824.466796875
2535,925.017944336
2536,901.723937988
2537,904.434204102
2538,944.541687012
2539,1007.85473633
2540,913.722595215
2541,851.638183594
2542,966.478210449
2543,884.41809082
2544,949.436706543
2545,902.651611328
2546,963.120849609
2547,884.419494629
2548,896.301452637
2549,953.18762207
2550,965.656066895
2551,978.863342285
2552,939.02557373
2553,902.493347168
2554,879.025512695
2555,931.866149902
2556,1018.76104736
2557,963.204223633
2558,886.741210938
2559,888.221313477
2560,844.217407227
2561,961.888793945
2562,891.348937988
2563,1043.39538574
2564,828.354675293
2565,917.714355469
2566,950.302429199
2567,920.097595215
2568,1014.94628906
2569,983.338317871
2570,957.026489258
2571,954.90222168
2572,863.42401123
2573,886.106506348
2574,841.913513184
2575,818.67401123
2576,836.294067383
2577,901.807128906
2578,894.036682129
2579,987.349182129
2580,952.622314453
2581,891.631408691
2582,843.137145996
2583,892.359191895
2584,912.036437988
2585,878.143798828
2586,897.327148438
2587,917.306762695
2588,946.992492676
2589,954.099365234
2590,866.209594727
2591,875.215454102
2592,926.670410156
2593,884.472595215
2594,935.20501709
2595,929.488220215
2596,916.852355957
2597,911.822570801
2598,932.122131348
2599,867.551391602
2600,876.556091309
2601,845.350158691
2602,911.46484375
2603,903.42199707
2604,831.159973145
2605,852.051696777
2606,962.588623047
2607,901.582214355
2608,989.343444824
2609,854.553588867
2610,802.120117188
2611,912.877807617
2612,998.888916016
2613,797.39074707
2614,920.08972168
2615,936.408874512
2616,933.407104492
2617,835.896240234
2618,834.950317383
2619,907.822875977
2620,914.217651367
2621,962.014465332
2622,822.93939209
2623,923.330871582
2624,890.03717041
2625,908.529296875
2626,894.248046875
2627,942.380859375
2628,907.544555664
2629,926.771972656
2630,868.675842285
2631,823.594787598
2632,886.16003418
2633,950.155883789
2634,894.382873535
2635,903.93572998
2636,956.665405273
2637,876.58001709
2638,846.107971191
2639,893.725952148
2640,929.320495605
2641,915.902099609
2642,854.374633789
2643,846.87322998
2644,869.627929688
2645,897.430114746
2646,920.969543457
2647,917.102661133
2648,847.451721191
2649,836.959350586
2650,897.594726562
2651,1035.67956543
2652,874.703369141
2653,907.115661621
2654,903.48046875
2655,992.164611816
2656,878.850463867
2657,939.897155762
2658,885.389831543
2659,922.651977539
2660,906.731506348
2661,933.583007812
2662,846.817016602
2663,933.21875
2664,835.957580566
2665,895.020751953
2666,786.308105469
2667,866.778381348
2668,939.411804199
2669,886.484069824
2670,972.772155762
2671,891.865478516
2672,844.939086914
2673,928.778137207
2674,906.085205078
2675,856.535522461
2676,760.400390625
2677,968.091064453
2678,788.974243164
2679,743.733032227
2680,832.802185059
2681,823.038085938
2682,911.109008789
2683,949.282043457
2684,892.319763184
2685,843.29119873
2686,991.750244141
2687,1041.171875
2688,878.879089355
2689,907.458557129
2690,812.406555176
2691,873.953552246
2692,927.005432129
2693,993.529602051
2694,861.710021973
2695,851.940246582
2696,864.457458496
2697,905.917907715
2698,843.547790527
2699,911.031616211
2700,854.734863281
2701,870.332397461
2702,832.034179688
2703,953.693359375
2704,901.593261719
2705,888.127624512
2706,917.277832031
2707,798.167419434
2708,924.216003418
2709,814.839477539
2710,873.889770508
2711,945.824829102
2712,918.656005859
2713,897.055480957
2714,822.477416992
2715,858.398071289
2716,906.981811523
2717,874.828186035
2718,937.399658203
2719,911.990600586
2720,961.472106934
2721,897.654968262
2722,949.43182373
2723,907.278259277
2724,876.209533691
2725,894.099182129
2726,1009.0512085
2727,930.340454102
2728,851.224243164
2729,910.015808105
2730,850.777770996
2731,927.597351074
2732,925.715026855
2733,875.993774414
2734,910.857543945
2735,947.538146973
2736,847.370361328
2737,935.764831543
2738,880.912841797
2739,805.324157715
2740,907.58972168
2741,932.91003418
2742,903.73236084
2743,862.179382324
2744,778.620727539
2745,852.467163086
2746,878.445983887
2747,929.342041016
2748,830.630859375
2749,861.618713379
2750,852.870361328
2751,838.205566406
2752,791.101928711
2753,866.504882812
2754,919.725280762
2755,959.167480469
2756,889.187072754
2757,918.50970459
2758,809.273376465
2759,885.198364258
2760,878.561279297
2761,818.157348633
2762,883.430236816
2763,878.453918457
2764,871.380432129
2765,878.671691895
2766,845.639709473
2767,867.127197266
2768,778.449462891
2769,835.073364258
2770,873.899169922
2771,881.361022949
2772,887.828613281
2773,870.059509277
2774,1003.48931885
2775,835.811157227
2776,938.652893066
2777,890.895629883
2778,872.36340332
2779,825.770263672
2780,856.311279297
2781,805.383422852
2782,895.028198242
2783,816.827636719
2784,842.881896973
2785,818.84185791
2786,833.32434082
2787,918.68572998
2788,925.745056152
2789,857.382751465
2790,856.862182617
2791,890.244384766
2792,875.991821289
2793,917.146118164
2794,793.423034668
2795,912.703552246
2796,907.936462402
2797,937.726806641
2798,916.437744141
2799,822.751831055
2800,806.941650391
2801,972.084350586
2802,947.001159668
2803,898.882080078
2804,884.947937012
2805,931.698913574
2806,882.478942871
2807,759.238220215
2808,935.137817383
2809,872.360778809
2810,920.831115723
2811,912.786682129
2812,827.21496582
2813,766.370300293
2814,937.30657959
2815,809.46875
2816,906.361816406
2817,921.242736816
2818,839.929077148
2819,935.306518555
2820,939.160583496
2821,876.047912598
2822,880.556091309
2823,849.300048828
2824,897.853271484
2825,886.592895508
2826,849.990844727
2827,800.347961426
2828,845.366088867
2829,945.147216797
2830,887.089538574
2831,892.997680664
2832,827.025695801
2833,828.576843262
2834,809.131774902
2835,823.092224121
2836,807.783752441
2837,923.328430176
2838,930.143615723
2839,863.464050293
2840,977.812866211
2841,865.105651855
2842,889.961486816
2843,824.559631348
2844,822.79876709
2845,876.398742676
2846,887.720703125
2847,789.625915527
2848,900.59588623
2849,845.982055664
2850,975.491088867
2851,811.069091797
2852,964.940979004
2853,1010.12567139
2854,826.758972168
2855,845.537902832
2856,768.756286621
2857,852.12890625
2858,802.695251465
2859,861.708740234
2860,823.384460449
2861,862.757141113
2862,762.81628418
2863,1013.1973877
2864,919.361328125
2865,976.74407959
2866,823.207885742
2867,871.525634766
2868,837.338989258
2869,909.794799805
2870,851.346679688
2871,936.266601562
2872,874.727172852
2873,887.825378418
2874,851.307495117
2875,851.699951172
2876,798.151733398
2877,923.988220215
2878,905.386779785
2879,838.135864258
2880,945.280029297
2881,892.75402832
2882,823.626831055
2883,727.458740234
2884,913.894714355
2885,826.116149902
2886,839.530944824
2887,899.894897461
2888,870.426513672
2889,829.601135254
2890,802.666992188
2891,755.713745117
2892,820.49407959
2893,746.081054688
2894,764.10144043
2895,778.053161621
2896,830.839477539
2897,944.672424316
2898,853.372192383
2899,918.773376465
2900,920.94732666
2901,920.22277832
2902,878.393859863
2903,880.616088867
2904,957.938232422
2905,872.124938965
2906,884.864929199
2907,840.317016602
2908,987.419616699
2909,798.702148438
2910,884.293395996
2911,844.99005127
2912,836.282958984
2913,855.602783203
2914,866.083068848
2915,914.703918457
2916,902.744262695
2917,806.197143555
2918,745.998168945
2919,949.819763184
2920,883.682617188
2921,892.568908691
2922,905.80645752
2923,875.580078125
2924,895.65637207
2925,931.116516113
2926,809.144165039
2927,873.071594238
2928,877.798278809
2929,978.331176758
2930,893.700744629
2931,863.331420898
2932,927.700805664
2933,746.294006348
2934,795.436462402
2935,854.577026367
2936,833.506652832
2937,807.50390625
2938,877.155517578
2939,847.093261719
2940,835.096191406
2941,907.024414062
2942,950.086730957
2943,879.692199707
2944,791.565673828
2945,846.811584473
2946,768.822021484
2947,812.320556641
2948,846.021850586
2949,901.394104004
2950,834.955688477
2951,906.554931641
2952,860.081176758
2953,852.396911621
2954,936.338439941
2955,890.734375
2956,896.246032715
2957,898.066345215
2958,809.642211914
2959,823.143005371
2960,928.709838867
2961,902.671325684
2962,803.174682617
2963,775.392578125
2964,876.067260742
2965,879.148864746
2966,873.30847168
2967,906.136047363
2968,847.526306152
2969,857.108459473
2970,863.156921387
2971,943.238708496
2972,815.325256348
2973,816.990112305
2974,809.311523438
2975,860.644042969
2976,775.876220703
2977,903.383605957
2978,869.365966797
2979,934.180419922
2980,837.260803223
2981,891.927185059
2982,852.151916504
2983,832.273864746
2984,827.578918457
2985,880.774841309
2986,898.421569824
2987,828.756591797
2988,736.679626465
2989,875.563232422
2990,861.808166504
2991,820.26171875
2992,838.466918945
2993,900.10949707
2994,913.31451416
2995,892.096252441
2996,764.041137695
2997,802.732177734
2998,781.190917969
2999,792.37487793
3000,833.594360352
3001,836.487731934
3002,782.561462402
3003,892.279724121
3004,907.896972656
3005,858.627380371
3006,862.094177246
3007,875.880981445
3008,832.806091309
3009,780.458374023
3010,812.299072266
3011,879.833862305
3012,936.881225586
3013,761.855407715
3014,823.232055664
3015,816.34942627
3016,875.61151123
3017,814.933410645
3018,848.449584961
3019,886.453186035
3020,921.54284668
3021,808.847167969
3022,923.269714355
3023,878.926391602
3024,911.610656738
3025,891.708435059
3026,882.247314453
3027,843.719238281
3028,909.343261719
3029,834.902099609
3030,809.247436523
3031,924.012817383
3032,877.981506348
3033,772.090332031
3034,884.637695312
3035,846.784362793
3036,864.840759277
3037,799.470214844
3038,876.195373535
3039,793.533996582
3040,799.205810547
3041,859.065185547
3042,891.152038574
3043,857.139709473
3044,800.900878906
3045,727.232849121
3046,854.573974609
3047,875.425415039
3048,766.981018066
3049,820.036315918
3050,882.765563965
3051,856.506469727
3052,850.046386719
3053,873.151672363
3054,917.866027832
3055,842.918457031
3056,909.752258301
3057,807.456176758
3058,822.272216797
3059,914.691833496
3060,861.553405762
3061,785.267822266
3062,861.144714355
3063,806.522094727
3064,862.645751953
3065,885.376708984
3066,817.021972656
3067,876.93371582
3068,877.488769531
3069,793.863647461
3070,886.039978027
3071,851.971557617
3072,814.471984863
3073,829.00592041
3074,833.277648926
3075,794.224731445
3076,823.880981445
3077,856.604431152
3078,892.217163086
3079,859.669616699
3080,837.293457031
3081,922.980773926
3082,746.074157715
3083,842.3046875
3084,887.177124023
3085,804.026123047
3086,948.749755859
3087,791.43371582
3088,837.852050781
3089,826.000976562
3090,845.59765625
3091,914.382751465
3092,762.942199707
3093,920.089233398
3094,828.410705566
3095,818.590393066
3096,833.233337402
3097,879.231567383
3098,865.863952637
3099,958.40411377
3100,811.519287109
3101,793.058654785
3102,934.002563477
3103,916.599914551
3104,910.475341797
3105,794.897216797
3106,825.680541992
3107,823.974609375
3108,842.369018555
3109,824.276306152
3110,709.747497559
3111,816.644592285
3112,856.094665527
3113,808.240356445
3114,838.761108398
3115,804.571044922
3116,859.322998047
3117,876.114624023
3118,821.200805664
3119,807.82434082
3120,901.125915527
3121,890.44543457
3122,870.35357666
3123,879.395996094
3124,854.380004883
3125,874.583007812
3126,897.821289062
3127,842.898498535
3128,824.078125
3129,818.780578613
3130,872.042785645
3131,752.261352539
3132,873.523742676
3133,862.598815918
3134,860.180053711
3135,866.322570801
3136,830.755615234
3137,857.672668457
3138,883.69921875
3139,921.74029541
3140,878.113525391
3141,953.862915039
3142,852.862609863
3143,897.802246094
3144,784.414794922
3145,849.036804199
3146,874.209228516
3147,750.149963379
3148,817.248657227
3149,872.728515625
3150,866.361022949
3151,785.84173584
3152,823.33380127
3153,870.912658691
3154,804.403869629
3155,841.385314941
3156,814.741088867
3157,882.463562012
3158,803.836730957
3159,784.758972168
3160,916.661254883
3161,880.875610352
3162,912.000793457
3163,934.261047363
3164,876.093322754
3165,904.202270508
3166,946.683898926
3167,858.255554199
3168,737.935119629
3169,910.446777344
3170,779.180908203
3171,916.383911133
3172,749.712524414
3173,833.648193359
3174,803.655822754
3175,849.651062012
3176,883.307434082
3177,851.683776855
3178,769.02734375
3179,893.995483398
3180,847.834411621
3181,782.987731934
3182,920.630004883
3183,930.384216309
3184,770.55480957
3185,794.398132324
3186,842.830627441
3187,900.411071777
3188,799.432434082
3189,879.991333008
3190,792.50189209
3191,846.169677734
3192,837.803100586
3193,795.689208984
3194,871.296813965
3195,835.083984375
3196,845.308044434
3197,882.530578613
3198,817.81060791
3199,803.632507324
3200,858.230957031
3201,736.319641113
3202,794.23828125
3203,763.941162109
3204,881.351928711
3205,799.565185547
3206,868.761474609
3207,820.594055176
3208,820.526000977
3209,874.544067383
3210,871.92199707
3211,858.32598877
3212,870.822509766
3213,830.718933105
3214,803.053527832
3215,768.654968262
3216,839.735473633
3217,840.584411621
3218,845.854614258
3219,778.694030762
3220,820.37487793
3221,846.452331543
3222,836.358947754
3223,783.424133301
3224,784.071166992
3225,764.079833984
3226,855.081665039
3227,848.71105957
3228,808.629699707
3229,833.774169922
3230,848.048095703
3231,886.259460449
3232,695.944335938
3233,830.370605469
3234,765.945251465
3235,806.803771973
3236,879.129699707
3237,857.033996582
3238,743.5703125
3239,863.674682617
3240,865.036071777
3241,769.845397949
3242,888.906677246
3243,781.494873047
3244,937.550354004
3245,751.311523438
3246,877.000366211
3247,900.56439209
3248,797.696228027
3249,799.031005859
3250,817.370178223
3251,813.502868652
3252,803.798400879
3253,812.549743652
3254,853.981445312
3255,854.338134766
3256,845.147583008
3257,760.153930664
3258,809.095214844
3259,854.880065918
3260,772.524536133
3261,841.486938477
3262,818.988342285
3263,763.505249023
3264,744.373046875
3265,735.890563965
3266,825.948791504
3267,904.738769531
3268,831.659179688
3269,775.6875
3270,823.914672852
3271,828.364807129
3272,816.756652832
3273,815.040405273
3274,914.489562988
3275,858.385620117
3276,819.35736084
3277,808.413269043
3278,882.453674316
3279,845.90447998
3280,784.521972656
3281,770.531494141
3282,803.64465332
3283,748.771118164
3284,824.034301758
3285,793.363037109
3286,831.487731934
3287,831.035644531
3288,797.658081055
3289,834.471984863
3290,813.27911377
3291,736.676208496
3292,825.106567383
3293,832.325805664
3294,860.441162109
3295,791.615234375
3296,827.386230469
3297,866.252197266
3298,718.232055664
3299,937.085754395
3300,762.963500977
3301,862.37322998
3302,868.757263184
3303,869.131164551
3304,833.606994629
3305,862.102294922
3306,797.979370117
3307,832.716125488
3308,718.028503418
3309,815.311218262
3310,873.770385742
3311,845.994140625
3312,840.022583008
3313,807.874511719
3314,914.993530273
3315,795.010131836
3316,779.721801758
3317,853.591125488
3318,778.133728027
3319,719.281066895
3320,846.151611328
3321,751.043273926
3322,828.360778809
3323,755.239013672
3324,773.001464844
3325,798.959960938
3326,889.185546875
3327,788.021606445
3328,845.206848145
3329,762.295654297
3330,886.400512695
3331,862.620727539
3332,837.41986084
3333,886.020019531
3334,707.57232666
3335,827.458679199
3336,791.524169922
3337,746.965270996
3338,778.194641113
3339,835.275512695
3340,837.724182129
3341,838.600646973
3342,805.931396484
3343,945.67401123
3344,876.396789551
3345,861.651184082
3346,732.751708984
3347,721.398254395
3348,743.727294922
3349,710.743041992
3350,767.791931152
3351,890.526672363
3352,771.603393555
3353,926.923706055
3354,798.638122559
3355,818.282287598
3356,693.132141113
3357,800.322814941
3358,899.85369873
3359,896.833068848
3360,897.67590332
3361,877.4375
3362,834.334655762
3363,837.572814941
3364,829.181030273
3365,760.077514648
3366,806.222595215
3367,776.399475098
3368,846.682250977
3369,801.258605957
3370,807.20324707
3371,782.865478516
3372,748.661499023
3373,850.611572266
3374,789.235229492
3375,856.039672852
3376,794.031677246
3377,786.13494873
3378,773.325622559
3379,807.477905273
3380,827.755981445
3381,723.844604492
3382,789.773498535
3383,825.50189209
3384,837.430053711
3385,788.026428223
3386,762.009765625
3387,812.925292969
3388,780.24029541
3389,866.524353027
3390,751.329589844
3391,825.134277344
3392,783.817565918
3393,824.235229492
3394,766.196105957
3395,836.807250977
3396,804.650512695
3397,785.391723633
3398,670.885803223
3399,814.869506836
3400,825.028198242
3401,859.181640625
3402,870.270019531
3403,845.918518066
3404,802.157958984
3405,870.153869629
3406,795.103027344
3407,832.311584473
3408,833.972717285
3409,890.414550781
3410,761.377075195
3411,879.665893555
3412,869.676635742
3413,824.746337891
3414,786.247436523
3415,791.478881836
3416,763.861999512
3417,746.03503418
3418,754.726013184
3419,797.567687988
3420,809.567993164
3421,729.383911133
3422,776.564147949
3423,843.210998535
3424,813.924987793
3425,675.733032227
3426,833.383666992
3427,702.204956055
3428,759.386779785
3429,744.389404297
3430,775.609619141
3431,869.726501465
3432,855.803771973
3433,812.491638184
3434,753.15057373
3435,736.944519043
3436,865.835571289
3437,831.219482422
3438,854.589355469
3439,742.885559082
3440,745.400146484
3441,818.677490234
3442,769.659973145
3443,807.600708008
3444,831.929260254
3445,857.869262695
3446,814.166687012
3447,812.799133301
3448,849.09197998
3449,857.850036621
3450,840.166809082
3451,744.053405762
3452,811.717529297
3453,821.477722168
3454,768.371398926
3455,795.417419434
3456,821.314941406
3457,749.025878906
3458,836.342651367
3459,768.903259277
3460,743.766174316
3461,865.425109863
3462,751.792602539
3463,832.898681641
3464,819.253845215
3465,832.907836914
3466,834.857666016
3467,837.197937012
3468,867.308227539
3469,907.845275879
3470,893.410217285
3471,769.818969727
3472,813.988769531
3473,746.926391602
3474,769.639709473
3475,819.243347168
3476,749.100219727
3477,790.990844727
3478,896.132263184
3479,768.332946777
3480,762.038757324
3481,795.844787598
3482,787.883117676
3483,898.237426758
3484,911.68939209
3485,759.828491211
3486,840.22076416
3487,739.707824707
3488,756.511108398
3489,786.873413086
3490,815.524780273
3491,742.964904785
3492,783.984802246
3493,834.510620117
3494,889.337280273
3495,763.751831055
3496,769.18371582
3497,765.887084961
3498,804.099609375
3499,885.02166748
3500,842.731140137
3501,815.491333008
3502,815.827087402
3503,843.985229492
3504,782.147094727
3505,784.767822266
3506,783.271789551
3507,858.88861084
3508,777.706787109
3509,827.445861816
3510,804.378479004
3511,832.021362305
3512,793.089660645
3513,732.92956543
3514,760.931213379
3515,794.398071289
3516,823.300598145
3517,770.536010742
3518,769.977905273
3519,828.204284668
3520,833.117126465
3521,720.928527832
3522,831.35736084
3523,790.113769531
3524,852.878356934
3525,803.144775391
3526,706.621337891
3527,866.25
3528,809.639343262
3529,845.235107422
3530,809.213989258
3531,756.823181152
3532,812.709472656
3533,819.021057129
3534,806.075439453
3535,710.458862305
3536,816.937866211
3537,709.204650879
3538,828.563903809
3539,741.484619141
3540,786.268371582
3541,835.413085938
3542,706.633300781
3543,678.149597168
3544,742.693237305
3545,849.623657227
3546,818.60736084
3547,828.999816895
3548,798.483398438
3549,744.80267334
3550,792.848083496
3551,881.318908691
3552,767.557312012
3553,763.744750977
3554,862.350158691
3555,811.38684082
3556,794.272155762
3557,785.226074219
3558,792.981567383
3559,807.596496582
3560,821.085144043
3561,802.782714844
3562,750.470703125
3563,810.13104248
3564,763.512207031
3565,774.22454834
3566,834.410217285
3567,712.388061523
3568,803.547546387
3569,837.729614258
3570,762.549743652
3571,762.896606445
3572,809.209533691
3573,764.163146973
3574,806.325317383
3575,820.496520996
3576,761.711181641
3577,810.644042969
3578,754.96496582
3579,797.930297852
3580,813.429016113
3581,803.253234863
3582,758.25177002
3583,792.640258789
3584,841.875610352
3585,791.08770752
3586,711.60369873
3587,829.697021484
3588,775.643615723
3589,754.093994141
3590,706.710205078
3591,775.358520508
3592,761.568847656
3593,772.246032715
3594,785.930847168
3595,783.099914551
3596,786.447570801
3597,707.289611816
3598,791.228637695
3599,721.652832031
3600,842.8828125
3601,796.577087402
3602,810.589416504
3603,781.424621582
3604,775.330871582
3605,819.97845459
3606,725.517578125
3607,856.311340332
3608,716.189819336
3609,805.524780273
3610,763.330627441
3611,785.505187988
3612,692.456787109
3613,867.579162598
3614,738.6015625
3615,818.622802734
3616,814.318786621
3617,897.337280273
3618,807.774353027
3619,775.666870117
3620,783.202941895
3621,881.574279785
3622,775.345581055
3623,943.669006348
3624,766.966186523
3625,844.401428223
3626,755.906982422
3627,722.077026367
3628,748.263305664
3629,872.727844238
3630,816.770080566
3631,792.828369141
3632,840.438476562
3633,879.848999023
3634,787.980712891
3635,774.094604492
3636,821.401611328
3637,751.520935059
3638,791.37298584
3639,724.313354492
3640,825.163085938
3641,795.448242188
3642,796.887817383
3643,751.120239258
3644,807.604736328
3645,768.564086914
3646,817.214599609
3647,832.338439941
3648,790.866760254
3649,789.786254883
3650,777.487854004
3651,803.030578613
3652,861.496276855
3653,752.918334961
3654,780.535949707
3655,779.322937012
3656,784.979248047
3657,748.734985352
3658,728.643188477
3659,782.738891602
3660,741.175476074
3661,813.183532715
3662,840.138122559
3663,792.537597656
3664,823.199462891
3665,821.528015137
3666,756.459716797
3667,800.274291992
3668,732.770385742
3669,779.299316406
3670,779.665649414
3671,733.924682617
3672,832.95916748
3673,692.783874512
3674,834.441223145
3675,831.72088623
3676,685.164978027
3677,850.484680176
3678,854.026000977
3679,748.606750488
3680,758.896606445
3681,713.635742188
3682,770.101257324
3683,702.985534668
3684,838.163208008
3685,735.639099121
3686,763.481384277
3687,788.782897949
3688,791.528808594
3689,760.433959961
3690,814.786865234
3691,810.673095703
3692,719.333374023
3693,792.962280273
3694,745.11541748
3695,760.660583496
3696,881.418640137
3697,791.865661621
3698,833.013000488
3699,756.169189453
3700,851.900695801
3701,706.169128418
3702,767.230712891
3703,735.547363281
3704,760.819824219
3705,865.217773438
3706,803.133483887
3707,754.541137695
3708,842.727966309
3709,761.414794922
3710,815.167724609
3711,753.38269043
3712,814.35723877
3713,690.911621094
3714,761.64855957
3715,766.013000488
3716,792.724121094
3717,805.939819336
3718,691.143066406
3719,790.403015137
3720,792.981872559
3721,807.525695801
3722,714.449707031
3723,722.125244141
3724,750.790283203
3725,809.135253906
3726,766.448852539
3727,744.537719727
3728,776.118896484
3729,837.20324707
3730,746.843505859
3731,770.566467285
3732,819.136901855
3733,685.960632324
3734,803.543457031
3735,766.235595703
3736,683.180480957
3737,850.032958984
3738,743.9921875
3739,798.219604492
3740,754.91973877
3741,816.36328125
3742,787.135803223
3743,704.725891113
3744,720.61706543
3745,788.548706055
3746,838.88885498
3747,652.10534668
3748,735.309265137
3749,850.622009277
3750,806.621826172
3751,732.336547852
3752,769.250488281
3753,760.651184082
3754,808.596801758
3755,746.574951172
3756,851.810913086
3757,834.643798828
3758,813.736572266
3759,758.490905762
3760,695.068725586
3761,822.671264648
3762,753.189147949
3763,769.558166504
3764,685.932373047
3765,802.687011719
3766,744.755432129
3767,730.069519043
3768,802.933044434
3769,772.486572266
3770,727.62677002
3771,793.510253906
3772,857.380004883
3773,700.225524902
3774,763.344909668
3775,742.049255371
3776,728.393981934
3777,760.776123047
3778,775.752929688
3779,767.107055664
3780,806.881591797
3781,805.06036377
3782,767.133056641
3783,800.782165527
3784,760.832885742
3785,777.097412109
3786,773.683410645
3787,716.816589355
3788,732.011535645
3789,854.745544434
3790,766.440917969
3791,717.650024414
3792,815.671508789
3793,863.722351074
3794,696.826782227
3795,792.843383789
3796,812.636047363
3797,831.359130859
3798,766.305175781
3799,772.773254395
3800,810.938781738
3801,742.891296387
3802,717.499816895
3803,753.233337402
3804,739.530273438
3805,830.441772461
3806,779.026733398
3807,665.480651855
3808,824.374572754
3809,832.063049316
3810,770.850402832
3811,745.486633301
3812,701.927734375
3813,724.825134277
3814,713.532104492
3815,672.85949707
3816,725.430786133
3817,806.211730957
3818,799.309997559
3819,757.008972168
3820,750.601013184
3821,789.690856934
3822,803.9453125
3823,837.441162109
3824,791.91796875
3825,730.03692627
3826,700.329589844
3827,762.941467285
3828,808.319519043
3829,714.565002441
3830,794.501342773
3831,860.618652344
3832,795.458618164
3833,746.139282227
3834,809.223388672
3835,775.07635498
3836,760.999755859
3837,827.614746094
3838,684.392272949
3839,765.973388672
3840,698.801635742
3841,785.27355957
3842,701.636352539
3843,746.531311035
3844,758.824645996
3845,740.836669922
3846,741.817749023
3847,786.22076416
3848,713.976257324
3849,704.634399414
3850,728.091918945
3851,765.742797852
3852,724.874511719
3853,721.0390625
3854,773.87322998
3855,812.604980469
3856,787.847412109
3857,728.658874512
3858,721.101745605
3859,765.132263184
3860,827.148254395
3861,788.599182129
3862,875.460327148
3863,804.598876953
3864,772.109313965
3865,799.816467285
3866,770.125305176
3867,777.662109375
3868,772.841796875
3869,749.386779785
3870,806.780761719
3871,785.334533691
3872,738.624572754
3873,790.393676758
3874,829.405456543
3875,841.496337891
3876,686.510192871
3877,852.000366211
3878,751.958251953
3879,790.95703125
3880,727.418701172
3881,701.535766602
3882,844.262756348
3883,741.546264648
3884,701.812194824
3885,845.33972168
3886,770.251708984
3887,811.592651367
3888,751.01159668
3889,786.330932617
3890,742.571472168
3891,803.922363281
3892,792.764160156
3893,761.619445801
3894,765.631408691
3895,813.759765625
3896,730.298278809
3897,742.526123047
3898,734.965087891
3899,792.757995605
3900,775.139343262
3901,827.036376953
3902,744.746276855
3903,775.428100586
3904,738.755004883
3905,740.526489258
3906,794.480773926
3907,822.082580566
3908,854.285217285
3909,732.296020508
3910,818.411804199
3911,720.185241699
3912,742.588623047
3913,762.853210449
3914,726.41003418
3915,745.028991699
3916,882.961914062
3917,748.274841309
3918,722.632263184
3919,796.178161621
3920,703.895446777
3921,808.783752441
3922,852.581665039
3923,736.421813965
3924,752.698974609
3925,829.839416504
3926,696.332458496
3927,746.370483398
3928,740.33001709
3929,734.607543945
3930,787.662902832
3931,689.124328613
3932,713.866577148
3933,782.478271484
3934,785.792236328
3935,775.468811035
3936,753.201293945
3937,782.154052734
3938,746.408935547
3939,773.635559082
3940,755.402526855
3941,759.318054199
3942,754.377868652
3943,784.829406738
3944,735.877258301
3945,698.446350098
3946,718.550292969
3947,716.422851562
3948,741.57800293
3949,830.605163574
3950,773.661376953
3951,717.706298828
3952,753.346008301
3953,748.604187012
3954,714.21685791
3955,743.047790527
3956,771.694519043
3957,726.670654297
3958,781.250427246
3959,721.508422852
3960,762.166137695
3961,737.825744629
3962,819.841186523
3963,767.692687988
3964,811.028686523
3965,680.412658691
3966,754.353942871
3967,739.778259277
3968,644.386047363
3969,812.761962891
3970,744.082580566
3971,705.650024414
3972,699.524780273
3973,726.71270752
3974,675.666564941
3975,722.334533691
3976,779.380432129
3977,801.400024414
3978,788.612182617
3979,692.139404297
3980,784.369018555
3981,738.777954102
3982,721.572265625
3983,796.193359375
3984,802.554199219
3985,783.350463867
3986,714.570373535
3987,745.640991211
3988,783.069152832
3989,749.382568359
3990,802.288635254
3991,695.745605469
3992,702.16607666
3993,765.968017578
3994,718.102905273
3995,725.313232422
3996,704.655090332
3997,664.221862793
3998,830.366027832
3999,741.193786621
4000,784.405456543
4001,831.491027832
4002,768.301879883
4003,755.55291748
4004,784.040771484
4005,736.170166016
4006,754.023254395
4007,702.132568359
4008,756.216796875
4009,844.153381348
4010,781.43359375
4011,693.521484375
4012,694.52532959
4013,758.964599609
4014,736.607727051
4015,739.817321777
4016,743.96697998
4017,771.137573242
4018,815.109985352
4019,689.314453125
4020,691.815673828
4021,788.424987793
4022,884.664916992
4023,801.610290527
4024,731.419128418
4025,707.235351562
4026,779.686523438
4027,680.548583984
4028,769.317443848
4029,740.030151367
4030,803.496887207
4031,667.893615723
4032,722.629150391
4033,775.673461914
4034,743.203613281
4035,690.823547363
4036,791.131103516
4037,737.529785156
4038,735.047668457
4039,788.068237305
4040,799.037597656
4041,707.694519043
4042,717.105957031
4043,749.378967285
4044,733.38671875
4045,866.518188477
4046,738.233032227
4047,755.517456055
4048,747.902709961
4049,793.871276855
4050,708.223510742
4051,755.845581055
4052,697.243591309
4053,660.554443359
4054,685.40057373
4055,697.814575195
4056,692.318786621
4057,654.011047363
4058,720.372924805
4059,716.31817627
4060,862.73638916
4061,705.236083984
4062,714.93560791
4063,782.707519531
4064,697.59185791
4065,695.283325195
4066,741.024414062
4067,717.141296387
4068,800.217407227
4069,732.572570801
4070,738.193908691
4071,799.724609375
4072,775.957336426
4073,846.297363281
4074,745.82824707
4075,783.518737793
4076,719.44708252
4077,759.434631348
4078,780.402526855
4079,730.357849121
4080,696.228942871
4081,677.42175293
4082,692.959533691
4083,741.608093262
4084,704.387329102
4085,796.767211914
4086,754.831542969
4087,790.398071289
4088,768.359191895
4089,844.820556641
4090,730.028076172
4091,795.725891113
4092,732.248168945
4093,754.23260498
4094,716.627502441
4095,727.912597656
4096,724.118835449
4097,737.209655762
4098,777.459106445
4099,751.367736816
4100,732.973022461
4101,742.663330078
4102,738.283752441
4103,748.393432617
4104,771.185668945
4105,781.473510742
4106,728.623596191
4107,753.984375
4108,795.652404785
4109,801.889709473
4110,771.309387207
4111,790.330749512
4112,791.418273926
4113,771.810546875
4114,751.161254883
4115,767.14239502
4116,730.721618652
4117,745.644348145
4118,736.992980957
4119,731.674560547
4120,705.442443848
4121,776.08770752
4122,832.69934082
4123,701.673522949
4124,719.071838379
4125,748.717102051
4126,731.697143555
4127,810.576599121
4128,748.50012207
4129,703.696777344
4130,734.834960938
4131,694.860595703
4132,781.973632812
4133,695.576599121
4134,704.625
4135,765.987365723
4136,671.276184082
4137,681.841308594
4138,775.615722656
4139,749.825500488
4140,674.78692627
4141,761.768493652
4142,699.42779541
4143,625.105102539
4144,723.672485352
4145,756.791931152
4146,792.250488281
4147,766.423461914
4148,666.459655762
4149,681.059509277
4150,737.673583984
4151,791.914855957
4152,812.487243652
4153,822.081542969
4154,749.32598877
4155,702.521606445
4156,699.126159668
4157,819.932800293
4158,750.387817383
4159,750.631103516
4160,775.733520508
4161,665.874145508
4162,760.151428223
4163,718.565734863
4164,709.310546875
4165,724.912353516
4166,700.498779297
4167,681.62713623
4168,733.630187988
4169,784.442871094
4170,627.528808594
4171,682.832885742
4172,694.385620117
4173,636.897827148
4174,805.623168945
4175,749.855834961
4176,731.718383789
4177,685.796447754
4178,732.21307373
4179,810.626037598
4180,783.893249512
4181,770.572570801
4182,706.714477539
4183,717.060546875
4184,771.915161133
4185,714.595458984
4186,682.364929199
4187,715.730285645
4188,699.990112305
4189,685.300109863
4190,653.839233398
4191,808.813171387
4192,797.864440918
4193,813.023193359
4194,775.426208496
4195,620.178283691
4196,736.354492188
4197,709.646606445
4198,692.322509766
4199,786.563537598
4200,690.239807129
4201,748.149475098
4202,791.593017578
4203,798.542358398
4204,725.715637207
4205,758.920715332
4206,752.381164551
4207,628.375488281
4208,758.16796875
4209,817.136230469
4210,702.854187012
4211,682.715148926
4212,791.996582031
4213,653.371337891
4214,739.421386719
4215,721.476013184
4216,787.360412598
4217,782.791870117
4218,666.640014648
4219,661.342102051
4220,762.806640625
4221,722.996887207
4222,762.616516113
4223,743.304931641
4224,681.994628906
4225,744.371276855
4226,755.833190918
4227,706.972106934
4228,755.875488281
4229,749.582580566
4230,710.299133301
4231,687.336181641
4232,779.206359863
4233,726.330993652
4234,754.057617188
4235,764.000305176
4236,698.218383789
4237,778.913452148
4238,808.248901367
4239,692.866149902
4240,724.95690918
4241,714.426025391
4242,701.349121094
4243,751.376037598
4244,761.494628906
4245,792.346069336
4246,678.476623535
4247,721.623596191
4248,761.77331543
4249,750.623596191
4250,659.264038086
4251,753.230529785
4252,734.624633789
4253,714.28326416
4254,753.610900879
4255,784.85546875
4256,744.475097656
4257,745.111633301
4258,734.594604492
4259,717.833129883
4260,817.074768066
4261,756.205383301
4262,777.484436035
4263,724.694458008
4264,746.221374512
4265,737.424377441
4266,717.443908691
4267,705.75189209
4268,672.35534668
4269,756.376586914
4270,731.854980469
4271,771.064819336
4272,748.036743164
4273,731.658447266
4274,756.061035156
4275,728.161193848
4276,787.047668457
4277,824.083496094
4278,762.567199707
4279,697.784057617
4280,739.945617676
4281,754.355957031
4282,676.471313477
4283,736.967895508
4284,746.960754395
4285,733.204772949
4286,723.290344238
4287,673.649230957
4288,769.376586914
4289,735.944946289
4290,752.467834473
4291,805.538269043
4292,704.110656738
4293,754.111206055
4294,762.801086426
4295,702.890808105
4296,725.920715332
4297,713.035339355
4298,690.282287598
4299,725.53137207
4300,677.534790039
4301,714.087097168
4302,792.961425781
4303,763.685974121
4304,681.290527344
4305,708.964477539
4306,701.901550293
4307,766.185913086
4308,694.721618652
4309,677.161071777
4310,685.544494629
4311,653.007324219
4312,719.726806641
4313,712.583618164
4314,717.92980957
4315,743.430114746
4316,716.194763184
4317,755.637084961
4318,723.692565918
4319,693.05670166
4320,610.797973633
4321,733.679321289
