0,358.033294678
1,422.837768555
2,384.195281982
3,373.086425781
4,342.589447021
5,345.18939209
6,399.268371582
7,377.320953369
8,364.456817627
9,376.129486084
10,392.887878418
11,376.616668701
12,363.353302002
13,457.993438721
14,442.889434814
15,358.382995605
16,392.845275879
17,371.651031494
18,376.273040771
19,398.141021729
20,446.719055176
21,365.525512695
22,396.878662109
23,382.177398682
24,380.36315918
25,405.934906006
26,395.597198486
27,395.133239746
28,375.804595947
29,352.461029053
30,347.869140625
31,377.424499512
32,404.72644043
33,382.488525391
34,331.185974121
35,370.632965088
36,369.124664307
37,422.24911499
38,369.427825928
39,380.023925781
40,359.31048584
41,351.329559326
42,374.295562744
43,356.827270508
44,372.436920166
45,360.037750244
46,385.701019287
47,386.024108887
48,405.341644287
49,368.775421143
50,387.514343262
51,390.259857178
52,389.896026611
53,372.760040283
54,400.494995117
55,378.37097168
56,364.763793945
57,408.346954346
58,362.224334717
59,422.420654297
60,357.206604004
61,433.727996826
62,424.61517334
63,416.173217773
64,342.956268311
65,403.637634277
66,382.859039307
67,368.109741211
68,376.085449219
69,365.541717529
70,361.25680542
71,404.122619629
72,361.684204102
73,406.713378906
74,359.03225708
75,377.481964111
76,349.780517578
77,440.432861328
78,348.097961426
79,408.053985596
80,364.748352051
81,393.522033691
82,340.385925293
83,411.239135742
84,360.800506592
85,422.496551514
86,354.54486084
87,372.272735596
88,392.862701416
89,359.651763916
90,356.101776123
91,380.706604004
92,367.109832764
93,385.576812744
94,382.592987061
95,389.753814697
96,384.107055664
97,392.576904297
98,393.115875244
99,353.838928223
100,344.215332031
101,347.209075928
102,391.147583008
103,410.92666626
104,421.216949463
105,380.999023438
106,390.291870117
107,368.264007568
108,383.7109375
109,384.675689697
110,370.861877441
111,361.816162109
112,363.131958008
113,352.499176025
114,334.593017578
115,398.637695312
116,410.282012939
117,430.88079834
118,372.25402832
119,336.702453613
120,401.746826172
121,349.84487915
122,417.231903076
123,390.138061523
124,348.62689209
125,347.235290527
126,392.092468262
127,372.300842285
128,385.847198486
129,417.778991699
130,337.178894043
131,361.350524902
132,390.177337646
133,378.720031738
134,348.548522949
135,356.905914307
136,407.006072998
137,378.576690674
138,376.390472412
139,359.633331299
140,410.038085938
141,379.590820312
142,382.314117432
143,390.410308838
144,423.197021484
145,368.035858154
146,369.199310303
147,393.861328125
148,419.290496826
149,420.861938477
150,363.121612549
151,395.45715332
152,357.76348877
153,369.096435547
154,349.373382568
155,388.583465576
156,418.141937256
157,345.747253418
158,365.527648926
159,363.769042969
160,365.48614502
161,364.327850342
162,359.181304932
163,387.293884277
164,339.715057373
165,363.931884766
166,390.207458496
167,351.849884033
168,350.28213501
169,404.246856689
170,393.525238037
171,357.693267822
172,381.472198486
173,398.810119629
174,425.385772705
175,365.381195068
176,357.401397705
177,299.347625732
178,368.310394287
179,303.780548096
180,356.648345947
181,371.568084717
182,372.556854248
183,353.721405029
184,352.469482422
185,394.07913208
186,444.676818848
187,402.650878906
188,413.137329102
189,347.581939697
190,368.065826416
191,357.716430664
192,378.535369873
193,389.567993164
194,367.6746521
195,338.275909424
196,399.797241211
197,413.155426025
198,369.790557861
199,384.668945312
200,391.929168701
201,385.22946167
202,379.601959229
203,345.150238037
204,365.485321045
205,369.516113281
206,394.696899414
207,376.735107422
208,416.388366699
209,416.295806885
210,360.171691895
211,409.353179932
212,388.249206543
213,414.719085693
214,401.327880859
215,369.430267334
216,385.227142334
217,341.602905273
218,403.040222168
219,404.292907715
220,378.658172607
221,358.46282959
222,410.372406006
223,369.511810303
224,364.367645264
225,377.197509766
226,424.488250732
227,347.993988037
228,378.835845947
229,404.474884033
230,350.194641113
231,419.795928955
232,427.907592773
233,404.138946533
234,397.556274414
235,396.7109375
236,359.021026611
237,342.207641602
238,401.378845215
239,363.848327637
240,367.954833984
241,382.234100342
242,376.355865479
243,400.131866455
244,380.374328613
245,412.226196289
246,353.395751953
247,401.494506836
248,329.595153809
249,391.958984375
250,361.949066162
251,372.242706299
252,391.642486572
253,387.333984375
254,366.134857178
255,360.108734131
256,436.92666626
257,386.171447754
258,368.707641602
259,338.884307861
260,365.946136475
261,432.266937256
262,361.883575439
263,385.057067871
264,374.167266846
265,413.005981445
266,398.446868896
267,358.848175049
268,350.489471436
269,396.310668945
270,409.829101562
271,394.281860352
272,379.062103271
273,341.248138428
274,361.90814209
275,391.775909424
276,356.054748535
277,351.731384277
278,392.984130859
279,378.605773926
280,354.065032959
281,362.511993408
282,408.08493042
283,383.815002441
284,395.583282471
285,439.078582764
286,406.100921631
287,335.802368164
288,442.991668701
289,392.613128662
290,325.558868408
291,396.859069824
292,402.807830811
293,355.258911133
294,420.845794678
295,470.210266113
296,344.761138916
297,347.772491455
298,389.358581543
299,354.343566895
300,438.192474365
301,337.141082764
302,379.013885498
303,321.137451172
304,360.791168213
305,334.058807373
306,417.738494873
307,395.44934082
308,380.123840332
309,391.596099854
310,380.802612305
311,353.317443848
312,361.212524414
313,379.995727539
314,400.562561035
315,338.612213135
316,393.936340332
317,362.87878418
318,409.670227051
319,401.333190918
320,409.084442139
321,363.157043457
322,392.004333496
323,387.91809082
324,419.756652832
325,361.497589111
326,385.409118652
327,386.500946045
328,391.464080811
329,370.900787354
330,360.709991455
331,411.378845215
332,365.943450928
333,389.391418457
334,398.137023926
335,363.410736084
336,325.690582275
337,392.84362793
338,367.315979004
339,332.974090576
340,377.195404053
341,416.754180908
342,390.340759277
343,356.209503174
344,400.006958008
345,392.819702148
346,387.212463379
347,339.95904541
348,354.133270264
349,332.072479248
350,345.114593506
351,369.841949463
352,357.422241211
353,331.993865967
354,360.37612915
355,419.93548584
356,350.219848633
357,346.976470947
358,335.078613281
359,382.569458008
360,322.263153076
361,364.703521729
362,375.051940918
363,370.90335083
364,392.125213623
365,369.229522705
366,435.810058594
367,336.61126709
368,413.018096924
369,382.340637207
370,361.015380859
371,373.482116699
372,367.892730713
373,364.820739746
374,385.663757324
375,390.164093018
376,338.024688721
377,359.466888428
378,368.42199707
379,414.589752197
380,398.684417725
381,375.84262085
382,401.71182251
383,398.1925354
384,351.923034668
385,344.679138184
386,383.42276001
387,394.842437744
388,348.996185303
389,394.214813232
390,339.324798584
391,426.321838379
392,387.280975342
393,412.738037109
394,386.16986084
395,411.588317871
396,356.574768066
397,411.541900635
398,365.076629639
399,406.749694824
400,376.688720703
401,379.690856934
402,387.652252197
403,355.933990479
404,339.802734375
405,334.855926514
406,367.133453369
407,347.37008667
408,388.159118652
409,427.025878906
410,377.923583984
411,357.330718994
412,343.243408203
413,407.002227783
414,334.404907227
415,410.351776123
416,376.534515381
417,357.405212402
418,418.797424316
419,449.271850586
420,393.15322876
421,343.074157715
422,358.248748779
423,377.931640625
424,384.572906494
425,359.360107422
426,373.566436768
427,377.938476562
428,380.247528076
429,332.721588135
430,348.300445557
431,433.979187012
432,379.360229492
433,366.862548828
434,393.606201172
435,403.498046875
436,415.184173584
437,391.165100098
438,396.789794922
439,413.608917236
440,375.355194092
441,369.19644165
442,406.651367188
443,393.529724121
444,377.295379639
445,351.693481445
446,338.1875
447,413.282714844
448,380.10256958
449,423.097381592
