0,69024.8671875
1,51548.0820312
2,36573.734375
3,31899.7148438
4,24700.3808594
5,20940.3515625
6,18125.2578125
7,13323.8535156
8,13869.1445312
9,12576.5371094
10,12995.7041016
11,11072.3583984
12,12229.0625
13,10651.0761719
14,10523.2060547
15,9661.79589844
16,10456.5263672
17,8768.20605469
18,7973.53417969
19,8550.99609375
20,8486.87988281
21,8359.64648438
22,7749.24804688
23,8232.97363281
24,8026.26220703
25,7416.25292969
26,7815.33398438
27,7886.55517578
28,7162.43701172
29,7228.61425781
30,6965.36328125
31,6959.15380859
32,6922.60449219
33,6541.88476562
34,6441.04931641
35,6866.33447266
36,7016.01513672
37,6503.42578125
38,6850.29931641
39,6601.64990234
40,6987.88427734
41,6971.94335938
42,6510.86230469
43,6581.02441406
44,6040.57519531
45,6322.34326172
46,6066.83496094
47,6074.11914062
48,5824.15380859
49,5936.03808594
50,6301.03271484
51,6030.39355469
52,5935.63525391
53,6351.34082031
54,5462.46289062
55,5595.68847656
56,5811.41259766
57,5572.32373047
58,5734.21533203
59,5760.00390625
60,5519.24267578
61,5617.85058594
62,5180.76757812
63,5461.43994141
64,5574.13623047
65,5367.16015625
66,5712.35351562
67,5379.54394531
68,5355.20263672
69,5061.24462891
70,5406.50146484
71,5259.328125
72,5078.56201172
73,5542.50537109
74,5901.3515625
75,5365.97021484
76,4823.18310547
77,5277.68164062
78,5232.48632812
79,4863.37597656
80,4982.54541016
81,5163.28759766
82,4900.83886719
83,4773.29199219
84,4917.95898438
85,4779.1484375
86,4724.27050781
87,5040.28857422
88,4856.40039062
89,4361.21191406
90,4843.21386719
91,4554.24511719
92,4562.35400391
93,4222.92871094
94,4226.92138672
95,4879.76806641
96,4134.35400391
97,4255.98730469
98,4491.29150391
99,4412.76611328
100,4059.33251953
101,3973.77661133
102,4350.18847656
103,4165.23095703
104,3992.69311523
105,4338.22900391
106,4200.55517578
107,3710.671875
108,3798.83007812
109,3625.0612793
110,3563.98706055
111,3638.77612305
112,3921.54858398
113,3802.28540039
114,3718.10009766
115,3398.37866211
116,3708.84863281
117,3309.79541016
118,3488.79931641
119,3219.71411133
120,3055.51977539
121,3898.14916992
122,3258.15625
123,3689.81884766
124,3260.90942383
125,3154.99584961
126,3866.28051758
127,3180.47729492
128,3031.14819336
129,3344.41259766
130,3900.17211914
131,3183.60229492
132,3181.46801758
133,3113.36352539
134,3238.92797852
135,2968.55981445
136,3127.79541016
137,3384.74731445
138,3326.45141602
139,3163.53320312
140,3092.85522461
141,3167.43798828
142,3291.28686523
143,3032.81103516
144,3161.51147461
145,3242.81567383
146,3128.15087891
147,2825.77246094
148,3070.8059082
149,2766.25390625
150,2969.22387695
151,2953.59936523
152,3093.16552734
153,3140.84130859
154,2891.31860352
155,2891.69604492
156,2931.81176758
157,2713.27319336
158,2879.54785156
159,2724.54956055
160,2954.28100586
161,2606.58496094
162,2662.78491211
163,2752.48779297
164,2945.05981445
165,2633.2043457
166,2613.25756836
167,2707.10083008
168,2586.60107422
169,2722.3359375
170,2630.49194336
171,3120.99389648
172,3004.2956543
173,2599.2722168
174,2699.51904297
175,2856.53051758
176,2679.69116211
177,2858.7722168
178,2464.94628906
179,2662.39526367
180,2683.5234375
181,2606.19750977
182,2990.55834961
183,2529.75439453
184,2668.13574219
185,2356.6340332
186,2807.69702148
187,2616.64160156
188,2784.78833008
189,2614.57788086
190,2549.27368164
191,2423.15405273
192,2478.64746094
193,2769.03466797
194,2885.64501953
195,2664.27807617
196,2766.03833008
197,2944.43383789
198,2582.22216797
199,2636.98632812
200,2423.35253906
201,2429.62597656
202,2587.78027344
203,2443.78027344
204,2458.13330078
205,2343.16748047
206,2736.73510742
207,2265.06420898
208,2348.61206055
209,2298.28125
210,2822.48046875
211,2680.74316406
212,2878.53222656
213,2737.49145508
214,2329.38671875
215,2452.68945312
216,2719.54516602
217,2586.90551758
218,2606.07788086
219,2377.61938477
220,2623.421875
221,2396.36083984
222,2730.65795898
223,2368.51660156
224,2683.57568359
225,2279.96777344
226,2575.34838867
227,2389.23461914
228,2452.41333008
229,2381.82568359
230,2568.79394531
231,2514.68847656
232,2483.93310547
233,2356.85302734
234,2422.9519043
235,2361.52148438
236,2295.33911133
237,2488.70874023
238,2420.25634766
239,2634.13500977
240,2562.89404297
241,2356.43945312
242,2541.29125977
243,2429.91015625
244,2495.12963867
245,2374.75830078
246,2401.80493164
247,2271.88916016
248,2576.00708008
249,2231.28076172
250,2260.63793945
251,2424.96582031
252,2188.2590332
253,2245.8269043
254,2276.83422852
255,2318.80102539
256,2609.62963867
257,2416.17578125
258,2166.7487793
259,2354.72070312
260,2267.85083008
261,2571.90893555
262,2348.97241211
263,2116.21972656
264,2247.04125977
265,2244.69555664
266,2101.65771484
267,2440.71240234
268,2306.10839844
269,2256.26464844
270,2279.91015625
271,2186.01757812
272,2249.55493164
273,2388.49560547
274,2394.63867188
275,2145.47094727
276,2106.52905273
277,2323.64379883
278,2132.09570312
279,2028.30908203
280,2203.65478516
281,2234.04248047
282,2092.99536133
283,2260.93212891
284,2099.84863281
285,2102.09716797
286,2198.62939453
287,2222.15307617
288,2327.09765625
289,2406.15576172
290,2440.48876953
291,2366.87133789
292,2230.30053711
293,2362.2253418
294,1976.68554688
295,2338.65087891
296,2136.19091797
297,2019.50085449
298,2130.98779297
299,2209.69970703
300,2187.75976562
301,2163.59643555
302,2027.19006348
303,2135.36474609
304,2277.31518555
305,2094.66235352
306,2073.82788086
307,2201.38134766
308,2060.65795898
309,2193.38574219
310,2139.22705078
311,2230.39160156
312,2453.48779297
313,2161.82714844
314,2033.99487305
315,2110.06201172
316,2093.83544922
317,1955.25378418
318,2133.19897461
319,1935.19091797
320,2178.23144531
321,2139.16040039
322,2115.62939453
323,2253.59277344
324,2180.17480469
325,2102.90771484
326,2039.44360352
327,1977.44030762
328,1992.06835938
329,2081.19677734
330,2284.95654297
331,2230.13574219
332,2055.70458984
333,2036.2109375
334,2201.78808594
335,2212.11865234
336,2094.79125977
337,2019.68249512
338,2232.18115234
339,2143.04882812
340,1973.1340332
341,2244.05639648
342,2120.53173828
343,2031.35742188
344,2199.26171875
345,2247.46826172
346,2023.29724121
347,1820.93725586
348,1970.13598633
349,2033.05407715
350,2093.15649414
351,2213.14819336
352,1994.95678711
353,1877.0793457
354,1875.37890625
355,1990.27600098
356,2045.1217041
357,1909.68444824
358,1974.88830566
359,2108.66162109
360,1857.83215332
361,1890.06652832
362,1921.96313477
363,1977.19274902
364,1941.27111816
365,1970.29187012
366,1994.30725098
367,2018.15454102
368,2018.04931641
369,1938.50744629
370,2029.71105957
371,1855.53234863
372,2035.88134766
373,1907.84899902
374,1773.76599121
375,1955.41723633
376,2121.0065918
377,1830.53027344
378,1937.19787598
379,1987.91430664
380,1952.97290039
381,1860.7467041
382,2278.8581543
383,1904.39111328
384,1995.00549316
385,1998.63806152
386,1914.23120117
387,2081.92724609
388,1919.81018066
389,1883.98791504
390,1859.41320801
391,2009.28283691
392,1902.20141602
393,1907.36889648
394,1947.59484863
395,2021.8671875
396,1845.76086426
397,1928.45837402
398,1734.81677246
399,1900.85839844
400,1854.61791992
401,2002.09851074
402,1759.56567383
403,1995.6192627
404,1973.21398926
405,1805.32983398
406,2084.86352539
407,1959.41967773
408,1942.54663086
409,1879.19567871
410,1960.93054199
411,1768.94775391
412,1800.98095703
413,1817.21691895
414,1780.20874023
415,1941.43676758
416,1819.84899902
417,1914.42297363
418,2089.05004883
419,2093.68017578
420,1868.02502441
421,1954.79431152
422,1975.04345703
423,1948.16113281
424,1782.06530762
425,1938.96606445
426,1876.15393066
427,1850.28112793
428,1811.4510498
429,2100.96118164
430,1917.69628906
431,1771.33886719
432,1798.1817627
433,2060.95874023
434,1810.68713379
435,1975.18908691
436,2028.58483887
437,1845.26464844
438,1805.08630371
439,1768.52124023
440,1700.06066895
441,1835.30004883
442,1791.02624512
443,2091.10009766
444,2082.87573242
445,1857.35412598
446,1891.32702637
447,1835.56628418
448,1704.5369873
449,2019.95446777
450,2042.04663086
451,1829.65454102
452,2014.85205078
453,1830.76745605
454,1861.36804199
455,1885.43518066
456,1770.69348145
457,1772.89160156
458,1811.59558105
459,1714.56066895
460,1710.76477051
461,1695.55029297
462,1780.61218262
463,1800.38964844
464,1690.00427246
465,1824.51953125
466,1736.08300781
467,1741.49633789
468,1810.14819336
469,1948.91455078
470,1663.58764648
471,1885.62841797
472,1860.4362793
473,1803.83447266
474,1798.75354004
475,1853.41674805
476,1682.83007812
477,1751.52392578
478,1724.24914551
479,1789.70825195
480,1748.0814209
481,1683.23693848
482,1761.39624023
483,1633.47436523
484,1826.40673828
485,1823.7635498
486,1845.68310547
487,1689.87316895
488,1933.17456055
489,1773.01879883
490,1927.06347656
491,1930.64489746
492,1930.06335449
493,1804.43164062
494,1771.5826416
495,1931.32348633
496,1847.83984375
497,1688.03613281
498,1731.19152832
499,1774.64819336
500,1697.55761719
501,1899.16796875
502,1748.64379883
503,1667.68188477
504,1722.3638916
505,1803.19750977
506,1847.58532715
507,1747.66821289
508,1820.69750977
509,1787.38793945
510,1822.22265625
511,1879.92041016
512,1647.82714844
513,1666.39880371
514,1785.60852051
515,1648.66821289
516,1779.82714844
517,1776.5736084
518,1695.31750488
519,1735.40307617
520,1810.64697266
521,1668.86791992
522,1734.59338379
523,1844.70397949
524,1834.61547852
525,1774.26708984
526,1715.29663086
527,1599.41101074
528,1894.109375
529,1849.20202637
530,1851.99023438
531,1718.30895996
532,2062.88085938
533,1723.79321289
534,1694.72460938
535,1739.4564209
536,1812.05688477
537,1762.70471191
538,1860.09399414
539,1929.71472168
540,1621.59667969
541,1879.12451172
542,1813.07324219
543,1756.29553223
544,1833.83898926
545,1744.3392334
546,1585.04724121
547,1739.24963379
548,1768.53076172
549,1826.14916992
550,1624.17150879
551,1782.10168457
552,1705.03344727
553,1779.28637695
554,1782.30236816
555,1792.38098145
556,1841.1328125
557,1772.12182617
558,1843.04821777
559,1683.32922363
560,1685.6484375
561,1839.14355469
562,1780.34802246
563,1636.43395996
564,1594.55993652
565,1722.1607666
566,1882.96911621
567,1707.35681152
568,1718.71789551
569,1726.42773438
570,1871.90600586
571,1752.70397949
572,1769.10083008
573,1707.44702148
574,1766.61743164
575,1719.91333008
576,1656.95129395
577,1852.58850098
578,1712.21166992
579,1800.65625
580,1704.08752441
581,1834.53430176
582,1563.06384277
583,1752.56970215
584,1630.65649414
585,1673.34130859
586,1581.01171875
587,1576.7746582
588,1643.24194336
589,1699.19628906
590,1617.15966797
591,1765.58679199
592,1637.20544434
593,1692.36694336
594,1792.44030762
595,1781.58935547
596,1609.22460938
597,1644.40124512
598,1529.35546875
599,1726.33410645
600,1561.08911133
601,1756.48852539
602,1597.70788574
603,1662.32165527
604,1641.6394043
605,1650.28918457
606,1649.1171875
607,1699.87744141
608,1586.92956543
609,1725.24194336
610,1655.37780762
611,1564.25891113
612,1533.41064453
613,1767.51171875
614,1716.04345703
615,1551.94396973
616,1644.28479004
617,1645.8729248
618,1744.95935059
619,1698.63757324
620,1638.27111816
621,1464.60461426
622,1583.44592285
623,1747.13146973
624,1540.12487793
625,1568.6776123
626,1675.86755371
627,1744.8626709
628,1685.38830566
629,1557.31848145
630,1479.52233887
631,1708.6809082
632,1713.22180176
633,1582.47790527
634,1745.03869629
635,1460.84155273
636,1771.5123291
637,1693.48669434
638,1671.14147949
639,1705.47888184
640,1624.82958984
641,1791.90563965
642,1547.4017334
643,1684.91992188
644,1772.63122559
645,1693.51745605
646,1523.19238281
647,1795.0279541
648,1543.4263916
649,1414.63330078
650,1617.54052734
651,1682.3503418
652,1609.51489258
653,1602.2064209
654,1616.23706055
655,1751.57666016
656,1556.5604248
657,1657.8704834
658,1722.3470459
659,1616.68334961
660,1688.15625
661,1682.43505859
662,1703.91357422
663,1677.36621094
664,1805.73278809
665,1592.62158203
666,1547.05737305
667,1646.85778809
668,1537.67102051
669,1641.07116699
670,1726.09423828
671,1528.32287598
672,1731.00146484
673,1692.77270508
674,1448.52978516
675,1596.0390625
676,1526.32226562
677,1590.265625
678,1641.45117188
679,1609.2947998
680,1521.24462891
681,1561.16333008
682,1557.17407227
683,1591.921875
684,1673.5736084
685,1603.60083008
686,1567.2635498
687,1685.2298584
688,1837.45593262
689,1557.60229492
690,1623.53356934
691,1506.66259766
692,1541.85705566
693,1715.14257812
694,1500.25488281
695,1572.74987793
696,1375.11401367
697,1686.46862793
698,1580.18603516
699,1453.08166504
700,1568.00500488
701,1441.23547363
702,1580.66931152
703,1547.74682617
704,1656.01818848
705,1583.01428223
706,1450.76977539
707,1643.24353027
708,1581.19104004
709,1551.05651855
710,1482.17248535
711,1482.20031738
712,1614.25195312
713,1719.82727051
714,1583.82629395
715,1520.81628418
716,1401.04675293
717,1595.71838379
718,1684.5168457
719,1590.86120605
720,1663.50927734
721,1745.09997559
722,1613.63562012
723,1682.22412109
724,1556.67419434
725,1621.60827637
726,1465.07263184
727,1688.83178711
728,1596.92272949
729,1650.47912598
730,1597.73937988
731,1541.72668457
732,1749.82043457
733,1614.04455566
734,1587.70947266
735,1657.046875
736,1587.54443359
737,1691.42175293
738,1570.56665039
739,1635.82189941
740,1461.09277344
741,1522.1583252
742,1509.8984375
743,1636.76391602
744,1430.91796875
745,1387.75183105
746,1616.82446289
747,1444.85119629
748,1600.53649902
749,1415.05078125
750,1508.9708252
751,1554.07653809
752,1525.08972168
753,1380.04748535
754,1533.40161133
755,1454.65869141
756,1489.97912598
757,1608.7598877
758,1531.61608887
759,1551.29431152
760,1636.84643555
761,1463.06311035
762,1598.89733887
763,1467.29089355
764,1471.5480957
765,1522.49694824
766,1637.41674805
767,1432.96166992
768,1550.23742676
769,1448.13391113
770,1601.55786133
771,1345.30285645
772,1417.04211426
773,1513.19226074
774,1412.24438477
775,1607.20751953
776,1486.84216309
777,1523.93798828
778,1441.32885742
779,1592.47631836
780,1578.90234375
781,1526.40344238
782,1520.23718262
783,1499.14379883
784,1459.84350586
785,1576.52209473
786,1518.73828125
787,1534.85498047
788,1694.57165527
789,1621.60217285
790,1463.83361816
791,1697.09020996
792,1388.33581543
793,1531.06005859
794,1556.53234863
795,1474.70898438
796,1597.05065918
797,1463.36535645
798,1552.06921387
799,1564.89465332
800,1531.06982422
801,1633.10791016
802,1607.58825684
803,1592.45471191
804,1435.87512207
805,1489.1015625
806,1526.48791504
807,1491.65393066
808,1460.06604004
809,1475.2869873
810,1517.05615234
811,1531.73364258
812,1456.23913574
813,1600.77856445
814,1363.47167969
815,1460.43652344
816,1550.09716797
817,1531.46936035
818,1493.32971191
819,1431.83410645
820,1437.68579102
821,1539.91015625
822,1538.7677002
823,1303.88818359
824,1482.63964844
825,1462.08886719
826,1488.85058594
827,1561.76074219
828,1464.15332031
829,1455.74133301
830,1474.3079834
831,1545.86230469
832,1509.69995117
833,1567.39758301
834,1259.31860352
835,1568.58203125
836,1385.22924805
837,1576.77294922
838,1417.4465332
839,1590.90771484
840,1425.0892334
841,1553.0144043
842,1572.70751953
843,1547.62097168
844,1561.51928711
845,1573.68286133
846,1466.21264648
847,1451.88293457
848,1448.40344238
849,1430.71789551
850,1502.68322754
851,1420.04016113
852,1530.01965332
853,1432.70068359
854,1428.57922363
855,1526.05847168
856,1435.7857666
857,1540.87976074
858,1474.09875488
859,1580.11633301
860,1423.84814453
861,1365.80224609
862,1513.51269531
863,1514.94812012
864,1513.94555664
865,1360.65563965
866,1343.8729248
867,1549.35473633
868,1615.46252441
869,1454.70666504
870,1514.48999023
871,1482.16894531
872,1471.32507324
873,1536.1036377
874,1495.09082031
875,1356.21179199
876,1357.61975098
877,1546.96154785
878,1498.39294434
879,1492.21691895
880,1659.92321777
881,1459.19714355
882,1554.1730957
883,1539.52160645
884,1484.76550293
885,1492.85852051
886,1451.51867676
887,1468.65112305
888,1439.96484375
889,1447.64123535
890,1487.48815918
891,1619.65686035
892,1438.54138184
893,1557.32629395
894,1434.93347168
895,1409.52600098
896,1356.92529297
897,1372.19921875
898,1324.12133789
899,1393.4864502
900,1568.32373047
901,1433.56567383
902,1346.98083496
903,1400.28442383
904,1448.28405762
905,1291.71154785
906,1390.34631348
907,1456.11462402
908,1505.08581543
909,1556.1361084
910,1515.82897949
911,1354.08203125
912,1418.17028809
913,1404.94946289
914,1388.13317871
915,1391.53515625
916,1297.76098633
917,1587.37792969
918,1421.64367676
919,1380.16931152
920,1440.37817383
921,1444.07861328
922,1473.50732422
923,1410.84375
924,1406.21362305
925,1491.69250488
926,1502.85974121
927,1436.54663086
928,1416.08435059
929,1430.6619873
930,1332.97546387
931,1499.61010742
932,1428.11816406
933,1560.03417969
934,1466.8885498
935,1389.60314941
936,1490.05480957
937,1440.93640137
938,1449.58886719
939,1492.57104492
940,1420.08959961
941,1370.98937988
942,1358.4050293
943,1341.08825684
944,1215.61169434
945,1528.41552734
946,1471.6829834
947,1473.66833496
948,1378.43615723
949,1412.87145996
950,1328.84960938
951,1376.42272949
952,1365.83068848
953,1506.57531738
954,1410.10339355
955,1305.74267578
956,1416.80969238
957,1408.16174316
958,1393.66687012
959,1358.88525391
960,1493.9329834
961,1431.8503418
962,1462.24963379
963,1329.98620605
964,1596.22192383
965,1469.99389648
966,1377.06188965
967,1432.99328613
968,1381.65319824
969,1412.42944336
970,1459.90014648
971,1305.79956055
972,1507.05786133
973,1485.46765137
974,1538.63232422
975,1431.22399902
976,1289.87072754
977,1363.52319336
978,1315.00097656
979,1471.96118164
980,1379.10644531
981,1430.10424805
982,1397.55529785
983,1480.52978516
984,1452.17907715
985,1517.31921387
986,1347.84570312
987,1466.3026123
988,1462.25561523
989,1445.32287598
990,1453.02246094
991,1411.18054199
992,1325.71228027
993,1337.73327637
994,1462.69055176
995,1301.65368652
996,1433.71936035
997,1425.83581543
998,1374.12353516
999,1312.08850098
1000,1446.74560547
1001,1431.76330566
1002,1394.46826172
1003,1451.4942627
1004,1400.56140137
1005,1395.3392334
1006,1491.05456543
1007,1482.38952637
1008,1515.38232422
1009,1471.29492188
1010,1370.81066895
1011,1275.60986328
1012,1566.04919434
1013,1441.06811523
1014,1392.80310059
1015,1390.63452148
1016,1520.09094238
1017,1522.4942627
1018,1417.40551758
1019,1437.78161621
1020,1290.27685547
1021,1340.77404785
1022,1502.0065918
1023,1452.67370605
1024,1377.23754883
1025,1480.66503906
1026,1351.06176758
1027,1262.77124023
1028,1264.75378418
1029,1353.63745117
1030,1332.10583496
1031,1328.71557617
1032,1445.4822998
1033,1390.64562988
1034,1450.07763672
1035,1341.63366699
1036,1383.35217285
1037,1481.08630371
1038,1430.04846191
1039,1424.49719238
1040,1371.45556641
1041,1436.30712891
1042,1470.94519043
1043,1436.56604004
1044,1382.53881836
1045,1457.18554688
1046,1335.54858398
1047,1413.79699707
1048,1493.34484863
1049,1399.49511719
1050,1417.79394531
1051,1268.51123047
1052,1362.04931641
1053,1404.62011719
1054,1394.8918457
1055,1284.67675781
1056,1251.63745117
1057,1318.09851074
1058,1321.98205566
1059,1452.11694336
1060,1454.40307617
1061,1321.38916016
1062,1430.27368164
1063,1387.640625
1064,1450.38842773
1065,1364.05615234
1066,1488.97375488
1067,1474.63806152
1068,1500.90393066
1069,1306.35449219
1070,1455.94445801
1071,1339.22631836
1072,1307.75317383
1073,1372.3001709
1074,1224.10461426
1075,1323.72033691
1076,1417.04309082
1077,1253.75866699
1078,1363.81652832
1079,1253.33105469
1080,1434.86999512
1081,1399.88891602
1082,1456.7388916
1083,1317.52648926
1084,1435.47167969
1085,1401.12512207
1086,1416.65710449
1087,1281.39208984
1088,1400.43713379
1089,1356.14855957
1090,1327.56445312
1091,1301.2142334
1092,1377.4206543
1093,1328.14929199
1094,1334.05114746
1095,1439.35571289
1096,1304.79309082
1097,1539.93115234
1098,1423.1105957
1099,1347.13208008
1100,1275.72839355
1101,1381.02099609
1102,1422.74658203
1103,1448.7154541
1104,1419.36462402
1105,1286.18310547
1106,1365.90344238
1107,1426.09106445
1108,1347.66186523
1109,1316.82775879
1110,1462.87536621
1111,1375.81774902
1112,1304.32092285
1113,1264.45227051
1114,1392.27758789
1115,1368.50415039
1116,1367.77746582
1117,1252.59741211
1118,1289.37963867
1119,1284.77539062
1120,1402.22875977
1121,1446.76086426
1122,1306.19726562
1123,1292.88659668
1124,1392.18933105
1125,1305.00671387
1126,1279.5300293
1127,1455.6027832
1128,1277.31799316
1129,1404.95837402
1130,1458.19665527
1131,1443.13452148
1132,1310.94970703
1133,1358.62158203
1134,1321.23547363
1135,1260.83642578
1136,1330.62231445
1137,1390.83337402
1138,1358.16357422
1139,1424.79602051
1140,1352.10449219
1141,1373.28637695
1142,1219.40490723
1143,1421.72436523
1144,1289.31494141
1145,1324.24731445
1146,1321.18029785
1147,1447.22644043
1148,1277.53466797
1149,1261.7532959
1150,1265.11767578
1151,1310.28710938
1152,1234.19604492
1153,1323.2421875
1154,1330.24951172
1155,1356.53271484
1156,1459.82006836
1157,1286.98156738
1158,1355.29345703
1159,1272.95690918
1160,1332.14855957
1161,1355.4699707
1162,1251.59155273
1163,1262.14355469
1164,1420.74194336
1165,1366.11572266
1166,1265.81176758
1167,1253.08300781
1168,1390.22155762
1169,1288.15661621
1170,1322.47338867
1171,1393.58947754
1172,1327.86694336
1173,1357.10388184
1174,1199.05200195
1175,1542.23547363
1176,1304.71362305
1177,1426.83032227
1178,1302.49804688
1179,1348.65869141
1180,1462.40319824
1181,1281.16894531
1182,1413.59680176
1183,1333.96887207
1184,1288.0880127
1185,1379.19580078
1186,1374.00170898
1187,1270.57629395
1188,1342.61975098
1189,1386.3684082
1190,1389.06445312
1191,1328.80004883
1192,1295.5144043
1193,1426.70825195
1194,1390.86779785
1195,1332.18798828
1196,1340.60632324
1197,1221.515625
1198,1468.17114258
1199,1305.56994629
1200,1349.22033691
1201,1406.23449707
1202,1411.06860352
1203,1289.88049316
1204,1366.4720459
1205,1337.50390625
1206,1249.16601562
1207,1367.68920898
1208,1316.0625
1209,1273.10742188
1210,1288.62792969
1211,1395.9432373
1212,1296.53320312
1213,1342.71594238
1214,1279.9083252
1215,1322.83740234
1216,1252.31555176
1217,1305.45776367
1218,1326.69519043
1219,1334.42663574
1220,1354.0480957
1221,1284.77587891
1222,1311.66015625
1223,1391.69262695
1224,1288.60803223
1225,1391.88769531
1226,1342.49609375
1227,1397.23510742
1228,1279.07373047
1229,1360.87988281
1230,1347.1105957
1231,1328.42041016
1232,1223.83898926
1233,1239.35290527
1234,1257.37426758
1235,1360.93774414
1236,1242.50134277
1237,1346.55273438
1238,1346.67504883
1239,1377.28808594
1240,1288.28759766
1241,1320.2512207
1242,1387.8034668
1243,1298.04785156
1244,1332.87475586
1245,1217.92883301
1246,1346.10852051
1247,1310.92053223
1248,1293.36877441
1249,1428.85021973
1250,1283.87341309
1251,1363.46862793
1252,1298.50756836
1253,1398.57189941
1254,1217.37121582
1255,1308.5534668
1256,1359.5
1257,1182.86877441
1258,1372.8059082
1259,1331.31335449
1260,1323.34924316
1261,1299.13232422
1262,1317.94628906
1263,1304.83691406
1264,1360.28051758
1265,1238.88916016
1266,1334.44140625
1267,1417.40039062
1268,1355.05126953
1269,1304.86486816
1270,1257.8302002
1271,1355.85351562
1272,1379.08251953
1273,1242.99353027
1274,1254.88745117
1275,1365.99743652
1276,1384.16748047
1277,1291.96386719
1278,1371.77062988
1279,1328.89135742
1280,1297.32397461
1281,1297.58813477
1282,1258.42138672
1283,1332.42016602
1284,1302.04272461
1285,1320.43774414
1286,1268.7935791
1287,1257.50830078
1288,1159.4888916
1289,1299.27319336
1290,1324.22473145
1291,1269.96020508
1292,1404.19970703
1293,1283.58776855
1294,1304.97802734
1295,1396.21838379
1296,1284.25769043
1297,1164.63366699
1298,1297.93212891
1299,1250.60620117
1300,1289.75695801
1301,1262.6229248
1302,1234.71008301
1303,1339.51867676
1304,1176.2923584
1305,1289.01086426
1306,1181.89624023
1307,1455.07458496
1308,1223.08239746
1309,1239.64587402
1310,1217.83044434
1311,1321.38049316
1312,1213.03833008
1313,1404.50939941
1314,1338.06335449
1315,1335.04187012
1316,1401.9230957
1317,1256.69311523
1318,1228.85400391
1319,1286.42858887
1320,1395.73266602
1321,1221.65283203
1322,1298.43078613
1323,1258.76574707
1324,1347.19348145
1325,1263.58483887
1326,1359.00354004
1327,1177.04321289
1328,1360.5402832
1329,1220.23852539
1330,1250.04736328
1331,1294.31335449
1332,1265.87573242
1333,1286.57104492
1334,1381.48974609
1335,1304.3684082
1336,1193.31677246
1337,1184.48510742
1338,1186.93347168
1339,1330.86804199
1340,1328.87023926
1341,1305.1373291
1342,1248.96887207
1343,1247.81408691
1344,1301.97009277
1345,1350.58044434
1346,1258.36254883
1347,1268.34313965
1348,1311.4263916
1349,1349.53259277
1350,1381.57629395
1351,1164.19348145
1352,1290.97216797
1353,1265.31262207
1354,1275.07141113
1355,1243.62109375
1356,1256.77038574
1357,1344.17285156
1358,1239.88842773
1359,1330.35620117
1360,1232.73937988
1361,1315.83215332
1362,1291.40759277
1363,1239.0057373
1364,1310.83276367
1365,1297.33691406
1366,1266.65966797
1367,1387.390625
1368,1336.97705078
1369,1240.61352539
1370,1281.54699707
1371,1222.84057617
1372,1267.30957031
1373,1247.87072754
1374,1384.68188477
1375,1266.54675293
1376,1270.81994629
1377,1242.37609863
1378,1335.92907715
1379,1339.53967285
1380,1378.15087891
1381,1287.52636719
1382,1319.84204102
1383,1235.47814941
1384,1265.76257324
1385,1252.4831543
1386,1307.67089844
1387,1409.30053711
1388,1437.53491211
1389,1228.14294434
1390,1303.9519043
1391,1326.24865723
1392,1201.75048828
1393,1372.3470459
1394,1223.47338867
1395,1250.11669922
1396,1322.22070312
1397,1334.59277344
1398,1300.61132812
1399,1272.30236816
1400,1248.71789551
1401,1285.21655273
1402,1415.08496094
1403,1261.29931641
1404,1272.09936523
1405,1445.87243652
1406,1250.47839355
1407,1251.13171387
1408,1076.10681152
1409,1227.47973633
1410,1199.06079102
1411,1091.23791504
1412,1202.84985352
1413,1316.39916992
1414,1149.05200195
1415,1306.94750977
1416,1239.63513184
1417,1240.26123047
1418,1168.55908203
1419,1223.26977539
1420,1207.44274902
1421,1285.34020996
1422,1260.37158203
1423,1242.45288086
1424,1212.22753906
1425,1240.41137695
1426,1334.91870117
1427,1213.24597168
1428,1271.47460938
1429,1277.45849609
1430,1329.06420898
1431,1192.83032227
1432,1219.26977539
1433,1139.66174316
1434,1283.66625977
1435,1221.68518066
1436,1358.54602051
1437,1141.65161133
1438,1372.69177246
1439,1158.6217041
1440,1401.46984863
1441,1339.92443848
1442,1180.6854248
1443,1296.47998047
1444,1209.37414551
1445,1396.40515137
1446,1290.78283691
1447,1382.58068848
1448,1279.75817871
1449,1343.40856934
1450,1339.61743164
1451,1222.8807373
1452,1257.1151123
1453,1304.75183105
1454,1317.36352539
1455,1184.79870605
1456,1226.40429688
1457,1373.31469727
1458,1235.07141113
1459,1271.96179199
1460,1450.24853516
1461,1234.68774414
1462,1280.09179688
1463,1249.48278809
1464,1238.71459961
1465,1178.25134277
1466,1252.90515137
1467,1376.29858398
1468,1274.82055664
1469,1227.4230957
1470,1236.98876953
1471,1236.98254395
1472,1221.54638672
1473,1318.10351562
1474,1206.36340332
1475,1373.59838867
1476,1410.0246582
1477,1282.80126953
1478,1211.46191406
1479,1405.39355469
1480,1248.94274902
1481,1126.04858398
1482,1260.64221191
1483,1281.72058105
1484,1301.57617188
1485,1286.20874023
1486,1165.95593262
1487,1360.45043945
1488,1237.12121582
1489,1217.10510254
1490,1261.33227539
1491,1232.87683105
1492,1174.0189209
1493,1269.19885254
1494,1210.81970215
1495,1329.60852051
1496,1353.03234863
1497,1266.14001465
1498,1313.91357422
1499,1233.0546875
1500,1223.22009277
1501,1283.26220703
1502,1412.17895508
1503,1233.99597168
1504,1238.23718262
1505,1186.75695801
1506,1245.7166748
1507,1433.77392578
1508,1449.80737305
1509,1186.76062012
1510,1211.05749512
1511,1337.75183105
1512,1166.90100098
1513,1273.8125
1514,1214.86950684
1515,1239.08898926
1516,1130.61853027
1517,1255.20825195
1518,1306.5267334
1519,1223.93884277
1520,1260.43725586
1521,1264.38452148
1522,1287.4251709
1523,1241.67773438
1524,1176.58374023
1525,1243.3215332
1526,1256.49047852
1527,1225.21630859
1528,1328.33691406
1529,1255.29101562
1530,1174.42004395
1531,1163.44458008
1532,1276.57873535
1533,1227.20581055
1534,1378.06628418
1535,1283.6673584
1536,1310.47595215
1537,1222.66040039
1538,1178.66101074
1539,1216.48986816
1540,1111.61608887
1541,1386.31066895
1542,1280.75427246
1543,1285.3626709
1544,1207.67297363
1545,1179.62805176
1546,1141.22753906
1547,1287.93395996
1548,1282.13757324
1549,1246.90270996
1550,1207.60925293
1551,1166.34509277
1552,1157.84069824
1553,1210.38952637
1554,1116.46630859
1555,1263.20300293
1556,1307.7935791
1557,1093.31311035
1558,1234.20349121
1559,1210.4855957
1560,1343.53735352
1561,1258.72875977
1562,1292.16516113
1563,1235.57788086
1564,1194.7824707
1565,1406.42773438
1566,1188.81286621
1567,1143.64453125
1568,1446.54333496
1569,1292.31726074
1570,1342.81274414
1571,1226.85400391
1572,1230.90808105
1573,1295.06225586
1574,1245.35498047
1575,1229.19921875
1576,1182.73425293
1577,1212.65112305
1578,1270.69567871
1579,1397.66381836
1580,1276.60583496
1581,1223.65429688
1582,1220.91394043
1583,1376.90014648
1584,1244.29833984
1585,1130.18310547
1586,1275.66357422
1587,1279.73461914
1588,1195.74584961
1589,1276.43139648
1590,1250.6965332
1591,1297.06262207
1592,1312.67944336
1593,1234.05810547
1594,1130.27563477
1595,1185.52685547
1596,1373.02929688
1597,1296.35205078
1598,1109.65734863
1599,1304.34619141
1600,1380.53662109
1601,1199.5612793
1602,1178.26477051
1603,1199.39880371
1604,1211.87561035
1605,1215.31408691
1606,1101.35559082
1607,1190.48339844
1608,1186.48693848
1609,1192.31982422
1610,1248.10595703
1611,1135.83618164
1612,1183.85595703
1613,1240.05297852
1614,1230.01123047
1615,1203.32299805
1616,1191.07641602
1617,1258.49902344
1618,1236.47216797
1619,1221.43896484
1620,1280.45922852
1621,1223.10839844
1622,1200.89562988
1623,1204.61804199
1624,1229.86987305
1625,1215.61499023
1626,1180.37670898
1627,1286.33508301
1628,1193.82861328
1629,1097.67053223
1630,1248.4642334
1631,1345.21557617
1632,1232.08703613
1633,1106.61914062
1634,1263.41369629
1635,1264.20031738
1636,1225.71777344
1637,1215.78259277
1638,1217.13623047
1639,1263.3918457
1640,1207.27429199
1641,1154.45263672
1642,1161.39025879
1643,1154.43615723
1644,1144.12756348
1645,1206.93469238
1646,1238.4934082
1647,1270.1920166
1648,1252.94116211
1649,1237.65197754
1650,1147.9901123
1651,1191.59082031
1652,1182.26379395
1653,1339.84484863
1654,1326.13061523
1655,1209.70532227
1656,1230.48754883
1657,1183.68725586
1658,1183.32275391
1659,1172.62329102
1660,1114.0949707
1661,1144.38671875
1662,1149.51708984
1663,1112.62158203
1664,1198.4140625
1665,1311.79663086
1666,1266.40405273
1667,1218.89501953
1668,1216.02050781
1669,1213.5447998
1670,1201.26416016
1671,1193.08886719
1672,1225.35510254
1673,1212.17907715
1674,1225.83972168
1675,1335.64074707
1676,1251.68566895
1677,1241.06787109
1678,1251.36437988
1679,1215.97595215
1680,1215.10839844
1681,1167.72607422
1682,1190.12805176
1683,1290.0246582
1684,1245.6541748
1685,1160.39099121
1686,1119.52282715
1687,1198.45043945
1688,1174.34802246
1689,1180.89038086
1690,1124.48425293
1691,1195.16650391
1692,1168.08129883
1693,1127.6262207
1694,1161.52319336
1695,1189.37524414
1696,1183.94152832
1697,1125.20715332
1698,1235.2479248
1699,1159.92810059
1700,1219.13671875
1701,1306.75939941
1702,1210.48254395
1703,1218.60534668
1704,1225.15185547
1705,1187.50537109
1706,1192.04272461
1707,1211.67614746
1708,1177.38439941
1709,1250.87744141
1710,1174.74902344
1711,1198.06958008
1712,1189.19421387
1713,1202.39257812
1714,1177.73913574
1715,1169.94897461
1716,1164.79516602
1717,1215.53100586
1718,1198.79638672
1719,1135.17944336
1720,1248.24816895
1721,1207.2791748
1722,1233.34973145
1723,1180.03344727
1724,1112.93457031
1725,1085.9642334
1726,1154.82397461
1727,1221.40783691
1728,1257.31140137
1729,1207.17126465
1730,1149.81103516
1731,1128.85803223
1732,1261.42443848
1733,1223.58654785
1734,1235.00610352
1735,1088.66821289
1736,1221.97961426
1737,1152.13525391
1738,1184.98986816
1739,1239.2130127
1740,1136.31616211
1741,1257.19628906
1742,1099.93518066
1743,1195.609375
1744,1164.49902344
1745,1146.75488281
1746,1147.00634766
1747,1136.69250488
1748,1045.63659668
1749,1176.28637695
1750,1250.25793457
1751,1183.56286621
1752,1274.75073242
1753,1103.14465332
1754,1165.70605469
1755,1110.26733398
1756,1350.75097656
1757,1236.7244873
1758,1210.90258789
1759,1273.7989502
1760,1212.39904785
1761,1186.92175293
1762,1250.6307373
1763,1115.12878418
1764,1237.01379395
1765,1184.99804688
1766,1246.84240723
1767,1148.32849121
1768,1240.53857422
1769,1147.70532227
1770,1212.05041504
1771,1228.32250977
1772,1160.82910156
1773,1098.52648926
1774,1206.82458496
1775,1207.81665039
1776,1155.18896484
1777,1122.00219727
1778,1242.52392578
1779,1267.03881836
1780,1213.09399414
1781,1190.10388184
1782,1151.26806641
1783,1184.01806641
1784,1155.3112793
1785,1156.45605469
1786,1090.71228027
1787,1188.56713867
1788,1125.20458984
1789,1180.0
1790,1186.08398438
1791,1137.50219727
1792,1094.87390137
1793,1235.25292969
1794,1331.81286621
1795,1153.00305176
1796,1161.74951172
1797,1205.51989746
1798,1273.66027832
1799,1157.17053223
1800,1103.89343262
1801,1310.75061035
1802,1194.07519531
1803,1235.58056641
1804,1255.78710938
1805,1205.26171875
1806,1104.86755371
1807,1119.99963379
1808,1251.59240723
1809,1251.39953613
1810,1172.82617188
1811,1188.62426758
1812,1086.32958984
1813,1251.87573242
1814,1113.96069336
1815,1180.18920898
1816,1142.91845703
1817,1185.13745117
1818,1195.01928711
1819,1245.0012207
1820,1185.18920898
1821,1142.0135498
1822,1128.48510742
1823,1084.99584961
1824,1111.61108398
1825,1162.83251953
1826,1184.52111816
1827,1139.29614258
1828,1138.88745117
1829,1149.64538574
1830,1202.0423584
1831,1223.65405273
1832,1180.36010742
1833,1095.30993652
1834,1117.1138916
1835,1149.32214355
1836,1170.76428223
1837,1148.89428711
1838,1151.84338379
1839,1159.00744629
1840,1158.47351074
1841,1199.90905762
1842,1231.54052734
1843,1112.19616699
1844,1165.40197754
1845,1143.88366699
1846,1152.7355957
1847,1122.48022461
1848,1139.04455566
1849,1179.17102051
1850,1180.76000977
1851,1167.55285645
1852,1145.68603516
1853,1186.46716309
1854,1094.4564209
1855,1262.62475586
1856,1114.20532227
1857,1117.86816406
1858,1202.74487305
1859,1235.72485352
1860,1248.74853516
1861,1254.18078613
1862,1177.22277832
1863,1135.41296387
1864,1133.81945801
1865,1201.01599121
1866,1165.13452148
1867,1090.95959473
1868,1077.2019043
1869,1167.45275879
1870,1155.53320312
1871,1128.81518555
1872,1095.30554199
1873,1304.86425781
1874,1296.08776855
1875,1209.73217773
1876,1116.09118652
1877,1147.44128418
1878,1139.58728027
1879,1144.96557617
1880,1200.88476562
1881,1128.68469238
1882,1109.06201172
1883,1213.44238281
1884,1149.84472656
1885,1164.66479492
1886,1182.6541748
1887,1174.6862793
1888,1071.01245117
1889,1100.93664551
1890,1109.37817383
1891,1136.14416504
1892,1158.17993164
1893,1106.53295898
1894,1097.41333008
1895,1051.94921875
1896,1218.8302002
1897,1251.92382812
1898,1203.12866211
1899,1185.40942383
1900,1185.63452148
1901,1220.35351562
1902,1204.61755371
1903,1152.55859375
1904,1095.81921387
1905,1124.53442383
1906,1021.64691162
1907,1261.41540527
1908,1056.60058594
1909,1140.54284668
1910,1183.59448242
1911,1159.27807617
1912,1089.8046875
1913,1159.39611816
1914,1099.89855957
1915,1232.26159668
1916,1203.99291992
1917,1242.60437012
1918,1079.92370605
1919,1103.50598145
1920,1104.65429688
1921,1154.6817627
1922,1106.75
1923,1254.91088867
1924,1126.41137695
1925,1162.27514648
1926,1149.50610352
1927,1225.28039551
1928,1140.66357422
1929,1158.48498535
1930,1131.51293945
1931,1180.50756836
1932,1114.95251465
1933,1192.23327637
1934,1084.38220215
1935,1230.43139648
1936,1152.4050293
1937,1177.86462402
1938,1139.42944336
1939,1234.43103027
1940,972.532287598
1941,1182.96655273
1942,1213.86413574
1943,1146.37854004
1944,1215.89758301
1945,1150.14953613
1946,1236.80090332
1947,1249.07751465
1948,1113.77966309
1949,1126.8984375
1950,1146.65856934
1951,1121.8605957
1952,1234.80981445
1953,1181.31640625
1954,1111.36035156
1955,1110.87023926
1956,1106.69165039
1957,1131.36474609
1958,1039.71374512
1959,1207.0838623
1960,1082.87878418
1961,1053.70654297
1962,1124.20410156
1963,1144.44812012
1964,1152.88330078
1965,1066.58813477
1966,1090.18457031
1967,1182.73022461
1968,1079.11865234
1969,1140.67480469
1970,1162.40270996
1971,1166.61230469
1972,1123.27978516
1973,1133.48034668
1974,1204.4888916
1975,1124.73571777
1976,1133.5456543
1977,1100.4173584
1978,1134.42053223
1979,1165.59106445
1980,1170.97705078
1981,1206.35498047
1982,1197.21447754
1983,1104.58312988
1984,1114.00561523
1985,1105.41772461
1986,1098.12756348
1987,1117.35290527
1988,1098.41088867
1989,1225.50915527
1990,1086.63806152
1991,1102.75671387
1992,1041.99975586
1993,1060.45056152
1994,1068.42163086
1995,1173.4453125
1996,1133.91162109
1997,1211.27709961
1998,1109.15551758
1999,1139.2520752
2000,1111.11157227
2001,1111.79174805
2002,1148.78112793
2003,1173.28283691
2004,1151.09130859
2005,1146.69226074
2006,1099.63647461
2007,1201.39453125
2008,1118.69946289
2009,1170.25793457
2010,1136.84020996
2011,1080.4440918
2012,1207.92199707
2013,1043.91052246
2014,1157.18103027
2015,1058.73535156
2016,1141.34533691
2017,1260.37194824
2018,1121.00317383
2019,1166.22033691
2020,1161.77282715
2021,1124.2956543
2022,1269.09228516
2023,1124.37316895
2024,1180.62414551
2025,1113.76391602
2026,1156.42016602
2027,1090.68640137
2028,1148.85144043
2029,1163.26330566
2030,1175.41833496
2031,1149.48632812
2032,1131.57580566
2033,1071.57653809
2034,1096.09448242
2035,1204.15332031
2036,1101.74768066
2037,1096.67932129
2038,1124.56774902
2039,1127.5769043
2040,1185.86657715
2041,1114.265625
2042,1130.21020508
2043,1136.21057129
2044,1222.71337891
2045,1113.94128418
2046,1141.88427734
2047,1070.34301758
2048,1196.42541504
2049,1102.31542969
2050,1127.16503906
2051,1138.71496582
2052,1088.4354248
2053,1113.6072998
2054,1105.59387207
2055,1055.3729248
2056,1192.8380127
2057,1050.09033203
2058,1092.09545898
2059,1106.2590332
2060,1117.22192383
2061,1148.46337891
2062,1175.27172852
2063,1106.01269531
2064,1111.17468262
2065,1166.05993652
2066,1039.24291992
2067,1131.50622559
2068,1125.32214355
2069,1087.9621582
2070,1088.76513672
2071,1151.83569336
2072,1135.58581543
2073,1188.82373047
2074,1088.27441406
2075,1110.65405273
2076,1240.125
2077,1147.41210938
2078,1048.13366699
2079,1056.63366699
2080,1141.03796387
2081,1076.14831543
2082,1083.7532959
2083,1175.56213379
2084,1178.01647949
2085,1106.05126953
2086,1126.86206055
2087,1110.79467773
2088,1167.8762207
2089,1004.2444458
2090,1151.59484863
2091,1107.3815918
2092,1351.30603027
2093,1178.65515137
2094,1103.05603027
2095,1080.25158691
2096,1177.57116699
2097,1097.70446777
2098,1034.67919922
2099,1075.20336914
2100,1078.68444824
2101,1076.3560791
2102,1201.03686523
2103,1195.25317383
2104,1097.1730957
2105,1167.51965332
2106,1170.69091797
2107,1116.92529297
2108,1139.82470703
2109,1138.55700684
2110,1144.72180176
2111,1053.33276367
2112,1054.32592773
2113,1049.32214355
2114,1196.76208496
2115,1122.68139648
2116,1157.70373535
2117,1042.640625
2118,1194.40612793
2119,1230.6418457
2120,990.197265625
2121,1097.16101074
2122,1038.08984375
2123,1026.6027832
2124,1142.0970459
2125,1078.39318848
2126,1204.67590332
2127,1095.94104004
2128,1149.7779541
2129,1068.00476074
2130,1066.42028809
2131,1143.4276123
2132,1113.2668457
2133,1161.22290039
2134,1224.21520996
2135,1278.6027832
2136,1133.83129883
2137,1165.29052734
2138,1118.57897949
2139,1092.93981934
2140,1074.03833008
2141,1074.92529297
2142,1154.18273926
2143,1121.08325195
2144,1188.43078613
2145,1103.66809082
2146,1107.41882324
2147,1178.05761719
2148,1170.92480469
2149,1039.57434082
2150,1192.89221191
2151,1013.20666504
2152,1128.01452637
2153,1172.41125488
2154,1150.10327148
2155,1136.2869873
2156,1091.64672852
2157,1006.54309082
2158,1232.42248535
2159,1075.82043457
2160,1137.3449707
2161,1096.62438965
2162,1055.34082031
2163,1144.20007324
2164,1173.7442627
2165,1092.68273926
2166,1062.02929688
2167,1114.81506348
2168,1064.91467285
2169,1139.35949707
2170,1040.72973633
2171,1173.52111816
2172,1241.8939209
2173,1044.83349609
2174,1110.06677246
2175,1112.82458496
2176,1058.11901855
2177,1161.72521973
2178,1166.88745117
2179,1049.43371582
2180,1079.49743652
2181,1243.47875977
2182,1161.43066406
2183,1110.5234375
2184,1072.5579834
2185,1019.55731201
2186,1097.20935059
2187,1126.95935059
2188,1128.31506348
2189,1038.0369873
2190,1149.96228027
2191,1137.44763184
2192,1134.43933105
2193,1088.65979004
2194,1079.0045166
2195,1062.48937988
2196,1173.42883301
2197,1206.08581543
2198,1100.69445801
2199,1146.58691406
2200,1062.87268066
2201,1089.00866699
2202,1106.39794922
2203,1049.53466797
2204,1112.80859375
2205,1131.21508789
2206,1049.91333008
2207,1250.93432617
2208,1105.01391602
2209,1069.49462891
2210,1094.32226562
2211,1157.13635254
2212,1032.37817383
2213,1181.35375977
2214,1120.43811035
2215,1125.47814941
2216,1198.07373047
2217,1020.59747314
2218,1133.91687012
2219,1174.23754883
2220,1037.9230957
2221,1172.80566406
2222,1126.29272461
2223,1142.4161377
2224,1028.89221191
2225,1057.00964355
2226,1032.06567383
2227,1136.70593262
2228,1186.67822266
2229,1065.91235352
2230,1030.84667969
2231,1137.57958984
2232,1235.06506348
2233,1197.07861328
2234,1085.75
2235,1082.86425781
2236,1041.65917969
2237,1169.2878418
2238,1076.39562988
2239,1089.3963623
2240,1090.54272461
2241,1043.0526123
2242,1078.44384766
2243,1199.89770508
2244,1212.16308594
2245,1162.9005127
2246,1078.85083008
2247,1150.88879395
2248,1107.60351562
2249,1037.66223145
2250,1126.22131348
2251,994.703186035
2252,1106.51623535
2253,1057.92175293
2254,1099.26538086
2255,1069.20458984
2256,1095.36657715
2257,1073.40686035
2258,1085.59570312
2259,1107.79101562
2260,1096.53149414
2261,1172.40942383
2262,1114.48059082
2263,1196.82995605
2264,1060.60620117
2265,1135.0793457
2266,1038.10290527
2267,1172.50219727
2268,1059.86572266
2269,1094.45581055
2270,1179.39404297
2271,1108.16345215
2272,1016.78125
2273,1097.16870117
2274,1113.05615234
2275,1131.28417969
2276,1070.81494141
2277,1044.4074707
2278,1141.04541016
2279,1086.52929688
2280,1254.26391602
2281,1111.33349609
2282,1084.08764648
2283,1177.84765625
2284,1066.89916992
2285,1132.09130859
2286,1126.47595215
2287,997.369873047
2288,1093.9987793
2289,1083.06726074
2290,1077.46948242
2291,1142.26403809
2292,1088.24279785
2293,1116.49401855
2294,1159.47961426
2295,1032.49353027
2296,1092.54516602
2297,1022.22979736
2298,1129.0501709
2299,1081.7800293
2300,1029.91821289
2301,1125.82714844
2302,1078.79589844
2303,1141.72167969
2304,1082.54089355
2305,1128.14782715
2306,1035.72399902
2307,1117.76879883
2308,1158.44396973
2309,1113.65637207
2310,1090.02697754
2311,1073.79968262
2312,1086.6854248
2313,1077.15466309
2314,1155.44018555
2315,1068.76086426
2316,1046.12756348
2317,1105.96972656
2318,1040.44299316
2319,975.45489502
2320,1133.8828125
2321,1249.23803711
2322,1040.39501953
2323,1037.62207031
2324,1099.54382324
2325,1193.37731934
2326,1139.78369141
2327,1028.4921875
2328,1038.4486084
2329,1160.74255371
2330,1060.60852051
2331,1041.89892578
2332,1132.47790527
2333,1030.61010742
2334,1060.48327637
2335,1048.97497559
2336,1092.7578125
2337,1171.09216309
2338,1028.9230957
2339,1115.33081055
2340,1121.71105957
2341,1054.6114502
2342,1135.82995605
2343,1055.41040039
2344,1093.63659668
2345,1073.96057129
2346,1135.2310791
2347,1157.57409668
2348,1088.47607422
2349,1027.03112793
2350,1088.14208984
2351,1097.86938477
2352,1016.61895752
2353,1045.59741211
2354,1093.39831543
2355,1117.42321777
2356,1068.15637207
2357,1091.52844238
2358,1140.74511719
2359,1195.45214844
2360,1106.67236328
2361,1037.67944336
2362,1153.5078125
2363,1047.85961914
2364,1128.78295898
2365,1014.44750977
2366,1111.78540039
2367,1090.76000977
2368,1046.42944336
2369,992.13659668
2370,1171.73510742
2371,1111.78137207
2372,1110.75744629
2373,1093.10888672
2374,1041.27331543
2375,1172.03649902
2376,1097.40881348
2377,1121.06896973
2378,1002.84210205
2379,1021.48516846
2380,1141.83972168
2381,1092.76721191
2382,1099.00720215
2383,1002.01049805
2384,1141.4119873
2385,1047.02490234
2386,1077.9440918
2387,959.253479004
2388,1008.25231934
2389,1107.08508301
2390,1034.02233887
2391,1173.93554688
2392,1099.21154785
2393,995.01940918
2394,1080.23254395
2395,1045.82250977
2396,1006.05523682
2397,1048.61779785
2398,1001.90338135
2399,1025.39978027
2400,1101.74328613
2401,1027.9453125
2402,1061.46679688
2403,1091.91845703
2404,1125.37475586
2405,1066.23681641
2406,1172.17248535
2407,1107.51977539
2408,1021.98370361
2409,979.952575684
2410,1115.68005371
2411,958.012756348
2412,1024.72106934
2413,1152.1295166
2414,1101.14648438
2415,1018.17962646
2416,1101.5045166
2417,1177.79797363
2418,1159.77087402
2419,1088.50500488
2420,1117.75170898
2421,1039.55627441
2422,1019.49884033
2423,1071.9855957
2424,1063.16394043
2425,1190.64245605
2426,1086.50134277
2427,1104.19458008
2428,1064.1730957
2429,1173.66662598
2430,1125.8984375
2431,995.196411133
2432,1052.02160645
2433,1096.05664062
2434,1159.30969238
2435,1113.21240234
2436,1101.15625
2437,1107.98132324
2438,1170.55578613
2439,1021.88690186
2440,983.111694336
2441,1104.28430176
2442,1036.1072998
2443,1024.8536377
2444,1102.08190918
2445,1069.1385498
2446,1029.64355469
2447,1114.36914062
2448,1060.87487793
2449,970.766479492
2450,1114.66369629
2451,1040.77416992
2452,1128.77355957
2453,1111.68762207
2454,1002.10302734
2455,1049.27099609
2456,1032.32324219
2457,1107.55578613
2458,1025.53601074
2459,1084.47045898
2460,1150.46704102
2461,1093.92285156
2462,1093.47460938
2463,1034.95239258
2464,1045.30432129
2465,1048.40820312
2466,1065.54199219
2467,1081.07861328
2468,1139.46337891
2469,1060.97570801
2470,1060.92138672
2471,1096.62573242
2472,1073.63916016
2473,1095.28125
2474,1098.41369629
2475,1170.16870117
2476,1025.59362793
2477,1059.68884277
2478,1086.2088623
2479,1008.77606201
2480,1067.20397949
2481,1066.890625
2482,1109.07714844
2483,1098.71264648
2484,1062.45141602
2485,1158.33435059
2486,1018.30444336
2487,1041.62963867
2488,1076.6986084
2489,1116.6986084
2490,1103.4744873
2491,1050.38952637
2492,1006.1885376
2493,1109.04675293
2494,1095.85791016
2495,1017.21313477
2496,1062.55566406
2497,1113.50476074
2498,1040.00512695
2499,1067.36193848
2500,1096.60766602
2501,1135.75476074
2502,1037.06555176
2503,1121.65551758
2504,1026.98059082
2505,1071.40905762
2506,1135.02380371
2507,1148.70483398
2508,1164.73254395
2509,977.203125
2510,1088.66992188
2511,1129.20739746
2512,1047.71679688
2513,1072.53540039
2514,1050.35595703
2515,1085.88110352
2516,1119.56591797
2517,1122.26782227
2518,1065.20947266
2519,990.124450684
2520,1106.26794434
2521,1192.44299316
2522,1038.61706543
2523,1038.93041992
2524,1071.31713867
2525,993.751403809
2526,1014.99475098
2527,1037.03894043
2528,1039.37890625
2529,972.704162598
2530,1090.31005859
2531,1012.76281738
2532,1005.65765381
2533,1032.12646484
2534,1024.97668457
2535,1096.79089355
2536,989.597290039
2537,1087.4309082
2538,1099.05725098
2539,1055.76135254
2540,1080.71228027
2541,982.703735352
2542,1059.64111328
2543,969.748291016
2544,1145.71435547
2545,955.441833496
2546,1141.91479492
2547,1216.72973633
2548,1015.52020264
2549,1153.89526367
2550,1049.32165527
2551,1043.64428711
2552,1000.43981934
2553,969.389221191
2554,1057.35717773
2555,1048.71618652
2556,1043.69543457
2557,1084.37878418
2558,1039.33117676
2559,1013.7802124
2560,1032.24865723
2561,1008.45550537
2562,1099.27770996
2563,1098.18786621
2564,1156.31616211
2565,1072.14440918
2566,985.785217285
2567,1047.99536133
2568,1045.49719238
2569,1079.75854492
2570,997.526123047
2571,1063.21704102
2572,1066.53259277
2573,1082.59387207
2574,1031.8260498
2575,1129.53845215
2576,1050.90075684
2577,1027.63659668
2578,1068.9987793
2579,1087.7878418
2580,1078.37231445
2581,1055.42248535
2582,1124.0378418
2583,1064.48913574
2584,1064.27368164
2585,1090.45446777
2586,1072.88415527
2587,1044.99523926
2588,1007.94726562
2589,968.839904785
2590,1037.54211426
2591,981.992004395
2592,1083.9473877
2593,1096.08117676
2594,1059.94384766
2595,1074.68518066
2596,978.309265137
2597,1017.8706665
2598,987.507629395
2599,1077.82995605
2600,1028.55163574
2601,1053.25012207
2602,1091.39916992
2603,1085.03967285
2604,1089.3762207
2605,1064.08129883
2606,1081.76098633
2607,928.580444336
2608,1123.27844238
2609,956.400268555
2610,1066.58959961
2611,1082.56628418
2612,1013.52539062
2613,1004.79742432
2614,1101.88659668
2615,1014.20837402
2616,1041.00402832
2617,1045.63232422
2618,1016.84216309
2619,1077.78063965
2620,1063.39343262
2621,1153.09997559
2622,998.081726074
2623,966.382507324
2624,1087.20129395
2625,1068.87731934
2626,1090.55322266
2627,1011.4855957
2628,1025.9029541
2629,1063.05273438
2630,1028.5201416
2631,1119.39025879
2632,1123.05969238
2633,1081.8848877
2634,1085.80786133
2635,969.523803711
2636,1046.83532715
2637,955.96081543
2638,1152.87011719
2639,1145.83312988
2640,1027.24121094
2641,1096.1583252
2642,1094.63745117
2643,992.29675293
2644,1035.27832031
2645,1001.81518555
2646,1010.51611328
2647,1088.71191406
2648,942.764526367
2649,978.971252441
2650,1000.29321289
2651,983.057617188
2652,1020.0302124
2653,1134.97729492
2654,1031.73730469
2655,1105.05566406
2656,1035.61682129
2657,1083.10986328
2658,1015.14648438
2659,1044.42004395
2660,1110.2166748
2661,1107.87866211
2662,1034.16931152
2663,1090.30236816
2664,1072.29309082
2665,994.390869141
2666,981.567504883
2667,1083.03552246
2668,1109.17480469
2669,1082.95129395
2670,1039.32116699
2671,1085.7598877
2672,1216.03051758
2673,1071.05932617
2674,1115.70837402
2675,1002.25604248
2676,1013.49243164
2677,1053.48193359
2678,1020.03564453
2679,1001.45214844
2680,1083.7980957
2681,963.282165527
2682,1140.08886719
2683,998.545593262
2684,1094.92663574
2685,1057.54516602
2686,1095.12866211
2687,1038.38659668
2688,1084.85742188
2689,1103.47753906
2690,1030.71044922
2691,1080.97937012
2692,1110.47949219
2693,1110.61901855
2694,976.821289062
2695,1040.93737793
2696,1038.42224121
2697,1024.44372559
2698,1015.08422852
2699,1062.68640137
2700,1055.8404541
2701,1098.13012695
2702,1017.25469971
2703,946.339172363
2704,1019.77941895
2705,1093.59985352
