seq12/frame00001.png 29.073991 -0.463922 57.676704 0.363691 0.000835 0.929076 -0.067424

seq12/frame00002.png 29.026684 -0.429609 57.662780 0.366483 -0.001114 0.927980 -0.067425

seq12/frame00003.png 29.000915 -0.410777 57.663726 0.367913 -0.002151 0.927411 -0.067447

seq12/frame00004.png 28.808236 -0.390273 57.771658 0.371557 -0.005876 0.926126 -0.064816

seq12/frame00005.png 28.230454 -0.208156 57.826496 0.373696 0.007033 0.921658 -0.104192

seq12/frame00006.png 27.564092 -0.383514 57.809584 0.357450 -0.013494 0.927139 -0.111649

seq12/frame00007.png 26.958042 -0.346486 57.917187 0.345372 -0.017191 0.925449 -0.154813

seq12/frame00008.png 26.345964 -0.325265 57.998502 0.290611 -0.006137 0.942530 -0.164795

seq12/frame00009.png 25.818842 -0.364843 57.938979 0.247378 0.005229 0.946700 -0.206255

seq12/frame00010.png 25.168282 -0.347787 58.117102 0.221302 -0.002682 0.950464 -0.218279

seq12/frame00011.png 24.467539 -0.319269 58.327132 0.257582 -0.015430 0.944928 -0.201323

seq12/frame00012.png 23.812901 -0.138699 58.526135 0.259049 -0.024503 0.952842 -0.156191

seq12/frame00013.png 23.184005 -0.052428 58.370963 0.314494 0.022008 0.944671 -0.090616

seq12/frame00014.png 22.523142 -0.179594 58.333107 0.338684 0.037584 0.938333 -0.058446

seq12/frame00015.png 21.972506 -0.041646 58.109403 0.328296 0.019473 0.942620 -0.057558

seq12/frame00016.png 21.362206 0.009061 57.964353 0.296417 0.022424 0.951944 -0.073741

seq12/frame00017.png 20.818314 0.057112 57.673894 0.255363 0.019123 0.964206 -0.068843

seq12/frame00018.png 20.346562 0.020351 57.087995 0.304585 0.033759 0.949834 -0.062549

seq12/frame00019.png 19.895007 0.119717 56.551710 0.332651 -0.006882 0.939522 -0.081242

seq12/frame00020.png 19.629297 0.440398 55.979627 0.342648 0.019808 0.933997 -0.099252

seq12/frame00021.png 19.523317 0.404936 54.979447 0.313087 0.003300 0.940249 -0.133781

seq12/frame00022.png 19.721395 -0.040166 54.607091 0.311796 -0.028845 0.940409 -0.132604

seq12/frame00023.png 19.825283 0.189200 53.932237 0.359852 -0.042693 0.913465 -0.185117

seq12/frame00024.png 19.913710 -0.088237 53.224587 0.383062 -0.080869 0.884586 -0.253447

seq12/frame00025.png 20.019969 -0.089864 52.745807 0.412633 -0.078586 0.863938 -0.277798

seq12/frame00026.png 20.023871 -0.023391 52.391381 0.407451 -0.096198 0.858104 -0.297310

seq12/frame00027.png 19.847097 -0.032295 51.906843 0.441428 -0.072384 0.868034 -0.215458

seq12/frame00028.png 19.384773 0.064935 51.531594 0.438970 -0.034788 0.888102 -0.131804

seq12/frame00029.png 18.872564 0.142132 51.396330 0.435877 -0.005346 0.897447 -0.067605

seq12/frame00030.png 18.249958 0.164565 51.168895 0.424911 0.028859 0.903814 -0.041705

seq12/frame00031.png 17.621611 0.082433 51.216589 0.390847 0.000194 0.919924 -0.031338

seq12/frame00032.png 16.967671 0.214801 51.281515 0.363207 0.018069 0.927322 -0.088501

seq12/frame00033.png 16.335067 0.164808 51.432866 0.270412 0.004336 0.958227 -0.093081

seq12/frame00034.png 15.722834 0.184082 51.443459 0.219652 0.015670 0.966788 -0.129764

seq12/frame00035.png 15.067889 0.149831 51.622442 0.102896 0.019788 0.974533 -0.198378

seq12/frame00036.png 14.260187 0.075794 51.923909 0.023490 0.005000 0.967018 -0.254670

seq12/frame00037.png 13.752691 0.413519 51.711585 0.003230 -0.005520 -1.004446 0.280388

seq12/frame00038.png 12.958501 0.347900 51.799497 0.098136 -0.018571 -0.973993 0.203450

seq12/frame00039.png 12.275690 0.410531 51.853557 0.098280 -0.032087 -0.978236 0.180074

seq12/frame00040.png 11.744646 0.422347 51.998801 0.133758 -0.035195 -0.978283 0.154520

seq12/frame00041.png 10.738273 0.371941 52.203301 0.151040 -0.048451 -0.976706 0.144628

seq12/frame00042.png 10.142138 0.383716 52.457650 0.118110 -0.034800 -0.984968 0.121476

seq12/frame00043.png 9.270382 0.240560 52.744659 0.132754 -0.031497 -0.981391 0.135296

seq12/frame00044.png 8.696350 0.437192 53.002003 0.167582 -0.044270 -0.971498 0.161720

seq12/frame00045.png 7.846501 0.483893 53.007203 0.206342 -0.079834 -0.956007 0.192641

seq12/frame00046.png 7.208526 0.510307 53.303843 0.209422 -0.090819 -0.955089 0.188964

seq12/frame00047.png 6.472675 0.470815 53.328254 0.183584 -0.098965 -0.950893 0.228710

seq12/frame00048.png 5.838522 0.551959 53.499300 0.196983 -0.079171 -0.939536 0.268741

seq12/frame00049.png 5.255698 0.611764 53.154737 0.153100 -0.084590 -0.948724 0.263403

seq12/frame00050.png 4.622181 0.647111 53.136718 0.154937 -0.063077 -0.956092 0.240659

seq12/frame00051.png 4.042589 0.668169 52.877458 0.151959 -0.057279 -0.969469 0.183787

seq12/frame00052.png 3.405655 0.509205 52.903608 0.222477 -0.075400 -0.967200 0.096677

seq12/frame00053.png 2.833771 0.698364 52.569167 0.307730 -0.073547 -0.944933 0.083678

seq12/frame00054.png 2.275461 0.703499 52.354166 0.366230 -0.080734 -0.924430 0.069205

seq12/frame00055.png 1.743935 0.771739 52.211885 0.408652 -0.064108 -0.910037 0.026967

seq12/frame00056.png 1.384392 0.613721 52.024253 0.406958 -0.086592 -0.905494 0.083481

seq12/frame00057.png 1.037557 0.632736 52.177174 0.420266 -0.097800 -0.890109 0.146694

seq12/frame00058.png 0.794613 0.702200 52.441444 0.407640 -0.103396 -0.887217 0.189709

seq12/frame00059.png 0.533199 0.625093 52.490280 0.384027 -0.124650 -0.889945 0.212106

seq12/frame00060.png 0.109745 0.730574 52.590547 0.449580 -0.130091 -0.846328 0.254329

seq12/frame00061.png -0.208444 0.898044 52.315358 0.468914 -0.081306 -0.842211 0.253358

seq12/frame00062.png -0.779155 0.978068 52.146293 0.384195 -0.074477 -0.893422 0.220562

seq12/frame00063.png -1.396149 0.816554 51.618947 0.241398 -0.034970 -0.957396 0.154586

seq12/frame00064.png -1.821121 0.840830 51.317935 0.144223 -0.071226 -0.977746 0.134755

seq12/frame00065.png -2.466451 0.868146 51.063636 0.156360 -0.064681 -0.978831 0.115125

seq12/frame00066.png -3.039429 0.846403 50.656551 0.130997 -0.096917 -0.975448 0.148158

seq12/frame00067.png -3.579489 0.883029 50.457273 0.193861 -0.091495 -0.963388 0.161043

seq12/frame00068.png -4.236742 0.885396 50.222422 0.233247 -0.075576 -0.958908 0.142771

seq12/frame00069.png -4.747291 0.976828 50.096132 0.223868 -0.059304 -0.964053 0.130259

seq12/frame00070.png -5.253685 1.005845 50.041476 0.213412 -0.085870 -0.965039 0.125635

seq12/frame00071.png -5.919533 1.021050 50.120173 0.142398 -0.057830 -0.981899 0.110720

seq12/frame00072.png -6.096542 1.026898 50.373051 0.243221 -0.068674 -0.959064 0.127757

seq12/frame00073.png -6.373264 1.024840 50.868151 0.362441 -0.065638 -0.925654 0.086590

seq12/frame00074.png -6.763900 1.068426 51.301590 0.477781 -0.078895 -0.870709 0.085834

seq12/frame00075.png -6.962769 1.060297 51.792371 0.454152 -0.094376 -0.882265 0.080310

seq12/frame00076.png -7.208909 1.115890 52.332554 0.419549 -0.080969 -0.900620 0.079429

seq12/frame00077.png -7.462933 1.160916 52.914259 0.427525 -0.075060 -0.897606 0.076780

seq12/frame00078.png -7.765613 1.145329 53.514470 0.502249 -0.082755 -0.858744 0.058801

seq12/frame00079.png -7.907295 1.225242 53.903568 0.477036 -0.075836 -0.871999 0.079406

seq12/frame00080.png -8.224449 1.170197 54.099132 0.463550 -0.085000 -0.876003 0.102556

seq12/frame00081.png -8.536951 1.210812 54.015381 0.385447 -0.068439 -0.913422 0.111394

seq12/frame00082.png -8.772443 1.172767 53.643334 0.317584 -0.060152 -0.940287 0.106697

seq12/frame00083.png -9.020564 1.288419 53.185697 0.272309 -0.079947 -0.950887 0.123600

seq12/frame00084.png -9.376646 1.194850 52.646082 0.269246 -0.071379 -0.953128 0.118166

seq12/frame00085.png -9.602783 1.247316 52.024996 0.250090 -0.085261 -0.957347 0.116906

seq12/frame00086.png -10.015891 1.266598 51.492933 0.314180 -0.094549 -0.938651 0.106267

seq12/frame00087.png -10.365460 1.221984 50.868008 0.321331 -0.085461 -0.938001 0.097966

seq12/frame00088.png -10.830755 1.229427 50.422480 0.364490 -0.071408 -0.921807 0.111011

seq12/frame00089.png -11.222792 1.260914 49.880806 0.395908 -0.080840 -0.910824 0.084398

seq12/frame00090.png -11.639219 1.327205 49.522967 0.515429 -0.076915 -0.851729 0.054561

seq12/frame00091.png -11.964713 1.316215 48.832336 0.574160 -0.054016 -0.815751 0.044433

seq12/frame00092.png -12.250260 1.340399 48.315872 0.561019 -0.111006 -0.809712 0.131548

seq12/frame00093.png -12.296472 1.361359 47.865947 0.569717 -0.111980 -0.803028 0.134269

seq12/frame00094.png -12.376801 1.361116 47.091946 0.572045 -0.102059 -0.808302 0.094846

seq12/frame00095.png -12.802527 1.275430 46.394639 0.521961 -0.068192 -0.846930 0.074947

seq12/frame00096.png -13.033751 1.219677 45.787399 0.448023 -0.079689 -0.886630 0.082544

seq12/frame00097.png -13.210957 1.343243 45.308713 0.406993 -0.073374 -0.904590 0.103397

seq12/frame00098.png -13.263015 1.294123 44.599023 0.333194 -0.068294 -0.935873 0.091981

seq12/frame00099.png -13.146401 1.251641 43.813413 0.252057 -0.057900 -0.961796 0.089793

seq12/frame00100.png -12.972308 1.431652 43.350336 0.260830 -0.049852 -0.962937 0.047340

seq12/frame00101.png -12.513920 1.444277 42.840612 0.244134 -0.062651 -0.967038 0.036262

seq12/frame00102.png -12.093880 1.411296 42.350735 0.307824 -0.054756 -0.949356 0.031204

seq12/frame00103.png -11.688646 1.253975 42.000238 0.336159 -0.055918 -0.938434 0.056696

seq12/frame00104.png -11.245845 1.319279 41.554271 0.357724 -0.078451 -0.921157 0.131728

seq12/frame00105.png -10.819640 1.284112 41.282610 0.335831 -0.076833 -0.928675 0.137411

seq12/frame00106.png -10.171497 1.319395 40.898782 0.331264 -0.071804 -0.934532 0.108452

seq12/frame00107.png -9.438136 0.987811 40.626203 0.321945 -0.046972 -0.938724 0.113775

seq12/frame00108.png -8.783137 1.440386 40.306224 0.311132 -0.083539 -0.939646 0.115269

seq12/frame00109.png -8.236091 1.210294 39.998855 0.316253 -0.064020 -0.943787 0.071830

seq12/frame00110.png -7.500600 0.975020 39.474966 0.255758 -0.057204 -0.962474 0.070432

seq12/frame00111.png -7.240876 1.082093 39.031702 0.263619 -0.053453 -0.959715 0.081275

seq12/frame00112.png -6.809139 0.866036 38.489443 0.251832 -0.052179 -0.964656 0.057407

seq12/frame00113.png -6.566592 0.934374 37.919467 0.287867 -0.087359 -0.947392 0.109324

seq12/frame00114.png -6.454653 0.858529 37.360979 0.295655 -0.096888 -0.937795 0.154099

seq12/frame00115.png -6.528270 0.838190 36.855608 0.308360 -0.112001 -0.924772 0.192805

seq12/frame00116.png -6.541493 0.841240 36.348800 0.293732 -0.107152 -0.921507 0.230367

seq12/frame00117.png -6.502940 0.876641 35.759660 0.273138 -0.096049 -0.926801 0.239201

seq12/frame00118.png -6.391113 0.934604 35.137917 0.327777 -0.103908 -0.915750 0.207789

seq12/frame00119.png -6.255624 0.867134 34.657070 0.361609 -0.100545 -0.910744 0.172281

seq12/frame00120.png -6.462251 0.922743 34.220916 0.383820 -0.102021 -0.906835 0.141162

seq12/frame00121.png -6.595905 0.969054 33.773814 0.406437 -0.100054 -0.895119 0.153497

seq12/frame00122.png -6.721003 0.980260 33.423343 0.432449 -0.112387 -0.879265 0.165084

seq12/frame00123.png -7.254016 0.900168 33.048665 0.521745 -0.091014 -0.833184 0.159075

seq12/frame00124.png -7.464506 0.915556 32.745878 0.512384 -0.093808 -0.840004 0.151843

seq12/frame00125.png -7.885319 1.015817 32.297571 0.492339 -0.089667 -0.857089 0.122319

seq12/frame00126.png -8.096010 0.939146 31.833204 0.501704 -0.087545 -0.850626 0.130635

seq12/frame00127.png -8.107298 0.981788 31.339534 0.480062 -0.092652 -0.861783 0.135233

seq12/frame00128.png -8.383227 0.838968 30.827432 0.471217 -0.106011 -0.865516 0.132658

seq12/frame00129.png -8.577556 0.809224 30.176805 0.436696 -0.137036 -0.878370 0.137792

seq12/frame00130.png -8.946499 0.786113 29.563607 0.414403 -0.120470 -0.890459 0.144370

seq12/frame00131.png -9.129724 0.835541 28.901343 0.365440 -0.112729 -0.912462 0.145469

seq12/frame00132.png -9.359784 1.005156 28.233980 0.372390 -0.099661 -0.917081 0.101782

seq12/frame00133.png -9.261383 0.912264 27.471439 0.350308 -0.091829 -0.929014 0.076080

seq12/frame00134.png -9.226809 1.165041 26.822631 0.341932 -0.124419 -0.928112 0.078820

seq12/frame00135.png -9.305157 1.009931 26.210414 0.373048 -0.117662 -0.915451 0.094560

seq12/frame00136.png -9.274649 1.081785 25.510017 0.374778 -0.144205 -0.910542 0.098277

seq12/frame00137.png -9.202996 1.236375 25.036758 0.485094 -0.152560 -0.854239 0.108114

seq12/frame00138.png -9.151601 0.935256 24.590336 0.643790 -0.152190 -0.745319 0.082902

seq12/frame00139.png -9.422821 0.559640 23.781271 0.824104 -0.117731 -0.552845 0.036817

seq12/frame00140.png -9.111919 0.816780 23.123087 0.891219 -0.106872 -0.439935 0.027646

seq12/frame00141.png -8.962722 0.819116 22.400787 0.904377 -0.082983 -0.417981 0.022562

seq12/frame00142.png -8.854865 0.944576 21.774880 0.898065 -0.154017 -0.406184 0.069089

seq12/frame00143.png -8.869019 0.955668 21.000011 0.869447 -0.163657 -0.451086 0.117474

seq12/frame00144.png -8.878100 0.867461 20.268036 0.765733 -0.162757 -0.602151 0.156775

seq12/frame00145.png -9.163098 0.815139 19.847427 0.642608 -0.179791 -0.715465 0.206980

seq12/frame00146.png -9.235770 0.851762 19.326809 0.571275 -0.187015 -0.765243 0.230379

seq12/frame00147.png -9.294804 0.749657 18.746199 0.506422 -0.178875 -0.805392 0.250772

seq12/frame00148.png -9.505019 0.880248 18.119967 0.490621 -0.206828 -0.801024 0.273636

seq12/frame00149.png -9.557063 0.858628 17.423068 0.510726 -0.194130 -0.804790 0.231925

seq12/frame00150.png -9.530998 0.860959 16.863549 0.560277 -0.163762 -0.794306 0.168378

seq12/frame00151.png -9.572769 0.945153 16.064392 0.577137 -0.144449 -0.791420 0.140371

seq12/frame00152.png -9.453205 0.954607 15.600120 0.625195 -0.147024 -0.762512 0.078054

seq12/frame00153.png -9.556204 0.890325 15.154203 0.737439 -0.122698 -0.662236 0.050729

seq12/frame00154.png -9.424845 0.410073 14.442160 0.834141 -0.111625 -0.539282 0.030395

seq12/frame00155.png -9.483087 0.601206 13.921696 0.916862 -0.076171 -0.390790 -0.029067

seq12/frame00156.png -9.447719 0.804695 13.512996 0.941991 -0.041235 -0.333091 0.001893

seq12/frame00157.png -9.422233 0.908615 13.009601 0.951117 -0.064718 -0.299383 0.039469

seq12/frame00158.png -9.639094 0.810890 12.579625 0.939860 -0.081949 -0.327850 0.049617

seq12/frame00159.png -9.846751 0.781839 12.103545 0.950851 -0.083359 -0.296219 0.034455

seq12/frame00160.png -9.903871 0.915458 11.679280 0.947673 -0.086156 -0.305045 0.037951

seq12/frame00161.png -10.051131 0.789113 11.340540 0.942098 -0.082319 -0.323526 0.031740

seq12/frame00162.png -10.182994 0.862895 10.879046 0.947704 -0.061687 -0.311895 0.027807

seq12/frame00163.png -10.256875 0.833341 10.557361 0.939938 -0.068328 -0.333150 0.029306

seq12/frame00164.png -10.291322 0.933244 10.128079 0.932562 -0.083633 -0.349304 0.036343

seq12/frame00165.png -10.117287 1.249225 9.732302 0.868659 -0.087243 -0.483075 0.066773

seq12/frame00166.png -10.099963 0.792697 9.154110 0.753877 -0.082751 -0.648395 0.066378

seq12/frame00167.png -10.058909 0.793349 8.670288 0.696261 -0.093178 -0.706659 0.084693

seq12/frame00168.png -10.184920 0.642749 8.055757 0.682288 -0.105783 -0.715215 0.108455

seq12/frame00169.png -10.253092 0.463077 7.637372 0.608194 -0.134368 -0.768562 0.146147

seq12/frame00170.png -10.386772 0.618823 6.914622 0.651745 -0.169942 -0.715428 0.185775

seq12/frame00171.png -10.593901 0.681440 6.421014 0.667205 -0.206511 -0.682467 0.215476

seq12/frame00172.png -10.847175 0.820533 5.790055 0.687935 -0.220409 -0.656199 0.218103

seq12/frame00173.png -11.082725 0.933882 5.432723 0.717181 -0.195932 -0.638029 0.200456

seq12/frame00174.png -11.313100 0.793834 4.881774 0.749435 -0.195842 -0.608863 0.171114

seq12/frame00175.png -11.609441 0.845113 4.262927 0.756128 -0.186313 -0.610197 0.145668

seq12/frame00176.png -11.731473 0.824633 3.714477 0.768882 -0.167807 -0.606040 0.115661

seq12/frame00177.png -12.143643 0.614987 3.250645 0.792903 -0.145942 -0.587222 0.071948

seq12/frame00178.png -11.976956 0.800781 2.801889 0.817699 -0.132882 -0.555470 0.071864

seq12/frame00179.png -12.255036 0.407664 2.305462 0.856408 -0.120634 -0.499796 0.047086

seq12/frame00180.png -12.346673 0.674229 1.902547 0.896450 -0.161012 -0.408068 0.062712

seq12/frame00181.png -12.251416 0.975481 1.554695 0.885508 -0.148086 -0.434749 0.070291

seq12/frame00182.png -12.529366 1.060385 1.107154 0.847562 -0.137220 -0.504600 0.090495

seq12/frame00183.png -12.369228 0.983288 0.525629 0.857924 -0.157468 -0.480637 0.090323

seq12/frame00184.png -12.724167 0.780264 -0.144986 0.855807 -0.126483 -0.495790 0.076084

seq12/frame00185.png -12.383518 0.722609 -0.736924 0.852378 -0.137270 -0.499723 0.069906

seq12/frame00186.png -12.284188 0.654875 -1.436065 0.855305 -0.147315 -0.491670 0.070802

seq12/frame00187.png -12.175523 0.859827 -1.875811 0.847546 -0.133110 -0.506831 0.084086

seq12/frame00188.png -12.023032 0.763568 -2.231628 0.829366 -0.107795 -0.544760 0.061387

