seq14/frame00001.png 26.608950 -0.867068 -9.352778 0.987492 -0.015096 0.155811 -0.018823

seq14/frame00002.png 26.683529 -0.858113 -9.300609 0.986529 -0.017918 0.161508 -0.018811

seq14/frame00003.png 26.696552 -0.864544 -9.210521 0.987001 -0.018753 0.158616 -0.017847

seq14/frame00004.png 26.771667 -0.875109 -9.091753 0.984477 -0.024054 0.173423 -0.012301

seq14/frame00005.png 26.966834 -0.878596 -8.564324 0.983647 -0.044604 0.173965 -0.013619

seq14/frame00006.png 27.280228 -0.861290 -8.007147 0.982630 -0.063233 0.173477 -0.018569

seq14/frame00007.png 27.548458 -0.864705 -7.540792 0.978404 -0.057651 0.198369 -0.007212

seq14/frame00008.png 27.765239 -0.860878 -7.091915 0.974317 -0.068951 0.213887 -0.014263

seq14/frame00009.png 27.820194 -0.870272 -6.735392 0.953164 -0.074913 0.292729 -0.013269

seq14/frame00010.png 27.582540 -0.886593 -6.268046 0.943861 -0.082815 0.317784 -0.035819

seq14/frame00011.png 27.219625 -0.900039 -6.013087 0.895844 -0.155090 0.408333 -0.081707

seq14/frame00012.png 26.822589 -0.957540 -5.978193 0.856112 -0.189809 0.468081 -0.109295

seq14/frame00013.png 26.535500 -0.972545 -5.978651 0.804601 -0.236592 0.516990 -0.171358

seq14/frame00014.png 26.192065 -0.894985 -5.781992 0.776391 -0.295145 0.519653 -0.200169

seq14/frame00015.png 25.809643 -0.991104 -5.674981 0.770343 -0.328449 0.496142 -0.229207

seq14/frame00016.png 25.659759 -0.973002 -5.611929 0.772662 -0.284318 0.528801 -0.206216

seq14/frame00017.png 25.591902 -0.861562 -5.477317 0.780438 -0.208921 0.568162 -0.156397

seq14/frame00018.png 25.388801 -0.787529 -5.523212 0.796730 -0.127816 0.582911 -0.095393

seq14/frame00019.png 24.884353 -0.801694 -5.507738 0.801967 -0.075218 0.587787 -0.075482

seq14/frame00020.png 24.356730 -0.799030 -5.565841 0.800529 -0.057927 0.590785 -0.082295

seq14/frame00021.png 23.840877 -0.572377 -5.850279 0.818916 -0.073838 0.565978 -0.059944

seq14/frame00022.png 23.463159 -0.732551 -6.123353 0.836857 -0.086321 0.535377 -0.074761

seq14/frame00023.png 22.991255 -0.686799 -6.527151 0.836778 -0.088000 0.538226 -0.048700

seq14/frame00024.png 22.508334 -0.668694 -6.825505 0.861703 -0.059221 0.503357 -0.024347

seq14/frame00025.png 21.957089 -0.682829 -7.038728 0.869965 -0.051913 0.488643 -0.041176

seq14/frame00026.png 21.634580 -0.670735 -7.312654 0.897765 -0.038877 0.436679 -0.042649

seq14/frame00027.png 21.390413 -0.698254 -7.589968 0.893496 -0.068013 0.441292 -0.047967

seq14/frame00028.png 20.927989 -0.629188 -7.729611 0.910071 -0.119404 0.394893 -0.039670

seq14/frame00029.png 20.589652 -0.718657 -7.887538 0.922296 -0.169653 0.340523 -0.068057

seq14/frame00030.png 20.352346 -0.743346 -8.328514 0.901199 -0.232119 0.354284 -0.091897

seq14/frame00031.png 20.314061 -0.795226 -8.770723 0.914172 -0.243415 0.308970 -0.097858

seq14/frame00032.png 20.456865 -0.776466 -9.140757 0.891275 -0.276259 0.340507 -0.115606

seq14/frame00033.png 20.554346 -0.598733 -9.508301 0.892007 -0.297572 0.323586 -0.105198

seq14/frame00034.png 20.757709 -0.774550 -9.798750 0.909934 -0.246190 0.319855 -0.095415

seq14/frame00035.png 20.985630 -0.733490 -10.026807 0.918467 -0.173635 0.346368 -0.079365

seq14/frame00036.png 21.071855 -0.764673 -10.209525 0.925244 -0.116238 0.356389 -0.058302

