seq11/frame00001.png 40.150787 -0.891048 53.367508 0.372997 0.034963 0.925620 -0.053659

seq11/frame00002.png 40.148485 -0.891301 53.357394 0.373942 0.036023 0.925104 -0.055265

seq11/frame00003.png 40.117364 -0.918423 53.370112 0.374992 0.035384 0.924634 -0.056412

seq11/frame00004.png 40.050117 -0.884925 53.392558 0.378561 0.026799 0.922247 -0.073737

seq11/frame00005.png 39.506045 -0.905277 53.424060 0.409573 0.022187 0.909118 -0.072544

seq11/frame00006.png 38.995820 -0.863567 53.354688 0.453019 0.025021 0.886697 -0.088976

seq11/frame00007.png 38.621185 -0.841372 53.573171 0.342277 0.009627 0.931836 -0.120155

seq11/frame00008.png 38.008130 -0.848628 53.658167 0.344154 -0.004250 0.928752 -0.137695

seq11/frame00009.png 37.399401 -0.784892 53.910572 0.356507 -0.014268 0.921787 -0.151686

seq11/frame00010.png 36.921852 -0.718237 54.200055 0.423479 -0.022529 0.894274 -0.142940

seq11/frame00011.png 36.458048 -0.669622 54.560836 0.466258 -0.018890 0.876829 -0.115833

seq11/frame00012.png 35.911376 -0.674309 54.916324 0.467328 0.002371 0.878685 -0.097525

seq11/frame00013.png 35.607587 -0.586310 55.401565 0.452012 0.010405 0.884787 -0.112827

seq11/frame00014.png 35.255371 -0.558355 55.858739 0.415934 0.016119 0.904593 -0.091934

seq11/frame00015.png 34.883312 -0.583361 56.201901 0.358268 0.021550 0.927194 -0.107219

seq11/frame00016.png 34.377448 -0.544558 56.604373 0.297546 0.026836 0.951183 -0.077494

seq11/frame00017.png 33.834100 -0.490149 56.849950 0.313573 0.015383 0.945103 -0.090653

seq11/frame00018.png 33.165544 -0.375833 57.147954 0.344489 0.037422 0.934291 -0.083838

seq11/frame00019.png 32.705737 -0.515028 57.306644 0.350367 0.005161 0.933975 -0.070087

seq11/frame00020.png 32.304714 -0.536758 57.429854 0.334349 0.002697 0.937645 -0.095025

seq11/frame00021.png 32.040811 -0.578202 57.513944 0.350207 -0.013917 0.931105 -0.101021

seq11/frame00022.png 31.730184 -0.522488 57.615058 0.373236 -0.017094 0.917987 -0.133073

seq11/frame00023.png 31.172254 -0.570809 57.524421 0.377863 -0.001077 0.916087 -0.134179

