seq1/frame00001.png 35.690591 -1.080228 -1.081667 0.812900 -0.044147 0.577592 -0.060268

seq1/frame00002.png 35.690844 -1.083719 -1.024600 0.814674 -0.042343 0.574802 -0.064160

seq1/frame00003.png 35.712742 -1.099390 -0.977198 0.815359 -0.040816 0.573715 -0.066143

seq1/frame00004.png 35.788108 -1.088848 -0.688340 0.805665 -0.031811 0.588325 -0.061371

seq1/frame00005.png 35.736162 -1.113338 -0.073763 0.791736 -0.036873 0.607849 -0.048108

seq1/frame00006.png 35.879482 -1.102211 0.596211 0.814597 -0.056432 0.574307 -0.058466

seq1/frame00007.png 35.949327 -1.094930 1.239998 0.795228 -0.047148 0.603384 -0.036294

seq1/frame00008.png 35.951909 -1.129409 1.880642 0.783092 -0.052648 0.617182 -0.055513

seq1/frame00009.png 36.032885 -1.129989 2.544555 0.776699 -0.047357 0.625911 -0.052268

seq1/frame00010.png 35.810142 -1.008467 3.185516 0.782890 -0.040770 0.618699 -0.051310

seq1/frame00011.png 35.897328 -1.070668 3.879559 0.788303 -0.037325 0.610662 -0.065406

seq1/frame00012.png 35.739362 -1.077442 4.623061 0.788706 -0.054156 0.609286 -0.061490

seq1/frame00014.png 35.941682 -1.258450 5.985465 0.778430 -0.035445 0.624383 -0.054183

seq1/frame00015.png 35.827120 -0.844089 6.659220 0.780176 -0.048350 0.620645 -0.061545

seq1/frame00016.png 35.894121 -1.147701 7.082129 0.762476 -0.022090 0.645408 -0.039881

seq1/frame00017.png 35.835725 -1.190994 7.845549 0.736978 -0.029463 0.673751 -0.045330

seq1/frame00018.png 35.816267 -1.165712 8.539685 0.697153 -0.040077 0.714822 -0.037443

seq1/frame00019.png 35.622152 -1.100280 9.244674 0.731911 -0.021872 0.679191 -0.050274

seq1/frame00020.png 35.780869 -1.182466 9.983796 0.714984 -0.034919 0.696801 -0.045250

seq1/frame00021.png 35.769958 -1.093754 10.709152 0.712241 -0.033355 0.698860 -0.056518

seq1/frame00022.png 35.835030 -1.094888 11.519589 0.713827 -0.031445 0.697215 -0.057904

seq1/frame00023.png 35.855017 -1.138308 12.256158 0.730178 -0.040053 0.681489 -0.028455

seq1/frame00024.png 35.942438 -1.137288 12.959536 0.703052 -0.025648 0.709875 -0.033736

seq1/frame00025.png 35.936912 -1.122134 13.662966 0.696768 -0.042460 0.715190 -0.034843

seq1/frame00026.png 35.964904 -1.072177 14.337133 0.691391 -0.051536 0.719164 -0.046114

seq1/frame00027.png 35.911560 -1.114844 15.069091 0.709781 -0.043453 0.701638 -0.045015

seq1/frame00028.png 36.050719 -1.013289 15.949330 0.713457 -0.059312 0.696373 -0.050250

seq1/frame00029.png 36.040898 -0.998906 16.435767 0.706720 -0.049523 0.704970 -0.033357

seq1/frame00030.png 36.161224 -1.228719 17.220122 0.701615 -0.065698 0.708796 -0.032063

seq1/frame00031.png 36.240832 -1.045827 17.828643 0.697291 -0.050413 0.714675 -0.021990

seq1/frame00032.png 36.168693 -1.025954 18.343448 0.708714 -0.043086 0.703281 -0.035543

seq1/frame00033.png 36.128221 -1.238060 19.306237 0.702767 -0.055008 0.708914 -0.023102

seq1/frame00034.png 36.110163 -1.308894 20.039007 0.701423 -0.034114 0.711608 -0.021377

seq1/frame00035.png 36.167144 -1.218378 20.602848 0.687255 -0.033507 0.725360 -0.020291

seq1/frame00036.png 36.099290 -0.966888 21.342684 0.691101 -0.025988 0.721814 -0.026242

seq1/frame00037.png 36.189175 -1.042794 22.104700 0.679196 -0.036149 0.732985 -0.010906

seq1/frame00038.png 36.136002 -1.102609 22.844561 0.666937 -0.032054 0.743748 -0.031715

seq1/frame00039.png 36.263414 -1.032069 23.515645 0.685648 -0.039043 0.726261 -0.030140

seq1/frame00040.png 36.115119 -1.093147 24.320010 0.680928 -0.046015 0.730442 -0.025962

seq1/frame00041.png 36.308674 -1.000146 25.029299 0.699932 -0.053884 0.710744 -0.045119

seq1/frame00042.png 36.178578 -1.031628 25.778747 0.688683 -0.040250 0.723691 -0.019158

seq1/frame00043.png 36.251951 -0.964102 26.549288 0.708028 -0.051474 0.703884 -0.024393

seq1/frame00044.png 36.285043 -1.036800 27.138405 0.691550 -0.042656 0.720925 -0.014340

seq1/frame00045.png 36.245699 -1.083821 27.753929 0.681768 -0.031878 0.729933 -0.037067

seq1/frame00046.png 36.344785 -1.127860 28.504735 0.640572 -0.030031 0.766807 -0.027812

seq1/frame00047.png 36.320461 -1.005811 29.337318 0.638741 -0.057073 0.765313 -0.055222

seq1/frame00048.png 36.476502 -1.159182 30.068686 0.627071 -0.046148 0.774072 -0.073925

seq1/frame00049.png 36.372973 -1.085821 30.720861 0.645456 -0.053597 0.758286 -0.074263

seq1/frame00050.png 36.507503 -1.086865 31.527111 0.645849 -0.049108 0.758074 -0.076096

seq1/frame00051.png 36.351823 -1.054704 32.227155 0.651738 -0.053653 0.753306 -0.069927

seq1/frame00052.png 36.441463 -1.083269 33.084320 0.669885 -0.063865 0.737040 -0.062825

seq1/frame00053.png 36.142700 -1.021736 33.648649 0.675583 -0.064531 0.731119 -0.069929

seq1/frame00054.png 36.351845 -0.983825 34.345533 0.709563 -0.062808 0.699422 -0.058174

seq1/frame00055.png 36.295552 -0.951695 35.322311 0.683416 -0.073804 0.723078 -0.068223

seq1/frame00056.png 36.458920 -1.082371 36.043019 0.671418 -0.080997 0.730053 -0.098286

seq1/frame00057.png 36.563751 -1.022400 36.782269 0.645960 -0.068839 0.755352 -0.086259

seq1/frame00058.png 36.741412 -1.077074 37.362448 0.584004 -0.055051 0.803519 -0.101321

seq1/frame00059.png 36.382483 -1.061140 38.085313 0.551872 -0.050642 0.828571 -0.079637

seq1/frame00060.png 36.229911 -1.086466 38.844610 0.550822 -0.052337 0.826952 -0.100035

seq1/frame00061.png 36.363951 -1.016288 39.667614 0.562619 -0.083013 0.818133 -0.085020

seq1/frame00062.png 36.306054 -1.055528 40.488368 0.602804 -0.094192 0.789390 -0.067959

seq1/frame00063.png 36.395490 -1.132088 41.329586 0.597474 -0.084857 0.795524 -0.054453

seq1/frame00064.png 36.706422 -1.149769 41.888598 0.574223 -0.099245 0.809964 -0.066151

seq1/frame00065.png 36.742939 -1.058328 42.584012 0.495785 -0.067080 0.860157 -0.099136

seq1/frame00066.png 36.554322 -1.016519 43.248805 0.461292 -0.053114 0.878786 -0.110104

seq1/frame00067.png 36.352601 -0.980691 43.987681 0.434139 -0.028938 0.892651 -0.117736

seq1/frame00068.png 36.026009 -0.935356 44.611231 0.383287 -0.035456 0.915027 -0.120667

seq1/frame00069.png 35.763499 -0.898719 45.320566 0.324414 -0.048089 0.938454 -0.108376

seq1/frame00070.png 35.390679 -0.813609 45.955915 0.307234 -0.036929 0.942182 -0.128600

seq1/frame00071.png 35.099350 -0.818209 46.657494 0.326536 -0.029544 0.935162 -0.134070

seq1/frame00072.png 34.749494 -0.821866 47.161095 0.365824 -0.029570 0.923064 -0.115116

seq1/frame00073.png 34.351478 -0.809565 47.705032 0.365654 -0.028326 0.921735 -0.126095

seq1/frame00074.png 34.036745 -0.763576 48.290349 0.342442 -0.050613 0.929691 -0.125888

seq1/frame00075.png 33.622489 -0.796400 48.919788 0.313076 -0.059592 0.940553 -0.117442

seq1/frame00076.png 33.141307 -0.718161 49.644418 0.287294 -0.043426 0.954332 -0.069478

seq1/frame00077.png 32.644501 -0.697992 49.932941 0.301926 -0.022168 0.950021 -0.076213

seq1/frame00078.png 32.231544 -0.707032 50.827203 0.274394 -0.027103 0.953418 -0.122374

seq1/frame00079.png 31.609546 -0.644569 51.332813 0.308918 -0.018648 0.940282 -0.141760

seq1/frame00080.png 31.131367 -0.570372 51.842311 0.267162 -0.020244 0.955290 -0.125068

seq1/frame00081.png 30.609877 -0.579014 52.183919 0.252480 -0.024501 0.959286 -0.124219

seq1/frame00082.png 29.932557 -0.520122 52.747270 0.232663 -0.023432 0.962860 -0.134977

seq1/frame00083.png 29.370452 -0.486527 53.124021 0.239940 -0.045503 0.959817 -0.138249

seq1/frame00084.png 28.799657 -0.377694 53.404928 0.182751 -0.048318 0.973092 -0.131816

seq1/frame00085.png 27.915199 -0.306702 53.680165 0.187441 -0.033257 0.969761 -0.152766

seq1/frame00086.png 27.339903 -0.309712 53.892698 0.233306 -0.022607 0.960212 -0.151865

seq1/frame00087.png 26.643192 -0.301270 54.056945 0.258211 -0.023464 0.954377 -0.148143

seq1/frame00088.png 25.941371 -0.258145 54.245925 0.274592 -0.023865 0.948723 -0.154772

seq1/frame00089.png 25.193754 -0.236664 54.277059 0.278348 -0.026057 0.949288 -0.143902

seq1/frame00090.png 24.520711 -0.043250 54.362957 0.286600 -0.004343 0.945750 -0.152967

seq1/frame00091.png 23.768765 -0.186869 54.398511 0.281389 -0.022690 0.948470 -0.143921

seq1/frame00092.png 23.085484 -0.136190 54.481242 0.292366 -0.029718 0.943847 -0.150976

seq1/frame00093.png 22.357279 -0.097487 54.418270 0.245679 -0.006279 0.958396 -0.145204

seq1/frame00094.png 21.641194 -0.072071 54.450235 0.222970 -0.002777 0.961828 -0.158657

seq1/frame00095.png 20.916958 -0.072559 54.598078 0.182341 -0.008084 0.968827 -0.167578

seq1/frame00096.png 20.149564 -0.025594 54.528538 0.211954 0.007748 0.959070 -0.187633

seq1/frame00097.png 19.361896 0.012192 54.690616 0.190295 0.010908 0.963522 -0.187935

seq1/frame00098.png 18.605753 0.029874 54.677599 0.181457 -0.000503 0.968116 -0.172748

seq1/frame00099.png 17.996629 0.103530 54.687848 0.144166 -0.015051 0.969525 -0.197663

seq1/frame00100.png 17.242693 0.115301 54.719607 0.143496 -0.010767 0.971014 -0.190897

seq1/frame00101.png 16.621258 0.273144 54.637083 0.104301 0.001907 0.973754 -0.202496

seq1/frame00102.png 15.765947 0.113249 54.718518 0.103192 -0.032910 0.977902 -0.178970

seq1/frame00103.png 15.067972 0.320992 54.582348 0.099381 -0.034559 0.975164 -0.195141

seq1/frame00104.png 14.329803 0.266340 54.526531 0.041920 -0.023131 0.980016 -0.194324

seq1/frame00105.png 13.481031 0.443152 54.468676 0.062429 0.011010 0.975254 -0.212187

seq1/frame00106.png 12.850250 0.343961 54.448694 0.081216 0.002771 0.982807 -0.165796

seq1/frame00107.png 12.327518 0.406024 54.421646 0.074095 0.006711 0.978705 -0.191562

seq1/frame00108.png 11.486037 0.439746 54.528883 0.033774 0.016486 0.982846 -0.181651

seq1/frame00109.png 10.811685 0.453037 54.589154 0.007926 0.005785 0.993777 -0.165233

seq1/frame00110.png 9.953408 0.499403 54.568481 0.078232 -0.005318 -0.984867 0.154926

seq1/frame00111.png 9.243733 0.508424 54.517893 0.061060 -0.035126 -0.984311 0.162453

seq1/frame00112.png 8.631849 0.584659 54.458073 0.116985 -0.034227 -0.981735 0.146118

seq1/frame00113.png 7.938493 0.545108 54.302635 0.133216 -0.041897 -0.979995 0.141798

seq1/frame00114.png 7.167109 0.587188 54.191938 0.179231 -0.038508 -0.968777 0.166973

seq1/frame00115.png 6.495402 0.715499 53.854503 0.116637 -0.037355 -0.976105 0.179556

seq1/frame00116.png 5.932191 0.692051 53.981435 0.109242 -0.044035 -0.979778 0.161876

seq1/frame00117.png 5.126990 0.613124 53.742924 0.107366 -0.028532 -0.983846 0.140394

seq1/frame00118.png 4.446262 0.536473 53.761194 0.144388 -0.027848 -0.976914 0.155090

seq1/frame00119.png 3.755041 0.723255 53.354888 0.141930 -0.037552 -0.977604 0.150882

seq1/frame00120.png 2.996033 0.665874 53.380638 0.151573 -0.041408 -0.978216 0.135646

seq1/frame00121.png 2.307258 0.739385 53.118483 0.174827 -0.047657 -0.970005 0.162030

seq1/frame00122.png 1.587092 0.813882 52.827557 0.165604 -0.059515 -0.972070 0.155302

seq1/frame00123.png 0.959150 0.811503 52.573870 0.201608 -0.052451 -0.966922 0.147192

seq1/frame00124.png 0.286746 0.800652 52.283764 0.159606 -0.067781 -0.972539 0.155243

seq1/frame00125.png -0.392048 0.820461 51.971933 0.174384 -0.064044 -0.972326 0.141696

seq1/frame00126.png -1.043266 0.808313 51.634333 0.153666 -0.069662 -0.976498 0.134147

seq1/frame00127.png -1.713349 0.837990 51.327099 0.164044 -0.061706 -0.977025 0.121253

seq1/frame00128.png -2.356085 0.859918 50.947928 0.165623 -0.074391 -0.974564 0.131413

seq1/frame00129.png -2.998875 0.906653 50.614338 0.235290 -0.063794 -0.962814 0.116444

seq1/frame00130.png -3.605010 0.885202 50.177762 0.255990 -0.084852 -0.957822 0.099261

seq1/frame00131.png -4.213854 0.931647 49.772447 0.310847 -0.068652 -0.944577 0.080234

seq1/frame00132.png -4.735899 0.918454 49.271730 0.345951 -0.079989 -0.930884 0.085902

seq1/frame00133.png -5.292569 0.927581 48.771184 0.369790 -0.089620 -0.921610 0.076550

seq1/frame00134.png -5.741181 0.918980 48.216377 0.377645 -0.099278 -0.916123 0.090830

seq1/frame00135.png -6.135454 0.973016 47.664047 0.382985 -0.095695 -0.914058 0.093096

seq1/frame00136.png -6.480231 0.960863 46.983459 0.417902 -0.096271 -0.899028 0.088542

seq1/frame00137.png -6.711409 0.993978 46.248840 0.411130 -0.090755 -0.902658 0.089156

seq1/frame00138.png -6.930704 0.966066 45.505321 0.387222 -0.080068 -0.912905 0.101255

seq1/frame00139.png -7.230459 1.007414 44.916232 0.390232 -0.096770 -0.908638 0.112839

seq1/frame00140.png -7.380184 1.030632 44.254467 0.412615 -0.100429 -0.900543 0.093201

seq1/frame00141.png -7.526050 1.034093 43.485412 0.426866 -0.110066 -0.892054 0.099557

seq1/frame00142.png -7.599701 1.033803 42.764150 0.480564 -0.096855 -0.868034 0.078711

seq1/frame00143.png -7.625293 1.025369 42.063142 0.510051 -0.092391 -0.851516 0.078943

seq1/frame00144.png -7.683265 1.033363 41.370643 0.525820 -0.108074 -0.839853 0.080502

seq1/frame00145.png -7.617332 1.008955 40.663955 0.534428 -0.128200 -0.833681 0.054118

seq1/frame00146.png -7.594181 1.018923 39.934585 0.564943 -0.115408 -0.815951 0.041761

seq1/frame00147.png -7.477632 0.998152 39.241701 0.573312 -0.118142 -0.809517 0.045155

seq1/frame00148.png -7.417108 0.960226 38.503876 0.573746 -0.105954 -0.810309 0.054671

seq1/frame00149.png -7.306530 0.845298 37.834598 0.551686 -0.110643 -0.823074 0.077144

seq1/frame00150.png -7.232016 1.038192 37.086275 0.510956 -0.113928 -0.847952 0.083210

seq1/frame00151.png -7.232895 0.952186 36.267958 0.554445 -0.086445 -0.821529 0.101045

seq1/frame00152.png -7.088787 0.943961 35.692015 0.594157 -0.088369 -0.793327 0.098997

seq1/frame00153.png -6.950328 0.966278 34.997712 0.606271 -0.083647 -0.786021 0.087235

seq1/frame00154.png -6.971671 1.144048 34.217981 0.593797 -0.097557 -0.792204 0.101494

seq1/frame00155.png -6.918543 0.938665 33.463932 0.590480 -0.063994 -0.799228 0.092061

seq1/frame00156.png -6.930177 0.927201 32.697523 0.589677 -0.070779 -0.797813 0.103766

seq1/frame00157.png -7.155841 0.835012 32.033815 0.631303 -0.068163 -0.765780 0.101945

seq1/frame00158.png -7.062863 0.900616 31.152932 0.595215 -0.077975 -0.792805 0.105361

seq1/frame00159.png -7.086129 0.749759 30.456562 0.577601 -0.090345 -0.805810 0.094272

seq1/frame00160.png -7.089236 0.934514 29.676178 0.567728 -0.112306 -0.808317 0.108163

seq1/frame00161.png -7.119215 0.874722 28.989930 0.596806 -0.097857 -0.790817 0.094107

seq1/frame00162.png -7.037913 0.824461 28.288209 0.579266 -0.095130 -0.802848 0.104094

seq1/frame00163.png -7.248272 0.808863 27.493471 0.607067 -0.102105 -0.778449 0.122727

seq1/frame00164.png -7.160930 0.834780 26.721969 0.590567 -0.085704 -0.795229 0.107234

seq1/frame00165.png -7.273845 0.838860 25.918894 0.616364 -0.093793 -0.773904 0.111236

seq1/frame00166.png -7.188932 0.765297 25.222673 0.617752 -0.113914 -0.772722 0.091154

seq1/frame00167.png -7.245698 0.888373 24.404491 0.615956 -0.106947 -0.773092 0.107197

seq1/frame00168.png -7.156559 0.872575 23.721184 0.617425 -0.106839 -0.771851 0.107796

seq1/frame00169.png -7.137159 0.965761 22.971178 0.596257 -0.139303 -0.783556 0.105423

seq1/frame00170.png -7.089685 0.864044 22.228313 0.594784 -0.111107 -0.791391 0.087112

seq1/frame00171.png -7.217469 0.870705 21.496939 0.587567 -0.114746 -0.794873 0.098875

seq1/frame00172.png -7.185077 0.917947 20.805778 0.619262 -0.097843 -0.775378 0.075702

seq1/frame00173.png -7.191934 0.839482 19.997959 0.609061 -0.089907 -0.783852 0.080861

seq1/frame00174.png -7.256683 0.853016 19.288393 0.617498 -0.097013 -0.776957 0.074991

seq1/frame00175.png -7.385361 0.824981 18.456703 0.592658 -0.108913 -0.793662 0.083644

seq1/frame00176.png -7.438173 0.841332 17.710344 0.609718 -0.094287 -0.783509 0.073945

seq1/frame00177.png -7.434220 0.746154 17.030961 0.606610 -0.098813 -0.785016 0.077521

seq1/frame00178.png -7.579855 0.798118 16.227614 0.608051 -0.096053 -0.785379 0.065027

seq1/frame00179.png -7.553261 0.684570 15.636653 0.602124 -0.095047 -0.790823 0.054894

seq1/frame00180.png -7.673195 0.811093 14.846995 0.610322 -0.093920 -0.784020 0.063252

seq1/frame00181.png -7.655419 0.686984 14.138258 0.629958 -0.083799 -0.770112 0.055304

seq1/frame00182.png -7.750214 0.741859 13.352754 0.641170 -0.086054 -0.759582 0.067317

seq1/frame00183.png -7.817673 0.684694 12.681679 0.650246 -0.080220 -0.753153 0.059225

seq1/frame00184.png -7.912731 0.706343 11.912048 0.650258 -0.097618 -0.750269 0.068794

seq1/frame00185.png -7.960918 0.672742 11.126796 0.644546 -0.082893 -0.757564 0.061543

seq1/frame00186.png -7.965133 0.756273 10.355033 0.652044 -0.103028 -0.746305 0.085172

seq1/frame00187.png -8.066144 0.536636 9.641752 0.654131 -0.093155 -0.743821 0.100836

seq1/frame00188.png -8.010122 0.795450 8.793874 0.672022 -0.102378 -0.727831 0.090383

seq1/frame00189.png -8.012160 0.742484 8.121883 0.709926 -0.092039 -0.693861 0.078054

seq1/frame00190.png -7.964460 0.606949 7.340737 0.667813 -0.109069 -0.732004 0.079384

seq1/frame00191.png -7.989483 0.611603 6.662059 0.671204 -0.103073 -0.730655 0.070738

seq1/frame00192.png -8.097420 0.567205 5.944034 0.660460 -0.112021 -0.738490 0.076667

seq1/frame00193.png -8.181058 0.578786 5.333601 0.697497 -0.104429 -0.704558 0.078682

seq1/frame00194.png -8.182876 0.565753 4.512440 0.693030 -0.092329 -0.709752 0.086242

seq1/frame00195.png -8.172374 0.614546 3.790418 0.730675 -0.090217 -0.673973 0.061128

seq1/frame00196.png -8.073157 0.597449 3.064214 0.749070 -0.114107 -0.648606 0.072002

seq1/frame00197.png -8.072196 0.697366 2.401302 0.767587 -0.112115 -0.626272 0.077619

seq1/frame00198.png -7.777027 0.709072 1.693914 0.772109 -0.102491 -0.624162 0.061367

seq1/frame00199.png -7.834429 0.564332 0.986828 0.779242 -0.090469 -0.616619 0.066175

seq1/frame00200.png -7.350843 0.515505 0.169193 0.812633 -0.095303 -0.570646 0.070059

seq1/frame00201.png -7.688720 0.618431 -0.481150 0.826732 -0.115816 -0.547078 0.061692

seq1/frame00202.png -7.336067 0.519181 -1.168684 0.849253 -0.101071 -0.516460 0.042699

seq1/frame00203.png -7.112749 0.559406 -1.895085 0.840129 -0.111576 -0.528717 0.046816

seq1/frame00204.png -6.745925 0.567076 -2.544722 0.841648 -0.102837 -0.529182 0.031923

seq1/frame00205.png -6.401538 0.490928 -3.198713 0.858726 -0.106129 -0.499040 0.047809

seq1/frame00206.png -6.065575 0.419973 -3.799391 0.897291 -0.110609 -0.426048 0.033430

seq1/frame00207.png -5.597860 0.377927 -4.357112 0.894697 -0.138541 -0.423217 0.034802

seq1/frame00208.png -5.168361 0.365263 -4.971468 0.918716 -0.118661 -0.375661 0.027543

seq1/frame00209.png -4.542026 0.357784 -5.370769 0.932790 -0.103252 -0.345252 0.006619

seq1/frame00210.png -3.966700 0.334738 -5.786493 0.956611 -0.094433 -0.275627 0.002849

seq1/frame00211.png -3.317157 0.301971 -6.103905 0.960503 -0.091306 -0.262276 0.017548

seq1/frame00212.png -2.710926 0.320151 -6.466004 0.964968 -0.081770 -0.248249 0.022889

seq1/frame00213.png -2.057173 0.256297 -6.750729 0.972892 -0.089359 -0.210448 0.034746

seq1/frame00214.png -1.408490 0.292068 -6.995576 0.974815 -0.114066 -0.190375 0.021949

seq1/frame00215.png -0.754638 0.236430 -7.165671 0.982176 -0.119592 -0.142355 0.027616

seq1/frame00216.png -0.019687 0.247113 -7.296416 0.980883 -0.141968 -0.132728 0.009869

seq1/frame00217.png 0.705599 0.188334 -7.342699 0.986342 -0.124446 -0.107475 0.009542

seq1/frame00218.png 1.398847 0.214301 -7.333035 0.987791 -0.116582 -0.102753 -0.010937

seq1/frame00219.png 2.087508 0.127700 -7.404120 0.991474 -0.113826 -0.063425 0.000595

seq1/frame00220.png 2.741301 0.083153 -7.351281 0.990595 -0.113917 -0.073576 -0.018220

seq1/frame00221.png 3.480162 0.040793 -7.379308 0.995196 -0.086523 -0.040887 -0.020658

seq1/frame00222.png 4.210805 0.056446 -7.319711 0.995417 -0.084523 -0.039431 -0.021121

seq1/frame00223.png 4.784969 0.009274 -7.240818 0.997054 -0.070609 0.028244 -0.010053

seq1/frame00224.png 5.547669 0.002848 -6.844282 0.996144 -0.079024 -0.031509 -0.021460

