seq4/frame00001.png -6.708114 0.325438 -15.859982 0.905914 -0.318943 -0.259381 0.101569

seq4/frame00002.png -6.738519 0.318626 -15.807762 0.904938 -0.319538 -0.262416 0.100600

seq4/frame00003.png -6.759474 0.303175 -15.755172 0.904627 -0.320326 -0.262415 0.100891

seq4/frame00004.png -6.784147 0.125888 -15.626467 0.908441 -0.324801 -0.243669 0.099318

seq4/frame00005.png -6.324570 0.376992 -16.152027 0.935594 -0.303235 -0.168508 0.065711

seq4/frame00006.png -5.783127 0.156060 -15.830714 0.915181 -0.355816 -0.174951 0.072335

seq4/frame00007.png -5.271907 0.063636 -15.748353 0.914425 -0.367314 -0.157439 0.064190

seq4/frame00008.png -4.437588 0.421123 -16.508335 0.919553 -0.371054 -0.119974 0.048447

seq4/frame00009.png -3.611731 0.093553 -16.026719 0.908576 -0.385762 -0.154156 0.043741

seq4/frame00010.png -2.961072 0.359699 -16.549720 0.920161 -0.377650 -0.085505 0.058082

seq4/frame00011.png -2.077782 0.360216 -16.754039 0.919692 -0.374118 -0.095224 0.071657

seq4/frame00012.png -1.428136 0.083612 -17.051120 0.933165 -0.348302 -0.074248 0.048744

seq4/frame00013.png -0.715411 -0.080615 -17.180024 0.938889 -0.331447 -0.082939 0.041847

seq4/frame00014.png 0.317290 -0.354094 -17.522862 0.944044 -0.316904 -0.089902 0.016435

seq4/frame00015.png 0.943640 -0.269294 -17.400786 0.929833 -0.328986 -0.157991 0.047093

seq4/frame00016.png 1.578279 -0.178510 -17.529638 0.923174 -0.352639 -0.142651 0.055191

seq4/frame00017.png 2.277961 -0.199929 -17.461379 0.918240 -0.366896 -0.134056 0.065208

seq4/frame00018.png 3.094015 -0.034097 -17.641439 0.921719 -0.369956 -0.106456 0.047268

seq4/frame00019.png 3.555499 -0.241406 -17.663865 0.926355 -0.360655 -0.102228 0.036650

seq4/frame00020.png 4.319768 -0.173458 -17.755124 0.929374 -0.358304 -0.083823 0.029266

seq4/frame00021.png 5.152428 -0.168740 -17.835915 0.921398 -0.380342 -0.078270 0.015493

seq4/frame00022.png 5.740576 -0.032824 -17.869187 0.921792 -0.375575 -0.094341 0.018498

seq4/frame00023.png 6.563584 -0.043281 -17.725702 0.929756 -0.357839 -0.075953 0.041673

seq4/frame00024.png 7.332795 -0.098341 -17.962000 0.933194 -0.353593 -0.044675 0.046088

seq4/frame00025.png 8.006085 -0.373050 -17.872062 0.936409 -0.349620 -0.020917 0.021579

seq4/frame00026.png 8.640645 -0.308662 -17.894876 0.926879 -0.373134 -0.031974 0.025367

seq4/frame00027.png 9.560921 -0.328770 -17.849584 0.931185 -0.362614 -0.019229 0.032191

seq4/frame00028.png 10.196047 -0.450608 -17.772324 0.934816 -0.349529 -0.051127 0.036538

seq4/frame00029.png 10.841321 -0.311749 -17.995551 0.935717 -0.351998 0.006871 0.021987

seq4/frame00030.png 11.780081 -0.552677 -17.739915 0.936413 -0.349733 0.018338 0.021956

seq4/frame00031.png 12.420960 -0.468443 -17.711425 0.937083 -0.341995 0.070062 -0.002458

seq4/frame00032.png 13.503299 -0.555597 -17.547781 0.930473 -0.359517 0.069834 0.009450

seq4/frame00033.png 13.695925 -0.527004 -17.468886 0.929498 -0.362073 0.067161 -0.020648

seq4/frame00034.png 14.625447 -0.422010 -17.332509 0.934277 -0.339612 0.106247 -0.022387

seq4/frame00035.png 15.284956 -0.583219 -17.279681 0.932099 -0.332551 0.142608 -0.016270

seq4/frame00036.png 16.101769 -0.551273 -17.005316 0.927872 -0.336037 0.160695 -0.017605

seq4/frame00037.png 16.797069 -0.541623 -16.885660 0.924853 -0.340471 0.167539 -0.025639

seq4/frame00038.png 17.398937 -0.671652 -16.431245 0.922039 -0.328328 0.198173 -0.052655

seq4/frame00039.png 18.092540 -0.622855 -16.370488 0.928929 -0.344791 0.133762 -0.017830

seq4/frame00040.png 18.807920 -0.642711 -16.041420 0.921336 -0.344847 0.178684 -0.017090

seq4/frame00041.png 19.463532 -0.452738 -15.791426 0.914286 -0.354158 0.192847 -0.038265

seq4/frame00042.png 20.268487 -0.643714 -15.408146 0.913297 -0.334126 0.220020 -0.076416

seq4/frame00043.png 21.033762 -0.640937 -15.177185 0.908959 -0.335249 0.236927 -0.072577

seq4/frame00044.png 21.738247 -0.802561 -15.003727 0.915439 -0.343361 0.199730 -0.064675

seq4/frame00045.png 22.322134 -0.817118 -15.066800 0.924236 -0.325520 0.184564 -0.075902

seq4/frame00046.png 23.071046 -1.061000 -15.234627 0.928050 -0.299348 0.209328 -0.072766

seq4/frame00047.png 23.784282 -0.973096 -14.923431 0.926386 -0.313201 0.202302 -0.052808

seq4/frame00048.png 24.447769 -0.877853 -15.128403 0.922673 -0.288710 0.250190 -0.052206

seq4/frame00049.png 25.207909 -0.998824 -15.082256 0.931569 -0.282995 0.223524 -0.046164

seq4/frame00050.png 25.903834 -0.961512 -15.124255 0.928475 -0.264091 0.253326 -0.063368

seq4/frame00051.png 26.531318 -0.995101 -14.977796 0.918924 -0.263601 0.286513 -0.063278

seq4/frame00052.png 27.344449 -0.923368 -15.034055 0.915194 -0.259625 0.301205 -0.065495

seq4/frame00053.png 28.066401 -0.893906 -14.594680 0.913985 -0.264427 0.301859 -0.059924

seq4/frame00054.png 28.864569 -0.979470 -14.792155 0.904707 -0.251109 0.332717 -0.088023

seq4/frame00055.png 29.399683 -1.099718 -14.373851 0.895314 -0.227804 0.365947 -0.112257

seq4/frame00056.png 30.249097 -0.889068 -14.267185 0.892454 -0.224714 0.378668 -0.098184

seq4/frame00057.png 30.789221 -1.275612 -13.791932 0.887787 -0.198337 0.403675 -0.097691

seq4/frame00058.png 31.427630 -1.307568 -13.619676 0.872590 -0.198794 0.427612 -0.127343

seq4/frame00059.png 32.322723 -1.310288 -13.380565 0.820250 -0.221309 0.509248 -0.137399

seq4/frame00060.png 32.718617 -0.910309 -12.716413 0.786153 -0.257908 0.539041 -0.157743

seq4/frame00061.png 33.317172 -1.360367 -12.308577 0.798445 -0.212986 0.540647 -0.157558

seq4/frame00062.png 33.894791 -1.239742 -11.849059 0.808388 -0.212563 0.525063 -0.160109

seq4/frame00063.png 34.486201 -1.281831 -11.322832 0.795695 -0.174760 0.554572 -0.169644

seq4/frame00064.png 34.977415 -1.363501 -10.791350 0.790390 -0.169136 0.569010 -0.151345

seq4/frame00065.png 35.489886 -1.217968 -10.127199 0.753128 -0.179734 0.611136 -0.164337

seq4/frame00066.png 36.145742 -1.287054 -9.705380 0.803621 -0.173656 0.541806 -0.174593

seq4/frame00067.png 36.692086 -1.348576 -9.233809 0.827517 -0.171451 0.505934 -0.172773

seq4/frame00068.png 36.910943 -1.440952 -8.623990 0.823849 -0.195043 0.514178 -0.137304

seq4/frame00069.png 37.255367 -1.327940 -8.105166 0.807211 -0.206630 0.532376 -0.149300

seq4/frame00070.png 37.861051 -1.374328 -7.538887 0.791761 -0.179193 0.562748 -0.155944

seq4/frame00071.png 38.149328 -1.384228 -6.887393 0.789932 -0.186167 0.560347 -0.165412

seq4/frame00072.png 38.353638 -1.472264 -6.168572 0.796629 -0.176891 0.556589 -0.155885

seq4/frame00073.png 38.642746 -1.523049 -5.636375 0.787147 -0.182866 0.563899 -0.170231

seq4/frame00074.png 38.740663 -1.427401 -5.023690 0.757053 -0.165789 0.605116 -0.182261

seq4/frame00075.png 38.823769 -1.450015 -4.307385 0.749869 -0.172538 0.612473 -0.181120

seq4/frame00076.png 38.846096 -1.474351 -3.626207 0.733290 -0.185024 0.626806 -0.187528

seq4/frame00077.png 38.813466 -1.492072 -2.928779 0.715152 -0.172386 0.651737 -0.184605

seq4/frame00078.png 38.782847 -1.458608 -2.251110 0.713579 -0.168236 0.649949 -0.200169

seq4/frame00079.png 38.589026 -1.423111 -1.634879 0.696809 -0.173787 0.669957 -0.188183

seq4/frame00080.png 38.763504 -1.329760 -0.983554 0.678164 -0.173372 0.681351 -0.214002

seq4/frame00081.png 38.480926 -1.555417 -0.241590 0.660506 -0.182645 0.690637 -0.231070

seq4/frame00082.png 38.481047 -1.422900 0.511333 0.691493 -0.195540 0.654541 -0.234901

seq4/frame00083.png 38.283177 -1.339157 1.154601 0.703560 -0.162977 0.655726 -0.220148

seq4/frame00084.png 38.171998 -1.425297 1.888485 0.693747 -0.180961 0.666723 -0.203591

seq4/frame00085.png 37.979342 -1.394640 2.524261 0.695488 -0.172488 0.676755 -0.168958

seq4/frame00086.png 38.029596 -1.429740 3.481926 0.695329 -0.169302 0.676727 -0.172906

seq4/frame00087.png 37.988929 -1.349786 3.893133 0.695283 -0.231306 0.655489 -0.182793

seq4/frame00088.png 37.710344 -1.397047 4.606466 0.688553 -0.206457 0.671137 -0.181232

seq4/frame00089.png 37.656198 -1.317200 5.261946 0.670534 -0.191917 0.693475 -0.180675

seq4/frame00090.png 37.802940 -1.478040 6.385969 0.649902 -0.179033 0.708884 -0.207507

seq4/frame00091.png 37.739970 -1.186666 6.809935 0.680110 -0.226391 0.664602 -0.210957

seq4/frame00092.png 37.719693 -1.329473 7.563179 0.698241 -0.209317 0.658289 -0.187887

seq4/frame00093.png 37.782574 -1.287055 8.279906 0.698718 -0.208840 0.654796 -0.198546

seq4/frame00094.png 37.819517 -1.309854 9.056241 0.673984 -0.190984 0.687308 -0.192037

seq4/frame00095.png 37.864051 -1.246765 9.680042 0.676787 -0.181682 0.685729 -0.196789

seq4/frame00096.png 37.988014 -1.274068 10.492979 0.660412 -0.173947 0.704750 -0.192161

seq4/frame00097.png 37.970572 -1.331328 11.258079 0.643559 -0.182638 0.721877 -0.177116

seq4/frame00098.png 38.082280 -1.388641 12.086901 0.611760 -0.163597 0.751608 -0.184586

seq4/frame00099.png 38.047262 -1.353331 12.814994 0.628134 -0.158712 0.738364 -0.187289

seq4/frame00100.png 38.207858 -1.337329 13.366445 0.610027 -0.156934 0.751052 -0.197892

seq4/frame00101.png 38.204383 -1.313812 14.214472 0.629643 -0.152358 0.739252 -0.183968

seq4/frame00102.png 38.388119 -1.303406 14.805687 0.612153 -0.166935 0.749299 -0.189609

seq4/frame00103.png 38.302370 -1.289272 15.612826 0.608638 -0.163865 0.755251 -0.179732

seq4/frame00104.png 38.262484 -1.270538 16.383209 0.590931 -0.148625 0.761602 -0.220623

seq4/frame00105.png 38.165987 -1.246713 17.245139 0.604629 -0.162905 0.752655 -0.203461

seq4/frame00106.png 38.370396 -1.203534 17.540054 0.597061 -0.168886 0.753375 -0.217767

seq4/frame00107.png 38.169522 -1.187229 18.374834 0.564260 -0.162167 0.785126 -0.197209

seq4/frame00108.png 38.526108 -1.179299 19.069727 0.539198 -0.153960 0.803512 -0.199827

seq4/frame00109.png 38.117682 -1.221539 20.022808 0.553235 -0.119106 0.803033 -0.186770

seq4/frame00110.png 38.169950 -1.300098 20.703861 0.563418 -0.139121 0.789466 -0.199871

seq4/frame00111.png 38.245892 -1.283402 21.402305 0.565500 -0.126110 0.798690 -0.162481

seq4/frame00112.png 38.197717 -1.398035 22.120974 0.567639 -0.127854 0.795924 -0.167165

seq4/frame00113.png 38.324875 -1.312029 22.711369 0.539175 -0.114648 0.814025 -0.183054

seq4/frame00114.png 38.215827 -1.429576 23.547723 0.525117 -0.104100 0.824963 -0.181251

seq4/frame00115.png 38.439336 -1.263650 24.153634 0.500630 -0.098450 0.840495 -0.182336

seq4/frame00116.png 38.235526 -1.220110 24.981380 0.511053 -0.091921 0.835454 -0.179981

seq4/frame00117.png 38.441904 -1.306714 25.630391 0.508376 -0.092435 0.838814 -0.171469

seq4/frame00118.png 38.199563 -1.163810 26.396732 0.471104 -0.099957 0.857143 -0.182692

seq4/frame00119.png 38.289107 -1.096498 27.142250 0.476923 -0.089686 0.852586 -0.193904

seq4/frame00120.png 37.996982 -1.046201 27.927708 0.494616 -0.050888 0.841985 -0.209346

seq4/frame00121.png 38.190040 -1.100564 28.579538 0.538560 -0.107889 0.809459 -0.207577

seq4/frame00122.png 38.177046 -1.206232 29.379069 0.494191 -0.081183 0.845991 -0.182988

seq4/frame00123.png 38.244535 -1.187967 30.007749 0.445002 -0.082223 0.867995 -0.204441

seq4/frame00124.png 37.992532 -1.147693 30.706023 0.426351 -0.060517 0.882263 -0.190199

seq4/frame00125.png 37.824252 -1.216008 31.436297 0.425849 -0.068966 0.878267 -0.206262

seq4/frame00126.png 37.745491 -1.253308 32.017155 0.428892 -0.036414 0.881779 -0.192848

seq4/frame00127.png 37.590453 -1.349416 32.719895 0.459079 -0.069165 0.865236 -0.189288

seq4/frame00128.png 37.640522 -1.193822 33.427764 0.447793 -0.058999 0.864534 -0.220412

seq4/frame00129.png 37.582000 -1.023664 34.071442 0.444800 -0.083155 0.864408 -0.219175

seq4/frame00130.png 37.698326 -1.216507 34.804942 0.399850 -0.059982 0.882978 -0.238479

seq4/frame00131.png 37.616877 -1.202277 35.459313 0.371868 -0.071087 0.900958 -0.211983

seq4/frame00132.png 37.653046 -0.963577 36.268374 0.369133 -0.062527 0.900773 -0.220096

seq4/frame00133.png 37.380906 -1.066906 36.949488 0.371151 -0.030428 0.903428 -0.212458

seq4/frame00134.png 37.248179 -0.913584 37.697287 0.387015 -0.034961 0.897632 -0.207973

seq4/frame00135.png 36.987192 -1.017069 38.493714 0.353241 -0.038184 0.914083 -0.195491

seq4/frame00136.png 36.872017 -1.076116 39.193235 0.365191 -0.063316 0.902792 -0.218161

seq4/frame00137.png 36.418222 -1.091132 39.757340 0.321873 -0.038160 0.923485 -0.205223

seq4/frame00138.png 36.436776 -0.898332 40.553114 0.343364 -0.027161 0.912785 -0.219517

seq4/frame00139.png 35.989794 -1.113785 41.026631 0.331445 -0.007528 0.919152 -0.212714

seq4/frame00140.png 35.728430 -1.148539 41.575189 0.322294 -0.031469 0.916218 -0.235968

seq4/frame00141.png 35.577274 -1.092163 42.250571 0.282001 -0.027958 0.935016 -0.213168

seq4/frame00142.png 35.011971 -1.414042 42.585758 0.319955 -0.055786 0.921742 -0.211918

seq4/frame00143.png 35.461053 -0.925863 43.861071 0.312799 -0.077970 0.916979 -0.235007

seq4/frame00144.png 35.235433 -0.884999 44.499694 0.315942 -0.107223 0.916854 -0.219233

seq4/frame00145.png 35.259374 -0.862819 45.042071 0.336429 -0.099966 0.902502 -0.249625

seq4/frame00146.png 35.181416 -0.872186 45.831408 0.324507 -0.093224 0.914691 -0.222136

seq4/frame00147.png 35.127204 -0.888650 46.405630 0.337344 -0.073703 0.915751 -0.205350

seq4/frame00148.png 35.167977 -0.887421 47.173453 0.326081 -0.063366 0.923618 -0.191274

seq4/frame00149.png 35.138686 -0.912245 47.811045 0.314124 -0.058377 0.928638 -0.188541

seq4/frame00150.png 35.149347 -0.877562 48.562893 0.328372 -0.025513 0.926024 -0.184396

seq4/frame00151.png 35.026619 -0.860356 49.300192 0.296637 -0.042273 0.940962 -0.157520

seq4/frame00152.png 34.937923 -0.776651 50.140074 0.256005 -0.014208 0.953429 -0.158845

seq4/frame00153.png 34.721388 -0.813088 50.854036 0.242078 -0.018397 0.957292 -0.157007

seq4/frame00154.png 34.427412 -0.844969 51.637999 0.273093 -0.025958 0.943865 -0.184031

seq4/frame00155.png 34.097029 -0.816337 52.347869 0.291750 -0.025805 0.939110 -0.179693

seq4/frame00156.png 33.733338 -0.785582 52.956512 0.301912 -0.028127 0.937144 -0.172688

seq4/frame00157.png 33.263917 -0.801587 53.576690 0.297693 -0.060133 0.936233 -0.176716

seq4/frame00158.png 33.022542 -0.690823 54.216222 0.245698 -0.052928 0.952663 -0.171066

seq4/frame00159.png 32.387402 -0.682090 54.760426 0.254343 -0.035037 0.945847 -0.198629

seq4/frame00160.png 31.963690 -0.623582 55.306736 0.249676 -0.024791 0.945241 -0.208735

seq4/frame00161.png 31.245104 -0.597261 55.591455 0.256321 -0.000590 0.943032 -0.212102

seq4/frame00162.png 30.652992 -0.509668 55.974548 0.246116 -0.007825 0.940512 -0.234093

seq4/frame00163.png 29.895794 -0.499408 56.174081 0.214460 -0.018517 0.950841 -0.222632

seq4/frame00164.png 29.165344 -0.547264 56.199326 0.236327 -0.040706 0.945870 -0.218679

seq4/frame00165.png 28.465301 -0.461611 56.389070 0.213680 -0.047434 0.952308 -0.212608

seq4/frame00166.png 27.738527 -0.464021 56.343902 0.226002 -0.043116 0.950273 -0.209857

seq4/frame00167.png 26.976288 -0.417369 56.406772 0.203048 -0.028371 0.958283 -0.199153

seq4/frame00168.png 26.237791 -0.414798 56.654048 0.194263 -0.045668 0.959255 -0.200008

seq4/frame00169.png 25.482746 -0.473001 56.813288 0.153699 -0.030951 0.962594 -0.220969

seq4/frame00170.png 24.725285 -0.414254 57.096364 0.142113 0.002936 0.963918 -0.225070

seq4/frame00171.png 23.947371 -0.506644 57.102994 0.116078 0.034260 0.969066 -0.215135

seq4/frame00172.png 23.296146 -0.425596 57.277996 0.175715 0.012265 0.959951 -0.217919

seq4/frame00173.png 22.537125 -0.317555 57.428246 0.152796 0.006263 0.958754 -0.239601

seq4/frame00174.png 21.780715 -0.348298 57.559684 0.119129 -0.001663 0.967073 -0.224981

seq4/frame00175.png 21.077077 -0.256748 57.616534 0.106225 -0.016411 0.970834 -0.214438

seq4/frame00176.png 20.152395 -0.039919 57.690522 0.132405 -0.038142 0.967219 -0.213410

seq4/frame00177.png 19.468583 -0.082631 57.700794 0.143620 -0.057015 0.962987 -0.220922

seq4/frame00178.png 18.767383 -0.108790 57.499775 0.128513 -0.045809 0.966465 -0.217608

seq4/frame00179.png 17.992406 -0.044343 57.786221 0.131827 -0.035368 0.962905 -0.232802

seq4/frame00180.png 17.328401 0.023281 57.662181 0.110141 -0.013214 0.975105 -0.192108

seq4/frame00181.png 16.523381 0.027255 57.568054 0.131666 -0.016681 0.966504 -0.219784

seq4/frame00182.png 15.636588 -0.068771 57.591522 0.133380 -0.025270 0.964884 -0.224983

seq4/frame00183.png 14.937896 0.159154 57.408423 0.168281 -0.021160 0.955699 -0.240625

seq4/frame00184.png 14.063764 0.093779 57.421554 0.131052 -0.016526 0.963670 -0.232270

seq4/frame00185.png 13.320228 0.151790 57.225576 0.133794 0.015466 0.964395 -0.227634

seq4/frame00186.png 12.661149 0.193786 57.051043 0.135677 -0.004455 0.958927 -0.249136

seq4/frame00187.png 12.186190 0.265884 56.790792 0.127938 -0.013419 0.960001 -0.248771

seq4/frame00188.png 11.302742 0.356752 56.806074 0.067169 0.008945 0.972334 -0.223690

seq4/frame00189.png 10.533346 -0.031359 56.716303 0.052545 0.049288 0.973379 -0.217855

seq4/frame00190.png 10.002984 0.272980 56.649348 0.007081 -0.029873 -0.977100 0.246308

seq4/frame00191.png 9.028878 0.472378 56.413856 0.040669 -0.041340 -0.970347 0.236070

seq4/frame00192.png 8.514388 0.440368 56.483264 0.090041 -0.076081 -0.968877 0.217897

seq4/frame00193.png 7.662309 0.498314 56.256744 0.066115 -0.072428 -0.973471 0.207345

seq4/frame00194.png 7.230130 0.537821 56.534724 0.055706 -0.063060 -0.974229 0.209640

seq4/frame00195.png 6.147542 0.651082 55.866330 0.128518 -0.059671 -0.965763 0.217401

seq4/frame00196.png 5.504082 0.612360 56.404567 0.143554 -0.067101 -0.959967 0.231047

seq4/frame00197.png 4.656853 0.534875 56.141311 0.162656 -0.055578 -0.955270 0.240680

seq4/frame00198.png 4.111723 0.848886 56.275128 0.125462 -0.062619 -0.956651 0.255334

seq4/frame00199.png 3.154083 0.710750 55.999641 0.122094 -0.041222 -0.960591 0.246294

seq4/frame00200.png 2.450358 0.762258 55.994744 0.088601 -0.032683 -0.965101 0.244285

seq4/frame00201.png 1.650594 0.766939 56.086950 0.113300 -0.036376 -0.967538 0.222986

seq4/frame00202.png 0.975832 0.697622 55.943151 0.115817 -0.055349 -0.968019 0.215583

seq4/frame00203.png 0.177457 0.933101 56.014260 0.183555 -0.064738 -0.956626 0.216798

seq4/frame00204.png -0.353279 0.698353 55.842312 0.230864 -0.074861 -0.946787 0.211409

seq4/frame00205.png -1.201224 0.858529 55.819354 0.259204 -0.085432 -0.939754 0.205870

seq4/frame00206.png -2.041973 0.817924 55.657653 0.200156 -0.078973 -0.952781 0.214296

seq4/frame00207.png -2.629152 0.875597 55.585474 0.234100 -0.068058 -0.948768 0.201026

seq4/frame00208.png -3.402476 0.853049 55.498119 0.250635 -0.078286 -0.940114 0.217365

seq4/frame00209.png -4.197862 0.916909 55.504442 0.266693 -0.087934 -0.934608 0.218297

seq4/frame00210.png -4.884647 0.902341 55.377523 0.277231 -0.081811 -0.935083 0.205120

seq4/frame00211.png -5.702942 0.968759 55.427881 0.253831 -0.097413 -0.939040 0.210449

seq4/frame00212.png -6.367429 0.977496 55.239464 0.243784 -0.096962 -0.946048 0.190162

seq4/frame00213.png -7.096546 1.145607 55.296273 0.245985 -0.090026 -0.944993 0.195894

seq4/frame00214.png -7.776589 1.120895 55.065924 0.291778 -0.091215 -0.936714 0.170632

seq4/frame00215.png -8.370881 1.086948 54.743437 0.304017 -0.110485 -0.929044 0.179562

seq4/frame00216.png -8.901701 1.139820 54.445792 0.317840 -0.124635 -0.921381 0.185739

seq4/frame00217.png -9.544386 1.093780 53.979116 0.299035 -0.114852 -0.930324 0.178558

seq4/frame00218.png -10.109511 1.125639 53.464159 0.342120 -0.124186 -0.917582 0.159925

seq4/frame00219.png -10.770689 1.090764 52.931709 0.298281 -0.126796 -0.927513 0.186197

seq4/frame00220.png -11.263372 1.185163 52.402861 0.287775 -0.115003 -0.933664 0.179531

seq4/frame00221.png -11.766623 1.094883 51.797131 0.282486 -0.101128 -0.936048 0.183818

seq4/frame00222.png -12.195067 1.215168 51.262859 0.315168 -0.126990 -0.927323 0.156892

seq4/frame00223.png -12.601115 1.158776 50.572590 0.317234 -0.104940 -0.926589 0.172579

seq4/frame00224.png -13.099419 1.459784 49.950877 0.369147 -0.137401 -0.904434 0.163863

seq4/frame00225.png -13.346725 1.283847 49.143812 0.358490 -0.117199 -0.914472 0.146594

seq4/frame00226.png -13.398826 1.245507 48.357786 0.348409 -0.115341 -0.916281 0.160420

seq4/frame00227.png -14.010979 1.067796 47.292253 0.357101 -0.094702 -0.919929 0.131305

seq4/frame00228.png -13.758065 1.240118 47.133028 0.355651 -0.114191 -0.913077 0.163597

seq4/frame00229.png -14.021209 1.434615 46.547477 0.367499 -0.119067 -0.907550 0.164685

seq4/frame00230.png -14.090635 1.363293 45.823061 0.384925 -0.126100 -0.897808 0.172834

seq4/frame00231.png -14.391274 1.166454 45.144932 0.392442 -0.138523 -0.893056 0.171036

seq4/frame00232.png -14.332509 1.356782 44.465092 0.341560 -0.130126 -0.911595 0.188147

seq4/frame00233.png -13.957991 1.139755 43.677016 0.319989 -0.114121 -0.919433 0.198059

seq4/frame00234.png -14.084906 1.364831 43.131821 0.288749 -0.079411 -0.929003 0.217424

seq4/frame00235.png -14.187832 1.492315 42.623025 0.325311 -0.091740 -0.912784 0.229309

seq4/frame00236.png -13.972722 1.353342 41.683395 0.287573 -0.079829 -0.921204 0.249622

seq4/frame00237.png -13.880315 1.248296 40.972638 0.315794 -0.094052 -0.915274 0.231739

seq4/frame00238.png -13.695368 1.140996 40.266857 0.308085 -0.079553 -0.921327 0.223407

seq4/frame00239.png -13.425769 1.270966 39.557016 0.319605 -0.094752 -0.923472 0.189935

seq4/frame00240.png -13.339101 1.226015 38.909140 0.339145 -0.075367 -0.920904 0.176740

seq4/frame00241.png -13.117374 1.089439 38.339896 0.318370 -0.093486 -0.923909 0.190511

seq4/frame00242.png -13.009190 1.143195 37.622697 0.327837 -0.081223 -0.921237 0.192999

seq4/frame00243.png -12.910450 1.104715 36.878138 0.330244 -0.099070 -0.919422 0.189174

seq4/frame00244.png -12.821146 1.061979 36.206857 0.341439 -0.093885 -0.911191 0.210560

seq4/frame00245.png -12.772971 1.020177 35.487959 0.335853 -0.119538 -0.908265 0.219018

seq4/frame00246.png -12.792759 1.094956 34.808481 0.337965 -0.110603 -0.908426 0.219794

seq4/frame00247.png -12.915209 1.193485 34.150980 0.341315 -0.106771 -0.906109 0.225987

seq4/frame00248.png -12.687323 1.001649 33.401435 0.342824 -0.099039 -0.910030 0.210971

seq4/frame00249.png -12.818247 0.904409 32.790823 0.359527 -0.113319 -0.891980 0.249538

seq4/frame00250.png -12.750457 0.992279 32.054624 0.357181 -0.134528 -0.890493 0.247683

seq4/frame00251.png -12.904278 0.937786 31.366101 0.351650 -0.106482 -0.898410 0.240545

seq4/frame00252.png -12.948995 1.058306 30.630159 0.363174 -0.111621 -0.897722 0.223028

seq4/frame00253.png -12.932847 0.954644 29.960604 0.391307 -0.094682 -0.888582 0.219860

seq4/frame00254.png -12.892867 0.869876 29.221482 0.372458 -0.101104 -0.899482 0.204902

seq4/frame00255.png -12.963274 1.007607 28.494318 0.418214 -0.101009 -0.878213 0.208899

seq4/frame00256.png -12.879444 0.884728 27.788156 0.414167 -0.129847 -0.872929 0.222712

seq4/frame00257.png -12.864940 0.927818 27.047081 0.437344 -0.132928 -0.856727 0.238913

seq4/frame00258.png -12.901967 0.925744 26.325305 0.413383 -0.150280 -0.863069 0.248276

seq4/frame00259.png -12.759840 0.906961 25.605881 0.411250 -0.132432 -0.869101 0.240830

seq4/frame00260.png -12.588120 0.904596 24.971485 0.413877 -0.147095 -0.860419 0.258357

seq4/frame00261.png -12.481406 0.884870 24.432459 0.398580 -0.153309 -0.863697 0.267690

seq4/frame00262.png -12.354260 0.900077 23.725130 0.417960 -0.133704 -0.861244 0.256306

seq4/frame00263.png -12.154683 0.988501 23.075868 0.432772 -0.139736 -0.850786 0.263339

seq4/frame00264.png -12.094424 0.765563 22.420453 0.456467 -0.143119 -0.839120 0.258908

seq4/frame00265.png -11.987013 0.810401 21.717664 0.418457 -0.158940 -0.856341 0.257514

seq4/frame00266.png -11.901977 0.801370 21.018220 0.428121 -0.148809 -0.854983 0.252136

seq4/frame00267.png -11.896910 0.728282 20.286545 0.430796 -0.180079 -0.851493 0.238637

seq4/frame00268.png -11.992737 0.783205 19.653577 0.459590 -0.181518 -0.835109 0.241709

seq4/frame00269.png -11.993847 0.658294 19.049936 0.461268 -0.201048 -0.820549 0.271130

seq4/frame00270.png -12.156229 0.800858 18.307526 0.505335 -0.222470 -0.782990 0.286481

seq4/frame00271.png -12.218245 0.702530 17.669441 0.515791 -0.223546 -0.773373 0.293056

seq4/frame00272.png -12.389801 0.807596 17.005975 0.542367 -0.217880 -0.755312 0.296430

seq4/frame00273.png -12.508433 0.790849 16.391387 0.552605 -0.219149 -0.754265 0.278722

seq4/frame00274.png -12.733863 0.839598 15.611547 0.545264 -0.229423 -0.761554 0.264743

seq4/frame00275.png -12.847457 0.740381 14.812552 0.531191 -0.232735 -0.770035 0.265927

seq4/frame00276.png -12.893724 0.810228 14.185915 0.508528 -0.237533 -0.777209 0.284473

seq4/frame00277.png -13.058797 0.681914 13.407611 0.572883 -0.229384 -0.741847 0.262395

seq4/frame00278.png -13.027194 0.724950 12.586316 0.558401 -0.240966 -0.747754 0.266438

seq4/frame00279.png -13.092058 0.768882 11.911907 0.577198 -0.243322 -0.734669 0.260572

seq4/frame00280.png -13.076462 0.691158 11.143354 0.572299 -0.236501 -0.738602 0.266472

seq4/frame00281.png -13.100497 0.708379 10.592330 0.560669 -0.249985 -0.746847 0.255690

seq4/frame00282.png -12.976172 0.654831 9.814125 0.577877 -0.249654 -0.725593 0.277931

seq4/frame00283.png -13.008127 0.702394 9.238006 0.593175 -0.249630 -0.706465 0.294511

seq4/frame00284.png -12.839173 0.649630 8.553575 0.614578 -0.239083 -0.697648 0.280036

seq4/frame00285.png -12.929554 0.867527 7.861401 0.652783 -0.249319 -0.659192 0.277815

seq4/frame00286.png -12.800514 0.779114 7.124695 0.660864 -0.230490 -0.667924 0.253007

seq4/frame00287.png -12.827954 0.773045 6.584225 0.630119 -0.236001 -0.693092 0.258608

seq4/frame00288.png -12.854581 0.704770 5.711253 0.653381 -0.255364 -0.664163 0.258400

seq4/frame00289.png -12.843694 0.644664 5.071975 0.665698 -0.250207 -0.650253 0.267235

seq4/frame00290.png -12.925043 0.788968 4.085118 0.684949 -0.239378 -0.627743 0.281926

seq4/frame00291.png -12.904738 0.630059 3.426724 0.689698 -0.238650 -0.635579 0.251800

seq4/frame00292.png -12.997447 0.596092 2.675490 0.694849 -0.226577 -0.643491 0.227527

seq4/frame00293.png -13.133087 0.648727 2.125495 0.696783 -0.221706 -0.639020 0.238734

seq4/frame00294.png -13.127191 0.645967 1.390003 0.706510 -0.206840 -0.641172 0.216703

seq4/frame00295.png -13.294492 0.685570 0.886809 0.708772 -0.207389 -0.640576 0.210465

seq4/frame00296.png -13.468002 0.715450 0.417384 0.736355 -0.229545 -0.602853 0.204108

seq4/frame00297.png -13.464744 0.671702 0.037276 0.744152 -0.256331 -0.588057 0.186341

seq4/frame00298.png -13.280201 0.603468 -0.315669 0.770736 -0.267135 -0.549969 0.179277

seq4/frame00299.png -13.246043 0.708018 -0.823543 0.794564 -0.259110 -0.517301 0.184199

seq4/frame00300.png -13.158417 0.649217 -1.392165 0.781530 -0.256972 -0.530394 0.204595

seq4/frame00301.png -13.605319 0.688514 -2.007156 0.783641 -0.280233 -0.514220 0.207252

seq4/frame00302.png -13.451581 0.605440 -2.614622 0.803331 -0.265499 -0.492704 0.203504

seq4/frame00303.png -13.443086 0.587527 -3.421111 0.780627 -0.279514 -0.527314 0.185560

seq4/frame00304.png -13.485135 0.605693 -4.191427 0.782928 -0.278061 -0.523730 0.188182

seq4/frame00305.png -13.403029 0.548135 -4.880146 0.799231 -0.285055 -0.502305 0.166321

seq4/frame00306.png -13.018120 0.524964 -5.504251 0.818629 -0.279305 -0.474769 0.162573

seq4/frame00307.png -12.655248 0.209470 -6.155599 0.791647 -0.300576 -0.501837 0.176378

seq4/frame00308.png -12.614679 0.470126 -6.869799 0.819197 -0.303876 -0.448008 0.189378

seq4/frame00309.png -12.440013 0.540225 -7.626957 0.822217 -0.315276 -0.440813 0.173911

seq4/frame00310.png -12.207446 0.541483 -8.263064 0.847755 -0.297740 -0.407614 0.162826

seq4/frame00311.png -11.929639 0.561151 -8.994438 0.856504 -0.305162 -0.394546 0.132708

seq4/frame00312.png -11.701389 0.610853 -9.623386 0.853818 -0.321115 -0.391313 0.121467

seq4/frame00313.png -11.440812 0.400854 -10.287532 0.854861 -0.306869 -0.396382 0.133888

seq4/frame00314.png -11.194287 0.368801 -10.928484 0.844185 -0.329034 -0.400092 0.137895

seq4/frame00315.png -10.959121 0.389552 -11.518073 0.846539 -0.308298 -0.416826 0.120753

seq4/frame00316.png -10.712610 0.166934 -12.038652 0.855879 -0.310434 -0.395474 0.121251

seq4/frame00317.png -10.456466 0.392686 -12.692242 0.828292 -0.340676 -0.420291 0.145699

seq4/frame00318.png -10.092844 0.234925 -13.228723 0.848751 -0.351544 -0.364465 0.152326

seq4/frame00319.png -9.584132 0.575635 -14.012617 0.864634 -0.342955 -0.350655 0.108775

seq4/frame00320.png -9.028237 0.422434 -14.482567 0.883785 -0.312272 -0.333774 0.100029

seq4/frame00321.png -8.591079 0.505220 -14.777693 0.887672 -0.330506 -0.309612 0.083342

seq4/frame00322.png -7.948181 0.419927 -15.049536 0.899172 -0.338093 -0.265828 0.080737

seq4/frame00323.png -7.361103 0.321241 -15.401437 0.892467 -0.344828 -0.284033 0.062621

seq4/frame00324.png -6.740886 0.779152 -15.786160 0.890794 -0.358547 -0.268615 0.076003

seq4/frame00325.png -6.285232 0.382759 -15.678571 0.903289 -0.355333 -0.231914 0.063432

seq4/frame00326.png -5.607077 0.392253 -16.076813 0.907312 -0.358015 -0.210696 0.064946

seq4/frame00327.png -5.015836 0.320016 -16.388044 0.914765 -0.354972 -0.181097 0.066367

seq4/frame00328.png -4.355733 0.139797 -16.618127 0.912543 -0.364479 -0.181499 0.038461

seq4/frame00329.png -3.821859 0.168792 -16.916092 0.907963 -0.366219 -0.194339 0.060981

