seq6/frame00001.png 19.146103 -0.599115 -11.625894 0.995172 -0.097116 0.003841 0.013670

seq6/frame00002.png 19.145034 -0.595212 -11.633350 0.995157 -0.097217 0.003729 0.014069

seq6/frame00003.png 19.149902 -0.598223 -11.623724 0.995148 -0.097219 0.003966 0.014616

seq6/frame00004.png 19.173474 -0.593920 -11.654141 0.995115 -0.097482 0.005443 0.014633

seq6/frame00005.png 19.186350 -0.584491 -11.665133 0.994868 -0.098419 0.020534 0.011414

seq6/frame00006.png 19.007761 -0.862669 -11.686153 0.987123 -0.151393 0.049704 0.014085

seq6/frame00007.png 18.739749 -0.733031 -11.665852 0.967613 -0.240530 0.076251 -0.007564

seq6/frame00008.png 18.469977 -0.661631 -11.577311 0.941090 -0.285455 0.177188 -0.038330

seq6/frame00009.png 18.048049 -0.558676 -11.381821 0.931960 -0.288752 0.215721 -0.039209

seq6/frame00010.png 17.520439 -0.576577 -11.353404 0.930887 -0.259952 0.248868 -0.062769

seq6/frame00011.png 17.000473 -0.774059 -11.396242 0.927556 -0.231391 0.286757 -0.062207

seq6/frame00012.png 16.470583 -0.480282 -11.522818 0.931255 -0.186639 0.308806 -0.050683

seq6/frame00013.png 15.998160 -0.468296 -11.681206 0.920883 -0.129345 0.367153 -0.021041

seq6/frame00014.png 15.382282 -0.273246 -11.589223 0.933069 -0.088447 0.348463 0.011596

seq6/frame00015.png 14.775924 -0.353418 -11.703384 0.928355 -0.045111 0.368744 0.012264

seq6/frame00016.png 14.218368 -0.238567 -11.831393 0.930494 -0.062779 0.360853 0.005070

seq6/frame00017.png 13.551277 -0.298937 -11.798243 0.953191 -0.051748 0.297546 -0.014702

seq6/frame00018.png 12.973506 -0.124292 -11.750151 0.963060 -0.064689 0.261289 -0.007646

seq6/frame00019.png 12.378983 -0.310834 -11.587935 0.975126 -0.059192 0.213162 -0.013680

seq6/frame00020.png 11.741053 -0.172588 -11.234600 0.980418 -0.076970 0.181244 -0.002477

seq6/frame00021.png 11.184232 -0.208512 -11.112477 0.981894 -0.098330 0.161703 0.008253

seq6/frame00022.png 10.658292 -0.261955 -10.895267 0.979637 -0.095963 0.176354 -0.001721

seq6/frame00023.png 10.234231 -0.332565 -10.579452 0.978875 -0.130355 0.157421 -0.005463

seq6/frame00024.png 9.594008 -0.248124 -10.520975 0.982569 -0.174732 0.062752 0.009438

seq6/frame00025.png 9.040520 -0.305306 -10.526894 0.974788 -0.220998 -0.029570 0.008627

seq6/frame00026.png 8.396581 -0.400977 -10.528480 0.945902 -0.272452 -0.173692 0.029496

seq6/frame00027.png 8.108466 -0.130057 -11.083673 0.925331 -0.301376 -0.224978 0.048174

seq6/frame00028.png 7.701030 0.078069 -11.424693 0.923186 -0.249263 -0.285728 0.062898

seq6/frame00029.png 7.315351 -0.113322 -11.505840 0.944805 -0.159091 -0.281144 0.054692

seq6/frame00030.png 6.976603 -0.105562 -11.695888 0.941579 -0.161844 -0.292872 0.038228

seq6/frame00031.png 6.488989 -0.170154 -11.962450 0.941640 -0.150882 -0.299949 0.024072

seq6/frame00032.png 6.183314 -0.085892 -12.586772 0.923221 -0.161079 -0.347414 0.031953

seq6/frame00033.png 5.836959 0.122418 -12.954653 0.926649 -0.126728 -0.351605 0.040425

seq6/frame00034.png 5.343745 0.018223 -13.405676 0.936375 -0.134192 -0.321217 0.044883

seq6/frame00035.png 5.041630 0.354144 -13.856190 0.937145 -0.127406 -0.320871 0.050678

seq6/frame00036.png 4.667610 0.139702 -14.304682 0.950839 -0.140589 -0.271147 0.051186

seq6/frame00037.png 4.459816 -0.009240 -14.770332 0.946994 -0.131975 -0.288500 0.050526

seq6/frame00038.png 4.269801 0.134555 -15.129710 0.941476 -0.132102 -0.306555 0.046875

seq6/frame00039.png 4.093794 0.166638 -15.581361 0.944929 -0.139926 -0.293435 0.037762

seq6/frame00040.png 3.820498 0.246783 -16.040942 0.941816 -0.137033 -0.303849 0.043373

seq6/frame00041.png 3.558464 0.337871 -16.356872 0.959906 -0.122171 -0.250297 0.031737

seq6/frame00042.png 3.212265 0.029559 -16.546921 0.963247 -0.110930 -0.241360 0.039941

seq6/frame00043.png 3.041106 0.351902 -16.922966 0.960609 -0.101348 -0.257455 0.025997

seq6/frame00044.png 2.631221 0.035986 -17.089325 0.970152 -0.106303 -0.217776 0.008855

seq6/frame00045.png 2.217656 0.123347 -17.320179 0.963102 -0.113672 -0.243049 0.020972

seq6/frame00046.png 1.873277 0.159348 -17.746768 0.956983 -0.114374 -0.264887 0.030629

seq6/frame00047.png 1.714808 0.192121 -17.832039 0.955474 -0.090220 -0.279967 0.023423

seq6/frame00048.png 1.308916 0.235889 -17.743305 0.957532 -0.092368 -0.272688 0.015565

