seq7/frame00001.png -14.278907 0.804943 -17.477064 0.897919 -0.102352 -0.427305 0.026005

seq7/frame00002.png -14.198316 0.801632 -17.427904 0.898802 -0.102052 -0.425673 0.023327

seq7/frame00003.png -14.144584 0.797417 -17.382591 0.899543 -0.101641 -0.424317 0.021138

seq7/frame00004.png -14.071985 0.833812 -17.558677 0.905415 -0.109892 -0.409132 0.027544

seq7/frame00005.png -13.545813 0.704846 -17.424744 0.910903 -0.124427 -0.392695 0.023758

seq7/frame00006.png -13.086339 0.691154 -17.598898 0.917280 -0.127077 -0.374413 0.047590

seq7/frame00007.png -12.245395 0.587877 -17.560769 0.903387 -0.112741 -0.411217 0.045635

seq7/frame00008.png -11.594188 0.716664 -17.651568 0.904539 -0.107748 -0.409136 0.052990

seq7/frame00009.png -11.034956 0.644275 -17.416920 0.913947 -0.103299 -0.388928 0.052589

seq7/frame00010.png -10.581609 0.666573 -17.090353 0.922159 -0.100034 -0.371163 0.043060

seq7/frame00011.png -10.294916 0.702663 -16.714562 0.927338 -0.061966 -0.367038 0.038584

seq7/frame00012.png -9.998487 0.722492 -16.100118 0.919077 -0.087977 -0.381430 0.045483

seq7/frame00013.png -9.664755 0.701349 -15.401565 0.920617 -0.100850 -0.376621 0.021251

seq7/frame00014.png -9.461892 0.686642 -14.653755 0.904629 -0.106653 -0.411957 0.023721

seq7/frame00015.png -9.227427 0.686616 -14.038504 0.895176 -0.134110 -0.422979 0.041995

seq7/frame00016.png -9.133964 0.763920 -13.452028 0.888185 -0.135177 -0.434392 0.064490

seq7/frame00017.png -8.720045 0.474217 -12.537746 0.880358 -0.095862 -0.461188 0.055568

seq7/frame00018.png -8.521490 0.663194 -11.756019 0.869012 -0.126819 -0.473934 0.064206

seq7/frame00019.png -8.544921 0.727908 -11.430411 0.869678 -0.133581 -0.474036 0.033275

seq7/frame00020.png -8.454172 0.557099 -10.567795 0.876872 -0.137655 -0.458583 0.043003

seq7/frame00021.png -8.659354 0.600264 -10.073356 0.870465 -0.121559 -0.475945 0.031484

seq7/frame00022.png -8.808491 0.456675 -9.609379 0.863072 -0.124367 -0.485842 0.059984

seq7/frame00023.png -9.349760 0.647460 -9.414767 0.882308 -0.135296 -0.449323 0.036567

seq7/frame00024.png -9.956002 0.597523 -9.621535 0.875482 -0.111643 -0.467145 0.053321

seq7/frame00025.png -10.601411 0.761209 -9.754375 0.837551 -0.147861 -0.523573 0.050174

seq7/frame00026.png -11.036309 0.720125 -9.674687 0.877584 -0.126384 -0.461633 0.027754

seq7/frame00027.png -11.629945 0.766019 -10.128672 0.874132 -0.114349 -0.471684 0.018263

seq7/frame00028.png -12.107606 0.691485 -10.298002 0.883432 -0.136293 -0.446434 0.040869

seq7/frame00029.png -12.668569 0.699262 -10.615915 0.892572 -0.139776 -0.425451 0.052616

seq7/frame00030.png -13.150845 0.731965 -10.965571 0.882003 -0.135660 -0.447686 0.056962

seq7/frame00031.png -13.598590 0.735108 -11.299805 0.887475 -0.132413 -0.438850 0.047603

seq7/frame00032.png -13.867838 0.617748 -11.422417 0.874974 -0.113304 -0.469342 0.036076

seq7/frame00033.png -14.551246 0.798286 -11.916520 0.879656 -0.129804 -0.455847 0.039503

seq7/frame00034.png -15.257285 0.946839 -12.307052 0.871446 -0.127835 -0.469875 0.058806

seq7/frame00035.png -15.590609 0.937057 -12.371022 0.882779 -0.131149 -0.449897 0.033077

seq7/frame00036.png -15.905293 0.866246 -12.452630 0.850087 -0.128757 -0.507483 0.056874

seq7/frame00037.png -16.362559 0.921736 -12.139386 0.869834 -0.112352 -0.479175 0.034009

seq7/frame00038.png -16.615608 1.037647 -11.771548 0.857239 -0.132064 -0.496371 0.036291

seq7/frame00039.png -16.746694 0.928044 -11.132477 0.848075 -0.137553 -0.508792 0.054587

seq7/frame00040.png -16.834411 0.862508 -10.394121 0.844739 -0.165610 -0.506425 0.050234

seq7/frame00041.png -17.251837 0.851796 -9.811117 0.818954 -0.176440 -0.537899 0.094065

seq7/frame00042.png -17.596684 0.994967 -9.267349 0.804384 -0.165065 -0.561550 0.101891

seq7/frame00043.png -17.894922 0.965122 -8.585659 0.820691 -0.190813 -0.529336 0.099302

seq7/frame00044.png -18.065448 0.949600 -7.923813 0.797202 -0.179803 -0.569549 0.088064

seq7/frame00045.png -18.475567 0.917355 -7.150087 0.789222 -0.162054 -0.581354 0.113556

seq7/frame00046.png -18.651796 1.026010 -6.572602 0.823650 -0.130108 -0.543415 0.096816

seq7/frame00047.png -18.914608 1.097966 -5.992406 0.823659 -0.108105 -0.549882 0.086771

seq7/frame00048.png -18.853269 1.046444 -5.255478 0.813739 -0.103144 -0.565787 0.084119

seq7/frame00049.png -18.902309 0.995209 -4.678332 0.807430 -0.113322 -0.574988 0.067852

seq7/frame00050.png -18.973224 0.908059 -4.030635 0.808456 -0.110545 -0.573545 0.072280

seq7/frame00051.png -18.921055 1.029654 -3.306555 0.802622 -0.115795 -0.581509 0.065099

seq7/frame00052.png -18.685306 1.040900 -2.682376 0.792925 -0.087034 -0.600063 0.060169

seq7/frame00053.png -18.477852 1.075131 -2.038803 0.780343 -0.075572 -0.617433 0.064271

seq7/frame00054.png -18.332761 1.046683 -1.559695 0.777371 -0.099351 -0.618374 0.058629

seq7/frame00055.png -17.773682 1.035030 -1.194637 0.779843 -0.085506 -0.617584 0.055890

seq7/frame00056.png -17.557542 1.074099 -1.170779 0.783984 -0.112529 -0.607823 0.057077

seq7/frame00057.png -16.698552 1.065921 -1.148251 0.773163 -0.098417 -0.622638 0.069683

seq7/frame00058.png -16.136072 1.006522 -1.409545 0.751296 -0.102168 -0.648600 0.066594

seq7/frame00059.png -15.602487 0.967367 -1.727283 0.771634 -0.095604 -0.625086 0.068626

seq7/frame00060.png -15.015237 0.917567 -2.249525 0.786534 -0.092948 -0.605828 0.075485

seq7/frame00061.png -14.650436 0.850100 -2.775379 0.801401 -0.067308 -0.591617 0.056713

seq7/frame00062.png -14.036643 0.796025 -3.211350 0.835192 -0.079267 -0.540162 0.066302

seq7/frame00063.png -13.595021 0.820736 -3.741522 0.826848 -0.094356 -0.552456 0.047045

seq7/frame00064.png -13.067475 0.859971 -4.289414 0.842358 -0.080244 -0.532533 0.020070

seq7/frame00065.png -12.623815 0.817168 -4.916360 0.834558 -0.119171 -0.536009 0.044792

seq7/frame00066.png -12.118997 0.807117 -5.411906 0.839734 -0.125365 -0.525093 0.058374

seq7/frame00067.png -11.467974 0.691917 -5.879885 0.829554 -0.126802 -0.539318 0.069990

seq7/frame00068.png -10.977845 0.642895 -6.465973 0.842680 -0.093958 -0.526329 0.063559

seq7/frame00069.png -10.446826 0.605743 -6.982605 0.850391 -0.100021 -0.512362 0.065694

seq7/frame00070.png -10.004265 0.609273 -7.544046 0.875893 -0.092185 -0.470663 0.052824

seq7/frame00071.png -9.422192 0.474063 -8.073356 0.865579 -0.106070 -0.487154 0.046939

seq7/frame00072.png -8.926117 0.572559 -8.657349 0.881213 -0.109954 -0.455932 0.059170

seq7/frame00073.png -8.384243 0.416425 -9.052775 0.886409 -0.126855 -0.442193 0.051498

seq7/frame00074.png -7.896238 0.528595 -9.739153 0.881617 -0.171401 -0.436710 0.051552

seq7/frame00075.png -7.423940 0.440064 -10.061377 0.897838 -0.190012 -0.389986 0.075458

seq7/frame00076.png -6.829694 0.473242 -10.613519 0.893572 -0.203155 -0.392760 0.077442

seq7/frame00077.png -6.256484 0.334055 -11.096221 0.898137 -0.232464 -0.360036 0.098410

seq7/frame00078.png -5.861638 0.433758 -11.435590 0.887138 -0.276641 -0.352152 0.111554

seq7/frame00079.png -5.414406 0.381996 -11.717171 0.877519 -0.312487 -0.350697 0.096565

seq7/frame00080.png -4.836475 0.370801 -12.100373 0.860951 -0.353124 -0.341232 0.132766

