seq-02/frame-000000.color.png -0.108521 -0.273090 0.370964 0.985820 -0.132836 -0.058892 0.083774

seq-02/frame-000001.color.png -0.109850 -0.272000 0.371134 0.985758 -0.133453 -0.058330 0.083913

seq-02/frame-000002.color.png -0.111421 -0.270601 0.371075 0.985756 -0.133136 -0.057823 0.084790

seq-02/frame-000003.color.png -0.113135 -0.267726 0.371069 0.985896 -0.131923 -0.057823 0.085063

seq-02/frame-000004.color.png -0.114874 -0.265626 0.371671 0.985959 -0.131435 -0.057152 0.085534

seq-02/frame-000005.color.png -0.116914 -0.262503 0.371888 0.986095 -0.130165 -0.056302 0.086465

seq-02/frame-000006.color.png -0.119123 -0.258703 0.372144 0.986195 -0.128776 -0.055972 0.087614

seq-02/frame-000007.color.png -0.121518 -0.254921 0.372984 0.986174 -0.128707 -0.055421 0.088301

seq-02/frame-000008.color.png -0.124172 -0.252103 0.373190 0.986192 -0.128329 -0.054542 0.089186

seq-02/frame-000009.color.png -0.128373 -0.247712 0.372998 0.986614 -0.125383 -0.053112 0.089573

seq-02/frame-000010.color.png -0.131643 -0.241070 0.373538 0.987126 -0.122600 -0.051559 0.088685

seq-02/frame-000011.color.png -0.135574 -0.235536 0.374227 0.987101 -0.122946 -0.049669 0.089558

seq-02/frame-000012.color.png -0.138911 -0.231804 0.374409 0.986702 -0.124231 -0.048926 0.092548

seq-02/frame-000013.color.png -0.144124 -0.228153 0.374057 0.986665 -0.122792 -0.047509 0.095548

seq-02/frame-000014.color.png -0.149262 -0.221303 0.374531 0.987078 -0.119563 -0.045849 0.096192

seq-02/frame-000015.color.png -0.154638 -0.214974 0.375416 0.987244 -0.119287 -0.043984 0.095696

seq-02/frame-000016.color.png -0.160158 -0.210488 0.376015 0.987118 -0.120105 -0.042888 0.096463

seq-02/frame-000017.color.png -0.165745 -0.206067 0.376936 0.986994 -0.119817 -0.041926 0.098493

seq-02/frame-000018.color.png -0.172252 -0.201314 0.378204 0.986952 -0.118361 -0.040643 0.101179

seq-02/frame-000019.color.png -0.178787 -0.195104 0.380295 0.987022 -0.117403 -0.039369 0.102107

seq-02/frame-000020.color.png -0.185677 -0.190303 0.382683 0.986967 -0.118199 -0.037635 0.102380

seq-02/frame-000021.color.png -0.193129 -0.185966 0.384605 0.986818 -0.117983 -0.035748 0.104711

seq-02/frame-000022.color.png -0.200563 -0.180033 0.387351 0.986806 -0.116667 -0.033989 0.106864

seq-02/frame-000023.color.png -0.208109 -0.174747 0.390603 0.986692 -0.117513 -0.030476 0.108039

seq-02/frame-000024.color.png -0.217224 -0.172676 0.392989 0.986436 -0.117604 -0.026418 0.111297

seq-02/frame-000025.color.png -0.226728 -0.167371 0.395120 0.986735 -0.112210 -0.023464 0.114824

seq-02/frame-000026.color.png -0.234378 -0.159354 0.398827 0.987157 -0.108106 -0.019845 0.115814

seq-02/frame-000027.color.png -0.242325 -0.154729 0.401576 0.986740 -0.108671 -0.016064 0.119370

seq-02/frame-000028.color.png -0.250465 -0.150602 0.403784 0.986292 -0.108536 -0.014602 0.123317

seq-02/frame-000029.color.png -0.258026 -0.146322 0.406493 0.986442 -0.108076 -0.012747 0.122724

seq-02/frame-000030.color.png -0.265435 -0.143356 0.408385 0.986707 -0.106064 -0.009357 0.122657

seq-02/frame-000031.color.png -0.272003 -0.136747 0.410539 0.986954 -0.102364 -0.007812 0.123914

seq-02/frame-000032.color.png -0.277448 -0.130287 0.412742 0.986956 -0.101323 -0.006141 0.124841

seq-02/frame-000033.color.png -0.283305 -0.125493 0.414807 0.986963 -0.100461 -0.004240 0.125564

seq-02/frame-000034.color.png -0.288293 -0.119112 0.416691 0.987238 -0.098185 -0.003338 0.125226

seq-02/frame-000035.color.png -0.292064 -0.110835 0.419210 0.987445 -0.096832 -0.002012 0.124675

seq-02/frame-000036.color.png -0.296263 -0.103536 0.421472 0.987246 -0.097741 -0.000642 0.125548

seq-02/frame-000037.color.png -0.299805 -0.096194 0.423407 0.986961 -0.099368 0.000299 0.126516

seq-02/frame-000038.color.png -0.303392 -0.090987 0.425381 0.987013 -0.100245 0.000874 0.125409

seq-02/frame-000039.color.png -0.304868 -0.081160 0.427429 0.987337 -0.099837 0.001262 0.123161

seq-02/frame-000040.color.png -0.306403 -0.074696 0.428767 0.986952 -0.102193 0.001190 0.124309

seq-02/frame-000041.color.png -0.307895 -0.070797 0.429583 0.986822 -0.102314 0.001659 0.125232

seq-02/frame-000042.color.png -0.308190 -0.062053 0.430386 0.987349 -0.099794 0.003424 0.123055

seq-02/frame-000043.color.png -0.308863 -0.056235 0.430677 0.987478 -0.099622 0.006074 0.122050

seq-02/frame-000044.color.png -0.309782 -0.051457 0.430308 0.987634 -0.097221 0.007864 0.122626

seq-02/frame-000045.color.png -0.308344 -0.041846 0.430427 0.988078 -0.092925 0.009579 0.122252

seq-02/frame-000046.color.png -0.307889 -0.031342 0.430468 0.988157 -0.091653 0.012446 0.122318

seq-02/frame-000047.color.png -0.307372 -0.025023 0.431153 0.988090 -0.093380 0.013600 0.121427

seq-02/frame-000048.color.png -0.305370 -0.016542 0.431586 0.988198 -0.095102 0.012869 0.119274

seq-02/frame-000049.color.png -0.302571 -0.010747 0.432066 0.987884 -0.097930 0.012310 0.119638

seq-02/frame-000050.color.png -0.299734 -0.005654 0.431949 0.987630 -0.098789 0.011586 0.121093

seq-02/frame-000051.color.png -0.296051 0.002407 0.432008 0.987560 -0.099391 0.009176 0.121379

seq-02/frame-000052.color.png -0.291006 0.006946 0.431884 0.987453 -0.102260 0.007604 0.119964

seq-02/frame-000053.color.png -0.287217 0.010033 0.430772 0.987394 -0.103456 0.007524 0.119434

seq-02/frame-000054.color.png -0.282285 0.014671 0.430068 0.987573 -0.103224 0.005546 0.118255

seq-02/frame-000055.color.png -0.276487 0.016897 0.429196 0.987690 -0.104150 0.003979 0.116514

seq-02/frame-000056.color.png -0.270682 0.020693 0.427768 0.987999 -0.102930 0.003634 0.114978

seq-02/frame-000057.color.png -0.264541 0.026977 0.427255 0.988225 -0.102041 0.002746 0.113851

seq-02/frame-000058.color.png -0.257805 0.029697 0.426486 0.988048 -0.103938 0.001492 0.113692

seq-02/frame-000059.color.png -0.250435 0.032393 0.425739 0.988082 -0.104639 0.000607 0.112761

seq-02/frame-000060.color.png -0.242644 0.036615 0.424861 0.988387 -0.103495 0.000216 0.111131

seq-02/frame-000061.color.png -0.234382 0.042367 0.424621 0.988676 -0.102582 -0.000450 0.109395

seq-02/frame-000062.color.png -0.226004 0.046195 0.423656 0.988843 -0.103504 -0.000132 0.106983

seq-02/frame-000063.color.png -0.216772 0.049959 0.422784 0.989113 -0.103151 -0.000075 0.104808

seq-02/frame-000064.color.png -0.208108 0.053429 0.422055 0.989357 -0.101983 -0.000250 0.103645

seq-02/frame-000065.color.png -0.198591 0.056332 0.421206 0.989587 -0.100925 0.000360 0.102474

seq-02/frame-000066.color.png -0.189305 0.060866 0.420697 0.989936 -0.099203 0.000643 0.100769

seq-02/frame-000067.color.png -0.180587 0.063659 0.420169 0.989928 -0.099761 -0.000919 0.100296

seq-02/frame-000068.color.png -0.171604 0.064928 0.419563 0.989820 -0.100439 -0.004290 0.100602

seq-02/frame-000069.color.png -0.162271 0.067041 0.418775 0.989749 -0.100880 -0.008223 0.100606

seq-02/frame-000070.color.png -0.152796 0.069123 0.417933 0.989567 -0.101695 -0.011590 0.101247

seq-02/frame-000071.color.png -0.143543 0.068719 0.417006 0.989336 -0.101735 -0.015607 0.102912

seq-02/frame-000072.color.png -0.135477 0.071266 0.416219 0.989379 -0.099424 -0.020802 0.103827

seq-02/frame-000073.color.png -0.125451 0.074585 0.416343 0.989448 -0.099265 -0.026289 0.102064

seq-02/frame-000074.color.png -0.117070 0.076589 0.416206 0.989660 -0.100638 -0.029854 0.097585

seq-02/frame-000075.color.png -0.107771 0.080102 0.416693 0.990397 -0.102648 -0.031729 0.086833

seq-02/frame-000076.color.png -0.094589 0.079839 0.415527 0.990893 -0.106441 -0.030074 0.076595

seq-02/frame-000077.color.png -0.082717 0.081220 0.414901 0.991354 -0.105618 -0.026235 0.073099

seq-02/frame-000078.color.png -0.072054 0.084583 0.414936 0.991404 -0.104923 -0.023532 0.074332

seq-02/frame-000079.color.png -0.063573 0.084300 0.414509 0.991220 -0.106084 -0.023457 0.075155

seq-02/frame-000080.color.png -0.053658 0.084802 0.414245 0.991155 -0.106071 -0.026545 0.075002

seq-02/frame-000081.color.png -0.042438 0.084518 0.413780 0.991099 -0.106302 -0.029860 0.074166

seq-02/frame-000082.color.png -0.030885 0.084943 0.413340 0.991093 -0.104948 -0.031742 0.075386

seq-02/frame-000083.color.png -0.020329 0.085952 0.413525 0.991150 -0.103474 -0.033271 0.076004

seq-02/frame-000084.color.png -0.010195 0.086949 0.412957 0.991252 -0.102910 -0.034906 0.074694

seq-02/frame-000085.color.png 0.000274 0.086484 0.412681 0.991182 -0.103952 -0.036209 0.073559

seq-02/frame-000086.color.png 0.010322 0.085465 0.412285 0.991156 -0.104604 -0.037246 0.072461

seq-02/frame-000087.color.png 0.021820 0.084929 0.412436 0.991173 -0.105408 -0.038986 0.070102

seq-02/frame-000088.color.png 0.033762 0.084116 0.412733 0.991156 -0.106842 -0.040974 0.066968

seq-02/frame-000089.color.png 0.033409 0.084189 0.412476 0.991157 -0.106869 -0.040796 0.067019

seq-02/frame-000090.color.png 0.045663 0.082201 0.412791 0.991159 -0.107344 -0.042842 0.064920

seq-02/frame-000091.color.png 0.055760 0.080842 0.412304 0.991175 -0.106900 -0.043509 0.064967

seq-02/frame-000092.color.png 0.065924 0.080665 0.412749 0.991166 -0.107177 -0.044272 0.064122

seq-02/frame-000093.color.png 0.076134 0.078220 0.413574 0.991009 -0.109017 -0.046970 0.061478

seq-02/frame-000094.color.png 0.086889 0.075509 0.413910 0.990821 -0.109431 -0.051571 0.060061

seq-02/frame-000095.color.png 0.097673 0.073830 0.414229 0.990747 -0.107726 -0.055865 0.060532

seq-02/frame-000096.color.png 0.108470 0.074792 0.415533 0.990951 -0.105258 -0.057438 0.060063

seq-02/frame-000097.color.png 0.108232 0.074613 0.415342 0.990945 -0.105365 -0.057309 0.060092

seq-02/frame-000098.color.png 0.118767 0.076262 0.417742 0.991130 -0.105123 -0.057816 0.056884

seq-02/frame-000099.color.png 0.128422 0.075517 0.420045 0.991145 -0.106638 -0.058657 0.052811

seq-02/frame-000100.color.png 0.138301 0.074711 0.421643 0.991087 -0.107883 -0.060385 0.049295

seq-02/frame-000101.color.png 0.148938 0.075433 0.423797 0.991093 -0.108076 -0.061959 0.046733

seq-02/frame-000102.color.png 0.157817 0.075251 0.425906 0.991036 -0.109281 -0.062671 0.044108

seq-02/frame-000103.color.png 0.167350 0.075135 0.428143 0.990917 -0.111080 -0.063660 0.040745

seq-02/frame-000104.color.png 0.176077 0.075071 0.430066 0.990723 -0.113089 -0.064090 0.039231

seq-02/frame-000105.color.png 0.176236 0.075486 0.430050 0.990742 -0.112893 -0.064144 0.039243

seq-02/frame-000106.color.png 0.184513 0.075524 0.432649 0.990549 -0.113779 -0.065771 0.038855

seq-02/frame-000107.color.png 0.191019 0.074259 0.434494 0.990143 -0.116441 -0.067890 0.037642

seq-02/frame-000108.color.png 0.197892 0.072765 0.436925 0.989844 -0.117604 -0.070906 0.036305

seq-02/frame-000109.color.png 0.203725 0.072129 0.438640 0.989679 -0.117653 -0.073612 0.035262

seq-02/frame-000110.color.png 0.211180 0.069936 0.441614 0.989567 -0.117427 -0.076066 0.033930

seq-02/frame-000111.color.png 0.215010 0.069384 0.443301 0.989745 -0.115329 -0.076823 0.034216

seq-02/frame-000112.color.png 0.215068 0.069659 0.443397 0.989757 -0.115211 -0.076817 0.034272

seq-02/frame-000113.color.png 0.219784 0.069912 0.446520 0.989732 -0.114234 -0.079449 0.032215

seq-02/frame-000114.color.png 0.224342 0.067416 0.449655 0.989525 -0.115411 -0.081873 0.028016

seq-02/frame-000115.color.png 0.228192 0.065486 0.452438 0.989416 -0.115985 -0.083556 0.024273

seq-02/frame-000116.color.png 0.231421 0.064276 0.455097 0.989275 -0.117246 -0.084358 0.020973

seq-02/frame-000117.color.png 0.235810 0.062965 0.458697 0.989048 -0.118701 -0.085902 0.016826

seq-02/frame-000118.color.png 0.235685 0.062964 0.458649 0.989050 -0.118693 -0.085927 0.016615

seq-02/frame-000119.color.png 0.238737 0.059278 0.461082 0.988686 -0.121202 -0.087271 0.012700

seq-02/frame-000120.color.png 0.243600 0.056090 0.463934 0.988507 -0.123063 -0.087180 0.008751

seq-02/frame-000121.color.png 0.245206 0.052539 0.464692 0.988574 -0.124512 -0.084467 0.007115

seq-02/frame-000122.color.png 0.248054 0.048543 0.466734 0.988569 -0.125614 -0.082980 0.005827

seq-02/frame-000123.color.png 0.250165 0.045371 0.467629 0.988596 -0.126816 -0.080935 0.003672

seq-02/frame-000124.color.png 0.250909 0.042481 0.468253 0.988652 -0.128878 -0.076948 0.002049

seq-02/frame-000125.color.png 0.251368 0.042220 0.468382 0.988612 -0.129016 -0.077239 0.002014

seq-02/frame-000126.color.png 0.249946 0.038005 0.468894 0.988569 -0.131298 -0.073894 0.000517

seq-02/frame-000127.color.png 0.248159 0.034651 0.468793 0.988522 -0.132759 -0.071868 -0.001332

seq-02/frame-000128.color.png 0.246047 0.029861 0.468655 0.988322 -0.135107 -0.070180 -0.002678

seq-02/frame-000129.color.png 0.244054 0.024889 0.468488 0.988266 -0.136685 -0.067857 -0.003262

seq-02/frame-000130.color.png 0.240120 0.019744 0.467561 0.988347 -0.138107 -0.063616 -0.004023

seq-02/frame-000131.color.png 0.240423 0.019837 0.467628 0.988348 -0.138022 -0.063776 -0.004140

seq-02/frame-000132.color.png 0.235883 0.014510 0.466552 0.988496 -0.139072 -0.059019 -0.004249

seq-02/frame-000133.color.png 0.231178 0.010545 0.465618 0.988570 -0.140619 -0.053866 -0.004654

seq-02/frame-000134.color.png 0.224802 0.004584 0.465047 0.988613 -0.142376 -0.048023 -0.005826

seq-02/frame-000135.color.png 0.216098 -0.000586 0.463181 0.988706 -0.143629 -0.042130 -0.004811

seq-02/frame-000136.color.png 0.216669 -0.000135 0.463347 0.988744 -0.143330 -0.042260 -0.004874

seq-02/frame-000137.color.png 0.208504 -0.006073 0.462522 0.988669 -0.145166 -0.037543 -0.004235

seq-02/frame-000138.color.png 0.200211 -0.011477 0.461741 0.988697 -0.146118 -0.032996 -0.002502

seq-02/frame-000139.color.png 0.191132 -0.017173 0.461016 0.988785 -0.146432 -0.028782 -0.000100

seq-02/frame-000140.color.png 0.182630 -0.021778 0.460982 0.988875 -0.146557 -0.024760 0.001109

seq-02/frame-000141.color.png 0.182511 -0.021763 0.460995 0.988886 -0.146501 -0.024626 0.001355

seq-02/frame-000142.color.png 0.171937 -0.027915 0.460991 0.988651 -0.148699 -0.020497 0.002161

seq-02/frame-000143.color.png 0.163014 -0.034013 0.460501 0.988533 -0.149914 -0.016932 0.002876

seq-02/frame-000144.color.png 0.152229 -0.039906 0.459768 0.988549 -0.150301 -0.011203 0.004627

seq-02/frame-000145.color.png 0.139760 -0.044990 0.458540 0.988607 -0.150184 -0.006159 0.005395

seq-02/frame-000146.color.png 0.130021 -0.050446 0.457824 0.988623 -0.150163 -0.002039 0.006078

seq-02/frame-000147.color.png 0.119864 -0.054467 0.457115 0.988671 -0.149742 0.003379 0.007845

seq-02/frame-000148.color.png 0.119941 -0.054191 0.457079 0.988697 -0.149576 0.003442 0.007775

seq-02/frame-000149.color.png 0.107807 -0.058637 0.456174 0.988569 -0.150046 0.009531 0.009613

seq-02/frame-000150.color.png 0.096406 -0.062492 0.455270 0.988354 -0.150931 0.014840 0.011015

seq-02/frame-000151.color.png 0.085945 -0.066616 0.454734 0.988074 -0.152164 0.019464 0.011928

seq-02/frame-000152.color.png 0.074828 -0.070423 0.453516 0.987824 -0.152936 0.024704 0.013028

seq-02/frame-000153.color.png 0.074749 -0.070846 0.453725 0.987789 -0.153142 0.024794 0.013068

seq-02/frame-000154.color.png 0.064045 -0.075687 0.452685 0.987512 -0.153627 0.030789 0.015376

seq-02/frame-000155.color.png 0.051815 -0.078471 0.451226 0.987447 -0.152114 0.037537 0.019150

seq-02/frame-000156.color.png 0.041775 -0.080721 0.450265 0.987222 -0.151531 0.043115 0.023188

seq-02/frame-000157.color.png 0.031383 -0.083746 0.449322 0.986795 -0.151845 0.049942 0.025512

seq-02/frame-000158.color.png 0.019164 -0.085477 0.447510 0.986377 -0.151365 0.057060 0.029319

seq-02/frame-000159.color.png 0.018763 -0.085437 0.447449 0.986373 -0.151307 0.057192 0.029475

seq-02/frame-000160.color.png 0.006639 -0.088369 0.445715 0.986089 -0.150500 0.062006 0.033156

seq-02/frame-000161.color.png -0.004143 -0.090171 0.443927 0.985982 -0.148891 0.066057 0.035682

seq-02/frame-000162.color.png -0.013840 -0.092330 0.442633 0.985597 -0.148280 0.070963 0.039244

seq-02/frame-000163.color.png -0.025310 -0.093410 0.440779 0.985053 -0.146897 0.077217 0.045775

seq-02/frame-000164.color.png -0.038324 -0.093963 0.439014 0.984495 -0.144742 0.083690 0.052733

seq-02/frame-000165.color.png -0.051419 -0.094020 0.437608 0.984094 -0.142854 0.088249 0.057689

seq-02/frame-000166.color.png -0.061897 -0.095612 0.435931 0.983558 -0.142243 0.092731 0.061213

seq-02/frame-000167.color.png -0.074143 -0.098859 0.433569 0.982983 -0.140376 0.099075 0.064719

seq-02/frame-000168.color.png -0.086088 -0.100771 0.431633 0.982731 -0.135262 0.105631 0.068931

seq-02/frame-000169.color.png -0.099421 -0.100504 0.429739 0.982596 -0.129496 0.111652 0.072344

seq-02/frame-000170.color.png -0.111945 -0.101446 0.427698 0.982275 -0.125969 0.116873 0.074650

seq-02/frame-000171.color.png -0.125327 -0.101768 0.425392 0.981989 -0.122069 0.122106 0.076492

seq-02/frame-000172.color.png -0.139005 -0.099785 0.423111 0.981597 -0.118580 0.127162 0.078748

seq-02/frame-000173.color.png -0.154056 -0.098874 0.420967 0.980892 -0.116984 0.132257 0.081480

seq-02/frame-000174.color.png -0.166669 -0.097319 0.418141 0.980072 -0.116764 0.137173 0.083512

seq-02/frame-000175.color.png -0.182063 -0.095979 0.416075 0.979099 -0.117061 0.143054 0.084628

seq-02/frame-000176.color.png -0.196966 -0.094296 0.414475 0.978296 -0.116922 0.147261 0.086865

seq-02/frame-000177.color.png -0.210049 -0.093204 0.412850 0.977487 -0.116531 0.150562 0.090746

seq-02/frame-000178.color.png -0.223585 -0.092402 0.411956 0.976405 -0.115513 0.155307 0.095569

seq-02/frame-000179.color.png -0.236776 -0.091771 0.411590 0.975504 -0.114491 0.160035 0.098167

seq-02/frame-000180.color.png -0.248911 -0.091197 0.411170 0.974560 -0.113700 0.165743 0.098991

seq-02/frame-000181.color.png -0.261956 -0.090593 0.410632 0.973531 -0.111735 0.171598 0.101348

seq-02/frame-000182.color.png -0.274644 -0.089153 0.410022 0.972418 -0.108446 0.177144 0.105955

seq-02/frame-000183.color.png -0.286107 -0.087497 0.409628 0.971173 -0.105450 0.183013 0.110331

seq-02/frame-000184.color.png -0.299050 -0.086424 0.409592 0.970041 -0.103743 0.188347 0.112907

seq-02/frame-000185.color.png -0.308643 -0.085883 0.409649 0.969086 -0.102653 0.193449 0.113470

seq-02/frame-000186.color.png -0.320268 -0.083701 0.410488 0.967885 -0.101256 0.199046 0.115284

seq-02/frame-000187.color.png -0.328990 -0.085951 0.410730 0.966843 -0.101709 0.202651 0.117333

seq-02/frame-000188.color.png -0.337173 -0.086120 0.411071 0.965632 -0.099784 0.208559 0.118593

seq-02/frame-000189.color.png -0.347955 -0.085875 0.412034 0.963830 -0.097424 0.215849 0.122124

seq-02/frame-000190.color.png -0.358993 -0.086792 0.412799 0.962208 -0.095257 0.222189 0.125213

seq-02/frame-000191.color.png -0.370514 -0.086086 0.414065 0.961060 -0.093516 0.227300 0.126162

seq-02/frame-000192.color.png -0.381054 -0.085619 0.415115 0.960284 -0.092101 0.230644 0.127042

seq-02/frame-000193.color.png -0.388965 -0.083790 0.416887 0.959301 -0.090943 0.235045 0.127231

seq-02/frame-000194.color.png -0.399531 -0.084022 0.419891 0.957247 -0.090257 0.242320 0.129519

seq-02/frame-000195.color.png -0.410760 -0.083657 0.422919 0.955557 -0.087290 0.247660 0.133863

seq-02/frame-000196.color.png -0.420721 -0.081490 0.426568 0.954340 -0.083502 0.251266 0.138170

seq-02/frame-000197.color.png -0.430648 -0.080275 0.429862 0.953269 -0.081239 0.253968 0.141926

seq-02/frame-000198.color.png -0.441365 -0.079933 0.433551 0.951884 -0.080014 0.258284 0.144111

seq-02/frame-000199.color.png -0.449693 -0.078774 0.437218 0.950475 -0.078868 0.263281 0.144993

seq-02/frame-000200.color.png -0.459585 -0.077236 0.441249 0.948835 -0.077298 0.268617 0.146783

seq-02/frame-000201.color.png -0.470598 -0.074915 0.446008 0.946999 -0.076715 0.274392 0.148252

seq-02/frame-000202.color.png -0.483512 -0.074011 0.451360 0.945396 -0.076515 0.278642 0.150643

seq-02/frame-000203.color.png -0.492932 -0.071829 0.456051 0.944623 -0.076490 0.280341 0.152340

seq-02/frame-000204.color.png -0.501683 -0.072559 0.460868 0.943611 -0.078050 0.282990 0.152923

seq-02/frame-000205.color.png -0.512839 -0.072939 0.466313 0.942556 -0.078269 0.286241 0.153266

seq-02/frame-000206.color.png -0.532585 -0.070517 0.477902 0.940398 -0.078473 0.292790 0.154043

seq-02/frame-000207.color.png -0.541632 -0.069010 0.483793 0.938728 -0.077750 0.297670 0.155241

seq-02/frame-000208.color.png -0.551815 -0.067859 0.489770 0.936972 -0.076437 0.301422 0.159208

seq-02/frame-000209.color.png -0.560866 -0.066772 0.495649 0.935856 -0.074554 0.303361 0.162937

seq-02/frame-000210.color.png -0.569561 -0.063383 0.501339 0.934743 -0.073404 0.305219 0.166348

seq-02/frame-000211.color.png -0.579820 -0.063096 0.508053 0.933352 -0.074724 0.307731 0.168919

seq-02/frame-000212.color.png -0.595027 -0.060561 0.519709 0.929649 -0.076959 0.318111 0.169107

seq-02/frame-000213.color.png -0.604619 -0.057945 0.526027 0.927487 -0.077189 0.323104 0.171391

seq-02/frame-000214.color.png -0.613827 -0.060746 0.533098 0.925234 -0.078367 0.327448 0.174757

seq-02/frame-000215.color.png -0.623591 -0.061451 0.539322 0.923573 -0.077303 0.332005 0.175417

seq-02/frame-000216.color.png -0.631254 -0.057905 0.544753 0.922052 -0.076615 0.336823 0.174531

seq-02/frame-000217.color.png -0.641934 -0.057439 0.551885 0.919712 -0.077647 0.343002 0.174388

seq-02/frame-000218.color.png -0.650387 -0.055545 0.557804 0.917919 -0.077764 0.347834 0.174212

seq-02/frame-000219.color.png -0.664576 -0.050600 0.569392 0.915219 -0.078018 0.352898 0.178077

seq-02/frame-000220.color.png -0.673960 -0.053245 0.576675 0.913168 -0.078082 0.356661 0.181057

seq-02/frame-000221.color.png -0.678668 -0.052069 0.581910 0.911442 -0.075759 0.360806 0.182521

seq-02/frame-000222.color.png -0.687779 -0.048657 0.588487 0.909294 -0.073182 0.365750 0.184432

seq-02/frame-000223.color.png -0.695710 -0.044861 0.594345 0.907741 -0.072563 0.368572 0.186696

seq-02/frame-000224.color.png -0.706342 -0.045981 0.606337 0.905032 -0.075062 0.373480 0.189091

seq-02/frame-000225.color.png -0.711815 -0.046460 0.612191 0.902966 -0.073368 0.377366 0.191897

seq-02/frame-000226.color.png -0.718902 -0.044356 0.618741 0.901093 -0.069840 0.380831 0.195142

seq-02/frame-000227.color.png -0.724124 -0.041427 0.625192 0.899396 -0.067343 0.383678 0.198248

seq-02/frame-000228.color.png -0.729759 -0.041420 0.631777 0.897844 -0.066585 0.385905 0.201196

seq-02/frame-000229.color.png -0.733921 -0.041036 0.638061 0.896194 -0.064495 0.388656 0.203918

seq-02/frame-000230.color.png -0.743236 -0.037842 0.650470 0.890642 -0.061030 0.399021 0.209221

seq-02/frame-000231.color.png -0.750482 -0.035715 0.658033 0.887537 -0.060174 0.405047 0.211073

seq-02/frame-000232.color.png -0.756397 -0.033632 0.664128 0.886332 -0.060539 0.406907 0.212453

seq-02/frame-000233.color.png -0.759616 -0.033903 0.670475 0.885063 -0.061316 0.408767 0.213944

seq-02/frame-000234.color.png -0.768763 -0.028928 0.683145 0.880482 -0.060483 0.416902 0.217357

seq-02/frame-000235.color.png -0.772300 -0.030157 0.689776 0.877677 -0.060950 0.420813 0.221004

seq-02/frame-000236.color.png -0.775105 -0.032201 0.696077 0.875565 -0.060048 0.424301 0.222951

seq-02/frame-000237.color.png -0.778168 -0.031945 0.701732 0.874090 -0.058487 0.427876 0.222321

seq-02/frame-000238.color.png -0.782431 -0.029718 0.706823 0.873133 -0.056133 0.430445 0.221727

seq-02/frame-000239.color.png -0.788545 -0.027811 0.718718 0.870954 -0.051636 0.433701 0.225018

seq-02/frame-000240.color.png -0.791464 -0.027695 0.724542 0.869887 -0.050468 0.435572 0.225796

seq-02/frame-000241.color.png -0.792809 -0.027836 0.729432 0.868713 -0.049378 0.437773 0.226300

seq-02/frame-000242.color.png -0.795273 -0.028651 0.734680 0.866940 -0.045879 0.440529 0.228475

seq-02/frame-000243.color.png -0.800612 -0.027476 0.741785 0.865354 -0.039621 0.442361 0.232092

seq-02/frame-000244.color.png -0.807306 -0.025474 0.752143 0.864238 -0.036174 0.443303 0.234998

seq-02/frame-000245.color.png -0.810833 -0.024790 0.758119 0.862983 -0.033756 0.445296 0.236196

seq-02/frame-000246.color.png -0.816083 -0.023155 0.763947 0.862479 -0.031512 0.445522 0.237918

seq-02/frame-000247.color.png -0.820473 -0.022530 0.769371 0.862288 -0.030406 0.445296 0.239173

seq-02/frame-000248.color.png -0.819723 -0.022521 0.772641 0.861927 -0.030464 0.446019 0.239120

seq-02/frame-000249.color.png -0.823648 -0.021093 0.777272 0.860262 -0.030396 0.449344 0.238896

seq-02/frame-000250.color.png -0.830306 -0.018114 0.787215 0.858898 -0.028181 0.450716 0.241478

seq-02/frame-000251.color.png -0.830747 -0.018074 0.790552 0.858071 -0.027243 0.451195 0.243621

seq-02/frame-000252.color.png -0.835964 -0.017611 0.796909 0.856408 -0.025071 0.453226 0.245925

seq-02/frame-000253.color.png -0.841467 -0.017081 0.803090 0.855444 -0.023582 0.454211 0.247605

seq-02/frame-000254.color.png -0.842999 -0.015746 0.807272 0.856017 -0.023108 0.453298 0.247344

seq-02/frame-000255.color.png -0.844264 -0.012731 0.810787 0.857733 -0.023874 0.450529 0.246382

seq-02/frame-000256.color.png -0.850706 -0.011899 0.820252 0.861573 -0.027432 0.443952 0.244544

seq-02/frame-000257.color.png -0.854528 -0.010890 0.825150 0.863378 -0.028526 0.440922 0.243535

seq-02/frame-000258.color.png -0.856151 -0.010346 0.829186 0.864936 -0.029518 0.438273 0.242666

seq-02/frame-000259.color.png -0.858000 -0.009426 0.833266 0.865887 -0.029052 0.436386 0.242732

seq-02/frame-000260.color.png -0.860853 -0.007061 0.836965 0.866991 -0.029296 0.434458 0.242221

seq-02/frame-000261.color.png -0.862906 -0.005370 0.840425 0.868223 -0.030640 0.432654 0.240866

seq-02/frame-000262.color.png -0.864516 -0.003913 0.843724 0.869336 -0.031479 0.430451 0.240691

seq-02/frame-000263.color.png -0.868048 -0.002673 0.850483 0.871085 -0.033676 0.427345 0.239600

seq-02/frame-000264.color.png -0.869554 -0.002570 0.854300 0.872769 -0.035526 0.425331 0.236771

seq-02/frame-000265.color.png -0.871221 -0.001109 0.856701 0.874583 -0.035864 0.422695 0.234739

seq-02/frame-000266.color.png -0.873225 0.001192 0.859631 0.876461 -0.035981 0.419599 0.233268

seq-02/frame-000267.color.png -0.876120 0.002705 0.863498 0.878016 -0.036975 0.416676 0.232504

seq-02/frame-000268.color.png -0.876840 0.002687 0.866021 0.879443 -0.038374 0.413810 0.232004

seq-02/frame-000269.color.png -0.879448 0.002998 0.868964 0.880673 -0.039450 0.411831 0.230674

seq-02/frame-000270.color.png -0.884788 0.005057 0.874127 0.886131 -0.042957 0.402485 0.225583

seq-02/frame-000271.color.png -0.884833 0.004204 0.876792 0.889313 -0.045483 0.396917 0.222414

seq-02/frame-000272.color.png -0.886332 0.005067 0.878378 0.891800 -0.046504 0.392671 0.219763

seq-02/frame-000273.color.png -0.887925 0.006420 0.880953 0.893606 -0.046993 0.389190 0.218511

seq-02/frame-000274.color.png -0.888812 0.006306 0.883016 0.895489 -0.048352 0.385310 0.217379

seq-02/frame-000275.color.png -0.888739 0.005921 0.884114 0.897125 -0.048806 0.381843 0.216650

seq-02/frame-000276.color.png -0.889216 0.006969 0.885226 0.898516 -0.048660 0.378983 0.215937

seq-02/frame-000277.color.png -0.891014 0.008612 0.886266 0.900164 -0.049592 0.375845 0.214341

seq-02/frame-000278.color.png -0.891524 0.008106 0.887488 0.902113 -0.051224 0.372103 0.212280

seq-02/frame-000279.color.png -0.892127 0.009932 0.887942 0.904300 -0.051642 0.368030 0.209963

seq-02/frame-000280.color.png -0.893338 0.010737 0.888983 0.906310 -0.052648 0.363336 0.209220

seq-02/frame-000281.color.png -0.893907 0.011485 0.889093 0.909114 -0.053836 0.357374 0.207013

seq-02/frame-000282.color.png -0.894020 0.012342 0.888993 0.912148 -0.055030 0.351936 0.202620

seq-02/frame-000283.color.png -0.895161 0.013612 0.889725 0.915202 -0.056116 0.346052 0.198644

seq-02/frame-000284.color.png -0.894946 0.015224 0.888949 0.918865 -0.057303 0.337842 0.195506

seq-02/frame-000285.color.png -0.894549 0.015730 0.888206 0.922100 -0.058681 0.330492 0.192405

seq-02/frame-000286.color.png -0.894847 0.016324 0.887658 0.925248 -0.060190 0.323953 0.187894

seq-02/frame-000287.color.png -0.895217 0.016503 0.886941 0.927747 -0.061411 0.318367 0.184697

seq-02/frame-000288.color.png -0.897436 0.017853 0.886900 0.929734 -0.061573 0.313088 0.183672

seq-02/frame-000289.color.png -0.898352 0.018809 0.885477 0.932569 -0.062426 0.305792 0.181288

seq-02/frame-000290.color.png -0.899363 0.018736 0.884740 0.935244 -0.063210 0.299714 0.177344

seq-02/frame-000291.color.png -0.901080 0.019892 0.884611 0.937805 -0.063376 0.293732 0.173733

seq-02/frame-000292.color.png -0.902357 0.019598 0.884093 0.940628 -0.064120 0.285953 0.171158

seq-02/frame-000293.color.png -0.902876 0.019233 0.882796 0.943396 -0.064732 0.278577 0.167827

seq-02/frame-000294.color.png -0.904110 0.018175 0.881777 0.945695 -0.065261 0.272359 0.164862

seq-02/frame-000295.color.png -0.906201 0.018547 0.880431 0.948240 -0.065193 0.266214 0.160244

seq-02/frame-000296.color.png -0.907664 0.017347 0.878868 0.950645 -0.065120 0.259042 0.157757

seq-02/frame-000297.color.png -0.908839 0.015797 0.876667 0.953452 -0.064668 0.250359 0.154997

seq-02/frame-000298.color.png -0.909733 0.015202 0.874710 0.956162 -0.063422 0.242295 0.151597

seq-02/frame-000299.color.png -0.910587 0.014648 0.872934 0.958852 -0.063050 0.234313 0.147246

seq-02/frame-000300.color.png -0.909007 0.013775 0.869832 0.961536 -0.063507 0.225098 0.143885

seq-02/frame-000301.color.png -0.908606 0.011967 0.867396 0.963718 -0.063414 0.217078 0.141635

seq-02/frame-000302.color.png -0.908027 0.011505 0.864426 0.965698 -0.063333 0.209969 0.138872

seq-02/frame-000303.color.png -0.906735 0.012165 0.859906 0.967864 -0.063842 0.201900 0.135491

seq-02/frame-000304.color.png -0.905669 0.013435 0.854927 0.969877 -0.063319 0.194191 0.132574

seq-02/frame-000305.color.png -0.903085 0.013826 0.850266 0.971380 -0.063046 0.187612 0.131170

seq-02/frame-000306.color.png -0.900458 0.013456 0.845347 0.972615 -0.063030 0.181124 0.131145

seq-02/frame-000307.color.png -0.897210 0.013654 0.839999 0.973767 -0.063509 0.175029 0.130635

seq-02/frame-000308.color.png -0.895024 0.013860 0.834121 0.974841 -0.064230 0.169331 0.129784

seq-02/frame-000309.color.png -0.892353 0.013445 0.827410 0.975966 -0.064023 0.163209 0.129275

seq-02/frame-000310.color.png -0.889226 0.014380 0.819883 0.977171 -0.062804 0.156023 0.129639

seq-02/frame-000311.color.png -0.885612 0.014663 0.812641 0.978404 -0.062588 0.147803 0.130078

seq-02/frame-000312.color.png -0.882318 0.016348 0.804769 0.979881 -0.062726 0.139360 0.128199

seq-02/frame-000313.color.png -0.878401 0.017781 0.796427 0.981242 -0.063501 0.131496 0.125692

seq-02/frame-000314.color.png -0.874239 0.019350 0.787739 0.982527 -0.063786 0.123593 0.123503

seq-02/frame-000315.color.png -0.869713 0.021036 0.779073 0.983680 -0.064269 0.115731 0.121681

seq-02/frame-000316.color.png -0.865501 0.022451 0.770131 0.984562 -0.065326 0.108307 0.120813

seq-02/frame-000317.color.png -0.860636 0.023719 0.760346 0.985205 -0.066681 0.101253 0.120951

seq-02/frame-000318.color.png -0.856580 0.026147 0.750260 0.985953 -0.066419 0.093500 0.121238

seq-02/frame-000319.color.png -0.852454 0.027637 0.740461 0.986896 -0.066824 0.084791 0.119741

seq-02/frame-000320.color.png -0.848363 0.030137 0.730377 0.987764 -0.066044 0.077117 0.118192

seq-02/frame-000321.color.png -0.843672 0.032767 0.720581 0.988444 -0.064825 0.070187 0.117502

seq-02/frame-000322.color.png -0.839298 0.034676 0.710625 0.989106 -0.064336 0.063685 0.115890

seq-02/frame-000323.color.png -0.834723 0.036700 0.700253 0.989735 -0.064044 0.056752 0.114278

seq-02/frame-000324.color.png -0.829851 0.039884 0.689766 0.990369 -0.062927 0.048496 0.113203

seq-02/frame-000325.color.png -0.825503 0.043093 0.679962 0.991035 -0.063020 0.040346 0.110487

seq-02/frame-000326.color.png -0.821368 0.046110 0.670359 0.991714 -0.064454 0.033210 0.105844

seq-02/frame-000327.color.png -0.817538 0.048469 0.660770 0.992146 -0.065615 0.027508 0.102670

seq-02/frame-000328.color.png -0.813993 0.051299 0.651346 0.992317 -0.065485 0.022698 0.102273

seq-02/frame-000329.color.png -0.810399 0.053191 0.642073 0.992407 -0.066423 0.017847 0.101753

seq-02/frame-000330.color.png -0.808482 0.054898 0.633598 0.992546 -0.068108 0.014198 0.099844

seq-02/frame-000331.color.png -0.806243 0.056323 0.625201 0.992646 -0.068908 0.010201 0.098779

seq-02/frame-000332.color.png -0.803666 0.057668 0.617393 0.992737 -0.069454 0.005726 0.097840

seq-02/frame-000333.color.png -0.803112 0.058759 0.610000 0.992911 -0.069424 0.002504 0.096220

seq-02/frame-000334.color.png -0.800947 0.059051 0.602984 0.992983 -0.068895 -0.000130 0.095883

seq-02/frame-000335.color.png -0.801129 0.059657 0.602792 0.993001 -0.068603 -0.000141 0.095909

seq-02/frame-000336.color.png -0.800423 0.059127 0.596552 0.993002 -0.067894 -0.003006 0.096357

seq-02/frame-000337.color.png -0.799472 0.058550 0.590209 0.993110 -0.066270 -0.005215 0.096282

seq-02/frame-000338.color.png -0.798823 0.059084 0.584103 0.993474 -0.063160 -0.006974 0.094487

seq-02/frame-000339.color.png -0.798827 0.058437 0.578497 0.993871 -0.060606 -0.009535 0.091717

seq-02/frame-000340.color.png -0.797813 0.058557 0.573161 0.994231 -0.058313 -0.012890 0.088849

seq-02/frame-000341.color.png -0.798216 0.058983 0.567399 0.994491 -0.055657 -0.016098 0.087104

seq-02/frame-000342.color.png -0.797379 0.058820 0.561967 0.994743 -0.053000 -0.018801 0.085322

seq-02/frame-000343.color.png -0.797648 0.058858 0.556317 0.994992 -0.050275 -0.021939 0.083297

seq-02/frame-000344.color.png -0.797533 0.059400 0.550455 0.995211 -0.046877 -0.025718 0.081563

seq-02/frame-000345.color.png -0.797091 0.059172 0.550600 0.995208 -0.046965 -0.025730 0.081537

seq-02/frame-000346.color.png -0.798118 0.059497 0.544480 0.995428 -0.043849 -0.027609 0.079967

seq-02/frame-000347.color.png -0.797469 0.060988 0.538543 0.995675 -0.040480 -0.029272 0.078043

seq-02/frame-000348.color.png -0.798170 0.063309 0.532419 0.995827 -0.037582 -0.033284 0.075920

seq-02/frame-000349.color.png -0.799042 0.065355 0.525767 0.995994 -0.036077 -0.036935 0.072699

seq-02/frame-000350.color.png -0.799420 0.067128 0.518766 0.996154 -0.034427 -0.039787 0.069743

seq-02/frame-000351.color.png -0.799486 0.070271 0.511802 0.996163 -0.032824 -0.043762 0.067981

seq-02/frame-000352.color.png -0.799949 0.073760 0.504697 0.996145 -0.031489 -0.047679 0.066222

seq-02/frame-000353.color.png -0.799528 0.073952 0.504987 0.996155 -0.031372 -0.047580 0.066196

seq-02/frame-000354.color.png -0.799748 0.077626 0.497351 0.996088 -0.030931 -0.050723 0.065075

seq-02/frame-000355.color.png -0.799734 0.079969 0.489415 0.995883 -0.030671 -0.054936 0.064911

seq-02/frame-000356.color.png -0.799512 0.083761 0.481513 0.995723 -0.030433 -0.059083 0.063823

seq-02/frame-000357.color.png -0.799270 0.085870 0.473381 0.995725 -0.031499 -0.062045 0.060380

seq-02/frame-000358.color.png -0.798861 0.087067 0.465454 0.995722 -0.032088 -0.065374 0.056473

seq-02/frame-000359.color.png -0.798655 0.090109 0.457304 0.995560 -0.031158 -0.069883 0.054408

seq-02/frame-000360.color.png -0.797685 0.092301 0.450039 0.995416 -0.030486 -0.073649 0.052418

seq-02/frame-000361.color.png -0.797595 0.092367 0.450083 0.995422 -0.030434 -0.073613 0.052394

seq-02/frame-000362.color.png -0.796007 0.095197 0.442689 0.995254 -0.030011 -0.078384 0.048784

seq-02/frame-000363.color.png -0.794412 0.097928 0.435423 0.995146 -0.030398 -0.082386 0.043901

seq-02/frame-000364.color.png -0.791627 0.099954 0.428173 0.995090 -0.030891 -0.085174 0.039275

seq-02/frame-000365.color.png -0.788702 0.101219 0.420973 0.994922 -0.031932 -0.087696 0.037077

seq-02/frame-000366.color.png -0.785477 0.102111 0.413651 0.994600 -0.033214 -0.091258 0.035985

seq-02/frame-000367.color.png -0.780868 0.103877 0.407143 0.994197 -0.034501 -0.095703 0.034325

seq-02/frame-000368.color.png -0.776572 0.104988 0.400653 0.994008 -0.036305 -0.097599 0.032558

seq-02/frame-000369.color.png -0.776703 0.104844 0.400532 0.993999 -0.036368 -0.097610 0.032719

seq-02/frame-000370.color.png -0.773056 0.104286 0.394426 0.993892 -0.038389 -0.098135 0.032082

seq-02/frame-000371.color.png -0.768282 0.104221 0.388854 0.993663 -0.039791 -0.099945 0.031887

seq-02/frame-000372.color.png -0.762761 0.103928 0.383774 0.993387 -0.041252 -0.102269 0.031233

seq-02/frame-000373.color.png -0.756863 0.101438 0.378904 0.992840 -0.043340 -0.106396 0.032002

seq-02/frame-000374.color.png -0.750767 0.099573 0.374320 0.992124 -0.045048 -0.111381 0.034776

seq-02/frame-000375.color.png -0.744144 0.097158 0.369808 0.991453 -0.047205 -0.115446 0.037680

seq-02/frame-000376.color.png -0.737151 0.093931 0.365748 0.990768 -0.049327 -0.120007 0.038705

seq-02/frame-000377.color.png -0.726918 0.088481 0.361672 0.989909 -0.052757 -0.125479 0.038806

seq-02/frame-000378.color.png -0.716998 0.080887 0.357852 0.988983 -0.055592 -0.130455 0.041932

seq-02/frame-000379.color.png -0.706290 0.074890 0.354780 0.988275 -0.057740 -0.133227 0.046721

seq-02/frame-000380.color.png -0.693756 0.067943 0.352067 0.987600 -0.060750 -0.136026 0.049065

seq-02/frame-000381.color.png -0.681988 0.057595 0.349363 0.986947 -0.064361 -0.139077 0.049042

seq-02/frame-000382.color.png -0.669453 0.049922 0.347020 0.986514 -0.065577 -0.141796 0.048344

seq-02/frame-000383.color.png -0.652719 0.044275 0.345776 0.985930 -0.068889 -0.144394 0.047955

seq-02/frame-000384.color.png -0.638377 0.031950 0.344416 0.985180 -0.076283 -0.145571 0.048610

seq-02/frame-000385.color.png -0.624761 0.017993 0.342938 0.984586 -0.080928 -0.147008 0.048823

seq-02/frame-000386.color.png -0.609295 0.011767 0.342099 0.984147 -0.082516 -0.149437 0.047617

seq-02/frame-000387.color.png -0.595218 0.002193 0.341435 0.983678 -0.087770 -0.150099 0.045810

seq-02/frame-000388.color.png -0.581785 -0.011820 0.340407 0.982999 -0.093833 -0.150968 0.045503

seq-02/frame-000389.color.png -0.567370 -0.022680 0.339485 0.982049 -0.097733 -0.154192 0.046960

seq-02/frame-000390.color.png -0.552342 -0.032566 0.339544 0.980672 -0.102704 -0.159270 0.048164

seq-02/frame-000391.color.png -0.538927 -0.042565 0.339117 0.979354 -0.107900 -0.163926 0.048002

seq-02/frame-000392.color.png -0.528240 -0.053233 0.338230 0.978190 -0.113448 -0.167479 0.046660

seq-02/frame-000393.color.png -0.514395 -0.064514 0.338125 0.976695 -0.119504 -0.172323 0.045201

seq-02/frame-000394.color.png -0.501326 -0.075927 0.337615 0.975383 -0.124615 -0.176210 0.044742

seq-02/frame-000395.color.png -0.488594 -0.084543 0.337519 0.974183 -0.128973 -0.179810 0.044199

seq-02/frame-000396.color.png -0.476689 -0.093889 0.337329 0.972644 -0.134416 -0.184627 0.041957

seq-02/frame-000397.color.png -0.476963 -0.093105 0.336857 0.972677 -0.134152 -0.184617 0.042088

seq-02/frame-000398.color.png -0.464347 -0.102189 0.337322 0.971259 -0.140439 -0.188110 0.038722

seq-02/frame-000399.color.png -0.452952 -0.117979 0.337628 0.969507 -0.148739 -0.191207 0.036405

seq-02/frame-000400.color.png -0.441541 -0.129000 0.337314 0.968252 -0.153387 -0.193940 0.036049

seq-02/frame-000401.color.png -0.429919 -0.139394 0.338032 0.966823 -0.158887 -0.196466 0.036903

seq-02/frame-000402.color.png -0.419225 -0.154488 0.338175 0.964630 -0.165824 -0.201700 0.035490

seq-02/frame-000403.color.png -0.406349 -0.166700 0.338631 0.963245 -0.170127 -0.205100 0.033200

seq-02/frame-000404.color.png -0.395339 -0.180394 0.339006 0.962321 -0.174879 -0.205674 0.031720

seq-02/frame-000405.color.png -0.385467 -0.194089 0.338859 0.961184 -0.179264 -0.207424 0.030278

seq-02/frame-000406.color.png -0.375943 -0.207289 0.337682 0.960065 -0.182606 -0.210172 0.026621

seq-02/frame-000407.color.png -0.364294 -0.218056 0.337040 0.959660 -0.184106 -0.211324 0.021225

seq-02/frame-000408.color.png -0.353968 -0.230812 0.336993 0.959620 -0.187459 -0.208934 0.016911

seq-02/frame-000409.color.png -0.345159 -0.242598 0.336027 0.959636 -0.190062 -0.206664 0.014734

seq-02/frame-000410.color.png -0.336820 -0.250898 0.335787 0.959479 -0.192588 -0.205193 0.012552

seq-02/frame-000411.color.png -0.329119 -0.264266 0.336075 0.958839 -0.196583 -0.204599 0.008590

seq-02/frame-000412.color.png -0.320733 -0.274651 0.335810 0.958971 -0.197726 -0.202956 0.006199

seq-02/frame-000413.color.png -0.312192 -0.283057 0.337049 0.959205 -0.199276 -0.200278 0.007323

seq-02/frame-000414.color.png -0.306425 -0.291522 0.336700 0.958905 -0.201691 -0.199259 0.008266

seq-02/frame-000415.color.png -0.300559 -0.295783 0.335841 0.958947 -0.202848 -0.197954 0.006157

seq-02/frame-000416.color.png -0.294319 -0.304248 0.336927 0.958387 -0.207314 -0.196098 0.003260

seq-02/frame-000417.color.png -0.288101 -0.319249 0.338890 0.957083 -0.213267 -0.196086 0.003052

seq-02/frame-000418.color.png -0.281156 -0.328007 0.338566 0.956802 -0.214268 -0.196303 0.005878

seq-02/frame-000419.color.png -0.275292 -0.330529 0.336783 0.957209 -0.214845 -0.193674 0.005796

seq-02/frame-000420.color.png -0.268604 -0.342643 0.336715 0.956795 -0.219717 -0.190308 0.000248

seq-02/frame-000421.color.png -0.260138 -0.357117 0.337742 0.956899 -0.223818 -0.184916 -0.002226

seq-02/frame-000422.color.png -0.252366 -0.371421 0.338494 0.956879 -0.226899 -0.181241 -0.001155

seq-02/frame-000423.color.png -0.245295 -0.380725 0.336919 0.957409 -0.227049 -0.178219 -0.002125

seq-02/frame-000424.color.png -0.237801 -0.389018 0.336174 0.958155 -0.227640 -0.173316 -0.005566

seq-02/frame-000425.color.png -0.230002 -0.397660 0.336727 0.958253 -0.231089 -0.167949 -0.009633

seq-02/frame-000426.color.png -0.223931 -0.411356 0.337693 0.957459 -0.237114 -0.163762 -0.013481

seq-02/frame-000427.color.png -0.217848 -0.424996 0.337591 0.957359 -0.240380 -0.159117 -0.017676

seq-02/frame-000428.color.png -0.210628 -0.435423 0.337533 0.958081 -0.241421 -0.152625 -0.021246

seq-02/frame-000429.color.png -0.202610 -0.445040 0.338907 0.958216 -0.244173 -0.146809 -0.024450

seq-02/frame-000430.color.png -0.202415 -0.444879 0.338841 0.958220 -0.244179 -0.146800 -0.024300

seq-02/frame-000431.color.png -0.196944 -0.459250 0.340889 0.957493 -0.248995 -0.142732 -0.028012

seq-02/frame-000432.color.png -0.190641 -0.472546 0.340807 0.957430 -0.251172 -0.138810 -0.030363

seq-02/frame-000433.color.png -0.184100 -0.480462 0.340137 0.958049 -0.251781 -0.132659 -0.033148

seq-02/frame-000434.color.png -0.177485 -0.490931 0.340246 0.957796 -0.255311 -0.126057 -0.038756

seq-02/frame-000435.color.png -0.172751 -0.503757 0.340847 0.957460 -0.258737 -0.120168 -0.042821

seq-02/frame-000436.color.png -0.168412 -0.513258 0.340691 0.957693 -0.260113 -0.115121 -0.043148

seq-02/frame-000437.color.png -0.164285 -0.520499 0.339782 0.957884 -0.261232 -0.110756 -0.043553

seq-02/frame-000438.color.png -0.159483 -0.526885 0.339675 0.957412 -0.264362 -0.106394 -0.045867

seq-02/frame-000439.color.png -0.156330 -0.537758 0.340437 0.956164 -0.270364 -0.101097 -0.048804

seq-02/frame-000440.color.png -0.153723 -0.548125 0.340030 0.955729 -0.273926 -0.094828 -0.050028

seq-02/frame-000441.color.png -0.153810 -0.548097 0.339983 0.955732 -0.273911 -0.094841 -0.050032

seq-02/frame-000442.color.png -0.152266 -0.555924 0.339567 0.955923 -0.275273 -0.089069 -0.049498

seq-02/frame-000443.color.png -0.150047 -0.562184 0.338929 0.955914 -0.276688 -0.085196 -0.048603

seq-02/frame-000444.color.png -0.146157 -0.569546 0.338658 0.955523 -0.279039 -0.081762 -0.048758

seq-02/frame-000445.color.png -0.143029 -0.576527 0.338498 0.955173 -0.281486 -0.076580 -0.049934

seq-02/frame-000446.color.png -0.140858 -0.583822 0.338557 0.954776 -0.284226 -0.071134 -0.050065

seq-02/frame-000447.color.png -0.138165 -0.590561 0.338011 0.954374 -0.286541 -0.067163 -0.050023

seq-02/frame-000448.color.png -0.134448 -0.596453 0.337406 0.953940 -0.288781 -0.063134 -0.050647

seq-02/frame-000449.color.png -0.132061 -0.603153 0.336870 0.953171 -0.292115 -0.058363 -0.051729

seq-02/frame-000450.color.png -0.128175 -0.609629 0.336682 0.952309 -0.295507 -0.054230 -0.052815

seq-02/frame-000451.color.png -0.124721 -0.616795 0.336877 0.951243 -0.299481 -0.049531 -0.054248

seq-02/frame-000452.color.png -0.121755 -0.625488 0.337625 0.950208 -0.303121 -0.045122 -0.055986

seq-02/frame-000453.color.png -0.116899 -0.632235 0.337655 0.949712 -0.305146 -0.040421 -0.056975

seq-02/frame-000454.color.png -0.113711 -0.638196 0.337889 0.949030 -0.307541 -0.035285 -0.058850

seq-02/frame-000455.color.png -0.109875 -0.646624 0.339518 0.947794 -0.311219 -0.031705 -0.061405

seq-02/frame-000456.color.png -0.105398 -0.654981 0.340567 0.947260 -0.312960 -0.027586 -0.062775

seq-02/frame-000457.color.png -0.100291 -0.660907 0.341628 0.947281 -0.313052 -0.022856 -0.063892

seq-02/frame-000458.color.png -0.094839 -0.665162 0.342846 0.946976 -0.313924 -0.017805 -0.065715

seq-02/frame-000459.color.png -0.089584 -0.671303 0.345258 0.946167 -0.316230 -0.013021 -0.067409

seq-02/frame-000460.color.png -0.083776 -0.677426 0.347700 0.945734 -0.317502 -0.008460 -0.068233

seq-02/frame-000461.color.png -0.077470 -0.682348 0.349868 0.945834 -0.317148 -0.004806 -0.068843

seq-02/frame-000462.color.png -0.071722 -0.686882 0.352612 0.945993 -0.316424 -0.000936 -0.070141

seq-02/frame-000463.color.png -0.065288 -0.693214 0.355821 0.946248 -0.315216 0.003104 -0.072050

seq-02/frame-000464.color.png -0.057431 -0.694365 0.357459 0.947737 -0.310451 0.007615 -0.072821

seq-02/frame-000465.color.png -0.049969 -0.694645 0.361320 0.948752 -0.307122 0.011248 -0.073250

seq-02/frame-000466.color.png -0.042200 -0.695440 0.366599 0.948996 -0.305982 0.013412 -0.074488

seq-02/frame-000467.color.png -0.036105 -0.699052 0.372686 0.949020 -0.305676 0.016541 -0.074805

seq-02/frame-000468.color.png -0.029004 -0.699454 0.377500 0.950525 -0.301083 0.018861 -0.073779

seq-02/frame-000469.color.png -0.021575 -0.698000 0.384145 0.952452 -0.295453 0.020158 -0.071301

seq-02/frame-000470.color.png -0.018306 -0.695584 0.391700 0.953719 -0.291633 0.020761 -0.069904

seq-02/frame-000471.color.png -0.010293 -0.693876 0.399605 0.954574 -0.289200 0.018985 -0.068842

seq-02/frame-000472.color.png -0.002520 -0.691163 0.408021 0.955104 -0.287711 0.017718 -0.068064

seq-02/frame-000473.color.png 0.004766 -0.691278 0.417448 0.955057 -0.288310 0.015515 -0.066713

seq-02/frame-000474.color.png 0.012694 -0.690515 0.425472 0.955341 -0.287912 0.012060 -0.065061

seq-02/frame-000475.color.png 0.020848 -0.690896 0.434083 0.955697 -0.286891 0.008650 -0.064869

seq-02/frame-000476.color.png 0.028333 -0.690439 0.442552 0.956028 -0.285574 0.006637 -0.066045

seq-02/frame-000477.color.png 0.035872 -0.690468 0.449986 0.956438 -0.284030 0.004333 -0.066942

seq-02/frame-000478.color.png 0.044148 -0.689365 0.458160 0.957312 -0.281348 0.000843 -0.065899

seq-02/frame-000479.color.png 0.052090 -0.689874 0.467627 0.957760 -0.279631 -0.003539 -0.066603

seq-02/frame-000480.color.png 0.060261 -0.690318 0.475243 0.958440 -0.276746 -0.006437 -0.068626

seq-02/frame-000481.color.png 0.068122 -0.689035 0.483756 0.959380 -0.273207 -0.007690 -0.069534

seq-02/frame-000482.color.png 0.074998 -0.689082 0.491834 0.959895 -0.270970 -0.010520 -0.070811

seq-02/frame-000483.color.png 0.082093 -0.688639 0.498783 0.960916 -0.266637 -0.014259 -0.072722

seq-02/frame-000484.color.png 0.088471 -0.688554 0.508003 0.961654 -0.263339 -0.016860 -0.074410

seq-02/frame-000485.color.png 0.095794 -0.688900 0.515866 0.962302 -0.260250 -0.019287 -0.076290

seq-02/frame-000486.color.png 0.101105 -0.689003 0.523710 0.963324 -0.255784 -0.021040 -0.078008

seq-02/frame-000487.color.png 0.106755 -0.688567 0.531812 0.964355 -0.251298 -0.022611 -0.079406

seq-02/frame-000488.color.png 0.111373 -0.688498 0.539975 0.965520 -0.246462 -0.024257 -0.079910

seq-02/frame-000489.color.png 0.116855 -0.686805 0.548245 0.966929 -0.240874 -0.026636 -0.079159

seq-02/frame-000490.color.png 0.120715 -0.686366 0.558069 0.967710 -0.237678 -0.029062 -0.078412

seq-02/frame-000491.color.png 0.123983 -0.685619 0.566721 0.968082 -0.235416 -0.030592 -0.080045

seq-02/frame-000492.color.png 0.127590 -0.684770 0.574722 0.968644 -0.232455 -0.031402 -0.081576

seq-02/frame-000493.color.png 0.131033 -0.682996 0.582706 0.969764 -0.227952 -0.032163 -0.080673

seq-02/frame-000494.color.png 0.133810 -0.680760 0.591507 0.970878 -0.223394 -0.033292 -0.079566

seq-02/frame-000495.color.png 0.135205 -0.679694 0.601157 0.971595 -0.220758 -0.033689 -0.077977

seq-02/frame-000496.color.png 0.136953 -0.677621 0.610708 0.972094 -0.218811 -0.035321 -0.076514

seq-02/frame-000497.color.png 0.137467 -0.675621 0.619304 0.972540 -0.216681 -0.038458 -0.075389

seq-02/frame-000498.color.png 0.138294 -0.672302 0.627892 0.973089 -0.213381 -0.041952 -0.075846

seq-02/frame-000499.color.png 0.138581 -0.669706 0.637692 0.973355 -0.211553 -0.045173 -0.075717

seq-02/frame-000500.color.png 0.137730 -0.667111 0.646843 0.973534 -0.210241 -0.048389 -0.075069

seq-02/frame-000501.color.png 0.138029 -0.662567 0.655443 0.974083 -0.207408 -0.051048 -0.074070

seq-02/frame-000502.color.png 0.136648 -0.659330 0.665467 0.974644 -0.205023 -0.053842 -0.071287

seq-02/frame-000503.color.png 0.133715 -0.655873 0.675761 0.974874 -0.203769 -0.056265 -0.069860

seq-02/frame-000504.color.png 0.130730 -0.652348 0.686305 0.974980 -0.203519 -0.057912 -0.067728

seq-02/frame-000505.color.png 0.127530 -0.649326 0.696159 0.974937 -0.203346 -0.061521 -0.065651

seq-02/frame-000506.color.png 0.126520 -0.643246 0.704613 0.975580 -0.200066 -0.063970 -0.063808

seq-02/frame-000507.color.png 0.123920 -0.639115 0.715112 0.976244 -0.197876 -0.064315 -0.060029

seq-02/frame-000508.color.png 0.120283 -0.636020 0.724925 0.976692 -0.196204 -0.065112 -0.057311

seq-02/frame-000509.color.png 0.118595 -0.631993 0.734320 0.977409 -0.193268 -0.065301 -0.054788

seq-02/frame-000510.color.png 0.114467 -0.629487 0.744136 0.978065 -0.190926 -0.064321 -0.052407

seq-02/frame-000511.color.png 0.111107 -0.627375 0.754247 0.978585 -0.189751 -0.062820 -0.048639

seq-02/frame-000512.color.png 0.106875 -0.625639 0.764116 0.978880 -0.189586 -0.062155 -0.043981

seq-02/frame-000513.color.png 0.101953 -0.621929 0.772300 0.979360 -0.187499 -0.062266 -0.042042

seq-02/frame-000514.color.png 0.099222 -0.619650 0.781976 0.979798 -0.186127 -0.061277 -0.039285

seq-02/frame-000515.color.png 0.095233 -0.617427 0.790662 0.980169 -0.185061 -0.060753 -0.035726

seq-02/frame-000516.color.png 0.095469 -0.617502 0.790795 0.980157 -0.185134 -0.060688 -0.035798

seq-02/frame-000517.color.png 0.091761 -0.615076 0.799364 0.980556 -0.184045 -0.059117 -0.033010

seq-02/frame-000518.color.png 0.087446 -0.613780 0.808267 0.980613 -0.184885 -0.056576 -0.031016

seq-02/frame-000519.color.png 0.085046 -0.610409 0.816083 0.980836 -0.184620 -0.055180 -0.027900

seq-02/frame-000520.color.png 0.081191 -0.608281 0.823649 0.981203 -0.183539 -0.054490 -0.023054

seq-02/frame-000521.color.png 0.081259 -0.608153 0.823549 0.981218 -0.183453 -0.054557 -0.022941

seq-02/frame-000522.color.png 0.076113 -0.605953 0.831507 0.981552 -0.182271 -0.053903 -0.019347

seq-02/frame-000523.color.png 0.072790 -0.604508 0.840374 0.981497 -0.183183 -0.052852 -0.016121

seq-02/frame-000524.color.png 0.069225 -0.601194 0.847132 0.981624 -0.182932 -0.052028 -0.013791

seq-02/frame-000525.color.png 0.069284 -0.601284 0.847072 0.981625 -0.182912 -0.052082 -0.013752

seq-02/frame-000526.color.png 0.066583 -0.596920 0.853496 0.982389 -0.179618 -0.049776 -0.010830

seq-02/frame-000527.color.png 0.061378 -0.595553 0.862143 0.982696 -0.178843 -0.047074 -0.007389

seq-02/frame-000528.color.png 0.056717 -0.594094 0.870162 0.982622 -0.179669 -0.045750 -0.005062

seq-02/frame-000529.color.png 0.053873 -0.590790 0.877110 0.982815 -0.178759 -0.045379 -0.002576

seq-02/frame-000530.color.png 0.054963 -0.590410 0.877120 0.982829 -0.178665 -0.045470 -0.002373

seq-02/frame-000531.color.png 0.050039 -0.587219 0.883842 0.983368 -0.176155 -0.043620 0.000008

seq-02/frame-000532.color.png 0.046172 -0.584752 0.891995 0.983749 -0.174563 -0.041252 0.002970

seq-02/frame-000533.color.png 0.041998 -0.583732 0.900347 0.983701 -0.174950 -0.040492 0.005654

seq-02/frame-000534.color.png 0.042814 -0.583658 0.900397 0.983692 -0.174945 -0.040653 0.006144

seq-02/frame-000535.color.png 0.039288 -0.582443 0.907822 0.983510 -0.175924 -0.040486 0.008112

seq-02/frame-000536.color.png 0.035572 -0.579231 0.914244 0.983486 -0.176206 -0.039655 0.008973

seq-02/frame-000537.color.png 0.031659 -0.576870 0.920974 0.983493 -0.176436 -0.038039 0.010513

seq-02/frame-000538.color.png 0.032839 -0.576756 0.921111 0.983478 -0.176483 -0.038123 0.010809

seq-02/frame-000539.color.png 0.029851 -0.574567 0.927738 0.983378 -0.176957 -0.037545 0.013813

seq-02/frame-000540.color.png 0.026609 -0.571419 0.933918 0.983413 -0.176827 -0.036517 0.015613

seq-02/frame-000541.color.png 0.022258 -0.568974 0.940131 0.983488 -0.176805 -0.034070 0.016615

seq-02/frame-000542.color.png 0.023620 -0.568554 0.940252 0.983478 -0.176790 -0.034237 0.017036

seq-02/frame-000543.color.png 0.020383 -0.565854 0.946373 0.983369 -0.177348 -0.032874 0.019929

seq-02/frame-000544.color.png 0.016701 -0.562437 0.951931 0.983361 -0.176838 -0.033036 0.024147

seq-02/frame-000545.color.png 0.013583 -0.558466 0.958147 0.983438 -0.176156 -0.032875 0.026168

seq-02/frame-000546.color.png 0.013256 -0.558563 0.958059 0.983440 -0.176130 -0.032872 0.026251

seq-02/frame-000547.color.png 0.010660 -0.554807 0.964590 0.983314 -0.177061 -0.030841 0.027148

seq-02/frame-000548.color.png 0.007786 -0.550869 0.970113 0.983253 -0.177066 -0.030318 0.029776

seq-02/frame-000549.color.png 0.004274 -0.546916 0.975931 0.983116 -0.177183 -0.030111 0.033574

seq-02/frame-000550.color.png 0.003620 -0.547178 0.975891 0.983111 -0.177205 -0.030105 0.033628

seq-02/frame-000551.color.png 0.001087 -0.543407 0.982545 0.982641 -0.178822 -0.031501 0.037320

seq-02/frame-000552.color.png -0.002427 -0.538389 0.987292 0.982544 -0.179059 -0.031408 0.038785

seq-02/frame-000553.color.png -0.007213 -0.535149 0.993220 0.982209 -0.180870 -0.029425 0.040389

seq-02/frame-000554.color.png -0.008043 -0.535343 0.993151 0.982213 -0.180885 -0.029342 0.040273

seq-02/frame-000555.color.png -0.013010 -0.532695 0.997906 0.981730 -0.183141 -0.029232 0.041922

seq-02/frame-000556.color.png -0.015393 -0.527489 1.001832 0.981582 -0.183473 -0.029863 0.043446

seq-02/frame-000557.color.png -0.014997 -0.527679 1.001748 0.981583 -0.183470 -0.029814 0.043481

seq-02/frame-000558.color.png -0.018314 -0.523906 1.006245 0.981460 -0.183624 -0.029134 0.045985

seq-02/frame-000559.color.png -0.022627 -0.520451 1.010202 0.981412 -0.183489 -0.028830 0.047714

seq-02/frame-000560.color.png -0.024809 -0.517004 1.014291 0.981327 -0.183687 -0.027910 0.049228

seq-02/frame-000561.color.png -0.024727 -0.516975 1.014334 0.981310 -0.183726 -0.027954 0.049384

seq-02/frame-000562.color.png -0.027652 -0.512730 1.017132 0.981584 -0.181914 -0.027186 0.051045

seq-02/frame-000563.color.png -0.030854 -0.508715 1.020686 0.982092 -0.178847 -0.025635 0.052884

seq-02/frame-000564.color.png -0.034523 -0.507315 1.025909 0.981825 -0.180117 -0.023333 0.054580

seq-02/frame-000565.color.png -0.037056 -0.504526 1.029527 0.981420 -0.181819 -0.023462 0.056134

seq-02/frame-000566.color.png -0.036684 -0.504775 1.029478 0.981426 -0.181823 -0.023371 0.056053

seq-02/frame-000567.color.png -0.039008 -0.499312 1.031949 0.981570 -0.180791 -0.022941 0.057033

seq-02/frame-000568.color.png -0.042322 -0.496752 1.035875 0.981351 -0.181861 -0.020901 0.058178

seq-02/frame-000569.color.png -0.044838 -0.493965 1.039025 0.980971 -0.183870 -0.019770 0.058667

seq-02/frame-000570.color.png -0.044817 -0.493968 1.038938 0.980988 -0.183805 -0.019717 0.058598

seq-02/frame-000571.color.png -0.046321 -0.489415 1.041663 0.980779 -0.184865 -0.018776 0.059082

seq-02/frame-000572.color.png -0.049840 -0.486378 1.044922 0.980442 -0.186747 -0.017684 0.059079

seq-02/frame-000573.color.png -0.052462 -0.482594 1.047530 0.980085 -0.188875 -0.017339 0.058341

seq-02/frame-000574.color.png -0.053910 -0.477671 1.049515 0.980057 -0.188888 -0.016333 0.059047

seq-02/frame-000575.color.png -0.056558 -0.475191 1.052693 0.979747 -0.190129 -0.015806 0.060347

seq-02/frame-000576.color.png -0.057489 -0.475169 1.052655 0.979758 -0.190132 -0.015683 0.060191

seq-02/frame-000577.color.png -0.060277 -0.472357 1.055008 0.979422 -0.191548 -0.015787 0.061132

seq-02/frame-000578.color.png -0.062651 -0.469003 1.056828 0.979245 -0.192016 -0.015157 0.062633

seq-02/frame-000579.color.png -0.061974 -0.468854 1.056844 0.979239 -0.192004 -0.015205 0.062762

seq-02/frame-000580.color.png -0.065033 -0.466792 1.058973 0.978922 -0.193035 -0.014625 0.064647

seq-02/frame-000581.color.png -0.066418 -0.463770 1.060369 0.978835 -0.193383 -0.013714 0.065125

seq-02/frame-000582.color.png -0.068698 -0.461420 1.061788 0.978747 -0.193935 -0.011560 0.065231

seq-02/frame-000583.color.png -0.070661 -0.459172 1.063132 0.978589 -0.194667 -0.009814 0.065705

seq-02/frame-000584.color.png -0.070503 -0.459273 1.063112 0.978589 -0.194670 -0.009765 0.065693

seq-02/frame-000585.color.png -0.072260 -0.456382 1.063420 0.978675 -0.194015 -0.008557 0.066510

seq-02/frame-000586.color.png -0.074327 -0.454176 1.064416 0.978615 -0.194075 -0.006177 0.067479

seq-02/frame-000587.color.png -0.076450 -0.452865 1.064911 0.978313 -0.195065 -0.004094 0.069149

seq-02/frame-000588.color.png -0.076784 -0.452972 1.064959 0.978313 -0.195117 -0.003933 0.069010

seq-02/frame-000589.color.png -0.078558 -0.450298 1.064705 0.978168 -0.195312 -0.002499 0.070564

seq-02/frame-000590.color.png -0.080329 -0.448375 1.064659 0.977895 -0.196142 -0.000428 0.072061

seq-02/frame-000591.color.png -0.080250 -0.448364 1.064604 0.977905 -0.196108 -0.000331 0.072023

seq-02/frame-000592.color.png -0.082044 -0.446026 1.064022 0.977731 -0.196810 0.001893 0.072443

seq-02/frame-000593.color.png -0.084541 -0.443240 1.063011 0.977717 -0.196766 0.005123 0.072599

seq-02/frame-000594.color.png -0.086676 -0.442293 1.062641 0.977249 -0.198393 0.007479 0.074242

seq-02/frame-000595.color.png -0.086409 -0.442215 1.062753 0.977236 -0.198424 0.007498 0.074332

seq-02/frame-000596.color.png -0.088528 -0.439902 1.061276 0.976712 -0.200078 0.008427 0.076653

seq-02/frame-000597.color.png -0.091345 -0.437066 1.059061 0.976471 -0.200577 0.010196 0.078191

seq-02/frame-000598.color.png -0.094129 -0.434976 1.057153 0.976302 -0.200927 0.011663 0.079185

seq-02/frame-000599.color.png -0.097019 -0.433173 1.054959 0.975977 -0.202131 0.013450 0.079848

seq-02/frame-000600.color.png -0.096444 -0.433213 1.054969 0.975973 -0.202146 0.013457 0.079852

seq-02/frame-000601.color.png -0.100121 -0.430770 1.052467 0.975686 -0.203004 0.014813 0.080931

seq-02/frame-000602.color.png -0.103177 -0.428101 1.049512 0.975560 -0.203029 0.015660 0.082227

seq-02/frame-000603.color.png -0.107550 -0.426176 1.047627 0.975210 -0.204547 0.017458 0.082252

seq-02/frame-000604.color.png -0.108259 -0.426129 1.047480 0.975240 -0.204459 0.017525 0.082098

seq-02/frame-000605.color.png -0.111873 -0.424230 1.044696 0.974919 -0.205772 0.018350 0.082446

seq-02/frame-000606.color.png -0.115329 -0.420664 1.040886 0.975103 -0.204780 0.018835 0.082628

seq-02/frame-000607.color.png -0.118788 -0.417616 1.037317 0.975370 -0.202427 0.021684 0.084556

seq-02/frame-000608.color.png -0.118190 -0.417473 1.037230 0.975385 -0.202319 0.021611 0.084658

seq-02/frame-000609.color.png -0.125499 -0.415831 1.034944 0.975271 -0.201862 0.023413 0.086569

seq-02/frame-000610.color.png -0.130825 -0.413777 1.032419 0.974990 -0.202796 0.023494 0.087516

seq-02/frame-000611.color.png -0.135273 -0.410912 1.029276 0.974986 -0.202490 0.024629 0.087958

seq-02/frame-000612.color.png -0.141177 -0.408477 1.026849 0.974799 -0.202924 0.026965 0.088342

seq-02/frame-000613.color.png -0.140714 -0.408369 1.026748 0.974814 -0.202824 0.026967 0.088407

seq-02/frame-000614.color.png -0.148230 -0.405705 1.023848 0.974498 -0.203350 0.027409 0.090523

seq-02/frame-000615.color.png -0.155072 -0.403127 1.020884 0.974479 -0.202870 0.027138 0.091872

seq-02/frame-000616.color.png -0.159877 -0.400686 1.018274 0.974579 -0.201690 0.029801 0.092586

seq-02/frame-000617.color.png -0.160371 -0.400818 1.018306 0.974575 -0.201711 0.029915 0.092541

seq-02/frame-000618.color.png -0.166651 -0.398962 1.015901 0.974469 -0.200972 0.033370 0.094071

seq-02/frame-000619.color.png -0.174161 -0.397010 1.012709 0.974481 -0.199562 0.034351 0.096564

seq-02/frame-000620.color.png -0.181933 -0.394883 1.010139 0.974919 -0.196901 0.035728 0.097103

seq-02/frame-000621.color.png -0.190273 -0.393284 1.008691 0.975100 -0.195862 0.038923 0.096151

seq-02/frame-000622.color.png -0.189788 -0.393266 1.008666 0.975101 -0.195847 0.038923 0.096178

seq-02/frame-000623.color.png -0.197346 -0.392150 1.006562 0.974781 -0.196403 0.041952 0.097014

seq-02/frame-000624.color.png -0.204011 -0.389742 1.003413 0.974638 -0.195051 0.045122 0.099711

seq-02/frame-000625.color.png -0.211463 -0.387522 1.000782 0.974489 -0.192764 0.049473 0.103482

seq-02/frame-000626.color.png -0.211037 -0.387577 1.000805 0.974484 -0.192760 0.049512 0.103519

seq-02/frame-000627.color.png -0.218432 -0.386127 0.998586 0.974146 -0.191003 0.054966 0.107138

seq-02/frame-000628.color.png -0.226808 -0.385021 0.996439 0.973792 -0.190058 0.059612 0.109527

seq-02/frame-000629.color.png -0.232681 -0.383460 0.993906 0.973505 -0.188652 0.065053 0.111393

seq-02/frame-000630.color.png -0.238740 -0.382333 0.991004 0.973232 -0.185991 0.072027 0.113935

seq-02/frame-000631.color.png -0.239545 -0.382446 0.991095 0.973214 -0.186077 0.072073 0.113918

seq-02/frame-000632.color.png -0.246901 -0.381077 0.987411 0.973202 -0.181323 0.078204 0.117585

seq-02/frame-000633.color.png -0.255189 -0.380788 0.985301 0.972949 -0.178415 0.084477 0.119765

seq-02/frame-000634.color.png -0.263486 -0.381143 0.982662 0.972459 -0.177836 0.089901 0.120660

seq-02/frame-000635.color.png -0.270222 -0.380858 0.978996 0.972093 -0.176543 0.095384 0.121295

seq-02/frame-000636.color.png -0.277033 -0.380799 0.975315 0.971626 -0.174297 0.101771 0.123081

seq-02/frame-000637.color.png -0.276959 -0.380917 0.975288 0.971613 -0.174313 0.101723 0.123200

seq-02/frame-000638.color.png -0.283916 -0.381264 0.971235 0.971296 -0.171540 0.107068 0.125050

seq-02/frame-000639.color.png -0.290569 -0.382121 0.967926 0.970704 -0.170289 0.113660 0.125534

seq-02/frame-000640.color.png -0.299644 -0.382282 0.964293 0.970059 -0.170677 0.118713 0.125320

seq-02/frame-000641.color.png -0.305883 -0.382727 0.960329 0.969592 -0.170844 0.120720 0.126780

seq-02/frame-000642.color.png -0.310070 -0.383702 0.956813 0.969179 -0.168108 0.124538 0.129866

seq-02/frame-000643.color.png -0.309840 -0.383701 0.956842 0.969170 -0.168095 0.124619 0.129864

seq-02/frame-000644.color.png -0.316926 -0.384662 0.954220 0.968774 -0.164546 0.129684 0.132382

seq-02/frame-000645.color.png -0.322283 -0.385966 0.952874 0.968391 -0.163372 0.134055 0.132289

seq-02/frame-000646.color.png -0.326397 -0.387406 0.950984 0.967568 -0.162621 0.138885 0.134237

seq-02/frame-000647.color.png -0.331031 -0.388160 0.948516 0.966799 -0.158232 0.143454 0.140087

seq-02/frame-000648.color.png -0.335874 -0.390038 0.947577 0.966447 -0.154048 0.148015 0.142415

seq-02/frame-000649.color.png -0.335414 -0.390211 0.947664 0.966454 -0.154137 0.147952 0.142337

seq-02/frame-000650.color.png -0.341739 -0.391571 0.947614 0.966029 -0.153076 0.153777 0.140181

seq-02/frame-000651.color.png -0.348184 -0.392586 0.947056 0.965188 -0.153626 0.158183 0.140470

seq-02/frame-000652.color.png -0.350271 -0.393418 0.945779 0.964338 -0.152410 0.161753 0.143528

seq-02/frame-000653.color.png -0.352735 -0.394552 0.944827 0.963320 -0.148863 0.167211 0.147768

seq-02/frame-000654.color.png -0.357969 -0.395466 0.944012 0.962163 -0.145957 0.172636 0.151913

seq-02/frame-000655.color.png -0.362206 -0.395800 0.943365 0.960927 -0.144409 0.177846 0.155166

seq-02/frame-000656.color.png -0.366537 -0.395959 0.942179 0.959507 -0.142796 0.183219 0.159144

seq-02/frame-000657.color.png -0.366401 -0.396060 0.942254 0.959485 -0.142777 0.183265 0.159243

seq-02/frame-000658.color.png -0.369063 -0.396814 0.940692 0.958130 -0.140488 0.187878 0.163991

seq-02/frame-000659.color.png -0.372372 -0.397335 0.939626 0.956705 -0.138985 0.193568 0.166945

seq-02/frame-000660.color.png -0.378175 -0.397125 0.938501 0.955193 -0.139040 0.199534 0.168530

seq-02/frame-000661.color.png -0.380329 -0.397771 0.936992 0.953960 -0.139060 0.204397 0.169661

seq-02/frame-000662.color.png -0.384313 -0.396740 0.936446 0.952509 -0.138250 0.211760 0.169445

seq-02/frame-000663.color.png -0.386110 -0.397341 0.934799 0.950529 -0.136908 0.219253 0.172102

seq-02/frame-000664.color.png -0.387994 -0.397978 0.933746 0.948403 -0.134544 0.226517 0.176239

seq-02/frame-000665.color.png -0.390252 -0.399244 0.932863 0.946154 -0.132055 0.234042 0.180332

seq-02/frame-000666.color.png -0.394992 -0.398167 0.933182 0.944052 -0.131083 0.242353 0.181076

seq-02/frame-000667.color.png -0.394170 -0.398672 0.932913 0.944015 -0.131146 0.242060 0.181615

seq-02/frame-000668.color.png -0.395000 -0.399861 0.932450 0.941132 -0.130007 0.251011 0.185210

seq-02/frame-000669.color.png -0.397915 -0.398494 0.932127 0.938375 -0.127211 0.259728 0.189079

seq-02/frame-000670.color.png -0.401686 -0.397307 0.931899 0.935940 -0.125862 0.266557 0.192515

seq-02/frame-000671.color.png -0.403449 -0.397735 0.932687 0.933714 -0.125993 0.273349 0.193708

seq-02/frame-000672.color.png -0.407949 -0.396872 0.933890 0.930944 -0.124113 0.282294 0.195419

seq-02/frame-000673.color.png -0.411397 -0.396081 0.934444 0.928030 -0.121278 0.290408 0.199131

seq-02/frame-000674.color.png -0.414963 -0.395586 0.935356 0.925693 -0.118781 0.295968 0.203286

seq-02/frame-000675.color.png -0.417990 -0.394979 0.936772 0.924203 -0.117307 0.300276 0.204598

seq-02/frame-000676.color.png -0.420640 -0.395145 0.938256 0.922346 -0.116023 0.306260 0.204843

seq-02/frame-000677.color.png -0.424740 -0.394779 0.939576 0.920100 -0.114042 0.312475 0.206661

seq-02/frame-000678.color.png -0.429222 -0.392642 0.940210 0.918528 -0.111949 0.316040 0.209357

seq-02/frame-000679.color.png -0.430540 -0.393205 0.941333 0.916833 -0.111983 0.319621 0.211323

seq-02/frame-000680.color.png -0.432740 -0.393438 0.942181 0.914546 -0.111843 0.325620 0.212145

seq-02/frame-000681.color.png -0.438307 -0.391064 0.942529 0.912295 -0.109887 0.331358 0.213969

seq-02/frame-000682.color.png -0.442170 -0.389300 0.942675 0.910653 -0.109147 0.334287 0.216765

seq-02/frame-000683.color.png -0.443620 -0.390314 0.942512 0.909450 -0.110137 0.336332 0.218148

seq-02/frame-000684.color.png -0.445859 -0.390349 0.942339 0.907859 -0.110091 0.340775 0.217902

seq-02/frame-000685.color.png -0.448953 -0.389116 0.941656 0.905911 -0.109947 0.345852 0.218084

seq-02/frame-000686.color.png -0.454050 -0.386587 0.940872 0.904311 -0.109109 0.349509 0.219311

seq-02/frame-000687.color.png -0.457710 -0.385640 0.939644 0.903039 -0.108478 0.351976 0.220915

seq-02/frame-000688.color.png -0.462898 -0.382852 0.939021 0.902064 -0.107087 0.354312 0.221838

seq-02/frame-000689.color.png -0.463814 -0.383104 0.937888 0.901102 -0.107562 0.355827 0.223090

seq-02/frame-000690.color.png -0.466967 -0.381020 0.936279 0.899837 -0.107742 0.358799 0.223348

seq-02/frame-000691.color.png -0.472074 -0.379124 0.935208 0.898222 -0.107636 0.361765 0.225110

seq-02/frame-000692.color.png -0.474929 -0.377494 0.933395 0.897292 -0.107325 0.362727 0.227409

seq-02/frame-000693.color.png -0.477577 -0.376503 0.932003 0.896140 -0.107172 0.364586 0.229044

seq-02/frame-000694.color.png -0.481596 -0.373564 0.930901 0.894670 -0.108171 0.367919 0.228991

seq-02/frame-000695.color.png -0.486775 -0.371992 0.929911 0.893435 -0.109572 0.370084 0.229657

seq-02/frame-000696.color.png -0.488891 -0.370858 0.928453 0.892541 -0.109300 0.371524 0.230933

seq-02/frame-000697.color.png -0.493718 -0.369199 0.927280 0.891343 -0.108027 0.373437 0.233062

seq-02/frame-000698.color.png -0.496619 -0.368536 0.925924 0.890622 -0.107324 0.374677 0.234150

seq-02/frame-000699.color.png -0.500946 -0.365030 0.924261 0.890178 -0.107185 0.375840 0.234038

seq-02/frame-000700.color.png -0.504076 -0.363344 0.922588 0.889808 -0.109218 0.376214 0.233905

seq-02/frame-000701.color.png -0.504442 -0.363717 0.920343 0.889631 -0.110988 0.375789 0.234426

seq-02/frame-000702.color.png -0.509132 -0.362791 0.919299 0.888902 -0.110339 0.376956 0.235623

seq-02/frame-000703.color.png -0.517258 -0.357300 0.915051 0.888857 -0.109353 0.376175 0.237495

seq-02/frame-000704.color.png -0.520457 -0.357869 0.913427 0.888971 -0.112002 0.375646 0.236669

seq-02/frame-000705.color.png -0.524235 -0.356132 0.910623 0.888297 -0.112197 0.377046 0.236880

seq-02/frame-000706.color.png -0.529511 -0.352667 0.908254 0.888241 -0.110911 0.376894 0.237936

seq-02/frame-000707.color.png -0.532371 -0.352623 0.905148 0.889146 -0.111414 0.374490 0.238117

seq-02/frame-000708.color.png -0.535051 -0.353173 0.902291 0.889107 -0.111256 0.375157 0.237281

seq-02/frame-000709.color.png -0.539659 -0.350466 0.898817 0.888940 -0.109791 0.376766 0.236037

seq-02/frame-000710.color.png -0.550263 -0.344551 0.891130 0.889735 -0.108051 0.376267 0.234638

seq-02/frame-000711.color.png -0.554611 -0.343093 0.887432 0.890476 -0.107506 0.375201 0.233783

seq-02/frame-000712.color.png -0.558398 -0.340560 0.882780 0.891556 -0.107634 0.373935 0.231624

seq-02/frame-000713.color.png -0.562385 -0.336941 0.878228 0.892880 -0.107348 0.372221 0.229409

seq-02/frame-000714.color.png -0.568929 -0.334341 0.874803 0.893748 -0.106648 0.370846 0.228582

seq-02/frame-000715.color.png -0.578242 -0.330321 0.866285 0.896235 -0.106157 0.367623 0.224235

seq-02/frame-000716.color.png -0.582055 -0.327659 0.861690 0.896745 -0.103906 0.368416 0.221938

seq-02/frame-000717.color.png -0.589941 -0.322871 0.858055 0.896736 -0.100707 0.369563 0.221542

seq-02/frame-000718.color.png -0.596789 -0.318742 0.853996 0.897540 -0.098877 0.368221 0.221343

seq-02/frame-000719.color.png -0.598518 -0.318635 0.849627 0.898318 -0.098545 0.366726 0.220819

seq-02/frame-000720.color.png -0.609208 -0.314241 0.841365 0.898706 -0.095582 0.368556 0.217470

seq-02/frame-000721.color.png -0.614332 -0.312722 0.837348 0.899396 -0.092596 0.367681 0.217389

seq-02/frame-000722.color.png -0.619223 -0.309922 0.833410 0.900530 -0.089532 0.366437 0.216075

seq-02/frame-000723.color.png -0.624694 -0.307265 0.830009 0.901698 -0.088040 0.365560 0.213286

seq-02/frame-000724.color.png -0.627071 -0.305023 0.824912 0.902204 -0.087014 0.365510 0.211643

seq-02/frame-000725.color.png -0.633473 -0.302002 0.821713 0.901875 -0.083362 0.366959 0.212008

seq-02/frame-000726.color.png -0.644820 -0.294010 0.814134 0.903131 -0.079087 0.364806 0.212014

seq-02/frame-000727.color.png -0.650060 -0.291207 0.810467 0.904010 -0.080488 0.363903 0.209276

seq-02/frame-000728.color.png -0.655145 -0.288341 0.806834 0.904898 -0.081023 0.362434 0.207778

seq-02/frame-000729.color.png -0.659129 -0.287328 0.803482 0.905008 -0.079980 0.361907 0.208617

seq-02/frame-000730.color.png -0.664704 -0.285842 0.801073 0.904643 -0.077790 0.363091 0.208971

seq-02/frame-000731.color.png -0.676527 -0.278188 0.795301 0.906193 -0.076372 0.362723 0.203339

seq-02/frame-000732.color.png -0.681587 -0.275387 0.792488 0.906431 -0.075637 0.362512 0.202933

seq-02/frame-000733.color.png -0.685107 -0.275104 0.789969 0.906908 -0.073616 0.361032 0.204178

seq-02/frame-000734.color.png -0.689372 -0.274043 0.787454 0.907553 -0.070175 0.361153 0.202300

seq-02/frame-000735.color.png -0.695491 -0.268179 0.784768 0.908081 -0.067546 0.362191 0.198942

seq-02/frame-000736.color.png -0.700632 -0.264160 0.782278 0.908994 -0.066407 0.360696 0.197872

seq-02/frame-000737.color.png -0.713051 -0.256239 0.778358 0.910890 -0.065467 0.357441 0.195353

seq-02/frame-000738.color.png -0.716850 -0.253534 0.775422 0.912124 -0.068299 0.354259 0.194420

seq-02/frame-000739.color.png -0.720815 -0.251951 0.772861 0.912774 -0.070396 0.352379 0.194039

seq-02/frame-000740.color.png -0.726019 -0.249949 0.771099 0.912606 -0.070552 0.352142 0.195199

seq-02/frame-000741.color.png -0.732720 -0.245355 0.768890 0.912877 -0.071098 0.351091 0.195627

seq-02/frame-000742.color.png -0.737752 -0.243910 0.766918 0.913292 -0.073646 0.349078 0.196346

seq-02/frame-000743.color.png -0.745535 -0.242244 0.761982 0.914065 -0.075628 0.346342 0.196843

seq-02/frame-000744.color.png -0.750297 -0.240170 0.760178 0.913626 -0.074964 0.347130 0.197746

seq-02/frame-000745.color.png -0.755950 -0.236099 0.758031 0.914219 -0.074867 0.345324 0.198200

seq-02/frame-000746.color.png -0.758817 -0.235065 0.755537 0.915567 -0.077634 0.341945 0.196765

seq-02/frame-000747.color.png -0.760825 -0.236283 0.753871 0.916121 -0.079975 0.341427 0.194132

seq-02/frame-000748.color.png -0.765188 -0.235566 0.751830 0.915709 -0.079050 0.342756 0.194113

seq-02/frame-000749.color.png -0.771545 -0.231478 0.750062 0.915544 -0.076355 0.342937 0.195647

seq-02/frame-000750.color.png -0.779500 -0.225165 0.746587 0.916337 -0.076538 0.340827 0.195549

seq-02/frame-000751.color.png -0.782270 -0.224119 0.745281 0.916369 -0.077956 0.340813 0.194861

seq-02/frame-000752.color.png -0.786285 -0.221282 0.743589 0.916229 -0.077663 0.341132 0.195078

seq-02/frame-000753.color.png -0.791895 -0.215670 0.742160 0.916742 -0.077886 0.340442 0.193780

seq-02/frame-000754.color.png -0.795008 -0.214730 0.741168 0.917231 -0.080673 0.339174 0.192545

seq-02/frame-000755.color.png -0.797690 -0.213821 0.739388 0.918207 -0.082597 0.337216 0.190508

seq-02/frame-000756.color.png -0.801203 -0.211942 0.737890 0.919144 -0.082667 0.335343 0.189260

seq-02/frame-000757.color.png -0.807866 -0.208189 0.734712 0.920560 -0.083573 0.331347 0.189018

seq-02/frame-000758.color.png -0.811141 -0.206438 0.733433 0.920743 -0.084869 0.331058 0.188055

seq-02/frame-000759.color.png -0.814106 -0.204096 0.732098 0.920971 -0.086145 0.330498 0.187343

seq-02/frame-000760.color.png -0.818373 -0.201130 0.730779 0.921380 -0.087536 0.329062 0.187212

seq-02/frame-000761.color.png -0.822670 -0.198284 0.730416 0.921700 -0.089687 0.328333 0.185897

seq-02/frame-000762.color.png -0.826057 -0.196748 0.729534 0.921835 -0.092598 0.328136 0.184136

seq-02/frame-000763.color.png -0.834175 -0.193841 0.728822 0.920512 -0.093469 0.328919 0.188857

seq-02/frame-000764.color.png -0.839517 -0.189628 0.729158 0.920447 -0.093504 0.328791 0.189381

seq-02/frame-000765.color.png -0.842834 -0.188056 0.729106 0.920487 -0.097126 0.328940 0.187088

seq-02/frame-000766.color.png -0.845940 -0.189298 0.728627 0.920488 -0.099862 0.328869 0.185763

seq-02/frame-000767.color.png -0.849761 -0.187882 0.728499 0.920497 -0.099334 0.329279 0.185275

seq-02/frame-000768.color.png -0.853334 -0.186043 0.727849 0.919590 -0.098610 0.330598 0.187801

seq-02/frame-000769.color.png -0.858059 -0.185219 0.727963 0.918473 -0.098299 0.332394 0.190244

seq-02/frame-000770.color.png -0.865328 -0.182335 0.727090 0.918455 -0.103414 0.334007 0.184714

seq-02/frame-000771.color.png -0.868206 -0.184760 0.725912 0.917862 -0.105010 0.334706 0.185493

seq-02/frame-000772.color.png -0.871057 -0.185725 0.724928 0.917645 -0.104253 0.335304 0.185912

seq-02/frame-000773.color.png -0.875120 -0.184143 0.723583 0.917433 -0.104011 0.337019 0.183980

seq-02/frame-000774.color.png -0.879328 -0.183419 0.722428 0.916957 -0.104202 0.338453 0.183614

seq-02/frame-000775.color.png -0.882625 -0.183740 0.721657 0.916699 -0.103963 0.338758 0.184475

seq-02/frame-000776.color.png -0.884996 -0.184844 0.720348 0.916258 -0.103723 0.339654 0.185152

seq-02/frame-000777.color.png -0.890355 -0.184904 0.719831 0.915946 -0.102938 0.340589 0.185417

seq-02/frame-000778.color.png -0.894162 -0.184305 0.719132 0.916577 -0.103507 0.339722 0.183564

seq-02/frame-000779.color.png -0.903505 -0.182703 0.718146 0.917179 -0.106816 0.339423 0.179159

seq-02/frame-000780.color.png -0.908387 -0.181592 0.717596 0.917721 -0.107842 0.337837 0.178765

seq-02/frame-000781.color.png -0.911568 -0.180751 0.716423 0.918257 -0.109819 0.336205 0.177885

seq-02/frame-000782.color.png -0.914498 -0.180727 0.714851 0.918300 -0.111060 0.335332 0.178538

seq-02/frame-000783.color.png -0.919133 -0.179240 0.713683 0.918322 -0.112010 0.334824 0.178784

seq-02/frame-000784.color.png -0.923575 -0.178969 0.712321 0.918339 -0.113715 0.334180 0.178826

seq-02/frame-000785.color.png -0.926095 -0.179093 0.710315 0.918966 -0.116209 0.332312 0.177476

seq-02/frame-000786.color.png -0.928997 -0.179150 0.707855 0.919523 -0.118961 0.331114 0.174989

seq-02/frame-000787.color.png -0.931792 -0.180297 0.705411 0.920156 -0.121010 0.328988 0.174267

seq-02/frame-000788.color.png -0.934314 -0.181228 0.698362 0.922507 -0.124811 0.321843 0.172489

seq-02/frame-000789.color.png -0.932758 -0.183230 0.692539 0.923501 -0.127159 0.318577 0.171519

seq-02/frame-000790.color.png -0.932856 -0.184087 0.687836 0.924344 -0.127638 0.315948 0.171482

seq-02/frame-000791.color.png -0.932950 -0.184160 0.683483 0.925442 -0.128905 0.312193 0.171492

seq-02/frame-000792.color.png -0.930958 -0.185184 0.678481 0.926901 -0.131528 0.308141 0.168928

seq-02/frame-000793.color.png -0.928829 -0.186027 0.672954 0.928129 -0.134239 0.304774 0.166140

seq-02/frame-000794.color.png -0.925439 -0.188343 0.666880 0.929209 -0.136436 0.300999 0.165192

seq-02/frame-000795.color.png -0.922032 -0.190436 0.660742 0.930319 -0.137024 0.297273 0.165207

seq-02/frame-000796.color.png -0.918354 -0.190791 0.654183 0.931809 -0.137138 0.293679 0.163127

seq-02/frame-000797.color.png -0.915123 -0.189911 0.647538 0.933156 -0.138355 0.290280 0.160460

seq-02/frame-000798.color.png -0.905431 -0.192992 0.633536 0.935860 -0.140231 0.280757 0.160029

seq-02/frame-000799.color.png -0.898070 -0.193807 0.626247 0.937544 -0.139876 0.275905 0.158919

seq-02/frame-000800.color.png -0.892925 -0.194099 0.619493 0.939133 -0.140002 0.271340 0.157277

seq-02/frame-000801.color.png -0.886556 -0.194098 0.612581 0.941311 -0.141288 0.264819 0.154191

seq-02/frame-000802.color.png -0.879726 -0.192305 0.604691 0.943514 -0.143316 0.257602 0.151049

seq-02/frame-000803.color.png -0.869997 -0.196035 0.596565 0.945115 -0.146885 0.249983 0.150416

seq-02/frame-000804.color.png -0.861238 -0.198425 0.588191 0.947156 -0.146166 0.243026 0.149675

seq-02/frame-000805.color.png -0.853470 -0.195709 0.580134 0.949373 -0.144713 0.236441 0.147572

seq-02/frame-000806.color.png -0.843644 -0.195937 0.571570 0.951166 -0.147447 0.228617 0.145636

seq-02/frame-000807.color.png -0.831977 -0.201429 0.563325 0.952527 -0.150227 0.221595 0.144751

seq-02/frame-000808.color.png -0.822159 -0.203549 0.554395 0.954499 -0.149016 0.214935 0.143049

seq-02/frame-000809.color.png -0.812226 -0.204844 0.546705 0.956317 -0.149032 0.208349 0.140614

seq-02/frame-000810.color.png -0.801340 -0.208148 0.537985 0.957857 -0.150223 0.201159 0.139326

seq-02/frame-000811.color.png -0.790119 -0.213092 0.530109 0.959352 -0.150888 0.193639 0.138972

seq-02/frame-000812.color.png -0.778678 -0.216072 0.521673 0.961047 -0.149960 0.186686 0.137776

seq-02/frame-000813.color.png -0.766871 -0.219923 0.514139 0.962507 -0.150054 0.180374 0.135879

seq-02/frame-000814.color.png -0.755269 -0.221993 0.506073 0.964220 -0.150430 0.172958 0.132926

seq-02/frame-000815.color.png -0.742450 -0.225636 0.498690 0.965387 -0.152257 0.166635 0.130431

seq-02/frame-000816.color.png -0.729192 -0.232349 0.491597 0.966262 -0.153825 0.160001 0.130420

seq-02/frame-000817.color.png -0.716575 -0.236528 0.484791 0.967989 -0.152600 0.152175 0.128401

seq-02/frame-000818.color.png -0.703642 -0.237456 0.479279 0.969368 -0.152011 0.147432 0.124165

seq-02/frame-000819.color.png -0.691454 -0.243396 0.473967 0.970155 -0.153396 0.143015 0.121445

seq-02/frame-000820.color.png -0.677628 -0.246698 0.468623 0.971675 -0.152416 0.137474 0.116844

seq-02/frame-000821.color.png -0.665054 -0.248774 0.464098 0.972719 -0.151219 0.134805 0.112745

seq-02/frame-000822.color.png -0.652609 -0.253310 0.459401 0.973569 -0.151410 0.129237 0.111672

seq-02/frame-000823.color.png -0.638891 -0.257386 0.455183 0.974990 -0.149817 0.121353 0.110255

seq-02/frame-000824.color.png -0.625377 -0.258000 0.451757 0.976252 -0.147352 0.117091 0.106970

seq-02/frame-000825.color.png -0.612927 -0.260156 0.448601 0.977054 -0.147672 0.114015 0.102435

seq-02/frame-000826.color.png -0.598479 -0.264146 0.445228 0.977941 -0.148805 0.108690 0.098027

seq-02/frame-000827.color.png -0.583142 -0.268463 0.442403 0.978841 -0.149001 0.103218 0.094598

seq-02/frame-000828.color.png -0.567347 -0.271687 0.439691 0.979767 -0.147890 0.098313 0.091939

seq-02/frame-000829.color.png -0.550617 -0.274741 0.437760 0.980518 -0.148333 0.093282 0.088398

seq-02/frame-000830.color.png -0.535116 -0.277209 0.435585 0.981160 -0.149169 0.088128 0.085094

seq-02/frame-000831.color.png -0.518217 -0.279665 0.433965 0.981674 -0.150375 0.083264 0.081874

seq-02/frame-000832.color.png -0.500804 -0.282725 0.431691 0.982198 -0.151550 0.076475 0.080032

seq-02/frame-000833.color.png -0.481499 -0.285655 0.430218 0.982606 -0.152517 0.070318 0.078817

seq-02/frame-000834.color.png -0.464502 -0.288153 0.428900 0.982675 -0.153922 0.066934 0.078170

seq-02/frame-000835.color.png -0.447165 -0.292011 0.427649 0.982679 -0.155805 0.062478 0.078078

seq-02/frame-000836.color.png -0.428677 -0.296401 0.426410 0.982769 -0.157020 0.057644 0.078225

seq-02/frame-000837.color.png -0.410979 -0.300004 0.425342 0.983104 -0.156763 0.053166 0.077712

seq-02/frame-000838.color.png -0.393862 -0.302287 0.424374 0.983436 -0.156675 0.049204 0.076278

seq-02/frame-000839.color.png -0.375870 -0.305079 0.423779 0.983495 -0.158399 0.045386 0.074301

seq-02/frame-000840.color.png -0.357257 -0.309287 0.423018 0.983478 -0.160324 0.041595 0.072599

seq-02/frame-000841.color.png -0.339550 -0.312249 0.422286 0.983548 -0.160866 0.039570 0.071566

seq-02/frame-000842.color.png -0.322780 -0.314654 0.421490 0.983694 -0.160996 0.038384 0.069902

seq-02/frame-000843.color.png -0.307874 -0.316056 0.420592 0.983967 -0.160397 0.036939 0.068189

seq-02/frame-000844.color.png -0.292720 -0.317451 0.420275 0.984197 -0.159861 0.033303 0.068005

seq-02/frame-000845.color.png -0.276802 -0.318835 0.420361 0.984276 -0.159900 0.029445 0.068545

seq-02/frame-000846.color.png -0.262580 -0.321047 0.420654 0.984345 -0.160871 0.025725 0.066763

seq-02/frame-000847.color.png -0.247338 -0.323070 0.420790 0.984458 -0.162369 0.020794 0.063074

seq-02/frame-000848.color.png -0.232355 -0.326033 0.421075 0.984296 -0.164583 0.014482 0.061617

seq-02/frame-000849.color.png -0.216871 -0.330227 0.421402 0.984208 -0.165885 0.006441 0.060896

seq-02/frame-000850.color.png -0.203985 -0.333321 0.422587 0.984309 -0.167053 -0.001294 0.056223

seq-02/frame-000851.color.png -0.188956 -0.337494 0.423647 0.983928 -0.171521 -0.008998 0.048142

seq-02/frame-000852.color.png -0.172667 -0.343565 0.423420 0.983514 -0.175060 -0.016447 0.041426

seq-02/frame-000853.color.png -0.156915 -0.347345 0.422762 0.983559 -0.174902 -0.023106 0.037677

seq-02/frame-000854.color.png -0.141108 -0.351278 0.422752 0.983475 -0.175013 -0.029687 0.034606

seq-02/frame-000855.color.png -0.125439 -0.354119 0.422355 0.983401 -0.175182 -0.035501 0.030111

seq-02/frame-000856.color.png -0.109750 -0.357857 0.422573 0.983031 -0.177076 -0.040947 0.023455

seq-02/frame-000857.color.png -0.094310 -0.362283 0.421938 0.982455 -0.179371 -0.046955 0.018322

seq-02/frame-000858.color.png -0.078985 -0.367154 0.421333 0.981911 -0.180494 -0.054471 0.015424

seq-02/frame-000859.color.png -0.063585 -0.370243 0.420567 0.981410 -0.179995 -0.064896 0.012501

seq-02/frame-000860.color.png -0.048013 -0.372825 0.420343 0.980462 -0.180542 -0.077104 0.009220

seq-02/frame-000861.color.png -0.032061 -0.376091 0.420347 0.979136 -0.182679 -0.088467 0.005088

seq-02/frame-000862.color.png -0.016938 -0.381393 0.420434 0.977626 -0.185762 -0.098338 0.000794

seq-02/frame-000863.color.png -0.001403 -0.386108 0.419199 0.976527 -0.186199 -0.107945 -0.002013

seq-02/frame-000864.color.png 0.013831 -0.388851 0.418711 0.976115 -0.183609 -0.115810 -0.002739

seq-02/frame-000865.color.png 0.028569 -0.389890 0.418964 0.975458 -0.182591 -0.122657 -0.005306

seq-02/frame-000866.color.png 0.043193 -0.393211 0.419214 0.974342 -0.184847 -0.127635 -0.011388

seq-02/frame-000867.color.png 0.057340 -0.395985 0.419010 0.973428 -0.186645 -0.131270 -0.017340

seq-02/frame-000868.color.png 0.070697 -0.400380 0.419604 0.972229 -0.188690 -0.136484 -0.021694

seq-02/frame-000869.color.png 0.085359 -0.403469 0.419864 0.971000 -0.189945 -0.142540 -0.026350

seq-02/frame-000870.color.png 0.100265 -0.407315 0.420110 0.970041 -0.191064 -0.146489 -0.031417

seq-02/frame-000871.color.png 0.115403 -0.411612 0.419730 0.969392 -0.191260 -0.149511 -0.035742

seq-02/frame-000872.color.png 0.130035 -0.413859 0.419613 0.969272 -0.190672 -0.150609 -0.037474

seq-02/frame-000873.color.png 0.142481 -0.417959 0.419845 0.968914 -0.191333 -0.151717 -0.038866

seq-02/frame-000874.color.png 0.157269 -0.420589 0.420121 0.968595 -0.190975 -0.153609 -0.041070

seq-02/frame-000875.color.png 0.169943 -0.423271 0.420669 0.968300 -0.191596 -0.154128 -0.043153

seq-02/frame-000876.color.png 0.183200 -0.427034 0.420993 0.967881 -0.192334 -0.154751 -0.046878

seq-02/frame-000877.color.png 0.195622 -0.430354 0.421728 0.967629 -0.191793 -0.155793 -0.050676

seq-02/frame-000878.color.png 0.207324 -0.432999 0.423806 0.967209 -0.191883 -0.156851 -0.054910

seq-02/frame-000879.color.png 0.219358 -0.436885 0.425653 0.966514 -0.193492 -0.157875 -0.058455

seq-02/frame-000880.color.png 0.229110 -0.440416 0.426988 0.966317 -0.193548 -0.158361 -0.060194

seq-02/frame-000881.color.png 0.239592 -0.442665 0.429694 0.965965 -0.193616 -0.160183 -0.060800

seq-02/frame-000882.color.png 0.250497 -0.445559 0.432716 0.965020 -0.195244 -0.163285 -0.062332

seq-02/frame-000883.color.png 0.261390 -0.446871 0.434971 0.964515 -0.195966 -0.164515 -0.064595

seq-02/frame-000884.color.png 0.269758 -0.450335 0.438201 0.963847 -0.198006 -0.165182 -0.066613

seq-02/frame-000885.color.png 0.278859 -0.453019 0.441046 0.963091 -0.199412 -0.167380 -0.067855

seq-02/frame-000886.color.png 0.288065 -0.454535 0.444341 0.962655 -0.200069 -0.168648 -0.068955

seq-02/frame-000887.color.png 0.295796 -0.457582 0.447644 0.962349 -0.200815 -0.168993 -0.070213

seq-02/frame-000888.color.png 0.303820 -0.459788 0.451673 0.962031 -0.200791 -0.170735 -0.070419

seq-02/frame-000889.color.png 0.313509 -0.461095 0.455776 0.961624 -0.200532 -0.173085 -0.070979

seq-02/frame-000890.color.png 0.323195 -0.461882 0.460588 0.961247 -0.201259 -0.173581 -0.072783

seq-02/frame-000891.color.png 0.330508 -0.466396 0.465901 0.960343 -0.204354 -0.173925 -0.075241

seq-02/frame-000892.color.png 0.338983 -0.469960 0.469988 0.959792 -0.204500 -0.175786 -0.077509

seq-02/frame-000893.color.png 0.347305 -0.473028 0.474744 0.959463 -0.203866 -0.177263 -0.079852

seq-02/frame-000894.color.png 0.356499 -0.475614 0.479584 0.959002 -0.204276 -0.178614 -0.081314

seq-02/frame-000895.color.png 0.363916 -0.478663 0.484414 0.958946 -0.204227 -0.178220 -0.082944

seq-02/frame-000896.color.png 0.371494 -0.482358 0.491306 0.958264 -0.206005 -0.178883 -0.084982

seq-02/frame-000897.color.png 0.379332 -0.485732 0.497113 0.956898 -0.208571 -0.181267 -0.088972

seq-02/frame-000898.color.png 0.385928 -0.489077 0.501668 0.956031 -0.210143 -0.182062 -0.092884

seq-02/frame-000899.color.png 0.392440 -0.493162 0.507217 0.955692 -0.210493 -0.181980 -0.095692

seq-02/frame-000900.color.png 0.398896 -0.496240 0.512608 0.955610 -0.210100 -0.182078 -0.097184

seq-02/frame-000901.color.png 0.405574 -0.497712 0.518195 0.955421 -0.210054 -0.182802 -0.097773

seq-02/frame-000902.color.png 0.412756 -0.498648 0.523561 0.954937 -0.211267 -0.183562 -0.098461

seq-02/frame-000903.color.png 0.418696 -0.500184 0.528371 0.954304 -0.213058 -0.184578 -0.098841

seq-02/frame-000904.color.png 0.424755 -0.501930 0.533142 0.953905 -0.213551 -0.186366 -0.098268

seq-02/frame-000905.color.png 0.431258 -0.502150 0.538119 0.953988 -0.212416 -0.187509 -0.097745

seq-02/frame-000906.color.png 0.437869 -0.501440 0.542906 0.954060 -0.211665 -0.188000 -0.097730

seq-02/frame-000907.color.png 0.445084 -0.501298 0.547820 0.953825 -0.212373 -0.188629 -0.097279

seq-02/frame-000908.color.png 0.451195 -0.502158 0.552664 0.953513 -0.213065 -0.189223 -0.097668

seq-02/frame-000909.color.png 0.457747 -0.502870 0.557590 0.953226 -0.213164 -0.190306 -0.098148

seq-02/frame-000910.color.png 0.465777 -0.502302 0.562202 0.952756 -0.213321 -0.191984 -0.099096

seq-02/frame-000911.color.png 0.472053 -0.503018 0.567037 0.952159 -0.214371 -0.193416 -0.099785

seq-02/frame-000912.color.png 0.477596 -0.504036 0.570589 0.951770 -0.213961 -0.195691 -0.099934

seq-02/frame-000913.color.png 0.484307 -0.504677 0.575205 0.951295 -0.212921 -0.199332 -0.099479

seq-02/frame-000914.color.png 0.492149 -0.504258 0.579295 0.950426 -0.211682 -0.204035 -0.100885

seq-02/frame-000915.color.png 0.500017 -0.502595 0.582908 0.949635 -0.210070 -0.208392 -0.102780

seq-02/frame-000916.color.png 0.508051 -0.501543 0.587692 0.948242 -0.210300 -0.213816 -0.104024

seq-02/frame-000917.color.png 0.516215 -0.500644 0.591657 0.946417 -0.210583 -0.220446 -0.106210

seq-02/frame-000918.color.png 0.525553 -0.498349 0.596477 0.944663 -0.210530 -0.226523 -0.109102

seq-02/frame-000919.color.png 0.534140 -0.495869 0.600393 0.942462 -0.211989 -0.232177 -0.113338

seq-02/frame-000920.color.png 0.543082 -0.493715 0.604312 0.939759 -0.214009 -0.239378 -0.116947

seq-02/frame-000921.color.png 0.553112 -0.491350 0.608872 0.936953 -0.215810 -0.247508 -0.119215

seq-02/frame-000922.color.png 0.564524 -0.486861 0.612669 0.933720 -0.217411 -0.255969 -0.123712

seq-02/frame-000923.color.png 0.576349 -0.483061 0.616542 0.929109 -0.221845 -0.264906 -0.131495

seq-02/frame-000924.color.png 0.584961 -0.484708 0.619696 0.924303 -0.226710 -0.273362 -0.139516

seq-02/frame-000925.color.png 0.592507 -0.486852 0.623693 0.920507 -0.227684 -0.282890 -0.143965

seq-02/frame-000926.color.png 0.602614 -0.486579 0.626421 0.916954 -0.226359 -0.294244 -0.145953

seq-02/frame-000927.color.png 0.614298 -0.483618 0.628151 0.914059 -0.223899 -0.303898 -0.148109

seq-02/frame-000928.color.png 0.624093 -0.483060 0.629960 0.911135 -0.223388 -0.311888 -0.150272

seq-02/frame-000929.color.png 0.632393 -0.484763 0.631372 0.908368 -0.222078 -0.320667 -0.150487

seq-02/frame-000930.color.png 0.642365 -0.483035 0.630944 0.906725 -0.218346 -0.328825 -0.148234

seq-02/frame-000931.color.png 0.653743 -0.479740 0.630194 0.905350 -0.214462 -0.335619 -0.147075

seq-02/frame-000932.color.png 0.664559 -0.478354 0.630179 0.903190 -0.212218 -0.342916 -0.146779

seq-02/frame-000933.color.png 0.686613 -0.477304 0.629251 0.900521 -0.206037 -0.354867 -0.143540

seq-02/frame-000934.color.png 0.698259 -0.474635 0.627905 0.899571 -0.202108 -0.360257 -0.141642

seq-02/frame-000935.color.png 0.709792 -0.471864 0.625894 0.898319 -0.199472 -0.365446 -0.140023

seq-02/frame-000936.color.png 0.720222 -0.470903 0.624162 0.897381 -0.197448 -0.369709 -0.137697

seq-02/frame-000937.color.png 0.731394 -0.469056 0.622462 0.896966 -0.194574 -0.373649 -0.133801

seq-02/frame-000938.color.png 0.755083 -0.463049 0.618569 0.896022 -0.189507 -0.380506 -0.127946

seq-02/frame-000939.color.png 0.765972 -0.461845 0.616663 0.896314 -0.186225 -0.382463 -0.124847

seq-02/frame-000940.color.png 0.777085 -0.459489 0.615047 0.896477 -0.182931 -0.385179 -0.120107

seq-02/frame-000941.color.png 0.787870 -0.455738 0.611488 0.896568 -0.179046 -0.387731 -0.117030

seq-02/frame-000942.color.png 0.809187 -0.450204 0.608897 0.898100 -0.171436 -0.389385 -0.111030

seq-02/frame-000943.color.png 0.818610 -0.448066 0.607839 0.898002 -0.167565 -0.392457 -0.106837

seq-02/frame-000944.color.png 0.827337 -0.443881 0.605089 0.898579 -0.162158 -0.394535 -0.102594

seq-02/frame-000945.color.png 0.844527 -0.437944 0.602380 0.900094 -0.151763 -0.396844 -0.096110

seq-02/frame-000946.color.png 0.852432 -0.434860 0.602959 0.900520 -0.146439 -0.398589 -0.093113

seq-02/frame-000947.color.png 0.859120 -0.433764 0.602330 0.900694 -0.142474 -0.400444 -0.089547

seq-02/frame-000948.color.png 0.865698 -0.430316 0.600905 0.901205 -0.136381 -0.402311 -0.085436

seq-02/frame-000949.color.png 0.877561 -0.423157 0.600414 0.901251 -0.126170 -0.406825 -0.079019

seq-02/frame-000950.color.png 0.882848 -0.418955 0.599086 0.902046 -0.122775 -0.406079 -0.079135

seq-02/frame-000951.color.png 0.887134 -0.420475 0.600072 0.902801 -0.120066 -0.405479 -0.077743

seq-02/frame-000952.color.png 0.897815 -0.410593 0.601035 0.904994 -0.108111 -0.405694 -0.068063

seq-02/frame-000953.color.png 0.902067 -0.405849 0.601538 0.905848 -0.105213 -0.404902 -0.065933

seq-02/frame-000954.color.png 0.906729 -0.402745 0.602800 0.906411 -0.103688 -0.404394 -0.063694

seq-02/frame-000955.color.png 0.914843 -0.396256 0.605756 0.908044 -0.100341 -0.402742 -0.055768

seq-02/frame-000956.color.png 0.919031 -0.392397 0.608388 0.908241 -0.099438 -0.402913 -0.052862

seq-02/frame-000957.color.png 0.923264 -0.391122 0.611024 0.907897 -0.101574 -0.403363 -0.051249

seq-02/frame-000958.color.png 0.929414 -0.389486 0.616851 0.905661 -0.104400 -0.407476 -0.052584

seq-02/frame-000959.color.png 0.932068 -0.389283 0.621773 0.904365 -0.106201 -0.409720 -0.053825

seq-02/frame-000960.color.png 0.937663 -0.389687 0.630715 0.900444 -0.107536 -0.416777 -0.062095

seq-02/frame-000961.color.png 0.940494 -0.389612 0.637356 0.899007 -0.108194 -0.419428 -0.063892

seq-02/frame-000962.color.png 0.942744 -0.391697 0.643726 0.897035 -0.109499 -0.423137 -0.064921

seq-02/frame-000963.color.png 0.947209 -0.390293 0.657493 0.892117 -0.105529 -0.433286 -0.071943

seq-02/frame-000964.color.png 0.948422 -0.390004 0.665455 0.889394 -0.106556 -0.437771 -0.076827

seq-02/frame-000965.color.png 0.953305 -0.389959 0.685257 0.883408 -0.107484 -0.447290 -0.088834

seq-02/frame-000966.color.png 0.955267 -0.391541 0.694545 0.879811 -0.109781 -0.452781 -0.093761

seq-02/frame-000967.color.png 0.959170 -0.392231 0.716624 0.870245 -0.111659 -0.468724 -0.102097

seq-02/frame-000968.color.png 0.958615 -0.390698 0.724284 0.866827 -0.110034 -0.473936 -0.108663

seq-02/frame-000969.color.png 0.960270 -0.390834 0.734871 0.863151 -0.111727 -0.478370 -0.116491

seq-02/frame-000970.color.png 0.965621 -0.395699 0.756366 0.853133 -0.113804 -0.491883 -0.131085

seq-02/frame-000971.color.png 0.967608 -0.394709 0.764008 0.849508 -0.115155 -0.496556 -0.135739

seq-02/frame-000972.color.png 0.972173 -0.400184 0.781070 0.841191 -0.122205 -0.506346 -0.144894

seq-02/frame-000973.color.png 0.974608 -0.401414 0.788043 0.837477 -0.123530 -0.511484 -0.147219

seq-02/frame-000974.color.png 0.981589 -0.403558 0.803712 0.828916 -0.124852 -0.522759 -0.154757

seq-02/frame-000975.color.png 0.986665 -0.410484 0.818525 0.823549 -0.123037 -0.530415 -0.158759

seq-02/frame-000976.color.png 0.989980 -0.412862 0.825647 0.820854 -0.120712 -0.535587 -0.157128

seq-02/frame-000977.color.png 0.998312 -0.407580 0.833955 0.820204 -0.115471 -0.537929 -0.156458

seq-02/frame-000978.color.png 1.001778 -0.411021 0.839973 0.818221 -0.116117 -0.540480 -0.157573

seq-02/frame-000979.color.png 1.011376 -0.411257 0.854279 0.814111 -0.111053 -0.547881 -0.156944

seq-02/frame-000980.color.png 1.015222 -0.410800 0.857837 0.812984 -0.109322 -0.549512 -0.158296

seq-02/frame-000981.color.png 1.025166 -0.417257 0.869693 0.808063 -0.104673 -0.557391 -0.159084

seq-02/frame-000982.color.png 1.032358 -0.416220 0.876645 0.805380 -0.101665 -0.562083 -0.158125

seq-02/frame-000983.color.png 1.045980 -0.420435 0.887498 0.800001 -0.095934 -0.569597 -0.162074

seq-02/frame-000984.color.png 1.061585 -0.421465 0.895251 0.795208 -0.089158 -0.577118 -0.162920

seq-02/frame-000985.color.png 1.069338 -0.421818 0.896506 0.793182 -0.086468 -0.579632 -0.165301

seq-02/frame-000986.color.png 1.086595 -0.425080 0.904889 0.786763 -0.084127 -0.588271 -0.166660

seq-02/frame-000987.color.png 1.102611 -0.421435 0.905677 0.783079 -0.080858 -0.593195 -0.168167

seq-02/frame-000988.color.png 1.111325 -0.423388 0.909729 0.779881 -0.080793 -0.597270 -0.168636

seq-02/frame-000989.color.png 1.129645 -0.417698 0.911629 0.776382 -0.083076 -0.601627 -0.168179

seq-02/frame-000990.color.png 1.137390 -0.416323 0.912089 0.773667 -0.084658 -0.604062 -0.171146

seq-02/frame-000991.color.png 1.152229 -0.417951 0.919071 0.770283 -0.088935 -0.607460 -0.172214

seq-02/frame-000992.color.png 1.165731 -0.415236 0.916251 0.770457 -0.088053 -0.608010 -0.169932

seq-02/frame-000993.color.png 1.172234 -0.415324 0.918652 0.769218 -0.089076 -0.609794 -0.168611

seq-02/frame-000994.color.png 1.184368 -0.412225 0.914863 0.771713 -0.085194 -0.608287 -0.164618

seq-02/frame-000995.color.png 1.197018 -0.412920 0.912056 0.772127 -0.083180 -0.608355 -0.163445

seq-02/frame-000996.color.png 1.203854 -0.411763 0.909961 0.774903 -0.079137 -0.605658 -0.162329

seq-02/frame-000997.color.png 1.218211 -0.409202 0.901532 0.780857 -0.076006 -0.599317 -0.158794

seq-02/frame-000998.color.png 1.234051 -0.407807 0.894322 0.787615 -0.070440 -0.591305 -0.158019

seq-02/frame-000999.color.png 1.249933 -0.403786 0.879363 0.796436 -0.068714 -0.581361 -0.151325

