seq-01/frame-000000.color.png -0.225857 -0.292050 0.285531 0.978953 -0.198543 -0.026551 0.038679

seq-01/frame-000001.color.png -0.227498 -0.290183 0.284427 0.979096 -0.197608 -0.028040 0.038797

seq-01/frame-000002.color.png -0.229970 -0.288815 0.284073 0.978961 -0.198234 -0.028944 0.038351

seq-01/frame-000003.color.png -0.232262 -0.288164 0.283210 0.978673 -0.199503 -0.030328 0.038044

seq-01/frame-000004.color.png -0.234652 -0.288468 0.283191 0.978399 -0.200691 -0.032017 0.037458

seq-01/frame-000005.color.png -0.237668 -0.288644 0.282865 0.978223 -0.201592 -0.033019 0.036323

seq-01/frame-000006.color.png -0.239928 -0.287513 0.282427 0.978154 -0.201805 -0.034422 0.035695

seq-01/frame-000007.color.png -0.242386 -0.286145 0.282259 0.977892 -0.203105 -0.035012 0.034928

seq-01/frame-000008.color.png -0.245872 -0.286686 0.281815 0.977481 -0.205362 -0.034264 0.033943

seq-01/frame-000009.color.png -0.250618 -0.286559 0.280723 0.977285 -0.206490 -0.033532 0.033488

seq-01/frame-000010.color.png -0.255334 -0.286541 0.280026 0.977140 -0.207356 -0.033523 0.032354

seq-01/frame-000011.color.png -0.259443 -0.284857 0.279057 0.977010 -0.208322 -0.032818 0.030758

seq-01/frame-000012.color.png -0.264518 -0.285258 0.278440 0.976536 -0.210748 -0.031754 0.030391

seq-01/frame-000013.color.png -0.270790 -0.286688 0.277695 0.976164 -0.212448 -0.031356 0.030916

seq-01/frame-000014.color.png -0.275219 -0.286857 0.277408 0.976041 -0.213236 -0.030745 0.029970

seq-01/frame-000015.color.png -0.281160 -0.288573 0.276855 0.975849 -0.214602 -0.028184 0.028978

seq-01/frame-000016.color.png -0.288173 -0.290226 0.275983 0.975850 -0.214810 -0.026430 0.029042

seq-01/frame-000017.color.png -0.294318 -0.289138 0.275184 0.976098 -0.213858 -0.025398 0.028678

seq-01/frame-000018.color.png -0.301674 -0.290327 0.275517 0.975809 -0.215421 -0.022512 0.029199

seq-01/frame-000019.color.png -0.309998 -0.292793 0.275442 0.975584 -0.216575 -0.020126 0.029907

seq-01/frame-000020.color.png -0.318402 -0.292833 0.275151 0.975762 -0.216038 -0.018796 0.028832

seq-01/frame-000021.color.png -0.326056 -0.293301 0.275895 0.975679 -0.216671 -0.016839 0.028099

seq-01/frame-000022.color.png -0.336430 -0.296124 0.276908 0.975445 -0.217831 -0.014274 0.028663

seq-01/frame-000023.color.png -0.347128 -0.298714 0.277572 0.975647 -0.217088 -0.011740 0.028584

seq-01/frame-000024.color.png -0.358250 -0.299206 0.278326 0.976152 -0.214687 -0.009545 0.030245

seq-01/frame-000025.color.png -0.369512 -0.299042 0.279395 0.976552 -0.212727 -0.008238 0.031524

seq-01/frame-000026.color.png -0.380563 -0.299774 0.281347 0.976594 -0.212633 -0.005924 0.031394

seq-01/frame-000027.color.png -0.393075 -0.301940 0.283145 0.976318 -0.213794 -0.002406 0.032544

seq-01/frame-000028.color.png -0.405998 -0.305961 0.284571 0.976028 -0.214845 0.000463 0.034354

seq-01/frame-000029.color.png -0.418592 -0.309279 0.286231 0.976144 -0.214361 0.002988 0.033937

seq-01/frame-000030.color.png -0.432034 -0.312852 0.288116 0.976373 -0.213153 0.006955 0.034375

seq-01/frame-000031.color.png -0.445180 -0.312352 0.289288 0.976725 -0.211052 0.009863 0.036552

seq-01/frame-000032.color.png -0.457807 -0.316215 0.291234 0.976464 -0.211870 0.012701 0.037910

seq-01/frame-000033.color.png -0.471082 -0.320690 0.292962 0.976399 -0.211595 0.017416 0.039201

seq-01/frame-000034.color.png -0.485322 -0.320619 0.294055 0.976790 -0.209074 0.020671 0.041357

seq-01/frame-000035.color.png -0.497862 -0.325084 0.296755 0.976746 -0.208976 0.022466 0.041944

seq-01/frame-000036.color.png -0.511386 -0.325908 0.298498 0.977356 -0.206155 0.025676 0.039795

seq-01/frame-000037.color.png -0.511141 -0.326151 0.298530 0.977339 -0.206256 0.025546 0.039780

seq-01/frame-000038.color.png -0.523280 -0.322172 0.301884 0.977371 -0.206182 0.029401 0.036597

seq-01/frame-000039.color.png -0.535075 -0.326301 0.304812 0.976002 -0.212196 0.032906 0.035750

seq-01/frame-000040.color.png -0.545724 -0.333276 0.306546 0.974949 -0.216233 0.037112 0.036173

seq-01/frame-000041.color.png -0.555985 -0.333167 0.306530 0.974757 -0.215192 0.042729 0.041020

seq-01/frame-000042.color.png -0.568255 -0.334815 0.307514 0.974087 -0.215748 0.046073 0.049526

seq-01/frame-000043.color.png -0.580255 -0.342129 0.309353 0.973829 -0.215920 0.047788 0.052160

seq-01/frame-000044.color.png -0.592012 -0.344019 0.310930 0.975052 -0.211383 0.048171 0.047308

seq-01/frame-000045.color.png -0.602495 -0.342022 0.314022 0.976049 -0.207540 0.048407 0.043359

seq-01/frame-000046.color.png -0.610521 -0.339695 0.317329 0.975843 -0.208560 0.048958 0.042468

seq-01/frame-000047.color.png -0.619896 -0.345159 0.321673 0.974372 -0.214257 0.051379 0.044964

seq-01/frame-000048.color.png -0.619157 -0.345045 0.321605 0.974389 -0.214202 0.051269 0.044982

seq-01/frame-000049.color.png -0.628558 -0.353760 0.324839 0.973594 -0.216838 0.052274 0.048281

seq-01/frame-000050.color.png -0.637287 -0.355767 0.327888 0.974328 -0.213598 0.052462 0.047703

seq-01/frame-000051.color.png -0.642893 -0.357946 0.332555 0.974568 -0.212073 0.054031 0.047864

seq-01/frame-000052.color.png -0.649563 -0.357958 0.335458 0.974771 -0.210169 0.055741 0.050101

seq-01/frame-000053.color.png -0.655198 -0.357964 0.341033 0.974297 -0.211006 0.058684 0.052401

seq-01/frame-000054.color.png -0.662637 -0.364636 0.346903 0.973189 -0.214318 0.062165 0.055435

seq-01/frame-000055.color.png -0.662727 -0.364742 0.347075 0.973172 -0.214363 0.062233 0.055481

seq-01/frame-000056.color.png -0.669168 -0.367605 0.351801 0.973358 -0.212800 0.062784 0.057578

seq-01/frame-000057.color.png -0.674057 -0.363629 0.358180 0.973450 -0.211930 0.064490 0.057352

seq-01/frame-000058.color.png -0.678227 -0.365925 0.365923 0.971601 -0.218767 0.068771 0.058058

seq-01/frame-000059.color.png -0.683383 -0.372522 0.373148 0.969587 -0.225290 0.074194 0.060068

seq-01/frame-000060.color.png -0.689164 -0.379391 0.381172 0.968466 -0.228039 0.078080 0.062792

seq-01/frame-000061.color.png -0.694794 -0.378982 0.389197 0.968608 -0.226815 0.079774 0.062899

seq-01/frame-000062.color.png -0.698069 -0.381114 0.399364 0.967843 -0.228941 0.083789 0.061742

seq-01/frame-000063.color.png -0.702589 -0.385140 0.409190 0.966738 -0.230974 0.089589 0.063326

seq-01/frame-000064.color.png -0.706164 -0.388532 0.419076 0.965905 -0.231667 0.094238 0.066669

seq-01/frame-000065.color.png -0.709377 -0.391041 0.428842 0.965095 -0.231571 0.100395 0.069673

seq-01/frame-000066.color.png -0.708943 -0.391829 0.429200 0.965023 -0.231878 0.100416 0.069618

seq-01/frame-000067.color.png -0.713159 -0.395232 0.439695 0.963842 -0.231504 0.108654 0.074669

seq-01/frame-000068.color.png -0.717065 -0.399726 0.449858 0.962833 -0.229833 0.114982 0.082911

seq-01/frame-000069.color.png -0.720756 -0.401792 0.460600 0.962180 -0.226702 0.121336 0.089781

seq-01/frame-000070.color.png -0.725002 -0.405590 0.472485 0.960784 -0.225714 0.129319 0.095866

seq-01/frame-000071.color.png -0.729855 -0.411949 0.484393 0.959427 -0.223963 0.137215 0.102362

seq-01/frame-000072.color.png -0.734912 -0.413640 0.496639 0.958658 -0.220189 0.144377 0.107762

seq-01/frame-000073.color.png -0.739809 -0.414895 0.508307 0.957383 -0.218680 0.151258 0.112623

seq-01/frame-000074.color.png -0.745011 -0.417157 0.520223 0.955521 -0.219444 0.157838 0.117801

seq-01/frame-000075.color.png -0.749062 -0.421522 0.532169 0.953439 -0.221314 0.163656 0.123113

seq-01/frame-000076.color.png -0.749118 -0.421580 0.532253 0.953407 -0.221334 0.163733 0.123222

seq-01/frame-000077.color.png -0.753583 -0.426724 0.544248 0.951628 -0.223370 0.168119 0.127324

seq-01/frame-000078.color.png -0.755233 -0.434044 0.555487 0.950579 -0.224242 0.171868 0.128616

seq-01/frame-000079.color.png -0.758381 -0.437976 0.565876 0.949538 -0.223159 0.179361 0.127954

seq-01/frame-000080.color.png -0.763772 -0.440714 0.575416 0.947927 -0.222420 0.187972 0.128820

seq-01/frame-000081.color.png -0.769980 -0.442627 0.585011 0.946592 -0.222445 0.193518 0.130375

seq-01/frame-000082.color.png -0.771466 -0.446349 0.594965 0.944924 -0.225303 0.198061 0.130748

seq-01/frame-000083.color.png -0.773167 -0.455231 0.604471 0.942568 -0.227955 0.204272 0.133569

seq-01/frame-000084.color.png -0.775811 -0.461486 0.613431 0.941490 -0.225908 0.210296 0.135285

seq-01/frame-000085.color.png -0.779027 -0.463867 0.622514 0.940467 -0.223914 0.217263 0.134707

seq-01/frame-000086.color.png -0.781330 -0.468657 0.629389 0.938826 -0.222440 0.224436 0.136818

seq-01/frame-000087.color.png -0.784613 -0.470963 0.636824 0.937751 -0.218904 0.231272 0.138499

seq-01/frame-000088.color.png -0.786755 -0.472489 0.644815 0.935962 -0.217992 0.238905 0.139081

seq-01/frame-000089.color.png -0.787987 -0.478479 0.652730 0.933000 -0.218728 0.247575 0.142619

seq-01/frame-000090.color.png -0.791393 -0.482993 0.660132 0.930626 -0.216651 0.255513 0.147228

seq-01/frame-000091.color.png -0.793804 -0.488385 0.668948 0.928563 -0.214073 0.262787 0.151164

seq-01/frame-000092.color.png -0.795852 -0.494534 0.677814 0.926343 -0.211887 0.270468 0.154284

seq-01/frame-000093.color.png -0.800130 -0.499573 0.686403 0.923938 -0.208166 0.279157 0.158243

seq-01/frame-000094.color.png -0.804778 -0.504858 0.695119 0.921201 -0.204912 0.288226 0.162143

seq-01/frame-000095.color.png -0.809511 -0.511424 0.704015 0.917798 -0.202908 0.298467 0.165398

seq-01/frame-000096.color.png -0.817174 -0.516920 0.712423 0.914460 -0.199500 0.308455 0.169654

seq-01/frame-000097.color.png -0.821814 -0.524239 0.720590 0.911298 -0.196672 0.316847 0.174436

seq-01/frame-000098.color.png -0.827579 -0.531425 0.728667 0.907955 -0.192776 0.326185 0.178948

seq-01/frame-000099.color.png -0.837188 -0.535257 0.736730 0.904879 -0.188245 0.334900 0.183201

seq-01/frame-000100.color.png -0.842331 -0.542768 0.745263 0.901805 -0.186905 0.341749 0.187046

seq-01/frame-000101.color.png -0.847329 -0.550897 0.752917 0.898602 -0.185644 0.348675 0.190891

seq-01/frame-000102.color.png -0.850576 -0.559093 0.760443 0.895587 -0.183944 0.355573 0.193960

seq-01/frame-000103.color.png -0.854908 -0.567688 0.767436 0.892431 -0.182721 0.362926 0.196033

seq-01/frame-000104.color.png -0.858819 -0.576833 0.774352 0.889079 -0.180763 0.371130 0.197707

seq-01/frame-000105.color.png -0.864166 -0.584862 0.780605 0.885919 -0.177464 0.378879 0.200169

seq-01/frame-000106.color.png -0.869605 -0.592996 0.786111 0.883173 -0.173416 0.385504 0.203181

seq-01/frame-000107.color.png -0.873346 -0.600544 0.791030 0.881611 -0.169335 0.390659 0.203559

seq-01/frame-000108.color.png -0.877351 -0.607599 0.795964 0.879989 -0.166711 0.395659 0.203085

seq-01/frame-000109.color.png -0.882877 -0.613429 0.800374 0.878486 -0.163705 0.399970 0.203594

seq-01/frame-000110.color.png -0.892523 -0.626351 0.808730 0.876447 -0.157808 0.406087 0.204925

seq-01/frame-000111.color.png -0.896367 -0.632657 0.812571 0.876150 -0.155841 0.408039 0.203817

seq-01/frame-000112.color.png -0.899704 -0.637955 0.815619 0.876302 -0.153477 0.409378 0.202268

seq-01/frame-000113.color.png -0.905617 -0.642050 0.818532 0.876597 -0.151485 0.409953 0.201325

seq-01/frame-000114.color.png -0.909199 -0.648446 0.820817 0.877705 -0.149834 0.408521 0.200641

seq-01/frame-000115.color.png -0.918234 -0.658966 0.825216 0.881674 -0.145962 0.403469 0.196267

seq-01/frame-000116.color.png -0.921951 -0.667104 0.827932 0.884673 -0.144220 0.398657 0.193877

seq-01/frame-000117.color.png -0.926503 -0.674783 0.830775 0.888501 -0.141546 0.393290 0.189253

seq-01/frame-000118.color.png -0.930483 -0.680283 0.832974 0.892416 -0.138664 0.387939 0.183937

seq-01/frame-000119.color.png -0.934044 -0.685705 0.834639 0.896431 -0.136632 0.381131 0.180123

seq-01/frame-000120.color.png -0.939946 -0.698959 0.837982 0.904054 -0.135276 0.366812 0.172622

seq-01/frame-000121.color.png -0.943274 -0.704330 0.840460 0.907142 -0.136153 0.361087 0.167735

seq-01/frame-000122.color.png -0.945348 -0.708742 0.841361 0.909580 -0.138255 0.355479 0.164767

seq-01/frame-000123.color.png -0.947233 -0.713690 0.841693 0.911755 -0.140434 0.349544 0.163591

seq-01/frame-000124.color.png -0.952119 -0.716151 0.841961 0.914224 -0.141374 0.343929 0.160882

seq-01/frame-000125.color.png -0.955622 -0.718500 0.841619 0.916547 -0.142056 0.338356 0.158870

seq-01/frame-000126.color.png -0.964890 -0.720178 0.840909 0.921819 -0.144285 0.325111 0.153940

seq-01/frame-000127.color.png -0.971302 -0.717722 0.839925 0.925452 -0.144387 0.316813 0.149273

seq-01/frame-000128.color.png -0.975448 -0.717588 0.839126 0.928396 -0.144728 0.309305 0.146385

seq-01/frame-000129.color.png -0.979433 -0.716501 0.837634 0.931643 -0.144497 0.301062 0.143129

seq-01/frame-000130.color.png -0.983004 -0.714952 0.835652 0.935348 -0.144409 0.291229 0.139353

seq-01/frame-000131.color.png -0.986748 -0.713956 0.833675 0.939145 -0.144192 0.281915 0.133054

seq-01/frame-000132.color.png -0.990691 -0.713377 0.831358 0.942354 -0.143550 0.274139 0.127177

seq-01/frame-000133.color.png -0.993526 -0.713685 0.827132 0.945271 -0.142246 0.265875 0.124506

seq-01/frame-000134.color.png -0.998476 -0.710696 0.823455 0.948361 -0.140229 0.257653 0.120523

seq-01/frame-000135.color.png -0.999113 -0.711710 0.819323 0.950848 -0.139760 0.250283 0.116948

seq-01/frame-000136.color.png -1.000014 -0.710964 0.814306 0.952990 -0.138446 0.243348 0.115708

seq-01/frame-000137.color.png -1.001685 -0.709769 0.809435 0.955299 -0.137640 0.235686 0.113462

seq-01/frame-000138.color.png -1.002624 -0.709552 0.803972 0.957732 -0.136552 0.227715 0.110505

seq-01/frame-000139.color.png -1.003107 -0.709084 0.798327 0.960031 -0.136002 0.220375 0.106022

seq-01/frame-000140.color.png -1.001424 -0.708445 0.791073 0.962437 -0.134429 0.212100 0.103053

seq-01/frame-000141.color.png -1.000100 -0.707638 0.784491 0.964696 -0.133928 0.203908 0.099043

seq-01/frame-000142.color.png -0.999707 -0.707562 0.777057 0.966573 -0.134322 0.196796 0.094495

seq-01/frame-000143.color.png -0.997551 -0.705618 0.768281 0.968650 -0.132808 0.188975 0.091269

seq-01/frame-000144.color.png -0.995097 -0.705008 0.760988 0.970541 -0.132566 0.181069 0.087482

seq-01/frame-000145.color.png -0.992374 -0.703135 0.753155 0.971965 -0.133623 0.174273 0.083787

seq-01/frame-000146.color.png -0.989097 -0.700451 0.744604 0.973304 -0.133917 0.167573 0.081406

seq-01/frame-000147.color.png -0.984596 -0.700332 0.735315 0.974863 -0.133686 0.159418 0.079491

seq-01/frame-000148.color.png -0.982502 -0.697273 0.727642 0.976265 -0.135120 0.152023 0.074171

seq-01/frame-000149.color.png -0.979480 -0.693438 0.718745 0.977338 -0.136666 0.145338 0.070520

seq-01/frame-000150.color.png -0.976135 -0.688261 0.708669 0.978766 -0.136313 0.137235 0.067560

seq-01/frame-000151.color.png -0.975873 -0.682668 0.700036 0.979991 -0.137350 0.129624 0.062548

seq-01/frame-000152.color.png -0.971265 -0.679026 0.690325 0.980886 -0.139485 0.121498 0.060061

seq-01/frame-000153.color.png -0.964561 -0.677708 0.678248 0.982049 -0.140378 0.111018 0.059251

seq-01/frame-000154.color.png -0.958981 -0.676992 0.668271 0.983114 -0.141710 0.100045 0.057957

seq-01/frame-000155.color.png -0.955340 -0.674923 0.658710 0.983893 -0.143411 0.090018 0.056990

seq-01/frame-000156.color.png -0.954567 -0.670537 0.649728 0.984712 -0.144700 0.080500 0.053728

seq-01/frame-000157.color.png -0.952927 -0.666433 0.641092 0.985323 -0.146557 0.070998 0.050798

seq-01/frame-000158.color.png -0.952370 -0.661586 0.632712 0.985814 -0.148465 0.061206 0.048425

seq-01/frame-000159.color.png -0.952983 -0.655686 0.624480 0.986270 -0.149907 0.051747 0.045639

seq-01/frame-000160.color.png -0.954154 -0.651734 0.617449 0.986408 -0.152866 0.042425 0.042344

seq-01/frame-000161.color.png -0.954016 -0.648177 0.611002 0.986146 -0.156883 0.033712 0.041575

seq-01/frame-000162.color.png -0.955123 -0.644370 0.603770 0.985857 -0.160251 0.025924 0.041183

seq-01/frame-000163.color.png -0.954660 -0.643854 0.603664 0.985893 -0.160044 0.026047 0.041029

seq-01/frame-000164.color.png -0.955906 -0.639674 0.596410 0.985607 -0.162870 0.017888 0.041167

seq-01/frame-000165.color.png -0.956725 -0.635310 0.588974 0.985429 -0.164445 0.010907 0.041591

seq-01/frame-000166.color.png -0.956574 -0.635456 0.589009 0.985405 -0.164551 0.010787 0.041767

seq-01/frame-000167.color.png -0.956847 -0.634856 0.588805 0.985465 -0.164254 0.010985 0.041465

seq-01/frame-000168.color.png -0.957564 -0.631334 0.581870 0.985242 -0.165919 0.006110 0.041145

seq-01/frame-000169.color.png -0.958467 -0.626492 0.575510 0.985082 -0.167201 0.002465 0.040151

seq-01/frame-000170.color.png -0.959391 -0.622662 0.569014 0.984974 -0.168009 -0.002080 0.039438

seq-01/frame-000171.color.png -0.959768 -0.616893 0.562795 0.984958 -0.168207 -0.006401 0.038523

seq-01/frame-000172.color.png -0.961234 -0.612110 0.556614 0.984808 -0.169209 -0.010059 0.037166

seq-01/frame-000173.color.png -0.962233 -0.607178 0.550131 0.984753 -0.169583 -0.013444 0.035817

seq-01/frame-000174.color.png -0.963827 -0.601881 0.543015 0.984989 -0.168154 -0.016635 0.034709

seq-01/frame-000175.color.png -0.963740 -0.601426 0.542773 0.985035 -0.167922 -0.016577 0.034576

seq-01/frame-000176.color.png -0.965702 -0.596426 0.536353 0.985295 -0.166087 -0.020509 0.033911

seq-01/frame-000177.color.png -0.967089 -0.592500 0.531069 0.985331 -0.165719 -0.023842 0.032446

seq-01/frame-000178.color.png -0.968623 -0.588553 0.525163 0.985395 -0.165225 -0.026232 0.031145

seq-01/frame-000179.color.png -0.968819 -0.588228 0.525059 0.985434 -0.165053 -0.026179 0.030877

seq-01/frame-000180.color.png -0.970543 -0.584691 0.519411 0.985422 -0.164769 -0.029626 0.029615

seq-01/frame-000181.color.png -0.972645 -0.580683 0.513253 0.985450 -0.164274 -0.033315 0.027435

seq-01/frame-000182.color.png -0.973937 -0.577434 0.507563 0.985355 -0.164489 -0.036310 0.025719

seq-01/frame-000183.color.png -0.975809 -0.573236 0.501492 0.985215 -0.164954 -0.039411 0.023450

seq-01/frame-000184.color.png -0.975148 -0.573463 0.501755 0.985185 -0.165039 -0.039596 0.023783

seq-01/frame-000185.color.png -0.976589 -0.569625 0.495094 0.985015 -0.165268 -0.043552 0.022251

seq-01/frame-000186.color.png -0.977748 -0.565064 0.488462 0.984906 -0.164930 -0.047742 0.020955

seq-01/frame-000187.color.png -0.977698 -0.560628 0.482636 0.984358 -0.166915 -0.052390 0.019858

seq-01/frame-000188.color.png -0.979135 -0.556521 0.476561 0.983590 -0.170624 -0.055367 0.018254

seq-01/frame-000189.color.png -0.980022 -0.551206 0.469588 0.983049 -0.173019 -0.058117 0.016202

seq-01/frame-000190.color.png -0.979691 -0.546932 0.463452 0.982345 -0.176479 -0.060066 0.014308

seq-01/frame-000191.color.png -0.979416 -0.541558 0.458058 0.981357 -0.181631 -0.061141 0.013055

seq-01/frame-000192.color.png -0.979408 -0.540673 0.457734 0.981423 -0.181299 -0.061103 0.012907

seq-01/frame-000193.color.png -0.979639 -0.536295 0.450966 0.980297 -0.186879 -0.062199 0.013585

seq-01/frame-000194.color.png -0.978279 -0.530647 0.443836 0.979596 -0.190116 -0.063040 0.015278

seq-01/frame-000195.color.png -0.977407 -0.525300 0.437529 0.978829 -0.194083 -0.062934 0.014972

seq-01/frame-000196.color.png -0.976496 -0.522113 0.431839 0.977951 -0.198922 -0.061667 0.014122

seq-01/frame-000197.color.png -0.974349 -0.518840 0.425925 0.977300 -0.202199 -0.061222 0.014548

seq-01/frame-000198.color.png -0.972253 -0.514131 0.419927 0.976744 -0.204914 -0.061281 0.013624

seq-01/frame-000199.color.png -0.972465 -0.513728 0.419508 0.976780 -0.204735 -0.061277 0.013719

seq-01/frame-000200.color.png -0.969838 -0.509988 0.414178 0.976008 -0.208843 -0.060161 0.011545

seq-01/frame-000201.color.png -0.966506 -0.509384 0.409032 0.975160 -0.213375 -0.058236 0.010085

seq-01/frame-000202.color.png -0.961722 -0.506804 0.403247 0.974748 -0.215542 -0.056825 0.011718

seq-01/frame-000203.color.png -0.957815 -0.503023 0.397286 0.974292 -0.217862 -0.055367 0.013573

seq-01/frame-000204.color.png -0.951115 -0.499830 0.391922 0.973633 -0.220877 -0.054910 0.013974

seq-01/frame-000205.color.png -0.951215 -0.499471 0.391831 0.973671 -0.220723 -0.054898 0.013825

seq-01/frame-000206.color.png -0.943915 -0.498256 0.387157 0.972913 -0.224399 -0.053472 0.013567

seq-01/frame-000207.color.png -0.935138 -0.493261 0.381871 0.972338 -0.227242 -0.051935 0.013443

seq-01/frame-000208.color.png -0.925880 -0.491700 0.377219 0.971249 -0.232206 -0.050460 0.012935

seq-01/frame-000209.color.png -0.914360 -0.489238 0.372393 0.970264 -0.236733 -0.048311 0.013034

seq-01/frame-000210.color.png -0.901956 -0.489315 0.368567 0.969042 -0.241916 -0.046557 0.014976

seq-01/frame-000211.color.png -0.890135 -0.486982 0.363077 0.968234 -0.245301 -0.045635 0.015052

seq-01/frame-000212.color.png -0.890699 -0.486575 0.362696 0.968268 -0.245155 -0.045631 0.015226

seq-01/frame-000213.color.png -0.877041 -0.485750 0.357189 0.967418 -0.248837 -0.044106 0.013984

seq-01/frame-000214.color.png -0.862338 -0.485483 0.352592 0.966810 -0.251598 -0.042302 0.012077

seq-01/frame-000215.color.png -0.847085 -0.483884 0.347881 0.966214 -0.254143 -0.040951 0.011047

seq-01/frame-000216.color.png -0.830036 -0.483194 0.342801 0.965216 -0.258194 -0.039498 0.009607

seq-01/frame-000217.color.png -0.830241 -0.483213 0.342681 0.965210 -0.258193 -0.039651 0.009543

seq-01/frame-000218.color.png -0.814744 -0.483397 0.337307 0.964203 -0.262304 -0.037700 0.006712

seq-01/frame-000219.color.png -0.797908 -0.482985 0.331579 0.963238 -0.265995 -0.036885 0.004132

seq-01/frame-000220.color.png -0.781110 -0.481831 0.326335 0.962172 -0.269974 -0.035973 0.001703

seq-01/frame-000221.color.png -0.763594 -0.483838 0.322230 0.960641 -0.275509 -0.034939 -0.000501

seq-01/frame-000222.color.png -0.763914 -0.483530 0.321869 0.960665 -0.275414 -0.035015 -0.000437

seq-01/frame-000223.color.png -0.746301 -0.486144 0.317517 0.959534 -0.279254 -0.035613 -0.001008

seq-01/frame-000224.color.png -0.730025 -0.483774 0.312078 0.959226 -0.280223 -0.036215 -0.002477

seq-01/frame-000225.color.png -0.712167 -0.483515 0.307727 0.958342 -0.283370 -0.034834 -0.005029

seq-01/frame-000226.color.png -0.695313 -0.485906 0.304651 0.957399 -0.286585 -0.034335 -0.005806

seq-01/frame-000227.color.png -0.695452 -0.485944 0.304371 0.957383 -0.286623 -0.034465 -0.005806

seq-01/frame-000228.color.png -0.678863 -0.485992 0.301123 0.957047 -0.287618 -0.035459 -0.005954

seq-01/frame-000229.color.png -0.662352 -0.484906 0.298130 0.956677 -0.288894 -0.034851 -0.007137

seq-01/frame-000230.color.png -0.646476 -0.486912 0.296686 0.955964 -0.291527 -0.032363 -0.007315

seq-01/frame-000231.color.png -0.627830 -0.489479 0.296292 0.955350 -0.293723 -0.030927 -0.005649

seq-01/frame-000232.color.png -0.626957 -0.489758 0.296296 0.955318 -0.293811 -0.031044 -0.005861

seq-01/frame-000233.color.png -0.611247 -0.490007 0.295386 0.954879 -0.295369 -0.030066 -0.003997

seq-01/frame-000234.color.png -0.593447 -0.491029 0.294783 0.954358 -0.297192 -0.028642 -0.003535

seq-01/frame-000235.color.png -0.579174 -0.491170 0.294592 0.954172 -0.298040 -0.026136 -0.001154

seq-01/frame-000236.color.png -0.565308 -0.491752 0.295732 0.953898 -0.299000 -0.025144 0.001450

seq-01/frame-000237.color.png -0.549512 -0.491134 0.296779 0.953796 -0.299380 -0.024381 0.002268

seq-01/frame-000238.color.png -0.549143 -0.491296 0.296823 0.953768 -0.299460 -0.024491 0.002324

seq-01/frame-000239.color.png -0.535436 -0.489572 0.298348 0.953669 -0.299905 -0.022738 0.003278

seq-01/frame-000240.color.png -0.523045 -0.489758 0.301137 0.953130 -0.301680 -0.021220 0.006154

seq-01/frame-000241.color.png -0.509548 -0.489771 0.303696 0.952863 -0.302441 -0.020947 0.009902

seq-01/frame-000242.color.png -0.496250 -0.488598 0.307100 0.952758 -0.302734 -0.020054 0.012561

seq-01/frame-000243.color.png -0.482988 -0.486953 0.311133 0.952419 -0.303845 -0.018555 0.013658

seq-01/frame-000244.color.png -0.482891 -0.486785 0.311218 0.952448 -0.303758 -0.018456 0.013723

seq-01/frame-000245.color.png -0.470988 -0.488239 0.315880 0.951661 -0.306273 -0.016666 0.014712

seq-01/frame-000246.color.png -0.458677 -0.489593 0.320220 0.951550 -0.306655 -0.015088 0.015596

seq-01/frame-000247.color.png -0.444627 -0.488108 0.324416 0.951757 -0.306129 -0.012164 0.015843

seq-01/frame-000248.color.png -0.432502 -0.487323 0.329177 0.951518 -0.306938 -0.008440 0.016938

seq-01/frame-000249.color.png -0.420392 -0.487959 0.334852 0.950895 -0.308774 -0.005973 0.019424

seq-01/frame-000250.color.png -0.420318 -0.488021 0.334882 0.950892 -0.308784 -0.006103 0.019342

seq-01/frame-000251.color.png -0.407817 -0.488136 0.340520 0.950420 -0.310163 -0.004815 0.020800

seq-01/frame-000252.color.png -0.394986 -0.489068 0.347130 0.949746 -0.312272 -0.003466 0.020305

seq-01/frame-000253.color.png -0.382830 -0.491301 0.354324 0.948969 -0.314649 -0.001320 0.020182

seq-01/frame-000254.color.png -0.372096 -0.493253 0.361109 0.948269 -0.316716 0.000868 0.020748

seq-01/frame-000255.color.png -0.371876 -0.493388 0.361243 0.948243 -0.316796 0.000787 0.020736

seq-01/frame-000256.color.png -0.360636 -0.495992 0.368505 0.947500 -0.319001 0.002056 0.020821

seq-01/frame-000257.color.png -0.349018 -0.499444 0.375519 0.946913 -0.320687 0.003090 0.021477

seq-01/frame-000258.color.png -0.337082 -0.501129 0.382017 0.946937 -0.320564 0.003615 0.022143

seq-01/frame-000259.color.png -0.327145 -0.503203 0.389241 0.946748 -0.321166 0.003847 0.021446

seq-01/frame-000260.color.png -0.316849 -0.505297 0.396103 0.946461 -0.322090 0.004126 0.020168

seq-01/frame-000261.color.png -0.316314 -0.505282 0.396053 0.946452 -0.322115 0.004074 0.020215

seq-01/frame-000262.color.png -0.305987 -0.507564 0.403265 0.946044 -0.323350 0.004811 0.019398

seq-01/frame-000263.color.png -0.295544 -0.510907 0.410607 0.945592 -0.324602 0.005680 0.020300

seq-01/frame-000264.color.png -0.295299 -0.510972 0.410733 0.945585 -0.324629 0.005510 0.020202

seq-01/frame-000265.color.png -0.284962 -0.513070 0.416831 0.945550 -0.324592 0.006393 0.022104

seq-01/frame-000266.color.png -0.274462 -0.513896 0.422735 0.945609 -0.324293 0.006488 0.023876

seq-01/frame-000267.color.png -0.264156 -0.515842 0.428733 0.945226 -0.325359 0.005291 0.024804

seq-01/frame-000268.color.png -0.254080 -0.519421 0.433934 0.944844 -0.326421 0.005182 0.025412

seq-01/frame-000269.color.png -0.245916 -0.521548 0.438636 0.945162 -0.325575 0.006102 0.024200

seq-01/frame-000270.color.png -0.245637 -0.521359 0.438547 0.945189 -0.325496 0.006087 0.024218

seq-01/frame-000271.color.png -0.235800 -0.521027 0.442553 0.945699 -0.324177 0.005417 0.022078

seq-01/frame-000272.color.png -0.224451 -0.522611 0.447416 0.945413 -0.325092 0.004120 0.021114

seq-01/frame-000273.color.png -0.214974 -0.526560 0.452250 0.945233 -0.325703 0.003787 0.019795

seq-01/frame-000274.color.png -0.205129 -0.526301 0.455285 0.946138 -0.323203 0.002890 0.017527

seq-01/frame-000275.color.png -0.205300 -0.526290 0.455425 0.946151 -0.323164 0.003001 0.017573

seq-01/frame-000276.color.png -0.194173 -0.525357 0.459328 0.946469 -0.322259 0.000483 0.017291

seq-01/frame-000277.color.png -0.183209 -0.528863 0.464962 0.946036 -0.323508 -0.001829 0.017572

seq-01/frame-000278.color.png -0.171361 -0.531367 0.468897 0.946726 -0.321508 -0.003385 0.016877

seq-01/frame-000279.color.png -0.171223 -0.531457 0.468967 0.946714 -0.321543 -0.003414 0.016860

seq-01/frame-000280.color.png -0.160286 -0.529281 0.471686 0.948062 -0.317544 -0.004041 0.016778

seq-01/frame-000281.color.png -0.148925 -0.529727 0.476489 0.948310 -0.316795 -0.005565 0.016506

seq-01/frame-000282.color.png -0.137059 -0.531804 0.480683 0.948659 -0.315763 -0.007836 0.015218

seq-01/frame-000283.color.png -0.125087 -0.531845 0.483889 0.949778 -0.312379 -0.009892 0.014042

seq-01/frame-000284.color.png -0.113371 -0.530926 0.487245 0.950765 -0.309299 -0.013260 0.012520

seq-01/frame-000285.color.png -0.113390 -0.530657 0.487043 0.950809 -0.309168 -0.013216 0.012533

seq-01/frame-000286.color.png -0.100186 -0.530627 0.490952 0.951381 -0.307261 -0.017625 0.010410

seq-01/frame-000287.color.png -0.087481 -0.531792 0.495052 0.951853 -0.305557 -0.021669 0.009762

seq-01/frame-000288.color.png -0.074689 -0.532327 0.498544 0.952693 -0.302541 -0.026439 0.009962

seq-01/frame-000289.color.png -0.060730 -0.532839 0.502012 0.953571 -0.299301 -0.031704 0.008322

seq-01/frame-000290.color.png -0.045116 -0.533904 0.505394 0.954447 -0.295934 -0.036929 0.006535

seq-01/frame-000291.color.png -0.029994 -0.532558 0.507681 0.955478 -0.291991 -0.041482 0.006012

seq-01/frame-000292.color.png -0.029778 -0.532681 0.507933 0.955461 -0.292047 -0.041460 0.006063

seq-01/frame-000293.color.png -0.015095 -0.531093 0.510714 0.955797 -0.290281 -0.046035 0.004854

seq-01/frame-000294.color.png 0.000485 -0.531958 0.514570 0.955023 -0.291849 -0.051896 0.004020

seq-01/frame-000295.color.png 0.016915 -0.533531 0.517725 0.954349 -0.292847 -0.058243 0.004411

seq-01/frame-000296.color.png 0.033552 -0.533282 0.520615 0.953982 -0.293002 -0.063218 0.005090

seq-01/frame-000297.color.png 0.048569 -0.535267 0.523266 0.953375 -0.293915 -0.068002 0.004293

seq-01/frame-000298.color.png 0.048758 -0.535270 0.523198 0.953366 -0.293919 -0.068123 0.004237

seq-01/frame-000299.color.png 0.065083 -0.536874 0.525881 0.953325 -0.292902 -0.072998 0.002176

seq-01/frame-000300.color.png 0.079240 -0.537172 0.527558 0.953967 -0.290055 -0.075943 0.000903

seq-01/frame-000301.color.png 0.094143 -0.535508 0.529923 0.954477 -0.287285 -0.079947 -0.001609

seq-01/frame-000302.color.png 0.109491 -0.534701 0.533053 0.954048 -0.287658 -0.083552 -0.004255

seq-01/frame-000303.color.png 0.123594 -0.534954 0.535937 0.953304 -0.289245 -0.086473 -0.004888

seq-01/frame-000304.color.png 0.124052 -0.534523 0.535649 0.953359 -0.289036 -0.086560 -0.004995

seq-01/frame-000305.color.png 0.136318 -0.534396 0.537626 0.952842 -0.289645 -0.090204 -0.003789

seq-01/frame-000306.color.png 0.149476 -0.534670 0.540206 0.952097 -0.290712 -0.094575 -0.002655

seq-01/frame-000307.color.png 0.161477 -0.535154 0.541870 0.951788 -0.290907 -0.097072 -0.001600

seq-01/frame-000308.color.png 0.171901 -0.535199 0.543306 0.952004 -0.289283 -0.099779 0.001201

seq-01/frame-000309.color.png 0.182872 -0.533825 0.545007 0.952240 -0.286924 -0.104126 0.004974

seq-01/frame-000310.color.png 0.192690 -0.533220 0.547638 0.952073 -0.286083 -0.107682 0.008438

seq-01/frame-000311.color.png 0.201990 -0.531669 0.549059 0.951928 -0.285159 -0.111117 0.011050

seq-01/frame-000312.color.png 0.201935 -0.531529 0.548814 0.951954 -0.285055 -0.111175 0.010929

seq-01/frame-000313.color.png 0.210922 -0.532061 0.551512 0.951482 -0.285054 -0.114985 0.012500

seq-01/frame-000314.color.png 0.219293 -0.530557 0.553024 0.951567 -0.283486 -0.117946 0.014038

seq-01/frame-000315.color.png 0.227927 -0.528888 0.555504 0.951374 -0.282882 -0.120804 0.014937

seq-01/frame-000316.color.png 0.236187 -0.529895 0.559077 0.950428 -0.284741 -0.123905 0.014465

seq-01/frame-000317.color.png 0.243762 -0.530415 0.561045 0.950252 -0.283768 -0.127471 0.014145

seq-01/frame-000318.color.png 0.251931 -0.529178 0.563000 0.950485 -0.281221 -0.131321 0.014172

seq-01/frame-000319.color.png 0.260747 -0.527623 0.566468 0.950398 -0.279828 -0.135035 0.012547

seq-01/frame-000320.color.png 0.269995 -0.527461 0.570270 0.950064 -0.279925 -0.137276 0.011264

seq-01/frame-000321.color.png 0.279050 -0.526626 0.573302 0.950149 -0.278279 -0.139880 0.012746

seq-01/frame-000322.color.png 0.290000 -0.523360 0.576915 0.950239 -0.276431 -0.142708 0.014765

seq-01/frame-000323.color.png 0.299921 -0.521476 0.581206 0.949846 -0.277084 -0.144050 0.014788

seq-01/frame-000324.color.png 0.309743 -0.520482 0.585615 0.949572 -0.277187 -0.145738 0.013901

seq-01/frame-000325.color.png 0.320023 -0.519301 0.590626 0.949404 -0.276521 -0.148068 0.014004

seq-01/frame-000326.color.png 0.330960 -0.517551 0.595900 0.949363 -0.275487 -0.150162 0.014854

seq-01/frame-000327.color.png 0.341227 -0.515247 0.599934 0.949659 -0.273540 -0.151903 0.014187

seq-01/frame-000328.color.png 0.350797 -0.515215 0.605913 0.949719 -0.271726 -0.154901 0.012510

seq-01/frame-000329.color.png 0.351119 -0.514977 0.605937 0.949738 -0.271604 -0.155000 0.012452

seq-01/frame-000330.color.png 0.361933 -0.513671 0.611766 0.949770 -0.269359 -0.158735 0.011740

seq-01/frame-000331.color.png 0.372285 -0.512314 0.616459 0.949969 -0.266789 -0.161959 0.010173

seq-01/frame-000332.color.png 0.383168 -0.510202 0.621855 0.950190 -0.264234 -0.164982 0.007188

seq-01/frame-000333.color.png 0.394938 -0.511105 0.630131 0.949350 -0.265012 -0.168623 0.004488

seq-01/frame-000334.color.png 0.405577 -0.512927 0.636089 0.947777 -0.267071 -0.174086 0.006100

seq-01/frame-000335.color.png 0.415722 -0.513502 0.639959 0.947015 -0.265900 -0.179918 0.006301

seq-01/frame-000336.color.png 0.425485 -0.513927 0.644792 0.946524 -0.263997 -0.185332 0.000659

seq-01/frame-000337.color.png 0.434936 -0.515585 0.649962 0.945765 -0.263530 -0.189749 -0.005227

seq-01/frame-000338.color.png 0.445020 -0.517866 0.655598 0.944490 -0.264029 -0.195295 -0.006230

seq-01/frame-000339.color.png 0.454012 -0.519138 0.659357 0.942991 -0.264165 -0.202181 -0.007627

seq-01/frame-000340.color.png 0.462606 -0.520977 0.664073 0.941455 -0.264228 -0.208786 -0.014289

seq-01/frame-000341.color.png 0.470360 -0.523839 0.668729 0.940227 -0.263390 -0.214740 -0.020880

seq-01/frame-000342.color.png 0.478701 -0.527057 0.674020 0.938208 -0.263191 -0.223398 -0.023241

seq-01/frame-000343.color.png 0.486602 -0.527117 0.677377 0.936070 -0.263028 -0.232155 -0.025355

seq-01/frame-000344.color.png 0.494032 -0.528362 0.681413 0.933751 -0.263816 -0.239890 -0.030212

seq-01/frame-000345.color.png 0.499845 -0.532341 0.685257 0.931386 -0.264660 -0.247581 -0.033593

seq-01/frame-000346.color.png 0.507306 -0.533358 0.687200 0.929539 -0.262712 -0.256168 -0.035597

seq-01/frame-000347.color.png 0.514580 -0.534740 0.690004 0.927908 -0.261184 -0.263050 -0.039033

seq-01/frame-000348.color.png 0.521856 -0.535838 0.692315 0.925937 -0.259532 -0.270784 -0.043704

seq-01/frame-000349.color.png 0.528639 -0.536942 0.694571 0.923699 -0.257946 -0.278531 -0.051129

seq-01/frame-000350.color.png 0.534798 -0.539764 0.697271 0.921677 -0.257106 -0.284765 -0.057149

seq-01/frame-000351.color.png 0.542153 -0.540499 0.699369 0.919518 -0.255077 -0.292089 -0.063684

seq-01/frame-000352.color.png 0.548896 -0.541313 0.702008 0.916995 -0.253550 -0.299315 -0.072054

seq-01/frame-000353.color.png 0.555448 -0.544022 0.704889 0.914104 -0.252517 -0.306861 -0.080219

seq-01/frame-000354.color.png 0.563086 -0.546399 0.708038 0.911092 -0.251077 -0.314845 -0.087706

seq-01/frame-000355.color.png 0.572085 -0.546976 0.711413 0.908180 -0.248541 -0.323089 -0.094854

seq-01/frame-000356.color.png 0.581016 -0.547728 0.714907 0.904639 -0.247428 -0.331716 -0.101590

seq-01/frame-000357.color.png 0.589835 -0.548766 0.718591 0.901043 -0.246511 -0.340095 -0.107878

seq-01/frame-000358.color.png 0.598857 -0.550054 0.722702 0.897601 -0.245568 -0.348241 -0.112631

seq-01/frame-000359.color.png 0.610023 -0.549827 0.727053 0.893517 -0.244602 -0.357767 -0.117247

seq-01/frame-000360.color.png 0.620970 -0.550494 0.731399 0.888338 -0.244636 -0.368114 -0.124288

seq-01/frame-000361.color.png 0.630120 -0.555318 0.736392 0.883018 -0.243792 -0.378836 -0.131436

seq-01/frame-000362.color.png 0.642630 -0.556648 0.741117 0.877847 -0.239720 -0.391165 -0.137316

seq-01/frame-000363.color.png 0.656271 -0.555965 0.745084 0.872180 -0.236088 -0.403494 -0.143888

seq-01/frame-000364.color.png 0.670678 -0.555261 0.748203 0.865792 -0.234443 -0.415171 -0.151725

seq-01/frame-000365.color.png 0.683129 -0.557820 0.751621 0.859095 -0.235530 -0.425140 -0.160259

seq-01/frame-000366.color.png 0.696319 -0.559380 0.753754 0.852680 -0.237467 -0.434143 -0.167367

seq-01/frame-000367.color.png 0.707023 -0.566194 0.756682 0.844453 -0.240355 -0.444630 -0.177135

seq-01/frame-000368.color.png 0.719280 -0.571882 0.760461 0.836779 -0.237158 -0.456955 -0.186260

seq-01/frame-000369.color.png 0.734916 -0.572713 0.762615 0.831709 -0.232161 -0.466024 -0.192683

seq-01/frame-000370.color.png 0.760011 -0.584483 0.769606 0.823303 -0.227393 -0.481300 -0.196871

seq-01/frame-000371.color.png 0.774291 -0.584262 0.770658 0.820161 -0.222815 -0.489528 -0.194923

seq-01/frame-000372.color.png 0.786737 -0.584634 0.771821 0.817186 -0.220496 -0.496057 -0.193545

seq-01/frame-000373.color.png 0.798026 -0.587214 0.774543 0.814039 -0.219778 -0.502480 -0.191039

seq-01/frame-000374.color.png 0.820691 -0.582475 0.771437 0.808836 -0.217417 -0.513359 -0.186869

seq-01/frame-000375.color.png 0.828165 -0.581998 0.769188 0.804367 -0.217947 -0.518427 -0.191490

seq-01/frame-000376.color.png 0.834713 -0.589914 0.772720 0.801070 -0.217139 -0.521562 -0.197618

seq-01/frame-000377.color.png 0.851480 -0.593512 0.770969 0.799495 -0.207026 -0.526930 -0.200586

seq-01/frame-000378.color.png 0.858688 -0.596529 0.770730 0.798550 -0.204533 -0.529088 -0.201226

seq-01/frame-000379.color.png 0.874392 -0.592928 0.763881 0.798013 -0.196358 -0.532793 -0.201723

seq-01/frame-000380.color.png 0.880399 -0.592368 0.759494 0.796986 -0.194857 -0.533962 -0.204135

seq-01/frame-000381.color.png 0.887059 -0.592366 0.756595 0.795102 -0.193297 -0.535953 -0.207715

seq-01/frame-000382.color.png 0.899082 -0.594472 0.749075 0.792043 -0.188629 -0.539111 -0.215377

seq-01/frame-000383.color.png 0.906146 -0.592975 0.743257 0.791287 -0.187226 -0.540188 -0.216677

seq-01/frame-000384.color.png 0.914818 -0.590393 0.739637 0.789879 -0.187969 -0.541967 -0.216731

seq-01/frame-000385.color.png 0.929618 -0.591535 0.734794 0.783831 -0.194594 -0.549041 -0.215026

seq-01/frame-000386.color.png 0.938099 -0.586411 0.727120 0.782525 -0.197094 -0.550972 -0.212553

seq-01/frame-000387.color.png 0.953521 -0.585037 0.718130 0.781232 -0.198461 -0.551492 -0.214675

seq-01/frame-000388.color.png 0.963063 -0.579855 0.710520 0.783511 -0.196742 -0.548486 -0.215652

seq-01/frame-000389.color.png 0.971418 -0.579615 0.702596 0.785935 -0.197547 -0.544483 -0.216238

seq-01/frame-000390.color.png 0.990729 -0.575271 0.689129 0.790727 -0.198130 -0.538967 -0.212014

seq-01/frame-000391.color.png 1.001311 -0.571270 0.681793 0.793070 -0.199745 -0.535686 -0.210052

seq-01/frame-000392.color.png 1.018223 -0.569674 0.669977 0.797597 -0.205157 -0.526851 -0.210045

seq-01/frame-000393.color.png 1.027848 -0.573082 0.667742 0.800673 -0.207484 -0.522265 -0.207494

seq-01/frame-000394.color.png 1.050777 -0.570570 0.660349 0.808177 -0.203645 -0.514468 -0.201597

seq-01/frame-000395.color.png 1.061192 -0.565228 0.651603 0.814051 -0.200416 -0.506366 -0.201714

seq-01/frame-000396.color.png 1.071493 -0.564645 0.649786 0.817630 -0.201094 -0.500434 -0.201366

seq-01/frame-000397.color.png 1.092165 -0.567311 0.648552 0.819505 -0.206419 -0.497187 -0.196339

seq-01/frame-000398.color.png 1.102199 -0.569244 0.647569 0.820365 -0.206579 -0.495264 -0.197436

seq-01/frame-000399.color.png 1.113128 -0.570553 0.645356 0.822823 -0.204058 -0.491544 -0.199121

seq-01/frame-000400.color.png 1.132857 -0.575427 0.645972 0.826409 -0.199779 -0.487140 -0.199432

seq-01/frame-000401.color.png 1.144246 -0.577145 0.646721 0.827034 -0.199714 -0.487038 -0.197138

seq-01/frame-000402.color.png 1.165064 -0.577314 0.647495 0.827338 -0.199102 -0.488183 -0.193621

seq-01/frame-000403.color.png 1.176591 -0.577318 0.651484 0.827164 -0.198280 -0.489072 -0.192964

seq-01/frame-000404.color.png 1.186740 -0.577065 0.653613 0.827275 -0.199185 -0.489003 -0.191725

seq-01/frame-000405.color.png 1.205415 -0.580928 0.663130 0.824388 -0.201562 -0.494270 -0.188139

seq-01/frame-000406.color.png 1.215396 -0.580481 0.666191 0.823983 -0.200715 -0.495501 -0.187578

seq-01/frame-000407.color.png 1.225473 -0.582959 0.673021 0.823139 -0.200006 -0.497366 -0.187104

seq-01/frame-000408.color.png 1.248878 -0.575717 0.682099 0.820720 -0.198197 -0.502194 -0.186758

seq-01/frame-000409.color.png 1.259474 -0.576211 0.687761 0.817229 -0.201936 -0.505697 -0.188599

seq-01/frame-000410.color.png 1.279729 -0.589261 0.707089 0.809951 -0.207655 -0.514159 -0.190887

seq-01/frame-000411.color.png 1.293014 -0.591807 0.717070 0.807907 -0.206505 -0.517979 -0.190470

seq-01/frame-000412.color.png 1.305226 -0.593588 0.720249 0.807410 -0.205261 -0.519633 -0.189414

seq-01/frame-000413.color.png 1.331527 -0.592183 0.733511 0.805383 -0.202547 -0.524008 -0.188911

seq-01/frame-000414.color.png 1.343384 -0.596468 0.742021 0.803307 -0.203236 -0.526765 -0.189340

seq-01/frame-000415.color.png 1.367109 -0.599994 0.757484 0.799698 -0.202069 -0.532802 -0.188978

seq-01/frame-000416.color.png 1.379299 -0.599653 0.763812 0.799133 -0.200091 -0.534453 -0.188807

seq-01/frame-000417.color.png 1.400229 -0.600228 0.772691 0.799540 -0.200300 -0.533827 -0.188632

seq-01/frame-000418.color.png 1.410574 -0.603674 0.778853 0.799039 -0.202511 -0.534375 -0.186835

seq-01/frame-000419.color.png 1.430009 -0.608544 0.790117 0.797211 -0.205878 -0.536752 -0.184131

seq-01/frame-000420.color.png 1.439990 -0.613045 0.796051 0.797632 -0.206444 -0.536333 -0.182891

seq-01/frame-000421.color.png 1.448616 -0.614825 0.795541 0.799094 -0.205464 -0.535100 -0.181213

seq-01/frame-000422.color.png 1.468977 -0.618425 0.802045 0.800197 -0.202279 -0.535448 -0.178891

seq-01/frame-000423.color.png 1.477760 -0.622706 0.804945 0.800670 -0.201081 -0.535414 -0.178225

seq-01/frame-000424.color.png 1.497000 -0.620847 0.807979 0.803906 -0.194602 -0.533671 -0.176062

seq-01/frame-000425.color.png 1.503246 -0.623332 0.810020 0.804695 -0.193160 -0.532618 -0.177230

seq-01/frame-000426.color.png 1.519655 -0.621963 0.808025 0.808056 -0.187988 -0.529244 -0.177611

seq-01/frame-000427.color.png 1.524713 -0.625678 0.806910 0.809885 -0.187749 -0.525998 -0.179166

seq-01/frame-000428.color.png 1.540495 -0.629371 0.810237 0.813794 -0.185160 -0.521208 -0.178141

seq-01/frame-000429.color.png 1.548472 -0.629754 0.810728 0.815433 -0.184074 -0.519442 -0.176929

seq-01/frame-000430.color.png 1.563839 -0.633807 0.811103 0.818511 -0.181533 -0.516144 -0.174986

seq-01/frame-000431.color.png 1.574198 -0.632967 0.812667 0.819932 -0.178513 -0.515131 -0.174422

seq-01/frame-000432.color.png 1.592106 -0.635329 0.812926 0.824561 -0.174781 -0.509057 -0.174215

seq-01/frame-000433.color.png 1.602107 -0.635963 0.814465 0.825631 -0.172888 -0.508103 -0.173817

seq-01/frame-000434.color.png 1.623133 -0.629881 0.816034 0.828610 -0.168473 -0.504461 -0.174582

seq-01/frame-000435.color.png 1.632466 -0.629652 0.816802 0.830269 -0.169631 -0.500544 -0.176840

seq-01/frame-000436.color.png 1.645219 -0.637874 0.820161 0.830707 -0.174913 -0.497451 -0.178359

seq-01/frame-000437.color.png 1.653515 -0.636875 0.821256 0.831297 -0.175319 -0.496546 -0.177733

seq-01/frame-000438.color.png 1.667003 -0.637805 0.823389 0.832770 -0.175495 -0.493122 -0.180179

seq-01/frame-000439.color.png 1.672609 -0.633814 0.823870 0.833757 -0.175437 -0.490701 -0.182270

seq-01/frame-000440.color.png 1.677769 -0.643977 0.829207 0.833790 -0.185379 -0.485172 -0.187017

seq-01/frame-000441.color.png 1.680682 -0.647735 0.832427 0.833378 -0.188892 -0.484682 -0.186606

seq-01/frame-000442.color.png 1.683487 -0.649970 0.837227 0.832336 -0.192105 -0.485511 -0.185823

seq-01/frame-000443.color.png 1.685815 -0.657014 0.847120 0.829773 -0.198322 -0.487576 -0.185344

seq-01/frame-000444.color.png 1.685456 -0.663256 0.853877 0.828405 -0.199695 -0.489167 -0.185796

seq-01/frame-000445.color.png 1.685559 -0.669735 0.868202 0.827825 -0.198776 -0.490229 -0.186566

seq-01/frame-000446.color.png 1.686749 -0.674135 0.876549 0.827578 -0.198379 -0.490824 -0.186522

seq-01/frame-000447.color.png 1.686734 -0.677410 0.883708 0.827398 -0.198222 -0.491414 -0.185933

seq-01/frame-000448.color.png 1.685647 -0.687631 0.902986 0.826061 -0.197389 -0.494668 -0.184124

seq-01/frame-000449.color.png 1.684214 -0.693026 0.913468 0.825026 -0.196514 -0.496901 -0.183689

seq-01/frame-000450.color.png 1.684530 -0.695857 0.923345 0.824048 -0.194851 -0.499380 -0.183124

seq-01/frame-000451.color.png 1.680347 -0.702816 0.946959 0.820024 -0.192601 -0.505690 -0.186225

seq-01/frame-000452.color.png 1.672967 -0.713984 0.971146 0.817031 -0.188947 -0.510108 -0.191010

seq-01/frame-000453.color.png 1.668412 -0.718662 0.983440 0.815018 -0.187992 -0.513185 -0.192307

seq-01/frame-000454.color.png 1.664866 -0.723407 0.995977 0.812122 -0.186655 -0.517482 -0.194335

seq-01/frame-000455.color.png 1.654279 -0.734467 1.022743 0.807206 -0.182415 -0.525346 -0.197713

seq-01/frame-000456.color.png 1.649308 -0.737690 1.036516 0.805331 -0.179659 -0.528911 -0.198377

seq-01/frame-000457.color.png 1.638241 -0.743084 1.062656 0.800948 -0.176745 -0.536004 -0.199695

seq-01/frame-000458.color.png 1.631531 -0.745358 1.076268 0.798078 -0.177701 -0.539826 -0.200041

seq-01/frame-000459.color.png 1.616327 -0.752114 1.103051 0.790795 -0.177973 -0.548361 -0.205436

seq-01/frame-000460.color.png 1.609993 -0.753197 1.116045 0.788556 -0.176015 -0.550783 -0.209212

seq-01/frame-000461.color.png 1.594507 -0.757347 1.138611 0.785267 -0.176682 -0.553106 -0.214817

seq-01/frame-000462.color.png 1.587614 -0.758484 1.148478 0.783353 -0.179249 -0.554335 -0.216505

seq-01/frame-000463.color.png 1.567173 -0.766303 1.169716 0.776835 -0.186896 -0.558589 -0.222505

seq-01/frame-000464.color.png 1.559145 -0.768398 1.178510 0.774728 -0.189887 -0.560522 -0.222457

seq-01/frame-000465.color.png 1.545755 -0.767198 1.196892 0.769312 -0.194542 -0.565376 -0.224931

seq-01/frame-000466.color.png 1.537942 -0.767175 1.203198 0.767444 -0.196997 -0.565907 -0.227824

seq-01/frame-000467.color.png 1.518884 -0.771469 1.216627 0.764786 -0.203472 -0.564467 -0.234543

seq-01/frame-000468.color.png 1.512641 -0.771020 1.222366 0.764305 -0.205533 -0.563432 -0.236793

seq-01/frame-000469.color.png 1.502506 -0.773030 1.227961 0.763358 -0.208695 -0.562162 -0.240076

seq-01/frame-000470.color.png 1.483236 -0.777824 1.238947 0.761644 -0.213986 -0.560252 -0.245268

seq-01/frame-000471.color.png 1.476252 -0.776975 1.244509 0.761390 -0.215410 -0.558630 -0.248490

seq-01/frame-000472.color.png 1.451883 -0.784364 1.253175 0.759716 -0.220911 -0.554716 -0.257392

seq-01/frame-000473.color.png 1.440244 -0.788198 1.258314 0.758542 -0.223728 -0.553240 -0.261564

seq-01/frame-000474.color.png 1.429299 -0.792682 1.263053 0.757762 -0.226214 -0.551617 -0.265092

seq-01/frame-000475.color.png 1.399168 -0.804014 1.272898 0.755528 -0.227742 -0.550321 -0.272741

seq-01/frame-000476.color.png 1.387253 -0.807528 1.276703 0.756482 -0.227472 -0.548497 -0.273992

seq-01/frame-000477.color.png 1.378023 -0.808944 1.279820 0.756517 -0.228805 -0.547753 -0.274275

seq-01/frame-000478.color.png 1.349112 -0.818268 1.291662 0.751353 -0.231656 -0.551201 -0.279125

seq-01/frame-000479.color.png 1.333954 -0.822519 1.295239 0.750029 -0.231784 -0.551702 -0.281579

seq-01/frame-000480.color.png 1.308178 -0.830193 1.304775 0.749447 -0.232244 -0.552008 -0.282150

seq-01/frame-000481.color.png 1.297712 -0.830924 1.309662 0.749239 -0.231317 -0.553037 -0.281447

seq-01/frame-000482.color.png 1.284275 -0.833214 1.313555 0.748920 -0.230983 -0.553547 -0.281568

seq-01/frame-000483.color.png 1.261902 -0.836234 1.323185 0.748698 -0.230250 -0.555159 -0.279575

seq-01/frame-000484.color.png 1.248879 -0.837769 1.326686 0.748806 -0.230144 -0.555628 -0.278440

seq-01/frame-000485.color.png 1.237768 -0.839231 1.331789 0.748811 -0.229853 -0.556247 -0.277429

seq-01/frame-000486.color.png 1.214013 -0.840266 1.339488 0.750730 -0.230269 -0.555631 -0.273098

seq-01/frame-000487.color.png 1.202490 -0.839547 1.344775 0.751161 -0.232205 -0.555091 -0.271369

seq-01/frame-000488.color.png 1.176406 -0.842407 1.352348 0.750451 -0.235617 -0.556484 -0.267510

seq-01/frame-000489.color.png 1.164572 -0.842004 1.356838 0.749677 -0.237289 -0.557589 -0.265898

seq-01/frame-000490.color.png 1.151553 -0.842887 1.359200 0.749299 -0.237472 -0.558603 -0.264667

seq-01/frame-000491.color.png 1.128919 -0.842767 1.362648 0.752559 -0.234387 -0.556753 -0.262053

seq-01/frame-000492.color.png 1.115945 -0.842606 1.366637 0.753880 -0.233098 -0.556681 -0.259548

seq-01/frame-000493.color.png 1.092356 -0.841965 1.372081 0.753505 -0.234312 -0.558596 -0.255395

seq-01/frame-000494.color.png 1.076819 -0.844200 1.373583 0.753880 -0.234096 -0.559600 -0.252270

seq-01/frame-000495.color.png 1.066129 -0.841789 1.376257 0.756653 -0.229511 -0.559778 -0.247746

seq-01/frame-000496.color.png 1.040949 -0.838942 1.380478 0.761653 -0.226814 -0.556773 -0.241604

seq-01/frame-000497.color.png 1.028859 -0.837259 1.383017 0.763068 -0.225089 -0.556576 -0.239193

seq-01/frame-000498.color.png 1.014242 -0.835494 1.386773 0.763472 -0.223373 -0.557033 -0.238449

seq-01/frame-000499.color.png 0.985099 -0.834167 1.391361 0.766026 -0.225983 -0.553536 -0.235930

seq-01/frame-000500.color.png 0.970978 -0.832891 1.396053 0.764684 -0.229864 -0.554499 -0.234265

seq-01/frame-000501.color.png 0.956382 -0.830663 1.399606 0.762538 -0.233583 -0.555973 -0.234088

seq-01/frame-000502.color.png 0.926392 -0.826815 1.404974 0.762013 -0.234976 -0.557238 -0.231381

seq-01/frame-000503.color.png 0.913049 -0.822326 1.406859 0.764229 -0.233728 -0.555443 -0.229646

seq-01/frame-000504.color.png 0.898683 -0.823125 1.408862 0.765628 -0.236881 -0.552755 -0.228236

seq-01/frame-000505.color.png 0.870884 -0.825351 1.414482 0.762202 -0.243539 -0.556358 -0.223899

seq-01/frame-000506.color.png 0.859955 -0.821747 1.415460 0.761129 -0.244535 -0.558476 -0.221171

seq-01/frame-000507.color.png 0.838701 -0.816157 1.418079 0.761359 -0.246175 -0.557687 -0.220551

seq-01/frame-000508.color.png 0.828073 -0.813658 1.418445 0.762926 -0.245598 -0.555791 -0.220568

seq-01/frame-000509.color.png 0.819124 -0.809814 1.417992 0.766356 -0.245167 -0.551400 -0.220179

seq-01/frame-000510.color.png 0.809001 -0.810006 1.417622 0.769168 -0.247818 -0.545993 -0.220876

seq-01/frame-000511.color.png 0.788003 -0.811889 1.418533 0.771440 -0.253595 -0.542009 -0.216158

seq-01/frame-000512.color.png 0.779819 -0.809198 1.418117 0.772702 -0.255097 -0.540329 -0.214078

seq-01/frame-000513.color.png 0.770074 -0.809529 1.417687 0.773455 -0.257226 -0.538574 -0.213234

seq-01/frame-000514.color.png 0.757579 -0.802667 1.414440 0.776666 -0.255316 -0.535564 -0.211432

seq-01/frame-000515.color.png 0.749354 -0.800637 1.412067 0.779158 -0.256358 -0.531126 -0.212195

seq-01/frame-000516.color.png 0.739685 -0.802109 1.410554 0.780911 -0.259229 -0.527424 -0.211496

seq-01/frame-000517.color.png 0.725888 -0.796423 1.405186 0.783984 -0.263076 -0.522551 -0.207437

seq-01/frame-000518.color.png 0.717690 -0.794890 1.401509 0.785215 -0.264075 -0.520255 -0.207281

seq-01/frame-000519.color.png 0.711029 -0.791193 1.397949 0.787768 -0.263869 -0.516985 -0.206037

seq-01/frame-000520.color.png 0.696290 -0.787544 1.387796 0.795015 -0.264554 -0.506738 -0.202754

seq-01/frame-000521.color.png 0.689743 -0.784232 1.382471 0.798240 -0.265369 -0.502610 -0.199261

seq-01/frame-000522.color.png 0.682846 -0.781179 1.376743 0.800925 -0.267607 -0.498506 -0.195773

seq-01/frame-000523.color.png 0.675915 -0.779343 1.371366 0.802706 -0.270861 -0.495405 -0.191840

seq-01/frame-000524.color.png 0.670709 -0.773363 1.364623 0.804781 -0.272742 -0.492501 -0.187918

seq-01/frame-000525.color.png 0.658171 -0.764275 1.350626 0.809212 -0.278374 -0.483294 -0.184501

seq-01/frame-000526.color.png 0.650533 -0.761538 1.343593 0.811008 -0.283153 -0.478000 -0.183131

seq-01/frame-000527.color.png 0.642526 -0.759770 1.335688 0.812051 -0.287978 -0.473714 -0.182120

seq-01/frame-000528.color.png 0.634936 -0.757997 1.327427 0.813963 -0.291401 -0.469243 -0.179697

seq-01/frame-000529.color.png 0.629934 -0.753992 1.318447 0.816646 -0.292097 -0.464965 -0.177507

seq-01/frame-000530.color.png 0.617507 -0.748251 1.300344 0.823034 -0.292686 -0.453957 -0.175512

seq-01/frame-000531.color.png 0.610718 -0.747525 1.292217 0.825929 -0.294264 -0.448635 -0.172941

seq-01/frame-000532.color.png 0.602865 -0.747166 1.283829 0.827797 -0.296262 -0.444983 -0.170006

seq-01/frame-000533.color.png 0.597435 -0.745538 1.274675 0.829653 -0.296300 -0.442685 -0.166866

seq-01/frame-000534.color.png 0.587613 -0.738944 1.256157 0.835811 -0.291429 -0.436007 -0.162231

seq-01/frame-000535.color.png 0.582984 -0.737743 1.249475 0.838614 -0.290435 -0.432155 -0.159840

seq-01/frame-000536.color.png 0.576070 -0.736709 1.241969 0.840707 -0.290520 -0.429261 -0.156453

seq-01/frame-000537.color.png 0.570368 -0.735009 1.234448 0.841634 -0.291122 -0.428269 -0.153033

seq-01/frame-000538.color.png 0.566119 -0.730386 1.226317 0.842191 -0.290714 -0.428074 -0.151278

seq-01/frame-000539.color.png 0.561067 -0.725061 1.218288 0.842780 -0.289904 -0.426748 -0.153282

seq-01/frame-000540.color.png 0.554081 -0.723156 1.211466 0.843762 -0.289254 -0.423707 -0.157488

seq-01/frame-000541.color.png 0.537477 -0.723143 1.201354 0.846210 -0.289073 -0.417905 -0.160167

seq-01/frame-000542.color.png 0.529293 -0.723356 1.197054 0.846438 -0.288483 -0.418366 -0.158818

seq-01/frame-000543.color.png 0.523049 -0.720147 1.191192 0.847560 -0.286658 -0.418687 -0.155251

seq-01/frame-000544.color.png 0.516688 -0.715466 1.185456 0.848691 -0.285435 -0.417775 -0.153777

seq-01/frame-000545.color.png 0.506746 -0.714918 1.181272 0.848211 -0.285542 -0.418071 -0.155411

seq-01/frame-000546.color.png 0.497400 -0.712542 1.176751 0.847655 -0.284366 -0.419824 -0.155874

seq-01/frame-000547.color.png 0.478549 -0.708587 1.167364 0.847116 -0.282363 -0.422296 -0.155768

seq-01/frame-000548.color.png 0.470013 -0.705757 1.162568 0.847046 -0.279914 -0.423923 -0.156149

seq-01/frame-000549.color.png 0.459619 -0.702887 1.157515 0.847914 -0.278027 -0.423711 -0.155383

seq-01/frame-000550.color.png 0.449312 -0.700546 1.153941 0.847601 -0.277827 -0.424668 -0.154837

seq-01/frame-000551.color.png 0.438147 -0.699524 1.150670 0.846375 -0.278143 -0.426917 -0.154791

seq-01/frame-000552.color.png 0.428304 -0.696691 1.147104 0.845677 -0.277211 -0.429217 -0.153910

seq-01/frame-000553.color.png 0.407296 -0.691091 1.140567 0.844450 -0.276310 -0.432091 -0.154227

seq-01/frame-000554.color.png 0.396151 -0.690996 1.138831 0.843291 -0.276974 -0.434016 -0.153971

seq-01/frame-000555.color.png 0.385236 -0.688740 1.135516 0.842537 -0.276054 -0.436547 -0.152587

seq-01/frame-000556.color.png 0.374375 -0.685478 1.131507 0.841364 -0.275250 -0.439433 -0.152233

seq-01/frame-000557.color.png 0.363245 -0.684121 1.127799 0.839778 -0.275077 -0.442223 -0.153217

seq-01/frame-000558.color.png 0.341783 -0.680151 1.119267 0.837293 -0.272855 -0.447774 -0.154660

seq-01/frame-000559.color.png 0.329826 -0.678530 1.114192 0.835451 -0.272255 -0.450751 -0.157013

seq-01/frame-000560.color.png 0.318526 -0.679736 1.110645 0.833355 -0.271092 -0.454420 -0.159564

seq-01/frame-000561.color.png 0.307925 -0.678497 1.105337 0.832521 -0.267649 -0.457574 -0.160714

seq-01/frame-000562.color.png 0.296863 -0.676869 1.100076 0.832313 -0.264819 -0.459357 -0.161391

seq-01/frame-000563.color.png 0.285488 -0.677828 1.096507 0.831165 -0.264055 -0.462018 -0.160965

seq-01/frame-000564.color.png 0.275891 -0.677324 1.093090 0.829492 -0.263966 -0.465904 -0.158519

seq-01/frame-000565.color.png 0.256531 -0.672401 1.082071 0.826294 -0.261790 -0.472847 -0.158270

seq-01/frame-000566.color.png 0.246563 -0.674086 1.078828 0.824804 -0.261942 -0.474816 -0.159885

seq-01/frame-000567.color.png 0.237832 -0.673802 1.074444 0.824373 -0.260584 -0.476304 -0.159905

seq-01/frame-000568.color.png 0.229477 -0.673602 1.071570 0.823100 -0.259624 -0.478887 -0.160307

seq-01/frame-000569.color.png 0.214695 -0.673183 1.064044 0.821042 -0.256858 -0.483644 -0.161032

seq-01/frame-000570.color.png 0.208150 -0.673157 1.061388 0.819776 -0.255775 -0.486138 -0.161693

seq-01/frame-000571.color.png 0.201112 -0.673688 1.056635 0.818741 -0.254771 -0.488275 -0.162082

seq-01/frame-000572.color.png 0.194886 -0.672592 1.053075 0.817471 -0.252826 -0.491102 -0.162995

seq-01/frame-000573.color.png 0.188485 -0.672194 1.048340 0.816271 -0.250994 -0.493096 -0.165795

seq-01/frame-000574.color.png 0.176337 -0.677248 1.040218 0.813382 -0.247669 -0.498336 -0.169287

seq-01/frame-000575.color.png 0.171423 -0.675501 1.034719 0.811802 -0.244661 -0.502088 -0.170158

seq-01/frame-000576.color.png 0.165838 -0.677149 1.028341 0.810246 -0.242867 -0.504766 -0.172206

seq-01/frame-000577.color.png 0.161804 -0.679161 1.024111 0.808827 -0.240252 -0.507866 -0.173426

seq-01/frame-000578.color.png 0.153568 -0.680057 1.014043 0.806485 -0.235003 -0.513115 -0.176056

seq-01/frame-000579.color.png 0.150873 -0.681059 1.009067 0.805724 -0.232970 -0.515274 -0.175934

seq-01/frame-000580.color.png 0.148090 -0.680977 1.003361 0.805113 -0.230900 -0.517395 -0.175235

seq-01/frame-000581.color.png 0.145164 -0.682357 0.998024 0.804289 -0.228945 -0.519408 -0.175627

seq-01/frame-000582.color.png 0.142573 -0.683046 0.985551 0.805788 -0.223696 -0.520513 -0.172217

seq-01/frame-000583.color.png 0.141661 -0.682795 0.979500 0.805633 -0.221270 -0.522281 -0.170715

seq-01/frame-000584.color.png 0.140794 -0.684952 0.974264 0.804943 -0.219734 -0.524328 -0.169679

seq-01/frame-000585.color.png 0.141038 -0.685824 0.967268 0.805871 -0.217151 -0.524784 -0.167170

seq-01/frame-000586.color.png 0.144569 -0.682744 0.952353 0.808977 -0.209830 -0.524591 -0.162042

seq-01/frame-000587.color.png 0.147158 -0.682843 0.946546 0.810630 -0.207203 -0.523924 -0.159296

seq-01/frame-000588.color.png 0.150800 -0.681252 0.939719 0.811982 -0.204103 -0.523651 -0.157298

seq-01/frame-000589.color.png 0.154714 -0.680428 0.932351 0.814002 -0.201682 -0.522115 -0.155072

seq-01/frame-000590.color.png 0.164967 -0.678962 0.919006 0.819013 -0.196718 -0.518001 -0.148735

seq-01/frame-000591.color.png 0.170809 -0.678654 0.911969 0.821052 -0.194312 -0.516522 -0.145770

seq-01/frame-000592.color.png 0.177698 -0.676515 0.905741 0.823973 -0.190662 -0.514246 -0.142107

seq-01/frame-000593.color.png 0.192349 -0.674010 0.891438 0.829470 -0.183764 -0.509207 -0.137278

seq-01/frame-000594.color.png 0.200118 -0.671662 0.883717 0.832062 -0.179941 -0.506910 -0.135142

seq-01/frame-000595.color.png 0.207827 -0.671553 0.876785 0.834554 -0.176946 -0.504013 -0.134565

seq-01/frame-000596.color.png 0.215831 -0.670779 0.870455 0.836883 -0.174358 -0.501285 -0.133671

seq-01/frame-000597.color.png 0.230567 -0.671271 0.856553 0.841238 -0.169993 -0.495675 -0.132871

seq-01/frame-000598.color.png 0.239759 -0.670320 0.850541 0.843944 -0.167782 -0.492033 -0.132058

seq-01/frame-000599.color.png 0.249725 -0.669867 0.846186 0.846254 -0.166217 -0.488832 -0.131135

seq-01/frame-000600.color.png 0.258737 -0.669967 0.840986 0.848804 -0.164902 -0.485416 -0.128988

seq-01/frame-000601.color.png 0.278205 -0.669653 0.832288 0.852666 -0.162986 -0.479811 -0.126906

seq-01/frame-000602.color.png 0.288268 -0.670009 0.827563 0.855038 -0.160801 -0.476630 -0.125718

seq-01/frame-000603.color.png 0.297667 -0.667988 0.821442 0.858149 -0.158662 -0.472047 -0.124525

seq-01/frame-000604.color.png 0.319040 -0.666514 0.811150 0.862350 -0.157428 -0.465286 -0.122504

seq-01/frame-000605.color.png 0.328302 -0.666478 0.805450 0.864290 -0.157105 -0.461764 -0.122572

seq-01/frame-000606.color.png 0.338239 -0.665992 0.799876 0.866452 -0.156250 -0.457878 -0.122974

seq-01/frame-000607.color.png 0.351112 -0.662005 0.797554 0.868813 -0.154674 -0.454067 -0.122442

seq-01/frame-000608.color.png 0.362717 -0.659459 0.793952 0.871031 -0.154689 -0.449667 -0.122898

seq-01/frame-000609.color.png 0.385238 -0.660710 0.785349 0.875475 -0.155314 -0.441236 -0.121086

seq-01/frame-000610.color.png 0.396704 -0.658954 0.781234 0.878353 -0.153101 -0.437175 -0.117744

seq-01/frame-000611.color.png 0.406677 -0.656370 0.776718 0.880721 -0.152301 -0.433096 -0.116153

seq-01/frame-000612.color.png 0.417223 -0.655996 0.773147 0.882549 -0.153345 -0.429351 -0.114804

seq-01/frame-000613.color.png 0.435954 -0.654406 0.766102 0.885254 -0.155372 -0.423813 -0.111793

seq-01/frame-000614.color.png 0.444245 -0.653631 0.763114 0.886420 -0.157534 -0.420343 -0.112619

seq-01/frame-000615.color.png 0.453129 -0.654872 0.760344 0.887687 -0.158805 -0.416936 -0.113518

seq-01/frame-000616.color.png 0.461992 -0.654599 0.758248 0.889686 -0.159945 -0.412657 -0.111893

seq-01/frame-000617.color.png 0.470114 -0.656044 0.757443 0.890945 -0.161566 -0.409592 -0.110799

seq-01/frame-000618.color.png 0.488495 -0.654411 0.753495 0.894347 -0.160303 -0.403227 -0.108552

seq-01/frame-000619.color.png 0.497551 -0.655324 0.752228 0.896509 -0.159997 -0.398995 -0.106797

seq-01/frame-000620.color.png 0.508385 -0.654507 0.751830 0.898036 -0.159035 -0.396559 -0.104456

seq-01/frame-000621.color.png 0.518359 -0.653420 0.750602 0.899569 -0.158768 -0.393842 -0.101915

seq-01/frame-000622.color.png 0.527790 -0.653440 0.749639 0.900795 -0.159399 -0.391446 -0.099298

seq-01/frame-000623.color.png 0.548316 -0.649536 0.746514 0.903352 -0.157773 -0.387043 -0.095868

seq-01/frame-000624.color.png 0.557983 -0.648462 0.744948 0.904568 -0.159465 -0.383876 -0.094316

seq-01/frame-000625.color.png 0.568200 -0.647265 0.742930 0.905413 -0.160252 -0.381489 -0.094563

seq-01/frame-000626.color.png 0.577537 -0.645399 0.740583 0.906968 -0.160488 -0.377661 -0.094628

seq-01/frame-000627.color.png 0.586819 -0.644938 0.738741 0.908438 -0.161034 -0.373914 -0.094482

seq-01/frame-000628.color.png 0.597789 -0.643132 0.737726 0.909344 -0.162232 -0.371526 -0.093127

seq-01/frame-000629.color.png 0.619569 -0.640198 0.732800 0.911127 -0.165145 -0.366281 -0.091343

seq-01/frame-000630.color.png 0.630877 -0.635934 0.730166 0.912353 -0.165451 -0.362959 -0.091810

seq-01/frame-000631.color.png 0.641066 -0.636360 0.728385 0.913373 -0.168386 -0.358678 -0.093141

seq-01/frame-000632.color.png 0.650052 -0.639275 0.725967 0.913539 -0.172213 -0.356350 -0.093452

seq-01/frame-000633.color.png 0.661142 -0.638336 0.722764 0.913673 -0.173912 -0.355365 -0.092746

seq-01/frame-000634.color.png 0.671158 -0.636863 0.719031 0.913730 -0.175027 -0.354450 -0.093589

seq-01/frame-000635.color.png 0.690150 -0.634362 0.710665 0.914737 -0.174546 -0.352005 -0.093879

seq-01/frame-000636.color.png 0.699291 -0.634445 0.706597 0.914842 -0.176343 -0.350738 -0.094233

seq-01/frame-000637.color.png 0.709118 -0.633156 0.702298 0.914827 -0.177437 -0.350391 -0.093609

seq-01/frame-000638.color.png 0.719128 -0.631615 0.697858 0.914978 -0.178264 -0.349972 -0.092118

seq-01/frame-000639.color.png 0.729708 -0.631004 0.692803 0.915210 -0.179728 -0.348885 -0.091091

seq-01/frame-000640.color.png 0.748898 -0.629292 0.681937 0.916455 -0.179448 -0.345890 -0.090539

seq-01/frame-000641.color.png 0.756977 -0.628974 0.676666 0.917314 -0.178881 -0.343522 -0.091976

seq-01/frame-000642.color.png 0.764615 -0.628424 0.672031 0.917732 -0.179320 -0.341552 -0.094259

seq-01/frame-000643.color.png 0.772480 -0.627325 0.666868 0.917829 -0.180478 -0.339952 -0.096847

seq-01/frame-000644.color.png 0.779821 -0.626605 0.661492 0.918171 -0.181678 -0.337935 -0.098406

seq-01/frame-000645.color.png 0.788458 -0.624800 0.657282 0.918633 -0.182542 -0.335940 -0.099326

seq-01/frame-000646.color.png 0.801891 -0.622961 0.646676 0.919306 -0.184750 -0.332542 -0.100446

seq-01/frame-000647.color.png 0.808580 -0.622538 0.642116 0.919884 -0.186100 -0.330522 -0.099322

seq-01/frame-000648.color.png 0.815748 -0.620681 0.637504 0.919880 -0.187089 -0.330084 -0.098959

seq-01/frame-000649.color.png 0.822603 -0.619237 0.632960 0.919735 -0.188914 -0.329494 -0.098803

seq-01/frame-000650.color.png 0.829046 -0.618146 0.627728 0.920340 -0.189956 -0.327428 -0.098035

seq-01/frame-000651.color.png 0.836060 -0.617274 0.622738 0.921245 -0.190797 -0.324940 -0.096168

seq-01/frame-000652.color.png 0.848988 -0.614740 0.614177 0.922271 -0.192796 -0.322117 -0.091740

seq-01/frame-000653.color.png 0.856233 -0.613003 0.609439 0.922403 -0.194461 -0.321250 -0.089916

seq-01/frame-000654.color.png 0.863042 -0.610719 0.603227 0.923122 -0.194761 -0.319412 -0.088423

seq-01/frame-000655.color.png 0.870422 -0.606910 0.597563 0.924199 -0.194469 -0.316421 -0.088576

seq-01/frame-000656.color.png 0.877054 -0.605898 0.592824 0.924987 -0.195986 -0.313009 -0.089122

seq-01/frame-000657.color.png 0.882756 -0.604256 0.586537 0.925672 -0.197557 -0.310059 -0.088848

seq-01/frame-000658.color.png 0.896840 -0.599369 0.574132 0.927059 -0.199385 -0.305168 -0.087226

seq-01/frame-000659.color.png 0.904360 -0.596098 0.567006 0.927815 -0.199814 -0.302877 -0.086188

seq-01/frame-000660.color.png 0.910594 -0.592197 0.559797 0.928616 -0.200937 -0.299799 -0.085716

seq-01/frame-000661.color.png 0.917039 -0.589801 0.553076 0.928999 -0.203055 -0.297311 -0.085236

seq-01/frame-000662.color.png 0.923130 -0.586982 0.545892 0.929466 -0.204226 -0.295337 -0.084204

seq-01/frame-000663.color.png 0.937445 -0.578087 0.529769 0.930750 -0.205183 -0.290712 -0.083788

seq-01/frame-000664.color.png 0.944911 -0.573070 0.521950 0.931268 -0.206437 -0.287912 -0.084611

seq-01/frame-000665.color.png 0.950044 -0.570419 0.514879 0.931667 -0.208084 -0.285178 -0.085443

seq-01/frame-000666.color.png 0.955863 -0.566824 0.507388 0.931988 -0.208877 -0.283309 -0.086217

seq-01/frame-000667.color.png 0.961266 -0.563156 0.499857 0.932198 -0.210187 -0.281287 -0.087375

seq-01/frame-000668.color.png 0.966797 -0.560231 0.493037 0.932393 -0.211374 -0.279313 -0.088751

seq-01/frame-000669.color.png 0.979818 -0.551295 0.477986 0.932493 -0.213642 -0.276801 -0.090129

seq-01/frame-000670.color.png 0.984910 -0.549603 0.472150 0.931794 -0.216562 -0.276237 -0.092098

seq-01/frame-000671.color.png 0.988827 -0.548618 0.465692 0.931470 -0.217762 -0.275723 -0.094069

seq-01/frame-000672.color.png 0.995551 -0.542163 0.459257 0.931565 -0.217248 -0.275193 -0.095851

seq-01/frame-000673.color.png 1.001516 -0.538693 0.454800 0.930783 -0.219821 -0.274456 -0.099618

seq-01/frame-000674.color.png 1.005172 -0.538745 0.450706 0.929953 -0.222915 -0.273489 -0.103087

seq-01/frame-000675.color.png 1.016307 -0.533999 0.444589 0.928582 -0.226574 -0.273666 -0.106932

seq-01/frame-000676.color.png 1.020784 -0.532263 0.441718 0.928314 -0.228130 -0.272558 -0.108762

seq-01/frame-000677.color.png 1.025045 -0.530110 0.439427 0.927809 -0.228797 -0.272526 -0.111711

seq-01/frame-000678.color.png 1.030715 -0.527310 0.437992 0.927118 -0.229630 -0.272909 -0.114768

seq-01/frame-000679.color.png 1.036146 -0.525636 0.437571 0.926294 -0.231359 -0.273182 -0.117274

seq-01/frame-000680.color.png 1.045269 -0.525300 0.438520 0.924083 -0.233659 -0.276247 -0.122841

seq-01/frame-000681.color.png 1.049283 -0.523906 0.437933 0.923976 -0.232590 -0.276958 -0.124064

seq-01/frame-000682.color.png 1.055941 -0.519922 0.439915 0.923414 -0.231301 -0.279557 -0.124827

seq-01/frame-000683.color.png 1.062779 -0.518108 0.443751 0.922225 -0.232739 -0.282167 -0.125070

seq-01/frame-000684.color.png 1.068777 -0.516345 0.447020 0.921157 -0.233889 -0.284457 -0.125608

seq-01/frame-000685.color.png 1.072361 -0.518230 0.451910 0.919780 -0.234144 -0.287940 -0.127271

seq-01/frame-000686.color.png 1.086314 -0.510605 0.460694 0.917876 -0.228959 -0.297015 -0.129579

seq-01/frame-000687.color.png 1.093892 -0.508110 0.467173 0.916151 -0.228769 -0.301833 -0.130983

seq-01/frame-000688.color.png 1.100864 -0.505749 0.473668 0.914542 -0.229132 -0.306121 -0.131640

seq-01/frame-000689.color.png 1.108956 -0.501740 0.480316 0.912916 -0.228529 -0.310926 -0.132706

seq-01/frame-000690.color.png 1.116091 -0.498049 0.488423 0.910830 -0.228491 -0.316047 -0.134987

seq-01/frame-000691.color.png 1.124952 -0.492076 0.496313 0.908965 -0.228748 -0.319802 -0.138238

seq-01/frame-000692.color.png 1.134608 -0.493058 0.513443 0.904337 -0.233315 -0.326679 -0.144727

seq-01/frame-000693.color.png 1.140556 -0.492011 0.522148 0.902146 -0.233033 -0.332119 -0.146465

seq-01/frame-000694.color.png 1.148172 -0.488521 0.530966 0.900464 -0.231323 -0.336992 -0.148377

seq-01/frame-000695.color.png 1.155091 -0.484516 0.539265 0.899623 -0.230167 -0.339526 -0.149499

seq-01/frame-000696.color.png 1.162309 -0.480177 0.548444 0.897787 -0.230455 -0.343478 -0.151053

seq-01/frame-000697.color.png 1.167217 -0.479251 0.557995 0.895314 -0.232151 -0.348025 -0.152718

seq-01/frame-000698.color.png 1.178209 -0.476159 0.577541 0.892286 -0.230954 -0.355121 -0.155886

seq-01/frame-000699.color.png 1.182458 -0.473793 0.586706 0.891256 -0.229293 -0.358047 -0.157528

seq-01/frame-000700.color.png 1.187440 -0.469856 0.593886 0.890868 -0.228158 -0.359808 -0.157355

seq-01/frame-000701.color.png 1.191733 -0.468334 0.603380 0.890050 -0.228551 -0.361771 -0.156911

seq-01/frame-000702.color.png 1.196552 -0.463349 0.611559 0.889654 -0.227406 -0.363723 -0.156307

seq-01/frame-000703.color.png 1.204298 -0.455457 0.627995 0.886464 -0.231144 -0.367267 -0.160606

seq-01/frame-000704.color.png 1.202510 -0.457605 0.637547 0.885270 -0.232446 -0.368470 -0.162540

seq-01/frame-000705.color.png 1.205002 -0.453532 0.643869 0.885128 -0.230541 -0.369992 -0.162570

seq-01/frame-000706.color.png 1.207712 -0.447446 0.650826 0.884592 -0.229079 -0.371868 -0.163272

seq-01/frame-000707.color.png 1.208085 -0.442954 0.656575 0.883825 -0.230276 -0.372698 -0.163850

seq-01/frame-000708.color.png 1.206153 -0.441055 0.675085 0.881043 -0.233325 -0.377247 -0.164104

seq-01/frame-000709.color.png 1.204629 -0.436512 0.680831 0.880790 -0.232795 -0.378347 -0.163681

seq-01/frame-000710.color.png 1.203310 -0.432080 0.685655 0.879813 -0.232371 -0.380575 -0.164369

seq-01/frame-000711.color.png 1.201414 -0.426622 0.691462 0.879020 -0.231577 -0.382115 -0.166155

seq-01/frame-000712.color.png 1.197914 -0.425147 0.699368 0.877783 -0.230773 -0.383894 -0.169672

seq-01/frame-000713.color.png 1.196437 -0.419916 0.705149 0.877842 -0.227771 -0.384515 -0.172000

seq-01/frame-000714.color.png 1.190949 -0.409034 0.714530 0.876312 -0.227130 -0.386178 -0.176855

seq-01/frame-000715.color.png 1.186431 -0.407340 0.720202 0.874624 -0.227651 -0.388578 -0.179266

seq-01/frame-000716.color.png 1.183005 -0.400934 0.722896 0.873779 -0.225515 -0.390705 -0.181448

seq-01/frame-000717.color.png 1.180859 -0.394181 0.729160 0.873071 -0.224429 -0.391793 -0.183842

seq-01/frame-000718.color.png 1.172807 -0.384328 0.739205 0.870600 -0.226085 -0.394377 -0.187962

seq-01/frame-000719.color.png 1.166523 -0.380372 0.743240 0.869117 -0.227082 -0.395777 -0.190658

seq-01/frame-000720.color.png 1.159945 -0.376419 0.746908 0.868097 -0.226805 -0.396624 -0.193846

seq-01/frame-000721.color.png 1.153839 -0.372943 0.752379 0.867588 -0.225390 -0.397075 -0.196828

seq-01/frame-000722.color.png 1.148128 -0.368250 0.756468 0.867339 -0.224165 -0.397214 -0.199032

seq-01/frame-000723.color.png 1.142591 -0.363609 0.760915 0.866074 -0.224188 -0.399114 -0.200706

seq-01/frame-000724.color.png 1.126088 -0.355136 0.767562 0.863367 -0.226395 -0.402122 -0.203863

seq-01/frame-000725.color.png 1.118306 -0.352785 0.773049 0.861875 -0.227248 -0.404321 -0.204874

seq-01/frame-000726.color.png 1.109992 -0.348813 0.778104 0.859488 -0.226781 -0.408397 -0.207319

seq-01/frame-000727.color.png 1.100429 -0.343942 0.778262 0.858460 -0.226984 -0.409717 -0.208747

seq-01/frame-000728.color.png 1.091401 -0.340428 0.781665 0.856328 -0.226728 -0.413055 -0.211191

seq-01/frame-000729.color.png 1.080665 -0.334102 0.779292 0.854554 -0.225591 -0.415811 -0.214161

seq-01/frame-000730.color.png 1.071612 -0.328749 0.782398 0.852053 -0.224394 -0.419128 -0.218865

seq-01/frame-000731.color.png 1.060567 -0.324841 0.782865 0.849861 -0.224477 -0.420897 -0.223851

seq-01/frame-000732.color.png 1.049687 -0.321725 0.785450 0.847380 -0.225106 -0.423718 -0.227275

seq-01/frame-000733.color.png 1.028383 -0.313797 0.784151 0.842958 -0.223445 -0.430377 -0.232779

seq-01/frame-000734.color.png 1.018481 -0.309451 0.785589 0.841207 -0.221951 -0.432365 -0.236823

seq-01/frame-000735.color.png 1.008296 -0.305667 0.784521 0.839693 -0.221128 -0.433950 -0.240045

seq-01/frame-000736.color.png 0.999275 -0.302945 0.788725 0.837654 -0.221145 -0.436589 -0.242359

seq-01/frame-000737.color.png 0.990112 -0.299021 0.789354 0.836057 -0.221897 -0.438689 -0.243389

seq-01/frame-000738.color.png 0.982470 -0.295108 0.793435 0.834034 -0.223616 -0.440991 -0.244592

seq-01/frame-000739.color.png 0.972448 -0.295798 0.795971 0.831621 -0.226943 -0.442963 -0.246175

seq-01/frame-000740.color.png 0.964503 -0.294568 0.799057 0.830363 -0.227358 -0.445006 -0.246354

seq-01/frame-000741.color.png 0.958151 -0.289298 0.800292 0.829693 -0.226527 -0.446645 -0.246413

seq-01/frame-000742.color.png 0.950682 -0.287221 0.804001 0.827440 -0.227960 -0.449190 -0.248034

seq-01/frame-000743.color.png 0.942012 -0.286262 0.805220 0.825680 -0.229667 -0.450712 -0.249558

seq-01/frame-000744.color.png 0.933796 -0.285655 0.807594 0.824294 -0.230343 -0.452251 -0.250728

seq-01/frame-000745.color.png 0.919878 -0.284552 0.811816 0.821387 -0.228749 -0.456666 -0.253708

seq-01/frame-000746.color.png 0.913840 -0.284434 0.815608 0.819841 -0.227558 -0.459441 -0.254764

seq-01/frame-000747.color.png 0.908221 -0.284296 0.819139 0.817949 -0.226237 -0.463213 -0.255190

seq-01/frame-000748.color.png 0.902811 -0.282764 0.821058 0.816751 -0.225233 -0.465894 -0.255036

seq-01/frame-000749.color.png 0.896799 -0.281738 0.823233 0.814811 -0.224607 -0.469131 -0.255857

seq-01/frame-000750.color.png 0.890166 -0.281304 0.824398 0.813092 -0.224157 -0.471649 -0.257089

seq-01/frame-000751.color.png 0.883929 -0.281155 0.826361 0.810978 -0.223218 -0.474842 -0.258701

seq-01/frame-000752.color.png 0.870765 -0.283531 0.831535 0.807363 -0.220594 -0.480260 -0.262230

seq-01/frame-000753.color.png 0.864810 -0.283245 0.832533 0.805800 -0.218636 -0.483616 -0.262508

seq-01/frame-000754.color.png 0.858248 -0.283389 0.834277 0.803784 -0.217220 -0.487610 -0.262477

seq-01/frame-000755.color.png 0.851878 -0.283340 0.835924 0.801699 -0.216135 -0.491515 -0.262465

seq-01/frame-000756.color.png 0.844945 -0.283986 0.838643 0.798892 -0.215061 -0.496435 -0.262644

seq-01/frame-000757.color.png 0.838632 -0.281717 0.840054 0.796581 -0.213710 -0.500917 -0.262255

seq-01/frame-000758.color.png 0.833145 -0.281055 0.844005 0.793324 -0.213611 -0.505134 -0.264113

seq-01/frame-000759.color.png 0.823602 -0.284990 0.846794 0.789584 -0.214240 -0.509253 -0.266885

seq-01/frame-000760.color.png 0.810686 -0.285498 0.852322 0.784074 -0.211732 -0.518997 -0.266359

seq-01/frame-000761.color.png 0.804587 -0.286237 0.855251 0.780267 -0.212600 -0.523804 -0.267434

seq-01/frame-000762.color.png 0.795239 -0.289666 0.855062 0.777847 -0.213375 -0.526326 -0.268909

seq-01/frame-000763.color.png 0.788513 -0.292593 0.858474 0.775559 -0.211321 -0.529843 -0.270231

seq-01/frame-000764.color.png 0.782067 -0.294653 0.861894 0.773648 -0.208402 -0.533038 -0.271689

seq-01/frame-000765.color.png 0.776467 -0.295965 0.865768 0.772272 -0.205846 -0.535569 -0.272570

seq-01/frame-000766.color.png 0.770709 -0.297550 0.869031 0.771141 -0.205695 -0.537410 -0.272263

seq-01/frame-000767.color.png 0.757617 -0.301152 0.873592 0.768544 -0.206503 -0.542102 -0.269680

seq-01/frame-000768.color.png 0.752981 -0.302635 0.878876 0.767114 -0.206267 -0.544055 -0.269998

seq-01/frame-000769.color.png 0.746263 -0.305221 0.881054 0.766098 -0.206355 -0.545225 -0.270456

seq-01/frame-000770.color.png 0.742553 -0.307339 0.886249 0.764619 -0.205537 -0.547427 -0.270817

seq-01/frame-000771.color.png 0.734135 -0.308807 0.892186 0.762451 -0.203521 -0.550118 -0.272989

seq-01/frame-000772.color.png 0.729392 -0.311739 0.895792 0.761516 -0.204448 -0.550670 -0.273791

seq-01/frame-000773.color.png 0.724879 -0.314676 0.898597 0.760446 -0.205231 -0.551843 -0.273816

seq-01/frame-000774.color.png 0.721131 -0.318922 0.902897 0.759484 -0.205247 -0.553023 -0.274093

seq-01/frame-000775.color.png 0.716217 -0.322193 0.903602 0.759894 -0.204115 -0.553115 -0.273616

seq-01/frame-000776.color.png 0.711807 -0.327911 0.911646 0.759579 -0.202188 -0.554555 -0.273004

seq-01/frame-000777.color.png 0.709403 -0.330959 0.916101 0.759465 -0.201172 -0.555223 -0.272715

seq-01/frame-000778.color.png 0.708193 -0.333519 0.921455 0.759878 -0.200132 -0.555127 -0.272525

seq-01/frame-000779.color.png 0.706101 -0.336862 0.925592 0.759922 -0.200093 -0.555142 -0.272402

seq-01/frame-000780.color.png 0.702784 -0.340545 0.928644 0.760424 -0.199995 -0.554974 -0.271411

seq-01/frame-000781.color.png 0.700649 -0.345926 0.936424 0.761175 -0.197559 -0.555836 -0.269317

seq-01/frame-000782.color.png 0.701281 -0.347033 0.941043 0.762128 -0.196699 -0.555228 -0.268506

seq-01/frame-000783.color.png 0.698614 -0.350356 0.942589 0.763165 -0.197446 -0.553859 -0.267840

seq-01/frame-000784.color.png 0.697950 -0.353446 0.946924 0.763509 -0.197547 -0.553964 -0.266565

seq-01/frame-000785.color.png 0.698269 -0.359131 0.955975 0.765372 -0.195859 -0.552607 -0.265281

seq-01/frame-000786.color.png 0.696380 -0.363477 0.957849 0.767091 -0.196008 -0.550590 -0.264398

seq-01/frame-000787.color.png 0.696311 -0.366868 0.960426 0.768499 -0.195762 -0.549693 -0.262351

seq-01/frame-000788.color.png 0.696443 -0.369062 0.962001 0.770129 -0.195739 -0.548683 -0.259690

seq-01/frame-000789.color.png 0.697992 -0.377353 0.970399 0.772716 -0.195200 -0.546531 -0.256936

seq-01/frame-000790.color.png 0.697985 -0.380896 0.971438 0.774367 -0.194423 -0.545342 -0.255071

seq-01/frame-000791.color.png 0.699432 -0.384534 0.974734 0.775337 -0.193546 -0.544976 -0.253570

seq-01/frame-000792.color.png 0.701110 -0.388583 0.977977 0.776048 -0.192622 -0.544756 -0.252568

seq-01/frame-000793.color.png 0.705702 -0.396470 0.985379 0.778796 -0.189986 -0.542725 -0.250471

seq-01/frame-000794.color.png 0.707711 -0.400750 0.987492 0.780205 -0.189740 -0.541497 -0.248927

seq-01/frame-000795.color.png 0.709983 -0.404331 0.989957 0.781254 -0.189278 -0.541043 -0.246967

seq-01/frame-000796.color.png 0.713172 -0.406762 0.991864 0.782527 -0.188467 -0.540103 -0.245614

seq-01/frame-000797.color.png 0.718959 -0.413341 0.996640 0.785092 -0.187562 -0.537291 -0.244284

seq-01/frame-000798.color.png 0.721220 -0.417272 0.997829 0.785795 -0.188582 -0.536458 -0.243065

seq-01/frame-000799.color.png 0.724825 -0.421097 1.001977 0.785465 -0.188747 -0.537383 -0.241960

seq-01/frame-000800.color.png 0.731126 -0.427503 1.006211 0.786740 -0.188550 -0.536253 -0.240475

seq-01/frame-000801.color.png 0.735675 -0.428604 1.007786 0.787543 -0.188300 -0.535915 -0.238789

seq-01/frame-000802.color.png 0.739663 -0.430478 1.010208 0.787526 -0.189056 -0.535757 -0.238599

seq-01/frame-000803.color.png 0.746275 -0.438905 1.015163 0.789064 -0.189164 -0.533160 -0.239251

seq-01/frame-000804.color.png 0.751487 -0.441591 1.017341 0.790047 -0.188823 -0.532042 -0.238763

seq-01/frame-000805.color.png 0.754896 -0.446655 1.018957 0.790747 -0.188800 -0.531189 -0.238363

seq-01/frame-000806.color.png 0.760486 -0.450039 1.021487 0.792837 -0.187988 -0.529354 -0.236135

seq-01/frame-000807.color.png 0.773326 -0.456295 1.026120 0.796989 -0.189126 -0.524654 -0.231700

seq-01/frame-000808.color.png 0.779507 -0.460014 1.028201 0.798513 -0.189654 -0.522798 -0.230209

seq-01/frame-000809.color.png 0.793263 -0.465378 1.031742 0.802393 -0.190522 -0.517439 -0.228103

seq-01/frame-000810.color.png 0.798995 -0.469440 1.031213 0.804215 -0.191425 -0.514230 -0.228189

seq-01/frame-000811.color.png 0.805770 -0.473060 1.032746 0.805803 -0.192375 -0.511928 -0.226959

seq-01/frame-000812.color.png 0.813996 -0.474908 1.033438 0.807102 -0.193903 -0.509621 -0.226233

seq-01/frame-000813.color.png 0.827900 -0.483152 1.035190 0.808362 -0.199419 -0.506164 -0.224695

seq-01/frame-000814.color.png 0.836056 -0.486348 1.036247 0.807885 -0.201548 -0.506467 -0.223826

seq-01/frame-000815.color.png 0.843928 -0.488515 1.036072 0.808070 -0.203231 -0.505819 -0.223100

seq-01/frame-000816.color.png 0.862878 -0.492436 1.034683 0.808705 -0.207199 -0.502926 -0.223689

seq-01/frame-000817.color.png 0.870755 -0.498199 1.035307 0.807366 -0.210690 -0.502775 -0.225597

seq-01/frame-000818.color.png 0.880375 -0.501438 1.034770 0.806677 -0.213107 -0.503118 -0.225025

seq-01/frame-000819.color.png 0.889620 -0.505327 1.033994 0.805614 -0.216361 -0.503790 -0.224221

seq-01/frame-000820.color.png 0.912521 -0.506726 1.033856 0.804022 -0.218184 -0.506005 -0.223181

seq-01/frame-000821.color.png 0.922892 -0.510383 1.032745 0.803562 -0.222093 -0.504069 -0.225351

seq-01/frame-000822.color.png 0.930815 -0.514712 1.030279 0.803007 -0.225515 -0.502911 -0.226513

seq-01/frame-000823.color.png 0.941480 -0.516308 1.027972 0.802443 -0.227746 -0.502133 -0.228002

seq-01/frame-000824.color.png 0.961037 -0.520977 1.027725 0.801912 -0.232542 -0.498578 -0.232779

seq-01/frame-000825.color.png 0.970930 -0.523165 1.027841 0.801340 -0.233030 -0.498465 -0.234497

seq-01/frame-000826.color.png 0.981765 -0.523436 1.026755 0.801596 -0.234116 -0.496911 -0.235835

seq-01/frame-000827.color.png 0.990191 -0.526142 1.026064 0.802000 -0.235318 -0.495207 -0.236847

seq-01/frame-000828.color.png 1.008463 -0.529273 1.027806 0.802971 -0.236818 -0.492533 -0.237636

seq-01/frame-000829.color.png 1.018373 -0.530595 1.027183 0.803925 -0.237112 -0.490839 -0.237623

seq-01/frame-000830.color.png 1.029993 -0.529332 1.024645 0.805553 -0.238050 -0.488239 -0.236525

seq-01/frame-000831.color.png 1.046146 -0.533623 1.030025 0.804545 -0.243619 -0.487341 -0.236138

seq-01/frame-000832.color.png 1.054078 -0.536782 1.033154 0.803794 -0.245277 -0.487426 -0.236801

seq-01/frame-000833.color.png 1.061449 -0.539060 1.031432 0.803944 -0.246108 -0.486500 -0.237334

seq-01/frame-000834.color.png 1.068088 -0.543698 1.036031 0.802617 -0.247569 -0.487343 -0.238572

seq-01/frame-000835.color.png 1.073827 -0.549458 1.038609 0.801639 -0.248668 -0.488107 -0.239155

seq-01/frame-000836.color.png 1.082216 -0.552062 1.038801 0.802242 -0.246957 -0.488105 -0.238910

seq-01/frame-000837.color.png 1.097260 -0.560471 1.041446 0.802610 -0.248468 -0.487190 -0.237972

seq-01/frame-000838.color.png 1.104345 -0.566243 1.048636 0.801916 -0.248697 -0.488993 -0.236369

seq-01/frame-000839.color.png 1.113476 -0.569273 1.052859 0.801127 -0.247355 -0.491248 -0.235775

seq-01/frame-000840.color.png 1.122432 -0.573084 1.055938 0.801275 -0.246283 -0.491567 -0.235728

seq-01/frame-000841.color.png 1.135000 -0.585991 1.064358 0.799867 -0.243799 -0.495008 -0.235894

seq-01/frame-000842.color.png 1.141923 -0.591553 1.071748 0.798474 -0.238252 -0.499605 -0.236584

seq-01/frame-000843.color.png 1.150970 -0.593584 1.080023 0.798771 -0.231717 -0.502056 -0.236887

seq-01/frame-000844.color.png 1.163865 -0.602454 1.087949 0.798708 -0.227020 -0.503559 -0.238450

seq-01/frame-000845.color.png 1.170812 -0.608251 1.094224 0.797686 -0.224888 -0.506855 -0.236901

seq-01/frame-000846.color.png 1.179492 -0.611672 1.097844 0.797291 -0.220122 -0.510054 -0.235841

seq-01/frame-000847.color.png 1.196592 -0.619977 1.108734 0.799021 -0.209566 -0.512239 -0.234865

seq-01/frame-000848.color.png 1.206510 -0.623586 1.109899 0.799868 -0.203082 -0.514366 -0.233020

seq-01/frame-000849.color.png 1.226631 -0.626528 1.115495 0.800079 -0.192722 -0.520722 -0.226896

seq-01/frame-000850.color.png 1.235014 -0.630668 1.117662 0.799293 -0.187347 -0.524798 -0.224769

seq-01/frame-000851.color.png 1.255186 -0.630125 1.122533 0.798601 -0.176850 -0.530430 -0.222502

seq-01/frame-000852.color.png 1.261712 -0.634186 1.123405 0.797919 -0.176305 -0.531959 -0.221726

seq-01/frame-000853.color.png 1.281722 -0.636079 1.125398 0.796497 -0.173223 -0.536579 -0.218108

seq-01/frame-000854.color.png 1.288950 -0.640196 1.128200 0.794816 -0.173215 -0.538989 -0.218306

seq-01/frame-000855.color.png 1.306756 -0.648244 1.129783 0.796145 -0.168727 -0.539614 -0.215411

seq-01/frame-000856.color.png 1.315027 -0.654835 1.129527 0.796128 -0.166124 -0.540892 -0.214288

seq-01/frame-000857.color.png 1.333702 -0.664737 1.129761 0.797311 -0.156078 -0.544799 -0.207435

seq-01/frame-000858.color.png 1.344306 -0.666531 1.127853 0.798633 -0.149422 -0.545779 -0.204659

seq-01/frame-000859.color.png 1.361477 -0.675810 1.126836 0.801098 -0.139141 -0.546335 -0.200754

seq-01/frame-000860.color.png 1.369505 -0.680162 1.126335 0.801541 -0.135920 -0.547839 -0.197058

seq-01/frame-000861.color.png 1.386079 -0.688026 1.125186 0.802370 -0.128175 -0.550972 -0.190014

seq-01/frame-000862.color.png 1.394854 -0.689331 1.123546 0.803259 -0.123415 -0.552052 -0.186238

seq-01/frame-000863.color.png 1.408479 -0.692503 1.121296 0.804721 -0.115217 -0.552629 -0.183446

seq-01/frame-000864.color.png 1.412962 -0.695693 1.120921 0.804089 -0.114484 -0.554127 -0.182151

seq-01/frame-000865.color.png 1.420839 -0.701371 1.118884 0.800975 -0.112528 -0.558700 -0.183119

seq-01/frame-000866.color.png 1.428797 -0.705314 1.116265 0.800463 -0.107503 -0.560623 -0.182495

seq-01/frame-000867.color.png 1.436573 -0.707540 1.114679 0.799417 -0.103842 -0.564014 -0.178714

seq-01/frame-000868.color.png 1.438834 -0.711409 1.113779 0.798076 -0.103453 -0.566250 -0.177861

seq-01/frame-000869.color.png 1.443495 -0.717480 1.109815 0.796840 -0.098414 -0.568817 -0.178071

seq-01/frame-000870.color.png 1.445836 -0.718407 1.109773 0.796691 -0.095163 -0.570081 -0.176455

seq-01/frame-000871.color.png 1.449247 -0.724141 1.106504 0.795163 -0.089588 -0.574072 -0.173297

seq-01/frame-000872.color.png 1.451228 -0.728754 1.101587 0.794417 -0.081856 -0.576751 -0.171636

seq-01/frame-000873.color.png 1.450846 -0.730976 1.100777 0.793762 -0.078904 -0.578068 -0.171620

seq-01/frame-000874.color.png 1.449187 -0.737422 1.097328 0.791859 -0.077063 -0.580410 -0.173334

seq-01/frame-000875.color.png 1.446391 -0.741144 1.093960 0.790035 -0.074461 -0.583289 -0.173129

seq-01/frame-000876.color.png 1.444104 -0.742343 1.093209 0.788642 -0.072272 -0.585199 -0.173962

seq-01/frame-000877.color.png 1.435120 -0.747515 1.090388 0.786637 -0.071113 -0.586815 -0.178024

seq-01/frame-000878.color.png 1.430748 -0.748531 1.090785 0.784387 -0.070515 -0.589745 -0.178507

seq-01/frame-000879.color.png 1.419806 -0.748418 1.092662 0.779855 -0.070806 -0.595427 -0.179382

seq-01/frame-000880.color.png 1.403975 -0.755160 1.091748 0.774535 -0.072723 -0.601841 -0.180255

seq-01/frame-000881.color.png 1.387195 -0.758750 1.090001 0.769669 -0.073773 -0.606457 -0.185133

seq-01/frame-000882.color.png 1.377676 -0.761341 1.088804 0.768264 -0.072254 -0.608004 -0.186485

seq-01/frame-000883.color.png 1.357948 -0.762484 1.083741 0.766685 -0.069481 -0.609451 -0.189294

seq-01/frame-000884.color.png 1.336636 -0.768252 1.079269 0.765442 -0.068042 -0.610926 -0.190089

seq-01/frame-000885.color.png 1.313142 -0.770074 1.076263 0.763231 -0.067844 -0.613667 -0.190221

seq-01/frame-000886.color.png 1.300702 -0.772329 1.074233 0.762114 -0.067637 -0.614864 -0.190906

seq-01/frame-000887.color.png 1.275869 -0.772296 1.067556 0.762591 -0.066094 -0.614385 -0.191081

seq-01/frame-000888.color.png 1.247360 -0.775282 1.064657 0.761293 -0.070158 -0.614867 -0.193246

seq-01/frame-000889.color.png 1.232714 -0.775046 1.061605 0.760384 -0.073105 -0.615206 -0.194649

seq-01/frame-000890.color.png 1.201511 -0.783311 1.053791 0.759582 -0.078372 -0.614912 -0.196650

seq-01/frame-000891.color.png 1.172301 -0.780430 1.047884 0.760211 -0.083086 -0.613813 -0.195712

seq-01/frame-000892.color.png 1.156141 -0.780988 1.047108 0.758734 -0.087159 -0.615249 -0.195163

seq-01/frame-000893.color.png 1.125586 -0.775573 1.045338 0.755481 -0.089897 -0.618459 -0.196391

seq-01/frame-000894.color.png 1.095076 -0.777214 1.040633 0.754867 -0.093714 -0.618179 -0.197840

seq-01/frame-000895.color.png 1.067320 -0.773914 1.040795 0.752509 -0.095148 -0.621637 -0.195289

seq-01/frame-000896.color.png 1.052790 -0.774417 1.039838 0.750815 -0.096622 -0.623468 -0.195249

seq-01/frame-000897.color.png 1.024602 -0.774157 1.037313 0.747272 -0.098473 -0.627499 -0.195002

seq-01/frame-000898.color.png 1.011831 -0.770900 1.035365 0.746315 -0.098392 -0.628415 -0.195756

seq-01/frame-000899.color.png 0.984541 -0.772132 1.033168 0.743563 -0.098952 -0.631049 -0.197463

seq-01/frame-000900.color.png 0.957680 -0.770369 1.032065 0.740127 -0.100965 -0.634694 -0.197668

seq-01/frame-000901.color.png 0.944522 -0.769941 1.034657 0.737326 -0.101816 -0.638038 -0.196932

seq-01/frame-000902.color.png 0.918784 -0.763287 1.032882 0.735462 -0.099614 -0.640505 -0.197018

seq-01/frame-000903.color.png 0.891002 -0.763869 1.034178 0.733717 -0.101890 -0.641986 -0.197539

seq-01/frame-000904.color.png 0.864694 -0.759586 1.036022 0.731620 -0.103767 -0.645019 -0.194433

seq-01/frame-000905.color.png 0.850647 -0.758247 1.039785 0.729810 -0.104403 -0.647271 -0.193410

seq-01/frame-000906.color.png 0.822585 -0.751707 1.040743 0.729828 -0.104078 -0.647462 -0.192877

seq-01/frame-000907.color.png 0.791076 -0.750283 1.045772 0.727446 -0.108889 -0.649342 -0.192897

seq-01/frame-000908.color.png 0.760281 -0.748547 1.047290 0.727268 -0.113890 -0.649354 -0.190627

seq-01/frame-000909.color.png 0.745918 -0.746486 1.045684 0.729294 -0.114142 -0.647307 -0.189694

seq-01/frame-000910.color.png 0.713873 -0.745036 1.039874 0.737384 -0.111740 -0.638741 -0.188889

seq-01/frame-000911.color.png 0.698094 -0.743053 1.037338 0.740739 -0.111444 -0.635629 -0.186419

seq-01/frame-000912.color.png 0.666656 -0.741306 1.030378 0.747053 -0.110509 -0.628455 -0.186104

seq-01/frame-000913.color.png 0.637402 -0.730332 1.025811 0.756979 -0.103037 -0.618254 -0.184449

seq-01/frame-000914.color.png 0.621666 -0.728272 1.023574 0.760063 -0.104223 -0.613897 -0.185647

seq-01/frame-000915.color.png 0.588702 -0.728736 1.024268 0.759427 -0.114134 -0.612871 -0.185811

seq-01/frame-000916.color.png 0.572708 -0.728192 1.022943 0.757769 -0.118791 -0.613568 -0.187355

seq-01/frame-000917.color.png 0.543016 -0.727412 1.022246 0.758371 -0.123437 -0.610597 -0.191577

seq-01/frame-000918.color.png 0.529874 -0.727096 1.020908 0.759457 -0.124558 -0.608765 -0.192374

seq-01/frame-000919.color.png 0.504815 -0.721117 1.015506 0.763657 -0.128098 -0.602548 -0.192995

seq-01/frame-000920.color.png 0.492627 -0.724134 1.014161 0.764593 -0.132090 -0.600213 -0.193871

seq-01/frame-000921.color.png 0.481468 -0.724013 1.012782 0.765246 -0.134922 -0.599186 -0.192520

seq-01/frame-000922.color.png 0.459185 -0.720474 1.007973 0.766954 -0.138759 -0.595783 -0.193555

seq-01/frame-000923.color.png 0.448066 -0.721131 1.004870 0.768060 -0.141221 -0.593859 -0.193301

seq-01/frame-000924.color.png 0.426835 -0.717381 0.999174 0.769765 -0.145152 -0.590697 -0.193295

seq-01/frame-000925.color.png 0.416288 -0.716361 0.995699 0.770467 -0.146409 -0.589430 -0.193415

seq-01/frame-000926.color.png 0.395691 -0.713232 0.988354 0.773082 -0.146480 -0.585740 -0.194138

seq-01/frame-000927.color.png 0.384831 -0.710989 0.983410 0.774649 -0.146866 -0.583713 -0.193705

seq-01/frame-000928.color.png 0.361744 -0.706490 0.973571 0.778565 -0.146382 -0.578150 -0.195053

seq-01/frame-000929.color.png 0.350694 -0.705478 0.969516 0.779679 -0.147161 -0.576445 -0.195063

seq-01/frame-000930.color.png 0.326334 -0.701757 0.958328 0.781615 -0.148526 -0.574545 -0.191861

seq-01/frame-000931.color.png 0.313477 -0.699606 0.951828 0.782758 -0.147834 -0.573422 -0.191094

seq-01/frame-000932.color.png 0.300440 -0.697601 0.945805 0.784306 -0.147405 -0.571933 -0.189536

seq-01/frame-000933.color.png 0.272650 -0.696633 0.930589 0.787327 -0.147022 -0.569165 -0.185601

seq-01/frame-000934.color.png 0.259846 -0.693763 0.923703 0.789939 -0.146021 -0.566899 -0.182194

seq-01/frame-000935.color.png 0.231844 -0.689230 0.909005 0.794591 -0.149907 -0.560344 -0.179062

seq-01/frame-000936.color.png 0.217711 -0.690177 0.900918 0.795315 -0.152847 -0.558783 -0.178238

seq-01/frame-000937.color.png 0.203715 -0.690146 0.893281 0.797365 -0.153329 -0.556309 -0.176398

seq-01/frame-000938.color.png 0.177206 -0.685431 0.879080 0.803856 -0.154914 -0.547686 -0.172491

seq-01/frame-000939.color.png 0.164063 -0.687144 0.872521 0.805275 -0.158365 -0.545769 -0.168778

seq-01/frame-000940.color.png 0.137854 -0.679580 0.857476 0.808094 -0.157971 -0.542762 -0.165332

seq-01/frame-000941.color.png 0.124635 -0.680598 0.851668 0.810420 -0.159642 -0.538583 -0.166010

seq-01/frame-000942.color.png 0.113560 -0.678122 0.846043 0.812504 -0.160103 -0.535641 -0.164895

seq-01/frame-000943.color.png 0.087467 -0.671119 0.829588 0.816821 -0.159326 -0.528295 -0.167989

seq-01/frame-000944.color.png 0.075358 -0.669461 0.825052 0.818968 -0.160538 -0.523442 -0.171536

seq-01/frame-000945.color.png 0.053900 -0.667586 0.818739 0.821479 -0.164102 -0.517950 -0.172824

seq-01/frame-000946.color.png 0.042748 -0.665424 0.814634 0.822957 -0.163986 -0.515364 -0.173633

seq-01/frame-000947.color.png 0.030491 -0.663486 0.810864 0.825191 -0.164897 -0.511182 -0.174530

seq-01/frame-000948.color.png 0.005733 -0.659327 0.804058 0.826370 -0.168179 -0.507537 -0.176443

seq-01/frame-000949.color.png -0.007593 -0.658694 0.799986 0.826067 -0.168815 -0.506858 -0.179184

seq-01/frame-000950.color.png -0.021660 -0.656691 0.794800 0.827257 -0.167490 -0.505003 -0.180177

seq-01/frame-000951.color.png -0.047388 -0.651243 0.789715 0.829456 -0.166414 -0.501309 -0.181375

seq-01/frame-000952.color.png -0.061383 -0.649940 0.786761 0.828659 -0.168642 -0.501971 -0.181125

seq-01/frame-000953.color.png -0.075705 -0.647909 0.784197 0.827869 -0.169913 -0.502921 -0.180918

seq-01/frame-000954.color.png -0.105588 -0.644389 0.777792 0.826890 -0.173749 -0.503155 -0.181096

seq-01/frame-000955.color.png -0.120787 -0.643624 0.773766 0.825707 -0.174035 -0.505095 -0.180821

seq-01/frame-000956.color.png -0.136078 -0.641310 0.769770 0.825153 -0.173368 -0.505754 -0.182144

seq-01/frame-000957.color.png -0.150585 -0.640432 0.767325 0.824789 -0.174061 -0.505281 -0.184429

seq-01/frame-000958.color.png -0.179897 -0.640173 0.762036 0.824302 -0.174440 -0.505005 -0.186988

seq-01/frame-000959.color.png -0.194165 -0.640079 0.760433 0.823116 -0.176519 -0.506072 -0.187374

seq-01/frame-000960.color.png -0.207203 -0.640310 0.758804 0.822189 -0.177446 -0.507727 -0.186086

seq-01/frame-000961.color.png -0.220799 -0.639093 0.756068 0.822235 -0.176044 -0.508553 -0.184953

seq-01/frame-000962.color.png -0.248678 -0.639194 0.754261 0.822895 -0.176684 -0.507297 -0.184858

seq-01/frame-000963.color.png -0.261641 -0.639864 0.754305 0.821703 -0.179540 -0.508836 -0.183171

seq-01/frame-000964.color.png -0.274152 -0.639518 0.753317 0.820353 -0.180939 -0.511363 -0.180792

seq-01/frame-000965.color.png -0.287331 -0.640177 0.752345 0.820194 -0.181445 -0.511461 -0.180726

seq-01/frame-000966.color.png -0.310297 -0.639405 0.752894 0.821572 -0.181433 -0.509198 -0.180874

seq-01/frame-000967.color.png -0.322040 -0.640492 0.753373 0.821871 -0.182596 -0.508349 -0.180731

seq-01/frame-000968.color.png -0.332563 -0.639245 0.753684 0.822126 -0.183168 -0.507593 -0.181121

seq-01/frame-000969.color.png -0.342196 -0.639006 0.754956 0.822872 -0.184402 -0.505975 -0.181006

seq-01/frame-000970.color.png -0.360357 -0.638830 0.755901 0.824470 -0.186831 -0.502294 -0.181495

seq-01/frame-000971.color.png -0.368328 -0.637580 0.756608 0.825001 -0.188913 -0.500559 -0.181719

seq-01/frame-000972.color.png -0.376600 -0.635914 0.756674 0.825680 -0.191089 -0.498523 -0.181956

seq-01/frame-000973.color.png -0.384332 -0.634886 0.756560 0.826280 -0.192045 -0.496640 -0.183369

seq-01/frame-000974.color.png -0.398395 -0.635092 0.757507 0.827268 -0.193470 -0.494051 -0.184408

seq-01/frame-000975.color.png -0.404445 -0.633368 0.756725 0.828397 -0.192030 -0.492726 -0.184388

seq-01/frame-000976.color.png -0.412039 -0.634211 0.756525 0.829351 -0.192160 -0.490476 -0.185960

seq-01/frame-000977.color.png -0.417335 -0.633359 0.756931 0.830465 -0.192454 -0.488648 -0.185493

seq-01/frame-000978.color.png -0.423101 -0.632637 0.757321 0.831650 -0.193268 -0.487093 -0.183417

seq-01/frame-000979.color.png -0.434438 -0.631750 0.758368 0.833406 -0.196866 -0.483764 -0.180404

seq-01/frame-000980.color.png -0.440258 -0.632373 0.758659 0.834433 -0.198554 -0.482166 -0.178070

seq-01/frame-000981.color.png -0.445332 -0.632120 0.758212 0.836087 -0.198625 -0.480188 -0.175563

seq-01/frame-000982.color.png -0.451137 -0.632313 0.759182 0.837684 -0.199630 -0.477689 -0.173615

seq-01/frame-000983.color.png -0.456437 -0.631607 0.758418 0.839564 -0.199024 -0.475085 -0.172373

seq-01/frame-000984.color.png -0.461359 -0.631457 0.759078 0.841807 -0.199222 -0.471862 -0.170041

seq-01/frame-000985.color.png -0.472548 -0.632726 0.758796 0.846164 -0.200243 -0.465071 -0.165874

seq-01/frame-000986.color.png -0.477962 -0.631702 0.757659 0.848502 -0.200197 -0.461791 -0.163128

seq-01/frame-000987.color.png -0.484238 -0.632477 0.756133 0.851380 -0.199414 -0.457323 -0.161677

seq-01/frame-000988.color.png -0.489167 -0.632560 0.755647 0.854490 -0.198234 -0.452795 -0.159448

seq-01/frame-000989.color.png -0.500331 -0.633584 0.753429 0.860602 -0.198129 -0.443364 -0.153085

seq-01/frame-000990.color.png -0.504989 -0.632721 0.752564 0.862938 -0.198965 -0.439685 -0.149418

seq-01/frame-000991.color.png -0.516338 -0.631496 0.749402 0.869433 -0.200820 -0.428067 -0.142881

seq-01/frame-000992.color.png -0.521145 -0.629884 0.748162 0.872358 -0.202622 -0.422022 -0.140469

seq-01/frame-000993.color.png -0.527011 -0.629189 0.745142 0.875056 -0.203308 -0.416475 -0.139251

seq-01/frame-000994.color.png -0.532220 -0.626198 0.742274 0.877956 -0.203186 -0.410896 -0.137743

seq-01/frame-000995.color.png -0.537616 -0.623088 0.740476 0.880323 -0.204205 -0.405322 -0.137639

seq-01/frame-000996.color.png -0.547317 -0.619980 0.734641 0.884130 -0.204214 -0.397731 -0.135351

seq-01/frame-000997.color.png -0.552778 -0.616994 0.731868 0.886944 -0.203485 -0.392020 -0.134703

seq-01/frame-000998.color.png -0.558461 -0.615194 0.729656 0.889646 -0.204657 -0.385188 -0.134819

seq-01/frame-000999.color.png -0.562375 -0.613023 0.727909 0.892154 -0.205389 -0.379799 -0.132399

