seq-02/frame-000000.color.png -0.584007 -0.440199 -0.015014 0.951355 -0.190462 0.231133 0.072229

seq-02/frame-000001.color.png -0.583441 -0.440960 -0.014878 0.951114 -0.193336 0.229687 0.072375

seq-02/frame-000002.color.png -0.582594 -0.440661 -0.015283 0.951035 -0.193471 0.229440 0.073812

seq-02/frame-000003.color.png -0.581970 -0.439871 -0.016424 0.950674 -0.194936 0.229444 0.074599

seq-02/frame-000004.color.png -0.580551 -0.439245 -0.016901 0.950472 -0.196192 0.228983 0.075287

seq-02/frame-000005.color.png -0.579908 -0.440378 -0.017926 0.949470 -0.198584 0.230582 0.076770

seq-02/frame-000006.color.png -0.579106 -0.439901 -0.018959 0.949628 -0.198280 0.229943 0.077516

seq-02/frame-000007.color.png -0.578901 -0.439810 -0.019569 0.948783 -0.199479 0.232008 0.078618

seq-02/frame-000008.color.png -0.578615 -0.440406 -0.020192 0.948739 -0.199246 0.232197 0.079182

seq-02/frame-000009.color.png -0.576380 -0.439150 -0.022055 0.949185 -0.199613 0.230025 0.079252

seq-02/frame-000010.color.png -0.575319 -0.440242 -0.023048 0.949125 -0.200567 0.229551 0.078933

seq-02/frame-000011.color.png -0.575573 -0.440309 -0.024242 0.949431 -0.199608 0.229208 0.078681

seq-02/frame-000012.color.png -0.576216 -0.440676 -0.024740 0.949455 -0.199388 0.229187 0.079008

seq-02/frame-000013.color.png -0.573796 -0.443271 -0.025832 0.950209 -0.198895 0.226115 0.080029

seq-02/frame-000014.color.png -0.574949 -0.442722 -0.026716 0.951223 -0.197632 0.222841 0.080292

seq-02/frame-000015.color.png -0.572631 -0.443419 -0.028441 0.952211 -0.198579 0.217801 0.080072

seq-02/frame-000016.color.png -0.574216 -0.445505 -0.027164 0.953144 -0.197477 0.214923 0.079476

seq-02/frame-000017.color.png -0.574569 -0.444222 -0.028453 0.954900 -0.195779 0.209125 0.078051

seq-02/frame-000018.color.png -0.574867 -0.447616 -0.029801 0.956769 -0.197851 0.198876 0.076711

seq-02/frame-000019.color.png -0.575406 -0.448178 -0.030839 0.958962 -0.196056 0.190525 0.075120

seq-02/frame-000020.color.png -0.573292 -0.445493 -0.034051 0.963333 -0.195660 0.170265 0.068594

seq-02/frame-000021.color.png -0.571752 -0.447575 -0.035826 0.964676 -0.198226 0.161105 0.064354

seq-02/frame-000022.color.png -0.570243 -0.449718 -0.038439 0.967976 -0.199735 0.141739 0.055021

seq-02/frame-000023.color.png -0.569849 -0.450562 -0.039740 0.969550 -0.200021 0.131718 0.051018

seq-02/frame-000024.color.png -0.570000 -0.450411 -0.042058 0.972318 -0.200091 0.111496 0.046035

seq-02/frame-000025.color.png -0.569641 -0.453320 -0.042437 0.973430 -0.200387 0.101995 0.043171

seq-02/frame-000026.color.png -0.569224 -0.453363 -0.043651 0.976086 -0.196932 0.082902 0.039872

seq-02/frame-000027.color.png -0.573385 -0.452850 -0.043813 0.977023 -0.195909 0.074892 0.037759

seq-02/frame-000028.color.png -0.572545 -0.455009 -0.045446 0.978158 -0.195718 0.060445 0.035166

seq-02/frame-000029.color.png -0.573607 -0.456778 -0.045820 0.978682 -0.195201 0.054030 0.033875

seq-02/frame-000030.color.png -0.574569 -0.459380 -0.046622 0.979686 -0.193535 0.041892 0.031520

seq-02/frame-000031.color.png -0.575160 -0.461340 -0.046876 0.980088 -0.192800 0.035798 0.031014

seq-02/frame-000032.color.png -0.575383 -0.462052 -0.047822 0.980966 -0.190699 0.025230 0.026306

seq-02/frame-000033.color.png -0.575732 -0.465067 -0.047589 0.980978 -0.190963 0.022914 0.026049

seq-02/frame-000034.color.png -0.577774 -0.462876 -0.048653 0.981715 -0.188370 0.016939 0.021310

seq-02/frame-000035.color.png -0.577490 -0.462914 -0.048682 0.981536 -0.189825 0.012468 0.019644

seq-02/frame-000036.color.png -0.580182 -0.463531 -0.047064 0.980983 -0.192811 0.003277 0.021743

seq-02/frame-000037.color.png -0.578904 -0.463469 -0.045909 0.980708 -0.194133 -0.001242 0.022600

seq-02/frame-000038.color.png -0.578113 -0.464789 -0.044544 0.980076 -0.197273 -0.000260 0.022847

seq-02/frame-000039.color.png -0.576470 -0.463913 -0.043656 0.980105 -0.197219 0.004975 0.021507

seq-02/frame-000040.color.png -0.574165 -0.462816 -0.043354 0.980196 -0.196648 0.009109 0.021206

seq-02/frame-000041.color.png -0.573900 -0.461290 -0.042741 0.980208 -0.196181 0.014964 0.021647

seq-02/frame-000042.color.png -0.570997 -0.460678 -0.040336 0.979615 -0.197245 0.025864 0.027702

seq-02/frame-000043.color.png -0.569213 -0.459558 -0.039190 0.979323 -0.197328 0.031894 0.030962

seq-02/frame-000044.color.png -0.566775 -0.461873 -0.037190 0.978088 -0.198871 0.048423 0.037895

seq-02/frame-000045.color.png -0.564831 -0.461351 -0.035843 0.977900 -0.197366 0.056009 0.040109

seq-02/frame-000046.color.png -0.562996 -0.458882 -0.033529 0.976091 -0.197927 0.078995 0.042633

seq-02/frame-000047.color.png -0.559428 -0.462294 -0.032576 0.974766 -0.199324 0.089619 0.045338

seq-02/frame-000048.color.png -0.557592 -0.460463 -0.030927 0.973238 -0.196851 0.107819 0.049185

seq-02/frame-000049.color.png -0.553412 -0.461343 -0.029342 0.971581 -0.197861 0.118736 0.052641

seq-02/frame-000050.color.png -0.551454 -0.462607 -0.025190 0.968951 -0.197166 0.136370 0.060415

seq-02/frame-000051.color.png -0.550817 -0.463017 -0.023378 0.967691 -0.196323 0.145221 0.062679

seq-02/frame-000052.color.png -0.551635 -0.460091 -0.018994 0.964244 -0.195075 0.167023 0.065344

seq-02/frame-000053.color.png -0.550417 -0.459971 -0.016372 0.961760 -0.195770 0.179245 0.067449

seq-02/frame-000054.color.png -0.550833 -0.459020 -0.011643 0.957052 -0.194627 0.202661 0.071325

seq-02/frame-000055.color.png -0.547544 -0.457325 -0.010681 0.954850 -0.195034 0.212136 0.072168

seq-02/frame-000056.color.png -0.545194 -0.457631 -0.008156 0.952455 -0.195998 0.220749 0.075301

seq-02/frame-000057.color.png -0.541482 -0.456789 -0.004551 0.948437 -0.195778 0.236107 0.079853

seq-02/frame-000058.color.png -0.541455 -0.457322 -0.001701 0.945452 -0.196937 0.245837 0.082987

seq-02/frame-000059.color.png -0.536002 -0.456767 0.001328 0.940047 -0.197778 0.264379 0.085355

seq-02/frame-000060.color.png -0.534406 -0.456967 0.003972 0.937159 -0.199142 0.273034 0.086677

seq-02/frame-000061.color.png -0.526412 -0.457234 0.006799 0.931587 -0.200977 0.289479 0.089109

seq-02/frame-000062.color.png -0.522232 -0.457440 0.009328 0.928895 -0.201930 0.296972 0.090398

seq-02/frame-000063.color.png -0.520400 -0.458728 0.015439 0.923739 -0.203685 0.310108 0.095061

seq-02/frame-000064.color.png -0.519536 -0.458307 0.016972 0.922171 -0.203926 0.313944 0.097157

seq-02/frame-000065.color.png -0.519029 -0.459638 0.018636 0.920714 -0.204723 0.317038 0.099226

seq-02/frame-000066.color.png -0.519586 -0.460324 0.022193 0.918632 -0.205142 0.321809 0.102251

seq-02/frame-000067.color.png -0.519672 -0.462237 0.024931 0.918413 -0.205849 0.321677 0.103211

seq-02/frame-000068.color.png -0.519641 -0.465626 0.026613 0.921820 -0.204486 0.312569 0.103528

seq-02/frame-000069.color.png -0.522547 -0.468889 0.029577 0.923927 -0.204150 0.306482 0.103609

seq-02/frame-000070.color.png -0.527348 -0.473047 0.028913 0.930796 -0.201390 0.287547 0.101792

seq-02/frame-000071.color.png -0.528864 -0.473636 0.025813 0.934524 -0.200768 0.276205 0.100258

seq-02/frame-000072.color.png -0.529617 -0.475235 0.024979 0.937423 -0.201663 0.265720 0.099732

seq-02/frame-000073.color.png -0.530408 -0.481611 0.023646 0.942777 -0.204095 0.243710 0.100527

seq-02/frame-000074.color.png -0.534872 -0.484800 0.025632 0.945041 -0.205121 0.233601 0.101181

seq-02/frame-000075.color.png -0.531960 -0.490679 0.022347 0.949287 -0.210929 0.208684 0.103909

seq-02/frame-000076.color.png -0.536168 -0.498888 0.025346 0.950519 -0.213287 0.199240 0.106349

seq-02/frame-000077.color.png -0.534777 -0.507037 0.022119 0.955457 -0.214779 0.170386 0.109198

seq-02/frame-000078.color.png -0.533635 -0.513507 0.021794 0.957283 -0.217851 0.156205 0.108326

seq-02/frame-000079.color.png -0.530916 -0.532477 0.019711 0.961294 -0.220102 0.128637 0.104423

seq-02/frame-000080.color.png -0.532803 -0.538764 0.018814 0.964206 -0.215838 0.116096 0.101120

seq-02/frame-000081.color.png -0.531756 -0.540059 0.016203 0.966966 -0.211873 0.103232 0.097019

seq-02/frame-000082.color.png -0.530802 -0.553020 0.014219 0.969689 -0.210606 0.081738 0.093009

seq-02/frame-000083.color.png -0.530524 -0.565067 0.012948 0.972509 -0.207594 0.055930 0.089368

seq-02/frame-000084.color.png -0.530626 -0.571205 0.012575 0.973664 -0.206227 0.043933 0.086616

seq-02/frame-000085.color.png -0.526433 -0.583154 0.011716 0.974881 -0.204506 0.025697 0.084300

seq-02/frame-000086.color.png -0.525258 -0.591923 0.012136 0.975437 -0.203685 0.020710 0.081176

seq-02/frame-000087.color.png -0.524320 -0.607181 0.011934 0.977950 -0.195488 0.010122 0.072657

seq-02/frame-000088.color.png -0.524836 -0.619905 0.012416 0.980203 -0.187739 0.002985 0.062688

seq-02/frame-000089.color.png -0.525875 -0.626407 0.012734 0.981294 -0.183541 -0.000286 0.057942

seq-02/frame-000090.color.png -0.525207 -0.641816 0.014607 0.983132 -0.175448 -0.005873 0.051174

seq-02/frame-000091.color.png -0.525203 -0.647991 0.015097 0.984344 -0.169256 -0.010729 0.047815

seq-02/frame-000092.color.png -0.523238 -0.659943 0.017627 0.985219 -0.164403 -0.020384 0.043384

seq-02/frame-000093.color.png -0.523838 -0.669380 0.019526 0.985357 -0.162967 -0.024406 0.043591

seq-02/frame-000094.color.png -0.520933 -0.682810 0.024287 0.986372 -0.156560 -0.031602 0.039284

seq-02/frame-000095.color.png -0.519811 -0.690434 0.025974 0.986521 -0.155666 -0.033211 0.037730

seq-02/frame-000096.color.png -0.517669 -0.708349 0.029517 0.987298 -0.150174 -0.037216 0.035902

seq-02/frame-000097.color.png -0.516418 -0.714218 0.030757 0.987783 -0.147052 -0.038217 0.034381

seq-02/frame-000098.color.png -0.514887 -0.734131 0.035357 0.988180 -0.143298 -0.041959 0.034465

seq-02/frame-000099.color.png -0.513945 -0.741582 0.037182 0.988996 -0.138180 -0.040873 0.033239

seq-02/frame-000100.color.png -0.512775 -0.748595 0.039636 0.989289 -0.135920 -0.040742 0.033984

seq-02/frame-000101.color.png -0.510837 -0.768774 0.043687 0.989743 -0.131253 -0.043289 0.035926

seq-02/frame-000102.color.png -0.509434 -0.775702 0.045986 0.990516 -0.126303 -0.042354 0.033368

seq-02/frame-000103.color.png -0.508821 -0.781906 0.048014 0.991240 -0.122265 -0.039031 0.030871

seq-02/frame-000104.color.png -0.506060 -0.794388 0.052289 0.992591 -0.111884 -0.036505 0.029922

seq-02/frame-000105.color.png -0.503730 -0.799054 0.055485 0.993025 -0.109397 -0.033228 0.028500

seq-02/frame-000106.color.png -0.498449 -0.809420 0.059475 0.993116 -0.108290 -0.029786 0.032988

seq-02/frame-000107.color.png -0.496098 -0.816055 0.062308 0.993223 -0.107110 -0.029363 0.034006

seq-02/frame-000108.color.png -0.492219 -0.826874 0.066326 0.994111 -0.100865 -0.019877 0.034000

seq-02/frame-000109.color.png -0.488743 -0.830390 0.067894 0.994457 -0.098064 -0.015588 0.034305

seq-02/frame-000110.color.png -0.485621 -0.834311 0.068790 0.994739 -0.095185 -0.012838 0.035370

seq-02/frame-000111.color.png -0.476743 -0.841415 0.071659 0.995077 -0.092396 -0.007888 0.034691

seq-02/frame-000112.color.png -0.472303 -0.846731 0.073272 0.995073 -0.092492 -0.002896 0.035343

seq-02/frame-000113.color.png -0.463002 -0.852688 0.075460 0.995773 -0.084399 0.008332 0.035000

seq-02/frame-000114.color.png -0.458584 -0.855130 0.077626 0.995822 -0.083172 0.014922 0.034351

seq-02/frame-000115.color.png -0.452717 -0.857825 0.078451 0.995599 -0.084034 0.022395 0.034665

seq-02/frame-000116.color.png -0.439795 -0.861214 0.077906 0.995429 -0.081398 0.032500 0.037699

seq-02/frame-000117.color.png -0.431656 -0.865417 0.079105 0.995111 -0.082027 0.038101 0.039434

seq-02/frame-000118.color.png -0.417533 -0.871011 0.079005 0.994363 -0.080666 0.053940 0.042504

seq-02/frame-000119.color.png -0.408540 -0.870983 0.077854 0.994006 -0.079708 0.060615 0.043651

seq-02/frame-000120.color.png -0.401258 -0.873955 0.076972 0.993445 -0.080866 0.066729 0.045348

seq-02/frame-000121.color.png -0.384200 -0.877093 0.073754 0.992633 -0.079713 0.077251 0.048360

seq-02/frame-000122.color.png -0.375368 -0.880530 0.074168 0.991822 -0.081353 0.084636 0.049886

seq-02/frame-000123.color.png -0.360845 -0.884222 0.070998 0.990020 -0.081923 0.101744 0.052697

seq-02/frame-000124.color.png -0.349678 -0.885236 0.069050 0.989339 -0.080696 0.108294 0.054316

seq-02/frame-000125.color.png -0.331691 -0.888118 0.065277 0.987879 -0.080310 0.119956 0.056883

seq-02/frame-000126.color.png -0.320969 -0.888809 0.063038 0.987137 -0.079139 0.125937 0.058466

seq-02/frame-000127.color.png -0.311034 -0.889529 0.061013 0.986271 -0.078545 0.131898 0.060694

seq-02/frame-000128.color.png -0.291175 -0.889516 0.055434 0.984864 -0.076230 0.140901 0.066018

seq-02/frame-000129.color.png -0.281002 -0.889510 0.053295 0.984410 -0.074190 0.144320 0.067713

seq-02/frame-000130.color.png -0.261858 -0.889758 0.048551 0.983064 -0.073647 0.151500 0.072040

seq-02/frame-000131.color.png -0.252486 -0.889591 0.046343 0.982559 -0.073255 0.153859 0.074288

seq-02/frame-000132.color.png -0.240437 -0.890864 0.044587 0.981750 -0.073516 0.157271 0.077505

seq-02/frame-000133.color.png -0.219314 -0.888102 0.040806 0.980842 -0.073233 0.160227 0.083030

seq-02/frame-000134.color.png -0.207026 -0.889596 0.039717 0.980022 -0.075176 0.163026 0.085483

seq-02/frame-000135.color.png -0.184310 -0.887232 0.037212 0.978735 -0.076134 0.166319 0.092735

seq-02/frame-000136.color.png -0.173347 -0.887008 0.037143 0.978027 -0.077341 0.168506 0.095225

seq-02/frame-000137.color.png -0.162563 -0.885038 0.036466 0.977509 -0.077642 0.169892 0.097794

seq-02/frame-000138.color.png -0.142126 -0.878720 0.036590 0.977022 -0.076819 0.171598 0.100300

seq-02/frame-000139.color.png -0.131314 -0.876087 0.037046 0.976206 -0.078443 0.174290 0.102330

seq-02/frame-000140.color.png -0.122711 -0.873103 0.037275 0.975494 -0.077926 0.177370 0.104199

seq-02/frame-000141.color.png -0.102805 -0.866183 0.039609 0.974150 -0.079132 0.181964 0.107880

seq-02/frame-000142.color.png -0.095565 -0.861995 0.039796 0.973619 -0.079377 0.184220 0.108664

seq-02/frame-000143.color.png -0.079239 -0.852777 0.041008 0.973046 -0.077900 0.187067 0.109988

seq-02/frame-000144.color.png -0.072203 -0.847149 0.041873 0.972745 -0.078198 0.187874 0.111063

seq-02/frame-000145.color.png -0.064531 -0.842750 0.042410 0.972508 -0.078655 0.187932 0.112704

seq-02/frame-000146.color.png -0.049267 -0.832040 0.044677 0.972115 -0.078802 0.187208 0.117113

seq-02/frame-000147.color.png -0.043770 -0.826116 0.046041 0.971727 -0.079978 0.187614 0.118872

seq-02/frame-000148.color.png -0.037468 -0.820660 0.046909 0.971521 -0.080592 0.187491 0.120322

seq-02/frame-000149.color.png -0.025453 -0.808377 0.050641 0.970985 -0.083235 0.189159 0.120239

seq-02/frame-000150.color.png -0.021035 -0.801364 0.052325 0.970592 -0.085757 0.190370 0.119731

seq-02/frame-000151.color.png -0.016231 -0.795525 0.054420 0.970034 -0.089510 0.191615 0.119521

seq-02/frame-000152.color.png -0.011427 -0.781988 0.057620 0.969052 -0.097688 0.191861 0.120676

seq-02/frame-000153.color.png -0.009517 -0.775651 0.059196 0.968818 -0.101550 0.190732 0.121159

seq-02/frame-000154.color.png -0.007187 -0.769912 0.060875 0.968416 -0.104615 0.190770 0.121703

seq-02/frame-000155.color.png -0.004909 -0.757680 0.063387 0.968028 -0.107937 0.189519 0.123822

seq-02/frame-000156.color.png -0.004793 -0.751428 0.064075 0.968222 -0.108018 0.188293 0.124103

seq-02/frame-000157.color.png -0.004314 -0.744753 0.064996 0.968611 -0.107032 0.187127 0.123689

seq-02/frame-000158.color.png -0.004571 -0.729434 0.067251 0.969172 -0.107321 0.184584 0.122859

seq-02/frame-000159.color.png -0.005935 -0.722983 0.068775 0.968819 -0.110558 0.184713 0.122578

seq-02/frame-000160.color.png -0.007142 -0.718830 0.069500 0.968600 -0.113144 0.185444 0.120831

seq-02/frame-000161.color.png -0.012556 -0.703967 0.071604 0.969252 -0.111147 0.187683 0.113792

seq-02/frame-000162.color.png -0.015933 -0.696305 0.072973 0.969358 -0.111047 0.189530 0.109859

seq-02/frame-000163.color.png -0.019777 -0.688995 0.074581 0.969315 -0.111398 0.191033 0.107254

seq-02/frame-000164.color.png -0.027418 -0.675114 0.077907 0.969255 -0.112327 0.193157 0.102929

seq-02/frame-000165.color.png -0.032665 -0.667616 0.079417 0.969332 -0.113167 0.192493 0.102531

seq-02/frame-000166.color.png -0.037561 -0.660991 0.080949 0.969327 -0.115022 0.191551 0.102276

seq-02/frame-000167.color.png -0.044572 -0.655208 0.082336 0.969410 -0.117171 0.190373 0.101249

seq-02/frame-000168.color.png -0.056735 -0.642142 0.086298 0.969996 -0.118704 0.187479 0.099223

seq-02/frame-000169.color.png -0.062450 -0.634780 0.087884 0.970354 -0.120674 0.185460 0.097119

seq-02/frame-000170.color.png -0.068246 -0.628294 0.089996 0.970661 -0.123552 0.182820 0.095424

seq-02/frame-000171.color.png -0.082353 -0.617900 0.094108 0.970538 -0.128568 0.181956 0.091629

seq-02/frame-000172.color.png -0.090562 -0.612123 0.095473 0.970856 -0.128881 0.180891 0.089905

seq-02/frame-000173.color.png -0.107979 -0.599020 0.098454 0.971643 -0.130590 0.177864 0.084835

seq-02/frame-000174.color.png -0.114594 -0.594984 0.098582 0.971750 -0.132352 0.176641 0.083417

seq-02/frame-000175.color.png -0.123592 -0.587363 0.099827 0.972022 -0.132478 0.175643 0.082150

seq-02/frame-000176.color.png -0.131565 -0.579025 0.101084 0.972191 -0.135066 0.173547 0.080374

seq-02/frame-000177.color.png -0.147688 -0.567285 0.103574 0.971550 -0.142193 0.173619 0.075522

seq-02/frame-000178.color.png -0.160006 -0.558444 0.105569 0.971131 -0.144987 0.173644 0.075543

seq-02/frame-000179.color.png -0.169346 -0.551963 0.106515 0.970781 -0.150390 0.171891 0.073466

seq-02/frame-000180.color.png -0.187221 -0.537105 0.108970 0.970231 -0.156460 0.171221 0.069509

seq-02/frame-000181.color.png -0.198882 -0.531156 0.111427 0.969269 -0.162386 0.171681 0.068193

seq-02/frame-000182.color.png -0.209687 -0.526151 0.113047 0.968714 -0.166582 0.171285 0.066945

seq-02/frame-000183.color.png -0.228649 -0.511361 0.115157 0.968186 -0.173013 0.167453 0.067951

seq-02/frame-000184.color.png -0.238322 -0.506577 0.115522 0.967556 -0.178374 0.165875 0.066923

seq-02/frame-000185.color.png -0.249903 -0.501922 0.116183 0.967596 -0.180669 0.162720 0.067922

seq-02/frame-000186.color.png -0.270808 -0.486000 0.116417 0.966466 -0.191756 0.155423 0.070657

seq-02/frame-000187.color.png -0.282343 -0.480594 0.116626 0.965588 -0.198207 0.151991 0.072302

seq-02/frame-000188.color.png -0.290265 -0.474706 0.117265 0.964546 -0.205095 0.147938 0.075336

seq-02/frame-000189.color.png -0.300088 -0.473003 0.118718 0.962767 -0.213468 0.146478 0.077656

seq-02/frame-000190.color.png -0.322149 -0.464425 0.118954 0.961103 -0.222882 0.141082 0.081706

seq-02/frame-000191.color.png -0.330962 -0.461035 0.119610 0.960297 -0.229368 0.135508 0.082648

seq-02/frame-000192.color.png -0.340577 -0.460537 0.120160 0.959534 -0.234651 0.131955 0.082436

seq-02/frame-000193.color.png -0.358474 -0.455632 0.119557 0.959295 -0.240748 0.122728 0.081885

seq-02/frame-000194.color.png -0.367962 -0.454269 0.119225 0.959036 -0.244105 0.118762 0.080827

seq-02/frame-000195.color.png -0.377210 -0.453999 0.119238 0.958905 -0.246750 0.114433 0.080587

seq-02/frame-000196.color.png -0.385209 -0.450764 0.118486 0.958879 -0.248790 0.110507 0.080109

seq-02/frame-000197.color.png -0.403311 -0.452608 0.118578 0.957346 -0.256218 0.105495 0.081762

seq-02/frame-000198.color.png -0.414973 -0.451795 0.117805 0.957195 -0.257616 0.102429 0.083022

seq-02/frame-000199.color.png -0.422999 -0.450693 0.117018 0.956877 -0.260801 0.096977 0.083295

seq-02/frame-000200.color.png -0.428958 -0.452340 0.117149 0.956018 -0.265967 0.091374 0.083156

seq-02/frame-000201.color.png -0.439355 -0.454904 0.117301 0.955128 -0.270221 0.086928 0.084422

seq-02/frame-000202.color.png -0.457352 -0.458857 0.117082 0.953880 -0.276255 0.080820 0.085069

seq-02/frame-000203.color.png -0.465793 -0.463525 0.117759 0.952990 -0.278936 0.079315 0.087678

seq-02/frame-000204.color.png -0.472900 -0.466138 0.116993 0.952683 -0.280067 0.076806 0.089618

seq-02/frame-000205.color.png -0.480869 -0.468076 0.116500 0.952195 -0.281468 0.074524 0.092299

seq-02/frame-000206.color.png -0.500030 -0.482222 0.117550 0.950417 -0.285231 0.071569 0.101001

seq-02/frame-000207.color.png -0.508562 -0.484907 0.115705 0.951679 -0.282390 0.065909 0.100950

seq-02/frame-000208.color.png -0.518577 -0.488240 0.114944 0.952227 -0.280824 0.064130 0.101295

seq-02/frame-000209.color.png -0.536472 -0.497175 0.113215 0.952961 -0.278961 0.061109 0.101412

seq-02/frame-000210.color.png -0.544528 -0.503337 0.112221 0.953358 -0.278296 0.057648 0.101534

seq-02/frame-000211.color.png -0.551284 -0.508660 0.111412 0.953891 -0.276923 0.054388 0.102081

seq-02/frame-000212.color.png -0.568048 -0.521921 0.109213 0.954429 -0.275717 0.047013 0.103961

seq-02/frame-000213.color.png -0.575080 -0.530402 0.108163 0.955118 -0.274259 0.040818 0.104104

seq-02/frame-000214.color.png -0.581887 -0.537105 0.107214 0.956423 -0.270701 0.036100 0.103170

seq-02/frame-000215.color.png -0.596078 -0.554989 0.106832 0.957811 -0.267240 0.026076 0.102340

seq-02/frame-000216.color.png -0.601372 -0.564117 0.106280 0.959554 -0.262541 0.019361 0.099625

seq-02/frame-000217.color.png -0.609977 -0.580633 0.106325 0.961718 -0.256436 0.007830 0.096179

seq-02/frame-000218.color.png -0.614430 -0.591119 0.106333 0.963064 -0.252176 0.004138 0.094181

seq-02/frame-000219.color.png -0.622198 -0.608813 0.105750 0.966109 -0.241900 -0.004496 0.089836

seq-02/frame-000220.color.png -0.625739 -0.619693 0.106422 0.967411 -0.237208 -0.010410 0.087818

seq-02/frame-000221.color.png -0.628324 -0.637218 0.106767 0.970147 -0.227312 -0.017833 0.082453

seq-02/frame-000222.color.png -0.630623 -0.646760 0.107182 0.971438 -0.221963 -0.019471 0.081441

seq-02/frame-000223.color.png -0.633884 -0.661408 0.107173 0.974173 -0.210317 -0.026516 0.077599

seq-02/frame-000224.color.png -0.634263 -0.670156 0.107286 0.974900 -0.207176 -0.027204 0.076675

seq-02/frame-000225.color.png -0.635782 -0.689760 0.108997 0.976526 -0.199520 -0.030416 0.075075

seq-02/frame-000226.color.png -0.635938 -0.697666 0.109709 0.977591 -0.194590 -0.031030 0.073894

seq-02/frame-000227.color.png -0.635140 -0.717532 0.111205 0.979390 -0.185300 -0.033726 0.072749

seq-02/frame-000228.color.png -0.634072 -0.726234 0.111951 0.980743 -0.179306 -0.033225 0.069716

seq-02/frame-000229.color.png -0.632844 -0.742137 0.113789 0.982903 -0.168475 -0.031291 0.067161

seq-02/frame-000230.color.png -0.630438 -0.750908 0.114380 0.983923 -0.163142 -0.031597 0.065220

seq-02/frame-000231.color.png -0.627055 -0.764671 0.116349 0.985537 -0.154813 -0.025399 0.063849

seq-02/frame-000232.color.png -0.625064 -0.772404 0.116592 0.985963 -0.151918 -0.025078 0.064344

seq-02/frame-000233.color.png -0.618199 -0.787184 0.117508 0.986893 -0.145260 -0.024952 0.065504

seq-02/frame-000234.color.png -0.616742 -0.794021 0.117734 0.987480 -0.141294 -0.022987 0.066050

seq-02/frame-000235.color.png -0.609865 -0.808151 0.118432 0.988535 -0.133833 -0.023087 0.065776

seq-02/frame-000236.color.png -0.607496 -0.813997 0.118615 0.988941 -0.130715 -0.021866 0.066348

seq-02/frame-000237.color.png -0.600073 -0.828733 0.118369 0.989447 -0.124801 -0.026822 0.068354

seq-02/frame-000238.color.png -0.595518 -0.836116 0.118617 0.990136 -0.119276 -0.028037 0.067743

seq-02/frame-000239.color.png -0.585756 -0.847201 0.119153 0.991623 -0.107913 -0.022665 0.067057

seq-02/frame-000240.color.png -0.581895 -0.854127 0.119445 0.991889 -0.105603 -0.020342 0.067543

seq-02/frame-000241.color.png -0.572173 -0.865866 0.120542 0.993040 -0.095217 -0.015406 0.067368

seq-02/frame-000242.color.png -0.566950 -0.872155 0.120952 0.993297 -0.093255 -0.012652 0.066897

seq-02/frame-000243.color.png -0.561625 -0.874759 0.119450 0.993965 -0.086612 -0.010740 0.066245

seq-02/frame-000244.color.png -0.548391 -0.885567 0.121077 0.994829 -0.076293 -0.010277 0.066032

seq-02/frame-000245.color.png -0.542258 -0.890997 0.120906 0.994978 -0.074704 -0.006195 0.066118

seq-02/frame-000246.color.png -0.526294 -0.897449 0.119012 0.995737 -0.064705 -0.005026 0.065316

seq-02/frame-000247.color.png -0.517971 -0.903716 0.119602 0.995986 -0.063754 -0.003369 0.062505

seq-02/frame-000248.color.png -0.510807 -0.908847 0.119786 0.996059 -0.063744 -0.000249 0.061429

seq-02/frame-000249.color.png -0.495412 -0.916058 0.119843 0.996416 -0.055927 0.002434 0.063183

seq-02/frame-000250.color.png -0.486612 -0.920791 0.120482 0.996524 -0.053491 0.004362 0.063484

seq-02/frame-000251.color.png -0.469282 -0.927688 0.121995 0.996974 -0.044883 0.008028 0.062731

seq-02/frame-000252.color.png -0.460714 -0.932079 0.123166 0.997279 -0.043206 0.010892 0.058478

seq-02/frame-000253.color.png -0.442501 -0.938734 0.123469 0.997545 -0.036801 0.017822 0.056583

seq-02/frame-000254.color.png -0.431886 -0.941619 0.123930 0.997681 -0.034221 0.020757 0.054790

seq-02/frame-000255.color.png -0.419874 -0.943717 0.124274 0.997777 -0.032432 0.024034 0.052739

seq-02/frame-000256.color.png -0.395769 -0.946526 0.126183 0.997845 -0.032051 0.031642 0.047407

seq-02/frame-000257.color.png -0.383695 -0.944546 0.125537 0.997950 -0.031648 0.031188 0.045726

seq-02/frame-000258.color.png -0.371618 -0.947627 0.124932 0.998214 -0.029386 0.029777 0.042282

seq-02/frame-000259.color.png -0.343796 -0.953806 0.126132 0.998243 -0.025405 0.034285 0.040732

seq-02/frame-000260.color.png -0.333803 -0.956030 0.126592 0.998070 -0.024385 0.040922 0.039460

seq-02/frame-000261.color.png -0.323453 -0.957848 0.126294 0.997867 -0.021315 0.047910 0.038495

seq-02/frame-000262.color.png -0.312104 -0.959269 0.127056 0.997598 -0.018021 0.055735 0.036547

seq-02/frame-000263.color.png -0.299640 -0.959123 0.127365 0.997194 -0.014816 0.064089 0.035310

seq-02/frame-000264.color.png -0.279046 -0.955295 0.128925 0.996223 -0.013898 0.079956 0.030386

seq-02/frame-000265.color.png -0.268861 -0.952015 0.129273 0.995722 -0.014067 0.086414 0.029003

seq-02/frame-000266.color.png -0.258352 -0.949526 0.130002 0.995281 -0.015209 0.091068 0.029324

seq-02/frame-000267.color.png -0.248166 -0.946647 0.130850 0.994823 -0.017301 0.095689 0.028993

seq-02/frame-000268.color.png -0.237418 -0.944258 0.131791 0.994324 -0.019609 0.100446 0.028535

seq-02/frame-000269.color.png -0.226891 -0.941245 0.132520 0.993847 -0.021133 0.104865 0.028161

seq-02/frame-000270.color.png -0.206095 -0.933743 0.134126 0.993021 -0.024310 0.112111 0.026793

seq-02/frame-000271.color.png -0.194910 -0.929997 0.135052 0.992647 -0.027226 0.114216 0.028860

seq-02/frame-000272.color.png -0.185230 -0.926381 0.136537 0.992069 -0.030275 0.118066 0.030172

seq-02/frame-000273.color.png -0.174720 -0.920132 0.137511 0.991453 -0.032976 0.122012 0.031856

seq-02/frame-000274.color.png -0.163348 -0.913301 0.138520 0.990977 -0.035556 0.124504 0.034163

seq-02/frame-000275.color.png -0.143193 -0.900214 0.140407 0.990619 -0.035386 0.127163 0.034908

seq-02/frame-000276.color.png -0.133224 -0.895356 0.141818 0.990394 -0.036795 0.128482 0.035026

seq-02/frame-000277.color.png -0.124557 -0.887748 0.143189 0.990055 -0.038406 0.130330 0.036041

seq-02/frame-000278.color.png -0.116098 -0.880932 0.144601 0.989773 -0.039581 0.131799 0.037151

seq-02/frame-000279.color.png -0.107488 -0.872598 0.146176 0.989577 -0.041808 0.132613 0.037027

seq-02/frame-000280.color.png -0.091520 -0.858663 0.149458 0.989082 -0.046556 0.134636 0.037278

seq-02/frame-000281.color.png -0.085075 -0.849438 0.151490 0.988667 -0.049046 0.136413 0.038623

seq-02/frame-000282.color.png -0.077805 -0.841509 0.153060 0.988145 -0.053079 0.137335 0.043106

seq-02/frame-000283.color.png -0.071894 -0.832537 0.154435 0.987850 -0.055322 0.137447 0.046560

seq-02/frame-000284.color.png -0.060839 -0.813095 0.157727 0.987846 -0.056426 0.134932 0.052323

seq-02/frame-000285.color.png -0.055275 -0.804032 0.159901 0.987869 -0.057835 0.133975 0.052797

seq-02/frame-000286.color.png -0.054308 -0.791784 0.162757 0.987692 -0.058716 0.135104 0.052262

seq-02/frame-000287.color.png -0.044421 -0.770210 0.168040 0.986705 -0.066950 0.138562 0.051938

seq-02/frame-000288.color.png -0.040452 -0.759668 0.170151 0.986194 -0.070000 0.140975 0.051127

seq-02/frame-000289.color.png -0.035343 -0.747450 0.172413 0.985895 -0.072682 0.141327 0.052177

seq-02/frame-000290.color.png -0.031194 -0.736069 0.175273 0.985487 -0.077163 0.140853 0.054675

seq-02/frame-000291.color.png -0.027945 -0.714314 0.179981 0.983849 -0.087447 0.144582 0.058800

seq-02/frame-000292.color.png -0.023211 -0.701748 0.183085 0.983059 -0.092869 0.145829 0.060584

seq-02/frame-000293.color.png -0.022387 -0.691291 0.186028 0.981855 -0.099593 0.148346 0.063261

seq-02/frame-000294.color.png -0.024153 -0.679645 0.188083 0.980917 -0.104281 0.150434 0.065290

seq-02/frame-000295.color.png -0.027703 -0.654306 0.192853 0.979921 -0.112183 0.150710 0.066500

seq-02/frame-000296.color.png -0.029282 -0.643362 0.195517 0.979366 -0.116813 0.150306 0.067609

seq-02/frame-000297.color.png -0.033143 -0.632310 0.197767 0.978991 -0.120637 0.149349 0.068437

seq-02/frame-000298.color.png -0.041724 -0.611529 0.202510 0.978138 -0.129761 0.144905 0.073322

seq-02/frame-000299.color.png -0.046365 -0.601897 0.204589 0.977767 -0.133915 0.142884 0.074751

seq-02/frame-000300.color.png -0.051498 -0.591509 0.206703 0.977252 -0.137983 0.141359 0.076959

seq-02/frame-000301.color.png -0.058070 -0.581641 0.208847 0.976627 -0.142947 0.139373 0.079416

seq-02/frame-000302.color.png -0.071075 -0.563501 0.212600 0.975513 -0.152971 0.134060 0.083467

seq-02/frame-000303.color.png -0.077687 -0.554884 0.214194 0.974925 -0.157519 0.131488 0.085936

seq-02/frame-000304.color.png -0.084914 -0.547739 0.216164 0.974337 -0.161883 0.129131 0.088039

seq-02/frame-000305.color.png -0.092261 -0.538517 0.216999 0.974085 -0.164878 0.127402 0.087790

seq-02/frame-000306.color.png -0.107852 -0.524283 0.219178 0.972367 -0.174309 0.125232 0.091661

seq-02/frame-000307.color.png -0.117564 -0.517992 0.219796 0.971712 -0.178067 0.123108 0.094214

seq-02/frame-000308.color.png -0.126594 -0.510313 0.220403 0.971139 -0.182365 0.119952 0.095961

seq-02/frame-000309.color.png -0.133776 -0.504425 0.220440 0.970217 -0.189022 0.115461 0.097890

seq-02/frame-000310.color.png -0.152736 -0.492594 0.219911 0.968968 -0.198423 0.107581 0.100599

seq-02/frame-000311.color.png -0.163209 -0.484658 0.218726 0.968596 -0.202399 0.103614 0.100420

seq-02/frame-000312.color.png -0.173141 -0.476219 0.217688 0.968239 -0.206990 0.098739 0.099415

seq-02/frame-000313.color.png -0.182170 -0.470883 0.216689 0.967361 -0.213041 0.094588 0.099218

seq-02/frame-000314.color.png -0.193911 -0.465460 0.215819 0.966929 -0.216728 0.091626 0.098212

seq-02/frame-000315.color.png -0.216275 -0.453126 0.212302 0.965663 -0.226737 0.082200 0.096395

seq-02/frame-000316.color.png -0.226628 -0.452077 0.211286 0.964863 -0.232634 0.076538 0.095006

seq-02/frame-000317.color.png -0.236307 -0.447797 0.210677 0.964631 -0.236494 0.071241 0.091902

seq-02/frame-000318.color.png -0.247910 -0.442277 0.208361 0.963876 -0.242128 0.067101 0.088194

seq-02/frame-000319.color.png -0.259031 -0.443183 0.208349 0.962176 -0.250294 0.064256 0.086048

seq-02/frame-000320.color.png -0.286144 -0.446103 0.204970 0.960662 -0.259902 0.054458 0.081100

seq-02/frame-000321.color.png -0.290647 -0.449376 0.206394 0.960329 -0.263766 0.046065 0.077690

seq-02/frame-000322.color.png -0.300738 -0.452597 0.204610 0.960279 -0.264946 0.040448 0.077419

seq-02/frame-000323.color.png -0.309311 -0.452151 0.201345 0.961131 -0.263509 0.031540 0.075880

seq-02/frame-000324.color.png -0.319507 -0.455374 0.198905 0.960893 -0.265508 0.023384 0.074871

seq-02/frame-000325.color.png -0.334117 -0.466047 0.193599 0.961624 -0.264589 0.006578 0.072045

seq-02/frame-000326.color.png -0.346522 -0.469318 0.189455 0.962399 -0.262358 0.000939 0.070133

seq-02/frame-000327.color.png -0.353351 -0.476188 0.186124 0.962632 -0.261662 -0.006829 0.069201

seq-02/frame-000328.color.png -0.367086 -0.493878 0.177194 0.963405 -0.256445 -0.025798 0.073371

seq-02/frame-000329.color.png -0.374004 -0.502055 0.172508 0.964674 -0.251087 -0.033714 0.072000

seq-02/frame-000330.color.png -0.379910 -0.509072 0.166489 0.965820 -0.246269 -0.039464 0.070342

seq-02/frame-000331.color.png -0.391045 -0.527716 0.157474 0.965868 -0.243108 -0.048983 0.074567

seq-02/frame-000332.color.png -0.394217 -0.536848 0.152840 0.966448 -0.239973 -0.052762 0.074626

seq-02/frame-000333.color.png -0.402537 -0.550953 0.142257 0.968185 -0.233161 -0.056953 0.070510

seq-02/frame-000334.color.png -0.403964 -0.560446 0.137711 0.968412 -0.231763 -0.059998 0.069467

seq-02/frame-000335.color.png -0.406240 -0.568168 0.132533 0.969403 -0.228196 -0.061689 0.065880

seq-02/frame-000336.color.png -0.407572 -0.587414 0.122951 0.970758 -0.223380 -0.064681 0.059227

seq-02/frame-000337.color.png -0.408898 -0.595556 0.118016 0.972265 -0.217301 -0.065064 0.056646

seq-02/frame-000338.color.png -0.407801 -0.607730 0.108060 0.974185 -0.210243 -0.065027 0.049945

seq-02/frame-000339.color.png -0.407421 -0.615047 0.103376 0.974949 -0.208239 -0.061269 0.048163

seq-02/frame-000340.color.png -0.404958 -0.628784 0.094212 0.976351 -0.203099 -0.058185 0.045452

seq-02/frame-000341.color.png -0.401583 -0.634108 0.088747 0.977123 -0.199994 -0.057331 0.043688

seq-02/frame-000342.color.png -0.397978 -0.639477 0.083674 0.977742 -0.197757 -0.055316 0.042602

seq-02/frame-000343.color.png -0.389919 -0.651435 0.072896 0.979434 -0.192337 -0.045864 0.039671

seq-02/frame-000344.color.png -0.383289 -0.654653 0.068149 0.980392 -0.188639 -0.041361 0.038712

seq-02/frame-000345.color.png -0.372247 -0.661354 0.057847 0.981567 -0.185945 -0.024905 0.035947

seq-02/frame-000346.color.png -0.367379 -0.665028 0.051973 0.982000 -0.184596 -0.017385 0.035501

seq-02/frame-000347.color.png -0.355713 -0.671235 0.041402 0.982827 -0.181529 -0.003757 0.032346

seq-02/frame-000348.color.png -0.349811 -0.673012 0.034790 0.982868 -0.181566 0.004259 0.030788

seq-02/frame-000349.color.png -0.336250 -0.684177 0.022553 0.982158 -0.184029 0.016794 0.034315

seq-02/frame-000350.color.png -0.331015 -0.688793 0.015715 0.982498 -0.181274 0.020563 0.037083

seq-02/frame-000351.color.png -0.319715 -0.696465 0.001772 0.983053 -0.176566 0.030549 0.038188

seq-02/frame-000352.color.png -0.312638 -0.700835 -0.006590 0.983468 -0.173614 0.033624 0.038449

seq-02/frame-000353.color.png -0.299817 -0.705209 -0.021333 0.984358 -0.168215 0.036347 0.037193

seq-02/frame-000354.color.png -0.293037 -0.710988 -0.028728 0.984452 -0.166997 0.039262 0.037230

seq-02/frame-000355.color.png -0.288113 -0.714615 -0.036894 0.984944 -0.163522 0.041965 0.036670

seq-02/frame-000356.color.png -0.275669 -0.720124 -0.053451 0.985876 -0.158310 0.042608 0.033623

seq-02/frame-000357.color.png -0.269376 -0.722157 -0.062341 0.986355 -0.155323 0.043293 0.032633

seq-02/frame-000358.color.png -0.258369 -0.726752 -0.079285 0.986843 -0.152328 0.044625 0.030113

seq-02/frame-000359.color.png -0.252312 -0.729103 -0.087777 0.986951 -0.151629 0.045592 0.028606

seq-02/frame-000360.color.png -0.248219 -0.730738 -0.096332 0.987191 -0.150450 0.044842 0.027702

seq-02/frame-000361.color.png -0.238261 -0.735824 -0.112515 0.987571 -0.149825 0.038185 0.027538

seq-02/frame-000362.color.png -0.233610 -0.737967 -0.119897 0.987729 -0.149280 0.036199 0.027495

seq-02/frame-000363.color.png -0.223907 -0.746303 -0.135359 0.987876 -0.148950 0.033803 0.027074

seq-02/frame-000364.color.png -0.220773 -0.750100 -0.143778 0.988485 -0.145347 0.031296 0.027432

seq-02/frame-000365.color.png -0.213812 -0.757536 -0.159726 0.989356 -0.139728 0.029329 0.027414

seq-02/frame-000366.color.png -0.212594 -0.759929 -0.168514 0.989835 -0.136539 0.028394 0.027158

seq-02/frame-000367.color.png -0.210014 -0.768284 -0.185201 0.990715 -0.130983 0.026275 0.024454

seq-02/frame-000368.color.png -0.208477 -0.770416 -0.194147 0.991239 -0.126938 0.027417 0.023245

seq-02/frame-000369.color.png -0.207392 -0.777381 -0.211026 0.991686 -0.122789 0.030958 0.021985

seq-02/frame-000370.color.png -0.207594 -0.781359 -0.220260 0.992157 -0.118571 0.032380 0.021855

seq-02/frame-000371.color.png -0.207055 -0.784088 -0.238290 0.992662 -0.114386 0.032684 0.020753

seq-02/frame-000372.color.png -0.205674 -0.789603 -0.246548 0.992631 -0.114860 0.031534 0.021384

seq-02/frame-000373.color.png -0.207263 -0.793290 -0.263502 0.992742 -0.113906 0.031830 0.020854

seq-02/frame-000374.color.png -0.206509 -0.798079 -0.271999 0.992485 -0.116442 0.030799 0.020651

seq-02/frame-000375.color.png -0.205441 -0.804188 -0.290431 0.992581 -0.115432 0.031448 0.020741

seq-02/frame-000376.color.png -0.206330 -0.806814 -0.299970 0.992458 -0.115309 0.035108 0.021422

seq-02/frame-000377.color.png -0.209126 -0.813959 -0.319159 0.992446 -0.114905 0.036159 0.022359

seq-02/frame-000378.color.png -0.207620 -0.819927 -0.326844 0.992500 -0.114995 0.035045 0.021262

seq-02/frame-000379.color.png -0.211359 -0.828720 -0.344949 0.992259 -0.115376 0.040602 0.020527

seq-02/frame-000380.color.png -0.212482 -0.831998 -0.355160 0.992343 -0.114323 0.041595 0.020393

seq-02/frame-000381.color.png -0.210189 -0.841258 -0.376141 0.992189 -0.116469 0.037880 0.022800

seq-02/frame-000382.color.png -0.209511 -0.847577 -0.387448 0.992075 -0.116963 0.037729 0.025366

seq-02/frame-000383.color.png -0.205816 -0.859816 -0.410459 0.991759 -0.119294 0.032943 0.032523

seq-02/frame-000384.color.png -0.205524 -0.864282 -0.421569 0.991720 -0.119040 0.031639 0.035774

seq-02/frame-000385.color.png -0.205135 -0.867519 -0.432451 0.991668 -0.119352 0.030114 0.037450

seq-02/frame-000386.color.png -0.203053 -0.876494 -0.452120 0.991565 -0.119348 0.034354 0.036526

seq-02/frame-000387.color.png -0.202426 -0.879689 -0.462826 0.991688 -0.117855 0.037312 0.035112

seq-02/frame-000388.color.png -0.198598 -0.885025 -0.481528 0.991349 -0.119078 0.039558 0.037979

seq-02/frame-000389.color.png -0.196954 -0.887999 -0.490016 0.991090 -0.120091 0.041076 0.039883

seq-02/frame-000390.color.png -0.193606 -0.890944 -0.507333 0.990504 -0.123805 0.042565 0.041499

seq-02/frame-000391.color.png -0.191201 -0.893282 -0.517133 0.990415 -0.124688 0.042933 0.040581

seq-02/frame-000392.color.png -0.181142 -0.895591 -0.535519 0.990887 -0.122561 0.037004 0.041380

seq-02/frame-000393.color.png -0.177020 -0.896591 -0.542927 0.991060 -0.122185 0.032936 0.041764

seq-02/frame-000394.color.png -0.162249 -0.900818 -0.559061 0.991753 -0.117961 0.028244 0.040882

seq-02/frame-000395.color.png -0.152864 -0.899352 -0.565673 0.992137 -0.116043 0.024548 0.039425

seq-02/frame-000396.color.png -0.136990 -0.903466 -0.579481 0.992660 -0.113279 0.022325 0.035425

seq-02/frame-000397.color.png -0.129114 -0.904025 -0.585395 0.992954 -0.111475 0.019279 0.034681

seq-02/frame-000398.color.png -0.112305 -0.906469 -0.599266 0.993687 -0.106820 0.008560 0.032588

seq-02/frame-000399.color.png -0.103766 -0.906890 -0.604368 0.994116 -0.103186 0.002742 0.032194

seq-02/frame-000400.color.png -0.089964 -0.911474 -0.613623 0.994713 -0.098850 0.000548 0.027083

seq-02/frame-000401.color.png -0.079826 -0.909937 -0.617569 0.995083 -0.095286 -0.003200 0.026050

seq-02/frame-000402.color.png -0.066970 -0.916421 -0.621726 0.995372 -0.092856 -0.004679 0.023441

seq-02/frame-000403.color.png -0.054270 -0.919949 -0.625227 0.995640 -0.090028 -0.005301 0.022956

seq-02/frame-000404.color.png -0.046398 -0.923694 -0.626996 0.995939 -0.086650 -0.003690 0.023293

seq-02/frame-000405.color.png -0.032659 -0.924129 -0.630651 0.996564 -0.078099 -0.001535 0.026764

seq-02/frame-000406.color.png -0.028093 -0.925519 -0.631995 0.996748 -0.075179 0.001202 0.028262

seq-02/frame-000407.color.png -0.021465 -0.928056 -0.634114 0.996948 -0.071981 0.005812 0.028951

seq-02/frame-000408.color.png -0.007110 -0.929205 -0.638463 0.997192 -0.067341 0.010399 0.030375

seq-02/frame-000409.color.png 0.002410 -0.930282 -0.639009 0.997248 -0.066553 0.011795 0.029756

seq-02/frame-000410.color.png 0.015232 -0.932578 -0.640090 0.997066 -0.067325 0.023534 0.027023

seq-02/frame-000411.color.png 0.023968 -0.931142 -0.641590 0.997036 -0.065892 0.029258 0.026056

seq-02/frame-000412.color.png 0.038976 -0.930554 -0.644562 0.997127 -0.062407 0.032711 0.027035

seq-02/frame-000413.color.png 0.047125 -0.927880 -0.646308 0.997331 -0.059758 0.031327 0.027146

seq-02/frame-000414.color.png 0.067237 -0.927605 -0.648043 0.997504 -0.059769 0.025643 0.026698

seq-02/frame-000415.color.png 0.078850 -0.927286 -0.649822 0.997575 -0.059228 0.024078 0.026731

seq-02/frame-000416.color.png 0.098022 -0.925732 -0.655590 0.997959 -0.054923 0.020235 0.024672

seq-02/frame-000417.color.png 0.107964 -0.923002 -0.658085 0.998214 -0.052021 0.016813 0.023188

seq-02/frame-000418.color.png 0.133373 -0.917951 -0.663473 0.998437 -0.052195 0.004997 0.018191

seq-02/frame-000419.color.png 0.146667 -0.916386 -0.667023 0.998603 -0.050495 -0.000732 0.014111

seq-02/frame-000420.color.png 0.161922 -0.913147 -0.669500 0.998623 -0.049933 -0.006979 0.012916

seq-02/frame-000421.color.png 0.188368 -0.911508 -0.674295 0.998272 -0.056047 -0.014881 0.006929

seq-02/frame-000422.color.png 0.200236 -0.910117 -0.677245 0.998000 -0.059580 -0.019454 0.004989

seq-02/frame-000423.color.png 0.227436 -0.907579 -0.682117 0.997110 -0.067157 -0.034766 0.003214

seq-02/frame-000424.color.png 0.236863 -0.910077 -0.684373 0.996626 -0.070640 -0.041265 -0.001190

seq-02/frame-000425.color.png 0.261552 -0.907130 -0.689500 0.995895 -0.072823 -0.052372 -0.010167

seq-02/frame-000426.color.png 0.273208 -0.905815 -0.690885 0.995497 -0.073661 -0.057784 -0.013355

seq-02/frame-000427.color.png 0.294846 -0.903786 -0.692666 0.994599 -0.077462 -0.066959 -0.015683

seq-02/frame-000428.color.png 0.303538 -0.903479 -0.694974 0.994194 -0.078486 -0.071651 -0.015509

seq-02/frame-000429.color.png 0.326252 -0.899214 -0.696323 0.993155 -0.077759 -0.085354 -0.016343

seq-02/frame-000430.color.png 0.335771 -0.897483 -0.695364 0.992365 -0.078699 -0.092796 -0.019078

seq-02/frame-000431.color.png 0.354741 -0.896201 -0.694682 0.991017 -0.080410 -0.103794 -0.024549

seq-02/frame-000432.color.png 0.364005 -0.893591 -0.693154 0.990578 -0.081615 -0.107015 -0.024440

seq-02/frame-000433.color.png 0.383894 -0.892902 -0.689281 0.989714 -0.084761 -0.112566 -0.023798

seq-02/frame-000434.color.png 0.393694 -0.890770 -0.687526 0.989603 -0.085117 -0.113641 -0.021973

seq-02/frame-000435.color.png 0.414297 -0.887086 -0.682290 0.989442 -0.084927 -0.115697 -0.019049

seq-02/frame-000436.color.png 0.433966 -0.885930 -0.677807 0.989535 -0.084820 -0.115109 -0.018227

seq-02/frame-000437.color.png 0.442669 -0.883968 -0.675827 0.989833 -0.082986 -0.113834 -0.018485

seq-02/frame-000438.color.png 0.468585 -0.884051 -0.666330 0.989069 -0.081167 -0.121432 -0.019077

seq-02/frame-000439.color.png 0.477997 -0.880359 -0.663049 0.988779 -0.078824 -0.125328 -0.018742

seq-02/frame-000440.color.png 0.495199 -0.880085 -0.653520 0.988204 -0.078463 -0.129244 -0.023419

seq-02/frame-000441.color.png 0.503523 -0.881224 -0.648671 0.987822 -0.078608 -0.131176 -0.027864

seq-02/frame-000442.color.png 0.519614 -0.878121 -0.634688 0.987568 -0.077045 -0.132823 -0.032980

seq-02/frame-000443.color.png 0.526373 -0.883129 -0.626509 0.987177 -0.081567 -0.132422 -0.035320

seq-02/frame-000444.color.png 0.548209 -0.887448 -0.611407 0.986250 -0.082471 -0.138367 -0.036320

seq-02/frame-000445.color.png 0.549555 -0.891282 -0.606162 0.985576 -0.083828 -0.141935 -0.037724

seq-02/frame-000446.color.png 0.571536 -0.895265 -0.592472 0.983898 -0.084731 -0.151540 -0.041902

seq-02/frame-000447.color.png 0.580940 -0.896331 -0.585765 0.983200 -0.084439 -0.155512 -0.044248

seq-02/frame-000448.color.png 0.597203 -0.897821 -0.571425 0.982467 -0.086335 -0.155962 -0.054186

seq-02/frame-000449.color.png 0.609177 -0.898763 -0.563059 0.982350 -0.087596 -0.155818 -0.054692

seq-02/frame-000450.color.png 0.630139 -0.901479 -0.548214 0.980424 -0.090612 -0.167304 -0.050219

seq-02/frame-000451.color.png 0.649567 -0.899028 -0.535306 0.979058 -0.090226 -0.176210 -0.047003

seq-02/frame-000452.color.png 0.660077 -0.900806 -0.529196 0.977658 -0.094869 -0.182118 -0.044404

seq-02/frame-000453.color.png 0.680252 -0.902620 -0.522622 0.975996 -0.093514 -0.191673 -0.043627

seq-02/frame-000454.color.png 0.691320 -0.900325 -0.516579 0.975499 -0.091902 -0.195127 -0.042844

seq-02/frame-000455.color.png 0.713278 -0.902976 -0.509105 0.973155 -0.094597 -0.205282 -0.042819

seq-02/frame-000456.color.png 0.724991 -0.899625 -0.505114 0.972596 -0.091953 -0.208604 -0.045166

seq-02/frame-000457.color.png 0.749324 -0.898774 -0.496865 0.971228 -0.092053 -0.214065 -0.048705

seq-02/frame-000458.color.png 0.773359 -0.892280 -0.489643 0.969933 -0.089775 -0.220184 -0.051399

seq-02/frame-000459.color.png 0.784591 -0.893266 -0.486362 0.969056 -0.090806 -0.223149 -0.053325

seq-02/frame-000460.color.png 0.811810 -0.888800 -0.479515 0.967067 -0.083938 -0.233432 -0.056554

seq-02/frame-000461.color.png 0.822449 -0.885751 -0.476510 0.966878 -0.082329 -0.233891 -0.060142

seq-02/frame-000462.color.png 0.849984 -0.884657 -0.466694 0.965708 -0.084613 -0.236480 -0.065408

seq-02/frame-000463.color.png 0.875067 -0.878625 -0.458440 0.963996 -0.086776 -0.242669 -0.065164

seq-02/frame-000464.color.png 0.897158 -0.885324 -0.453367 0.963702 -0.093027 -0.240465 -0.068953

seq-02/frame-000465.color.png 0.909490 -0.883779 -0.448546 0.963297 -0.090939 -0.242869 -0.068958

seq-02/frame-000466.color.png 0.930593 -0.885788 -0.443247 0.960883 -0.086790 -0.252903 -0.071869

seq-02/frame-000467.color.png 0.942242 -0.877976 -0.437753 0.959402 -0.078167 -0.260258 -0.075207

seq-02/frame-000468.color.png 0.954020 -0.879114 -0.430360 0.958517 -0.077045 -0.261926 -0.081590

seq-02/frame-000469.color.png 0.959310 -0.879853 -0.426270 0.958703 -0.076935 -0.260673 -0.083499

seq-02/frame-000470.color.png 0.972985 -0.883950 -0.416875 0.958343 -0.075366 -0.262444 -0.083505

seq-02/frame-000471.color.png 0.987082 -0.882838 -0.405195 0.957746 -0.067777 -0.266490 -0.084045

seq-02/frame-000472.color.png 0.993542 -0.883795 -0.398907 0.957523 -0.067472 -0.267560 -0.083433

seq-02/frame-000473.color.png 1.005396 -0.888576 -0.386585 0.957992 -0.065821 -0.266286 -0.083438

seq-02/frame-000474.color.png 1.017677 -0.888456 -0.372688 0.959259 -0.057967 -0.263019 -0.085057

seq-02/frame-000475.color.png 1.027116 -0.887657 -0.355830 0.959709 -0.051564 -0.260579 -0.091380

seq-02/frame-000476.color.png 1.030005 -0.889516 -0.347803 0.960819 -0.048911 -0.255605 -0.095150

seq-02/frame-000477.color.png 1.037071 -0.892811 -0.330214 0.960866 -0.045282 -0.253421 -0.102059

seq-02/frame-000478.color.png 1.041227 -0.894942 -0.310957 0.962633 -0.039161 -0.247046 -0.103558

seq-02/frame-000479.color.png 1.043688 -0.897469 -0.299933 0.962249 -0.037332 -0.248561 -0.104170

seq-02/frame-000480.color.png 1.044396 -0.899983 -0.278851 0.963227 -0.035145 -0.242082 -0.110934

seq-02/frame-000481.color.png 1.050099 -0.902933 -0.257088 0.963976 -0.031717 -0.237325 -0.115639

seq-02/frame-000482.color.png 1.059095 -0.900324 -0.231555 0.962965 -0.030063 -0.242332 -0.114108

seq-02/frame-000483.color.png 1.060797 -0.901482 -0.220687 0.963073 -0.029092 -0.240652 -0.116969

seq-02/frame-000484.color.png 1.064356 -0.900740 -0.200106 0.964536 -0.033738 -0.234773 -0.115608

seq-02/frame-000485.color.png 1.072145 -0.899347 -0.178627 0.964639 -0.035699 -0.234561 -0.114581

seq-02/frame-000486.color.png 1.077072 -0.896986 -0.168156 0.964246 -0.037515 -0.235757 -0.114858

seq-02/frame-000487.color.png 1.085228 -0.894505 -0.149165 0.963970 -0.040052 -0.234857 -0.118117

seq-02/frame-000488.color.png 1.097070 -0.889850 -0.128871 0.963043 -0.039701 -0.238719 -0.118052

seq-02/frame-000489.color.png 1.101732 -0.885693 -0.119856 0.962604 -0.037005 -0.240584 -0.118719

seq-02/frame-000490.color.png 1.108305 -0.879422 -0.103528 0.962694 -0.033960 -0.238785 -0.122473

seq-02/frame-000491.color.png 1.125239 -0.865283 -0.081027 0.963157 -0.025786 -0.245839 -0.105724

seq-02/frame-000492.color.png 1.132242 -0.861286 -0.070388 0.961691 -0.024915 -0.254143 -0.099455

seq-02/frame-000493.color.png 1.145444 -0.848566 -0.048355 0.961551 -0.025883 -0.256430 -0.094571

seq-02/frame-000494.color.png 1.153648 -0.844509 -0.037315 0.961250 -0.029727 -0.257746 -0.092908

seq-02/frame-000495.color.png 1.166269 -0.834491 -0.016909 0.962740 -0.033786 -0.249373 -0.098757

seq-02/frame-000496.color.png 1.178671 -0.824362 0.004551 0.963123 -0.035443 -0.245576 -0.103831

seq-02/frame-000497.color.png 1.182378 -0.817922 0.013509 0.963352 -0.034839 -0.243252 -0.107322

seq-02/frame-000498.color.png 1.194505 -0.807903 0.032665 0.964574 -0.033571 -0.237517 -0.109572

seq-02/frame-000499.color.png 1.205744 -0.797286 0.052828 0.965363 -0.031262 -0.237317 -0.103571

seq-02/frame-000500.color.png 1.213838 -0.787591 0.069133 0.966692 -0.027155 -0.233696 -0.100523

seq-02/frame-000501.color.png 1.214083 -0.781502 0.075850 0.967652 -0.025530 -0.230877 -0.098200

seq-02/frame-000502.color.png 1.226078 -0.773582 0.096140 0.968185 -0.020353 -0.229961 -0.096291

seq-02/frame-000503.color.png 1.227995 -0.758695 0.110973 0.969924 -0.007930 -0.222813 -0.097411

seq-02/frame-000504.color.png 1.227840 -0.751187 0.119216 0.971061 -0.005372 -0.217958 -0.097245

seq-02/frame-000505.color.png 1.228666 -0.738400 0.137933 0.972898 -0.004491 -0.209477 -0.097560

seq-02/frame-000506.color.png 1.227843 -0.733484 0.147084 0.973745 -0.006105 -0.205193 -0.098130

seq-02/frame-000507.color.png 1.225788 -0.717529 0.164587 0.975518 -0.012163 -0.197177 -0.096376

seq-02/frame-000508.color.png 1.224571 -0.708638 0.173185 0.975932 -0.016401 -0.195662 -0.094622

seq-02/frame-000509.color.png 1.221012 -0.685771 0.188454 0.977122 -0.028805 -0.191338 -0.087995

seq-02/frame-000510.color.png 1.218534 -0.676032 0.195871 0.977039 -0.036077 -0.191551 -0.085744

seq-02/frame-000511.color.png 1.209790 -0.654157 0.208994 0.977032 -0.050793 -0.190563 -0.080397

seq-02/frame-000512.color.png 1.204385 -0.628816 0.221196 0.976300 -0.066328 -0.191509 -0.075577

seq-02/frame-000513.color.png 1.203115 -0.615077 0.226968 0.976186 -0.073594 -0.190859 -0.071887

seq-02/frame-000514.color.png 1.192600 -0.596750 0.234313 0.975776 -0.086877 -0.188968 -0.067489

seq-02/frame-000515.color.png 1.189174 -0.585575 0.237316 0.975336 -0.092222 -0.189881 -0.064109

seq-02/frame-000516.color.png 1.177285 -0.567864 0.240241 0.973942 -0.104828 -0.191733 -0.060293

seq-02/frame-000517.color.png 1.165155 -0.550532 0.240586 0.972423 -0.115364 -0.194347 -0.057113

seq-02/frame-000518.color.png 1.156469 -0.542214 0.239261 0.971802 -0.118842 -0.195712 -0.055883

seq-02/frame-000519.color.png 1.142885 -0.523362 0.236247 0.969575 -0.129220 -0.200953 -0.052846

seq-02/frame-000520.color.png 1.131504 -0.517100 0.232729 0.968798 -0.134746 -0.200625 -0.054521

seq-02/frame-000521.color.png 1.111414 -0.503001 0.226457 0.965454 -0.144864 -0.209411 -0.054855

seq-02/frame-000522.color.png 1.100495 -0.499624 0.223246 0.963923 -0.148953 -0.212930 -0.057229

seq-02/frame-000523.color.png 1.079698 -0.486481 0.216757 0.962081 -0.154642 -0.216970 -0.057943

seq-02/frame-000524.color.png 1.062032 -0.468456 0.210476 0.959380 -0.160223 -0.224518 -0.058804

seq-02/frame-000525.color.png 1.050399 -0.463866 0.206167 0.957734 -0.166713 -0.226528 -0.059877

seq-02/frame-000526.color.png 1.028807 -0.453902 0.198160 0.954701 -0.174628 -0.232163 -0.064030

seq-02/frame-000527.color.png 1.004752 -0.451041 0.188683 0.952704 -0.182129 -0.234079 -0.065876

seq-02/frame-000528.color.png 0.993519 -0.446741 0.184730 0.952375 -0.182441 -0.234759 -0.067329

seq-02/frame-000529.color.png 0.972574 -0.440667 0.176852 0.952013 -0.187546 -0.232105 -0.067618

seq-02/frame-000530.color.png 0.959730 -0.439794 0.172037 0.951844 -0.188435 -0.231972 -0.067980

seq-02/frame-000531.color.png 0.938664 -0.430443 0.162269 0.951233 -0.189947 -0.232618 -0.070085

seq-02/frame-000532.color.png 0.925155 -0.428333 0.156222 0.950530 -0.193613 -0.232123 -0.071221

seq-02/frame-000533.color.png 0.902989 -0.423782 0.144614 0.948775 -0.200477 -0.233615 -0.070757

seq-02/frame-000534.color.png 0.885230 -0.424218 0.136294 0.948230 -0.202876 -0.233404 -0.071903

seq-02/frame-000535.color.png 0.862756 -0.421573 0.123590 0.945753 -0.208413 -0.236706 -0.077670

seq-02/frame-000536.color.png 0.851202 -0.421776 0.116575 0.944892 -0.211028 -0.237129 -0.079759

seq-02/frame-000537.color.png 0.839801 -0.421255 0.110976 0.943550 -0.214645 -0.238528 -0.081797

seq-02/frame-000538.color.png 0.814163 -0.427192 0.098106 0.942045 -0.220374 -0.238651 -0.083540

seq-02/frame-000539.color.png 0.801182 -0.427424 0.092844 0.941588 -0.221880 -0.239934 -0.080989

seq-02/frame-000540.color.png 0.773677 -0.435204 0.079699 0.938677 -0.228923 -0.244465 -0.081628

seq-02/frame-000541.color.png 0.759617 -0.438007 0.075466 0.937768 -0.229546 -0.247065 -0.082486

seq-02/frame-000542.color.png 0.726523 -0.451273 0.063893 0.934703 -0.232238 -0.254729 -0.086339

seq-02/frame-000543.color.png 0.721219 -0.454580 0.061496 0.933525 -0.227416 -0.262147 -0.089647

seq-02/frame-000544.color.png 0.700311 -0.464891 0.051697 0.929756 -0.230952 -0.271523 -0.091845

seq-02/frame-000545.color.png 0.690079 -0.472493 0.050295 0.927745 -0.231138 -0.278234 -0.091623

seq-02/frame-000546.color.png 0.680735 -0.485333 0.045926 0.920178 -0.232680 -0.301757 -0.089555

seq-02/frame-000547.color.png 0.678248 -0.494708 0.047000 0.917364 -0.231692 -0.309891 -0.093133

seq-02/frame-000548.color.png 0.662136 -0.507795 0.044805 0.911595 -0.234443 -0.323279 -0.097286

seq-02/frame-000549.color.png 0.653091 -0.517764 0.042396 0.909499 -0.237032 -0.326775 -0.098938

seq-02/frame-000550.color.png 0.630014 -0.535016 0.029439 0.906130 -0.243232 -0.330882 -0.101128

seq-02/frame-000551.color.png 0.623791 -0.550102 0.030219 0.906020 -0.241650 -0.331879 -0.102622

seq-02/frame-000552.color.png 0.610944 -0.567215 0.022755 0.905501 -0.232822 -0.338879 -0.104713

seq-02/frame-000553.color.png 0.607134 -0.578345 0.022698 0.905991 -0.227946 -0.340116 -0.107169

seq-02/frame-000554.color.png 0.602877 -0.586981 0.019045 0.906462 -0.223464 -0.341603 -0.107893

seq-02/frame-000555.color.png 0.592782 -0.603011 0.016081 0.906533 -0.229210 -0.338508 -0.104954

seq-02/frame-000556.color.png 0.585057 -0.618745 0.014226 0.908930 -0.225452 -0.337222 -0.096129

seq-02/frame-000557.color.png 0.573466 -0.643395 0.010962 0.911033 -0.226607 -0.332247 -0.090682

seq-02/frame-000558.color.png 0.576013 -0.650451 0.016416 0.912776 -0.221022 -0.331692 -0.088948

seq-02/frame-000559.color.png 0.569725 -0.670178 0.017084 0.915163 -0.219674 -0.327455 -0.083282

seq-02/frame-000560.color.png 0.569676 -0.678067 0.019277 0.916072 -0.216512 -0.327900 -0.079746

seq-02/frame-000561.color.png 0.564414 -0.700136 0.021102 0.916887 -0.215648 -0.327448 -0.074398

seq-02/frame-000562.color.png 0.562685 -0.719100 0.023353 0.917962 -0.215131 -0.326002 -0.068773

seq-02/frame-000563.color.png 0.561752 -0.731610 0.025793 0.919822 -0.215408 -0.321498 -0.064102

seq-02/frame-000564.color.png 0.560769 -0.755131 0.029589 0.921501 -0.215312 -0.318660 -0.053615

seq-02/frame-000565.color.png 0.562643 -0.768092 0.031291 0.922848 -0.211862 -0.317677 -0.049912

seq-02/frame-000566.color.png 0.565435 -0.787638 0.035700 0.925904 -0.205459 -0.313950 -0.043202

seq-02/frame-000567.color.png 0.571965 -0.804012 0.041702 0.929613 -0.197654 -0.308630 -0.037982

seq-02/frame-000568.color.png 0.575792 -0.815157 0.045102 0.930848 -0.196432 -0.305974 -0.035467

seq-02/frame-000569.color.png 0.582398 -0.833042 0.051015 0.934478 -0.189908 -0.299677 -0.028683

seq-02/frame-000570.color.png 0.593550 -0.850641 0.058119 0.937327 -0.183566 -0.295219 -0.022567

seq-02/frame-000571.color.png 0.599248 -0.857521 0.061343 0.938695 -0.180074 -0.293300 -0.018496

seq-02/frame-000572.color.png 0.609796 -0.875227 0.066906 0.941565 -0.173460 -0.288228 -0.015301

seq-02/frame-000573.color.png 0.621181 -0.892695 0.072469 0.944825 -0.166566 -0.281692 -0.012425

seq-02/frame-000574.color.png 0.627446 -0.900680 0.074599 0.947539 -0.161336 -0.275559 -0.012271

seq-02/frame-000575.color.png 0.640718 -0.914080 0.077779 0.952513 -0.147359 -0.266207 -0.009020

seq-02/frame-000576.color.png 0.647258 -0.916498 0.079109 0.955114 -0.140769 -0.260398 -0.008793

seq-02/frame-000577.color.png 0.663895 -0.928896 0.084898 0.957796 -0.132841 -0.254709 -0.006860

seq-02/frame-000578.color.png 0.681395 -0.938195 0.090393 0.960537 -0.124749 -0.248483 -0.002337

seq-02/frame-000579.color.png 0.699272 -0.945770 0.094328 0.963340 -0.115591 -0.241935 0.005050

seq-02/frame-000580.color.png 0.710527 -0.948900 0.098489 0.964761 -0.110754 -0.238467 0.006844

seq-02/frame-000581.color.png 0.728728 -0.954832 0.103071 0.968190 -0.101562 -0.228400 0.008407

seq-02/frame-000582.color.png 0.741744 -0.958294 0.108829 0.969350 -0.096421 -0.225660 0.009204

seq-02/frame-000583.color.png 0.762453 -0.960562 0.113849 0.971867 -0.087725 -0.218253 0.009353

seq-02/frame-000584.color.png 0.781801 -0.965619 0.122087 0.974440 -0.082340 -0.208699 0.008613

seq-02/frame-000585.color.png 0.788889 -0.966826 0.123710 0.975779 -0.081419 -0.202790 0.006777

seq-02/frame-000586.color.png 0.809240 -0.972856 0.132424 0.977077 -0.079698 -0.197208 0.004583

seq-02/frame-000587.color.png 0.817645 -0.972911 0.135338 0.977940 -0.078601 -0.193377 0.001714

seq-02/frame-000588.color.png 0.834434 -0.973854 0.142710 0.979597 -0.077479 -0.185283 -0.000177

seq-02/frame-000589.color.png 0.843477 -0.973143 0.146343 0.979962 -0.076236 -0.183856 0.001389

seq-02/frame-000590.color.png 0.858250 -0.972577 0.153229 0.980750 -0.073951 -0.180562 -0.001310

seq-02/frame-000591.color.png 0.866062 -0.971122 0.156823 0.981179 -0.071376 -0.179237 -0.003111

seq-02/frame-000592.color.png 0.876581 -0.971187 0.162740 0.982417 -0.070428 -0.172525 -0.008609

seq-02/frame-000593.color.png 0.889107 -0.965869 0.168626 0.983109 -0.066270 -0.169684 -0.015998

seq-02/frame-000594.color.png 0.894158 -0.963747 0.172136 0.983836 -0.064863 -0.165634 -0.019187

seq-02/frame-000595.color.png 0.905523 -0.960860 0.178250 0.983651 -0.068119 -0.165014 -0.022462

seq-02/frame-000596.color.png 0.911093 -0.958713 0.181559 0.983997 -0.068318 -0.162668 -0.023752

seq-02/frame-000597.color.png 0.915873 -0.958003 0.185641 0.983917 -0.070842 -0.162174 -0.023036

seq-02/frame-000598.color.png 0.928017 -0.951672 0.190130 0.983302 -0.076055 -0.162903 -0.027161

seq-02/frame-000599.color.png 0.934172 -0.948093 0.193140 0.983630 -0.076396 -0.160456 -0.028842

seq-02/frame-000600.color.png 0.946385 -0.941914 0.200169 0.984252 -0.076172 -0.156124 -0.031836

seq-02/frame-000601.color.png 0.953428 -0.938224 0.203396 0.984312 -0.076638 -0.155248 -0.033118

seq-02/frame-000602.color.png 0.959636 -0.931475 0.205526 0.984530 -0.075522 -0.154337 -0.033447

seq-02/frame-000603.color.png 0.973581 -0.922748 0.213552 0.985298 -0.078176 -0.147096 -0.037162

seq-02/frame-000604.color.png 0.979517 -0.915901 0.217188 0.985767 -0.080942 -0.142314 -0.037432

seq-02/frame-000605.color.png 0.996899 -0.904390 0.226860 0.985965 -0.080918 -0.142060 -0.032974

seq-02/frame-000606.color.png 1.005765 -0.898571 0.230223 0.985576 -0.083392 -0.143348 -0.032852

seq-02/frame-000607.color.png 1.014846 -0.890973 0.232627 0.985585 -0.085008 -0.142224 -0.033335

seq-02/frame-000608.color.png 1.030201 -0.877793 0.240018 0.986069 -0.084251 -0.139871 -0.030780

seq-02/frame-000609.color.png 1.039055 -0.870413 0.242621 0.986056 -0.082953 -0.140764 -0.030659

seq-02/frame-000610.color.png 1.046256 -0.863611 0.245133 0.986582 -0.078234 -0.139138 -0.033429

seq-02/frame-000611.color.png 1.062109 -0.847964 0.252404 0.987766 -0.074685 -0.131815 -0.036138

seq-02/frame-000612.color.png 1.071335 -0.837847 0.255691 0.988292 -0.073792 -0.127759 -0.038111

seq-02/frame-000613.color.png 1.080509 -0.828769 0.260166 0.988830 -0.073526 -0.123481 -0.038781

seq-02/frame-000614.color.png 1.097171 -0.810206 0.269047 0.989276 -0.076660 -0.118565 -0.036600

seq-02/frame-000615.color.png 1.105094 -0.801296 0.272710 0.989710 -0.076222 -0.116027 -0.033820

seq-02/frame-000616.color.png 1.110376 -0.794736 0.277456 0.989916 -0.075920 -0.115511 -0.030011

seq-02/frame-000617.color.png 1.123576 -0.778224 0.284398 0.989868 -0.074353 -0.117377 -0.028234

seq-02/frame-000618.color.png 1.130369 -0.768216 0.287220 0.990047 -0.072368 -0.116873 -0.029180

seq-02/frame-000619.color.png 1.136135 -0.756675 0.290338 0.990571 -0.067618 -0.114972 -0.030313

seq-02/frame-000620.color.png 1.142550 -0.747666 0.294040 0.990996 -0.066258 -0.112293 -0.029480

seq-02/frame-000621.color.png 1.148691 -0.739022 0.297986 0.991281 -0.066971 -0.110153 -0.026160

seq-02/frame-000622.color.png 1.156755 -0.722901 0.304866 0.991727 -0.064939 -0.108112 -0.022648

seq-02/frame-000623.color.png 1.161984 -0.712186 0.307453 0.991792 -0.063744 -0.107788 -0.024676

seq-02/frame-000624.color.png 1.164319 -0.704144 0.310032 0.991729 -0.063699 -0.107257 -0.029208

seq-02/frame-000625.color.png 1.166410 -0.695421 0.312147 0.991457 -0.065980 -0.106752 -0.034703

seq-02/frame-000626.color.png 1.170315 -0.674586 0.315371 0.991350 -0.067497 -0.103024 -0.044676

seq-02/frame-000627.color.png 1.171587 -0.666372 0.317185 0.991291 -0.068869 -0.102097 -0.046012

seq-02/frame-000628.color.png 1.172651 -0.658368 0.318222 0.990970 -0.071827 -0.103241 -0.045833

seq-02/frame-000629.color.png 1.172359 -0.649647 0.318730 0.990485 -0.073274 -0.106543 -0.046464

seq-02/frame-000630.color.png 1.169703 -0.632112 0.319289 0.989620 -0.080255 -0.109075 -0.047478

seq-02/frame-000631.color.png 1.168465 -0.622877 0.319425 0.989065 -0.085120 -0.110049 -0.048312

seq-02/frame-000632.color.png 1.165870 -0.615139 0.319717 0.988414 -0.090373 -0.111965 -0.047691

seq-02/frame-000633.color.png 1.160322 -0.597802 0.318231 0.987470 -0.097908 -0.114516 -0.046301

seq-02/frame-000634.color.png 1.155912 -0.589847 0.317921 0.986849 -0.102935 -0.115714 -0.045651

seq-02/frame-000635.color.png 1.152905 -0.580985 0.316679 0.986049 -0.107376 -0.118312 -0.046052

seq-02/frame-000636.color.png 1.150879 -0.573017 0.315110 0.985279 -0.111622 -0.120018 -0.047979

seq-02/frame-000637.color.png 1.144178 -0.555539 0.310733 0.983838 -0.118882 -0.122761 -0.052914

seq-02/frame-000638.color.png 1.137627 -0.549898 0.307583 0.983153 -0.121558 -0.124761 -0.054852

seq-02/frame-000639.color.png 1.131657 -0.540756 0.303843 0.982857 -0.121034 -0.126875 -0.056439

seq-02/frame-000640.color.png 1.120524 -0.525942 0.298234 0.981544 -0.126871 -0.131078 -0.056871

seq-02/frame-000641.color.png 1.113892 -0.517085 0.294949 0.980990 -0.129866 -0.132468 -0.056435

seq-02/frame-000642.color.png 1.104939 -0.511418 0.291766 0.980506 -0.132394 -0.134148 -0.054988

seq-02/frame-000643.color.png 1.092838 -0.493476 0.286460 0.979852 -0.135084 -0.137683 -0.051243

seq-02/frame-000644.color.png 1.084305 -0.485728 0.283997 0.979505 -0.138808 -0.137399 -0.048608

seq-02/frame-000645.color.png 1.066047 -0.471647 0.276703 0.977689 -0.145520 -0.143331 -0.048411

seq-02/frame-000646.color.png 1.058547 -0.465509 0.274464 0.976476 -0.150127 -0.146211 -0.050180

seq-02/frame-000647.color.png 1.048960 -0.459578 0.271447 0.975440 -0.154726 -0.148103 -0.050808

seq-02/frame-000648.color.png 1.030398 -0.449497 0.264404 0.972861 -0.162230 -0.154645 -0.056979

seq-02/frame-000649.color.png 1.019566 -0.444919 0.261985 0.971824 -0.165424 -0.157944 -0.056440

seq-02/frame-000650.color.png 0.999954 -0.435818 0.255337 0.969511 -0.170234 -0.165720 -0.059532

seq-02/frame-000651.color.png 0.988827 -0.429951 0.252805 0.968680 -0.172142 -0.167948 -0.061298

seq-02/frame-000652.color.png 0.968886 -0.423305 0.246705 0.966006 -0.178038 -0.175313 -0.065857

seq-02/frame-000653.color.png 0.958958 -0.417908 0.244100 0.964931 -0.180088 -0.179520 -0.064709

seq-02/frame-000654.color.png 0.948947 -0.412880 0.240179 0.963861 -0.183712 -0.181359 -0.065330

seq-02/frame-000655.color.png 0.925682 -0.409404 0.233663 0.962070 -0.189555 -0.184193 -0.067085

seq-02/frame-000656.color.png 0.913067 -0.407701 0.229625 0.961398 -0.191571 -0.185919 -0.066221

seq-02/frame-000657.color.png 0.892388 -0.401926 0.221592 0.960116 -0.195554 -0.188039 -0.067184

seq-02/frame-000658.color.png 0.878834 -0.401621 0.216821 0.959363 -0.198463 -0.188508 -0.068099

seq-02/frame-000659.color.png 0.861146 -0.397448 0.209153 0.958160 -0.200895 -0.189748 -0.074186

seq-02/frame-000660.color.png 0.850996 -0.394837 0.205446 0.957593 -0.204816 -0.188764 -0.073291

seq-02/frame-000661.color.png 0.835501 -0.394537 0.196901 0.955922 -0.211368 -0.191057 -0.070498

seq-02/frame-000662.color.png 0.818992 -0.393032 0.192054 0.955477 -0.213832 -0.191058 -0.069083

seq-02/frame-000663.color.png 0.812915 -0.395394 0.189012 0.954443 -0.217129 -0.192979 -0.067735

seq-02/frame-000664.color.png 0.790583 -0.398175 0.180089 0.954779 -0.216702 -0.192700 -0.065112

seq-02/frame-000665.color.png 0.779356 -0.397421 0.175338 0.954832 -0.214741 -0.194827 -0.064496

seq-02/frame-000666.color.png 0.770587 -0.399242 0.172291 0.954612 -0.213921 -0.197020 -0.063818

seq-02/frame-000667.color.png 0.753555 -0.400036 0.165048 0.953579 -0.213044 -0.203534 -0.061720

seq-02/frame-000668.color.png 0.741887 -0.403183 0.161356 0.952382 -0.213771 -0.208537 -0.060975

seq-02/frame-000669.color.png 0.734991 -0.403989 0.158029 0.951849 -0.213011 -0.212121 -0.059580

seq-02/frame-000670.color.png 0.715529 -0.409775 0.151598 0.949297 -0.215339 -0.221464 -0.057910

seq-02/frame-000671.color.png 0.708465 -0.412101 0.148551 0.948104 -0.216348 -0.225677 -0.057423

seq-02/frame-000672.color.png 0.687735 -0.423824 0.142140 0.944942 -0.222191 -0.233198 -0.057184

seq-02/frame-000673.color.png 0.681179 -0.428960 0.140121 0.943799 -0.221860 -0.237819 -0.058300

seq-02/frame-000674.color.png 0.673257 -0.434823 0.137134 0.942668 -0.222732 -0.241358 -0.058721

seq-02/frame-000675.color.png 0.661049 -0.448745 0.132965 0.941132 -0.221993 -0.247838 -0.059156

seq-02/frame-000676.color.png 0.653706 -0.456661 0.130752 0.940104 -0.221786 -0.251736 -0.059825

seq-02/frame-000677.color.png 0.644831 -0.472496 0.127042 0.938401 -0.219601 -0.259194 -0.062694

seq-02/frame-000678.color.png 0.641866 -0.482045 0.126939 0.937386 -0.219105 -0.263162 -0.063086

seq-02/frame-000679.color.png 0.635111 -0.500742 0.124601 0.934872 -0.215672 -0.274744 -0.062834

seq-02/frame-000680.color.png 0.633762 -0.510297 0.124096 0.933369 -0.215192 -0.280237 -0.062569

seq-02/frame-000681.color.png 0.627577 -0.531291 0.122378 0.930252 -0.214750 -0.291349 -0.059690

seq-02/frame-000682.color.png 0.625063 -0.540506 0.120624 0.928400 -0.214547 -0.297704 -0.057859

seq-02/frame-000683.color.png 0.624424 -0.563911 0.122402 0.924704 -0.212016 -0.311408 -0.054115

seq-02/frame-000684.color.png 0.624200 -0.571796 0.120625 0.922978 -0.211314 -0.317403 -0.051433

seq-02/frame-000685.color.png 0.622179 -0.590853 0.117056 0.919342 -0.214149 -0.326835 -0.045407

seq-02/frame-000686.color.png 0.621939 -0.601279 0.115677 0.916798 -0.215982 -0.333250 -0.041338

seq-02/frame-000687.color.png 0.622234 -0.623812 0.113132 0.913940 -0.213752 -0.343120 -0.034970

seq-02/frame-000688.color.png 0.623760 -0.640597 0.108529 0.912257 -0.210700 -0.350165 -0.026619

seq-02/frame-000689.color.png 0.626260 -0.650519 0.107425 0.912020 -0.206427 -0.353608 -0.022351

seq-02/frame-000690.color.png 0.630761 -0.665063 0.102448 0.909900 -0.202530 -0.361639 -0.014512

seq-02/frame-000691.color.png 0.635964 -0.678206 0.098982 0.910224 -0.197365 -0.363851 -0.009065

seq-02/frame-000692.color.png 0.637084 -0.692981 0.094131 0.913288 -0.193400 -0.358342 -0.004828

seq-02/frame-000693.color.png 0.639273 -0.695464 0.092548 0.916272 -0.187899 -0.353616 -0.005118

seq-02/frame-000694.color.png 0.642327 -0.704245 0.089811 0.920926 -0.182596 -0.344186 -0.004716

seq-02/frame-000695.color.png 0.647880 -0.707009 0.089173 0.924668 -0.175021 -0.338032 -0.004759

seq-02/frame-000696.color.png 0.651051 -0.709170 0.089821 0.926221 -0.173566 -0.334470 -0.007090

seq-02/frame-000697.color.png 0.654552 -0.705637 0.089034 0.931649 -0.170190 -0.320795 -0.009352

seq-02/frame-000698.color.png 0.656642 -0.706048 0.091688 0.932651 -0.172645 -0.316483 -0.011243

seq-02/frame-000699.color.png 0.657200 -0.700208 0.094867 0.936774 -0.172744 -0.303570 -0.019787

seq-02/frame-000700.color.png 0.655590 -0.698477 0.101194 0.940030 -0.177319 -0.290328 -0.023328

seq-02/frame-000701.color.png 0.656280 -0.693963 0.106591 0.942283 -0.177001 -0.282835 -0.026649

seq-02/frame-000702.color.png 0.651022 -0.689820 0.114517 0.944942 -0.184953 -0.267977 -0.031569

seq-02/frame-000703.color.png 0.647371 -0.686211 0.123478 0.946690 -0.185420 -0.261012 -0.034679

seq-02/frame-000704.color.png 0.644807 -0.679911 0.134278 0.948742 -0.186585 -0.252236 -0.037208

seq-02/frame-000705.color.png 0.643092 -0.676579 0.139760 0.949488 -0.187885 -0.248316 -0.037997

seq-02/frame-000706.color.png 0.643841 -0.673027 0.154309 0.949733 -0.190388 -0.244864 -0.041648

seq-02/frame-000707.color.png 0.643846 -0.671026 0.161339 0.950761 -0.189486 -0.241170 -0.043797

seq-02/frame-000708.color.png 0.643886 -0.664653 0.177797 0.951720 -0.188067 -0.237741 -0.047661

seq-02/frame-000709.color.png 0.646067 -0.659667 0.195165 0.952681 -0.183828 -0.236929 -0.049030

seq-02/frame-000710.color.png 0.649757 -0.654765 0.203981 0.952506 -0.183108 -0.237783 -0.050938

seq-02/frame-000711.color.png 0.650519 -0.652436 0.221414 0.951456 -0.182818 -0.242027 -0.051618

seq-02/frame-000712.color.png 0.654743 -0.646531 0.230095 0.949955 -0.182401 -0.248092 -0.051941

seq-02/frame-000713.color.png 0.656475 -0.646793 0.246583 0.947615 -0.184584 -0.254617 -0.055279

seq-02/frame-000714.color.png 0.662397 -0.641930 0.263672 0.945275 -0.184343 -0.262832 -0.057654

seq-02/frame-000715.color.png 0.661067 -0.643393 0.271057 0.944726 -0.186487 -0.263297 -0.057629

seq-02/frame-000716.color.png 0.665155 -0.643559 0.287512 0.941583 -0.185979 -0.274754 -0.057226

seq-02/frame-000717.color.png 0.667681 -0.644244 0.295931 0.940170 -0.187195 -0.278789 -0.056973

seq-02/frame-000718.color.png 0.674299 -0.645450 0.313875 0.936552 -0.189806 -0.289330 -0.055342

seq-02/frame-000719.color.png 0.676939 -0.647452 0.331546 0.933231 -0.194881 -0.295599 -0.060444

seq-02/frame-000720.color.png 0.678845 -0.646524 0.339921 0.931703 -0.194814 -0.300128 -0.061896

seq-02/frame-000721.color.png 0.683371 -0.637495 0.357213 0.927595 -0.201660 -0.306988 -0.067748

seq-02/frame-000722.color.png 0.683370 -0.636963 0.366875 0.925362 -0.208973 -0.308202 -0.070549

seq-02/frame-000723.color.png 0.685632 -0.637114 0.385342 0.922169 -0.218559 -0.311043 -0.070843

seq-02/frame-000724.color.png 0.689058 -0.632226 0.393524 0.920145 -0.222108 -0.314421 -0.071205

seq-02/frame-000725.color.png 0.692781 -0.630793 0.409368 0.915050 -0.233870 -0.319729 -0.075433

seq-02/frame-000726.color.png 0.693023 -0.628045 0.415153 0.914122 -0.236888 -0.320091 -0.075730

seq-02/frame-000727.color.png 0.694853 -0.623848 0.424805 0.911436 -0.244940 -0.319591 -0.084132

seq-02/frame-000728.color.png 0.696555 -0.622022 0.429937 0.910219 -0.247462 -0.321252 -0.083605

seq-02/frame-000729.color.png 0.696832 -0.617502 0.438050 0.908632 -0.252031 -0.321372 -0.086693

seq-02/frame-000730.color.png 0.698175 -0.615358 0.440662 0.907234 -0.254153 -0.322873 -0.089519

seq-02/frame-000731.color.png 0.698968 -0.614036 0.444254 0.905929 -0.256116 -0.324478 -0.091320

seq-02/frame-000732.color.png 0.698530 -0.612982 0.451719 0.904888 -0.259668 -0.323527 -0.094913

seq-02/frame-000733.color.png 0.697618 -0.613082 0.454918 0.904578 -0.259664 -0.324541 -0.094416

seq-02/frame-000734.color.png 0.699958 -0.612659 0.459730 0.903279 -0.257956 -0.329361 -0.094837

seq-02/frame-000735.color.png 0.700546 -0.608942 0.465348 0.904174 -0.255370 -0.328417 -0.096567

seq-02/frame-000736.color.png 0.699847 -0.608524 0.469662 0.903026 -0.257826 -0.329463 -0.097210

seq-02/frame-000737.color.png 0.698462 -0.609786 0.473174 0.902420 -0.258924 -0.329448 -0.099936

seq-02/frame-000738.color.png 0.697780 -0.608657 0.480882 0.903343 -0.260255 -0.326548 -0.097635

seq-02/frame-000739.color.png 0.696411 -0.608817 0.484929 0.904388 -0.260873 -0.323383 -0.096840

seq-02/frame-000740.color.png 0.695264 -0.609787 0.490263 0.904924 -0.261442 -0.321390 -0.096933

seq-02/frame-000741.color.png 0.698365 -0.612640 0.503399 0.904998 -0.259216 -0.323352 -0.095693

seq-02/frame-000742.color.png 0.695683 -0.611632 0.508062 0.907534 -0.256520 -0.318425 -0.095459

seq-02/frame-000743.color.png 0.692994 -0.607328 0.520243 0.908742 -0.255834 -0.315881 -0.094252

seq-02/frame-000744.color.png 0.689992 -0.606181 0.525791 0.909780 -0.256493 -0.312464 -0.093838

seq-02/frame-000745.color.png 0.686983 -0.604423 0.532342 0.910550 -0.256731 -0.310267 -0.093002

seq-02/frame-000746.color.png 0.681253 -0.599047 0.546123 0.910897 -0.260117 -0.306422 -0.092944

seq-02/frame-000747.color.png 0.672827 -0.599086 0.553126 0.911954 -0.261771 -0.301538 -0.093905

seq-02/frame-000748.color.png 0.670093 -0.597022 0.560827 0.912583 -0.261925 -0.299763 -0.093039

seq-02/frame-000749.color.png 0.665004 -0.596334 0.567861 0.913181 -0.262769 -0.296923 -0.093896

seq-02/frame-000750.color.png 0.655352 -0.593258 0.582282 0.914924 -0.265490 -0.289096 -0.093699

seq-02/frame-000751.color.png 0.645741 -0.596070 0.588324 0.915119 -0.267366 -0.286116 -0.095591

seq-02/frame-000752.color.png 0.642820 -0.594680 0.594800 0.916320 -0.265399 -0.284160 -0.095400

seq-02/frame-000753.color.png 0.636144 -0.593003 0.600053 0.917041 -0.265660 -0.281892 -0.094465

seq-02/frame-000754.color.png 0.625347 -0.590853 0.611189 0.917022 -0.267050 -0.280690 -0.094310

seq-02/frame-000755.color.png 0.618676 -0.589223 0.615669 0.916134 -0.269670 -0.281000 -0.094562

seq-02/frame-000756.color.png 0.611726 -0.590438 0.620846 0.915379 -0.271768 -0.281014 -0.095820

seq-02/frame-000757.color.png 0.606550 -0.588142 0.625154 0.915456 -0.271318 -0.281485 -0.094973

seq-02/frame-000758.color.png 0.596921 -0.583191 0.633022 0.912823 -0.273169 -0.287266 -0.097661

seq-02/frame-000759.color.png 0.589463 -0.581870 0.636059 0.912257 -0.275038 -0.286693 -0.099376

seq-02/frame-000760.color.png 0.584058 -0.581009 0.639861 0.911221 -0.275756 -0.288623 -0.101283

seq-02/frame-000761.color.png 0.579329 -0.580736 0.643859 0.908657 -0.274392 -0.296792 -0.104361

seq-02/frame-000762.color.png 0.576545 -0.577275 0.647370 0.905292 -0.272200 -0.307813 -0.107380

seq-02/frame-000763.color.png 0.571866 -0.575940 0.650627 0.902461 -0.272352 -0.314293 -0.111951

seq-02/frame-000764.color.png 0.562655 -0.568822 0.654763 0.899935 -0.270336 -0.321132 -0.117623

seq-02/frame-000765.color.png 0.558197 -0.567626 0.658184 0.898170 -0.272799 -0.322525 -0.121553

seq-02/frame-000766.color.png 0.551629 -0.566558 0.659628 0.897418 -0.274030 -0.322496 -0.124379

seq-02/frame-000767.color.png 0.547756 -0.563000 0.662473 0.895976 -0.274441 -0.325359 -0.126391

seq-02/frame-000768.color.png 0.543023 -0.562091 0.664835 0.894364 -0.276474 -0.327003 -0.129109

seq-02/frame-000769.color.png 0.538256 -0.561490 0.667565 0.893947 -0.277208 -0.326592 -0.131439

seq-02/frame-000770.color.png 0.533570 -0.559811 0.670342 0.893677 -0.277206 -0.327072 -0.132087

seq-02/frame-000771.color.png 0.529837 -0.558732 0.673195 0.892371 -0.277033 -0.330107 -0.133716

seq-02/frame-000772.color.png 0.521434 -0.554747 0.677533 0.891850 -0.278508 -0.328874 -0.137127

seq-02/frame-000773.color.png 0.517556 -0.553369 0.680656 0.891005 -0.279471 -0.330139 -0.137619

seq-02/frame-000774.color.png 0.513731 -0.552015 0.683730 0.890221 -0.279962 -0.331319 -0.138849

seq-02/frame-000775.color.png 0.509711 -0.550538 0.685722 0.889903 -0.281307 -0.330517 -0.140080

seq-02/frame-000776.color.png 0.505804 -0.549080 0.688083 0.888972 -0.282900 -0.331193 -0.141177

seq-02/frame-000777.color.png 0.501943 -0.549175 0.691165 0.887684 -0.283891 -0.333024 -0.142978

seq-02/frame-000778.color.png 0.497940 -0.547367 0.693818 0.886991 -0.283728 -0.334439 -0.144287

seq-02/frame-000779.color.png 0.494812 -0.544943 0.696563 0.885846 -0.284256 -0.336079 -0.146457

seq-02/frame-000780.color.png 0.490349 -0.544608 0.698684 0.884645 -0.285359 -0.336704 -0.150088

seq-02/frame-000781.color.png 0.487655 -0.540626 0.700833 0.884263 -0.285051 -0.337513 -0.151104

seq-02/frame-000782.color.png 0.484742 -0.539316 0.705179 0.881884 -0.286270 -0.341083 -0.154642

seq-02/frame-000783.color.png 0.481674 -0.538365 0.708024 0.879645 -0.287644 -0.344319 -0.157645

seq-02/frame-000784.color.png 0.477634 -0.537069 0.710955 0.878002 -0.288256 -0.346726 -0.160385

seq-02/frame-000785.color.png 0.473703 -0.535506 0.713111 0.877218 -0.288562 -0.347921 -0.161536

seq-02/frame-000786.color.png 0.470156 -0.532702 0.714525 0.876496 -0.288750 -0.349403 -0.161916

seq-02/frame-000787.color.png 0.467078 -0.533008 0.719062 0.874779 -0.290484 -0.351579 -0.163385

seq-02/frame-000788.color.png 0.463224 -0.531602 0.720249 0.873741 -0.290977 -0.353696 -0.163490

seq-02/frame-000789.color.png 0.460152 -0.530207 0.722770 0.872556 -0.290727 -0.357007 -0.163068

seq-02/frame-000790.color.png 0.456656 -0.527915 0.724748 0.871494 -0.290260 -0.360069 -0.162845

seq-02/frame-000791.color.png 0.452872 -0.527159 0.725796 0.870307 -0.291181 -0.361720 -0.163887

seq-02/frame-000792.color.png 0.448476 -0.526704 0.726934 0.868987 -0.291125 -0.364147 -0.165603

seq-02/frame-000793.color.png 0.443902 -0.525980 0.727638 0.867536 -0.290806 -0.367398 -0.166588

seq-02/frame-000794.color.png 0.441621 -0.524202 0.732094 0.865312 -0.290564 -0.371876 -0.168631

seq-02/frame-000795.color.png 0.437805 -0.524361 0.733481 0.863585 -0.290931 -0.374027 -0.172054

seq-02/frame-000796.color.png 0.434434 -0.523609 0.734069 0.862414 -0.289965 -0.376580 -0.173980

seq-02/frame-000797.color.png 0.432128 -0.521522 0.734353 0.861146 -0.289315 -0.379623 -0.174728

seq-02/frame-000798.color.png 0.429560 -0.519733 0.734028 0.859937 -0.289179 -0.381769 -0.176223

seq-02/frame-000799.color.png 0.426033 -0.519597 0.735561 0.858345 -0.288221 -0.383775 -0.181132

seq-02/frame-000800.color.png 0.422841 -0.519833 0.737079 0.856510 -0.286857 -0.386528 -0.186058

seq-02/frame-000801.color.png 0.420028 -0.518986 0.737798 0.854857 -0.285427 -0.389158 -0.190329

seq-02/frame-000802.color.png 0.417853 -0.518192 0.739129 0.853129 -0.284054 -0.392068 -0.194124

seq-02/frame-000803.color.png 0.414411 -0.517201 0.737320 0.851283 -0.283401 -0.394481 -0.198249

seq-02/frame-000804.color.png 0.412659 -0.515643 0.738626 0.848962 -0.281718 -0.398636 -0.202248

seq-02/frame-000805.color.png 0.410947 -0.515422 0.739792 0.846833 -0.279425 -0.402605 -0.206450

seq-02/frame-000806.color.png 0.409427 -0.513562 0.740719 0.844601 -0.278015 -0.407409 -0.208061

seq-02/frame-000807.color.png 0.407638 -0.512912 0.741207 0.842066 -0.276744 -0.411082 -0.212754

seq-02/frame-000808.color.png 0.408997 -0.513795 0.747940 0.839777 -0.275816 -0.413836 -0.217611

seq-02/frame-000809.color.png 0.408300 -0.512681 0.749298 0.839262 -0.275686 -0.413856 -0.219715

seq-02/frame-000810.color.png 0.407471 -0.511374 0.750972 0.838634 -0.275899 -0.413626 -0.222265

seq-02/frame-000811.color.png 0.406247 -0.511026 0.752205 0.836796 -0.275797 -0.415489 -0.225814

seq-02/frame-000812.color.png 0.405021 -0.511459 0.753202 0.834293 -0.276204 -0.418211 -0.229523

seq-02/frame-000813.color.png 0.403117 -0.512571 0.755770 0.832463 -0.276753 -0.419355 -0.233384

seq-02/frame-000814.color.png 0.402759 -0.511324 0.756803 0.831655 -0.276188 -0.420047 -0.235679

seq-02/frame-000815.color.png 0.400947 -0.513039 0.758673 0.829786 -0.277900 -0.420787 -0.238911

seq-02/frame-000816.color.png 0.401589 -0.510418 0.760728 0.828760 -0.276790 -0.422739 -0.240308

seq-02/frame-000817.color.png 0.401095 -0.510764 0.762832 0.828122 -0.275316 -0.423143 -0.243471

seq-02/frame-000818.color.png 0.400384 -0.510976 0.765393 0.827833 -0.274844 -0.423371 -0.244585

seq-02/frame-000819.color.png 0.400867 -0.508537 0.766407 0.827968 -0.275705 -0.423156 -0.243528

seq-02/frame-000820.color.png 0.400997 -0.508066 0.769004 0.827520 -0.275158 -0.423608 -0.244881

seq-02/frame-000821.color.png 0.400875 -0.507561 0.770962 0.827813 -0.273355 -0.424142 -0.244986

seq-02/frame-000822.color.png 0.401886 -0.506417 0.774037 0.827559 -0.271699 -0.424848 -0.246457

seq-02/frame-000823.color.png 0.401030 -0.507486 0.777961 0.827030 -0.270852 -0.424225 -0.250211

seq-02/frame-000824.color.png 0.401731 -0.505350 0.780126 0.827880 -0.269860 -0.424016 -0.248822

seq-02/frame-000825.color.png 0.400179 -0.506787 0.782589 0.826904 -0.270073 -0.424772 -0.250540

seq-02/frame-000826.color.png 0.400791 -0.506247 0.785434 0.826200 -0.269046 -0.426229 -0.251491

seq-02/frame-000827.color.png 0.400667 -0.505257 0.787573 0.826744 -0.267726 -0.426662 -0.250373

seq-02/frame-000828.color.png 0.399927 -0.507004 0.790515 0.825331 -0.266770 -0.428995 -0.252066

seq-02/frame-000829.color.png 0.399606 -0.505697 0.791421 0.824324 -0.264546 -0.431914 -0.252716

seq-02/frame-000830.color.png 0.398469 -0.506088 0.793682 0.823124 -0.264006 -0.433186 -0.255006

seq-02/frame-000831.color.png 0.397939 -0.506194 0.796388 0.822220 -0.264454 -0.434256 -0.255637

seq-02/frame-000832.color.png 0.397378 -0.506206 0.798551 0.821246 -0.263591 -0.435284 -0.257898

seq-02/frame-000833.color.png 0.397845 -0.506527 0.801511 0.819873 -0.262677 -0.436612 -0.260940

seq-02/frame-000834.color.png 0.396785 -0.506131 0.801630 0.818946 -0.261781 -0.438890 -0.260928

seq-02/frame-000835.color.png 0.397877 -0.503955 0.803914 0.817564 -0.258408 -0.443148 -0.261427

seq-02/frame-000836.color.png 0.396865 -0.505342 0.805911 0.816754 -0.256326 -0.443771 -0.264924

seq-02/frame-000837.color.png 0.397598 -0.505081 0.808159 0.816627 -0.256309 -0.444487 -0.264134

seq-02/frame-000838.color.png 0.397326 -0.503837 0.808936 0.815793 -0.255477 -0.446785 -0.263640

seq-02/frame-000839.color.png 0.396743 -0.505449 0.811018 0.815011 -0.254484 -0.447866 -0.265178

seq-02/frame-000840.color.png 0.395963 -0.505993 0.812213 0.814754 -0.254176 -0.448683 -0.264882

seq-02/frame-000841.color.png 0.396743 -0.505776 0.814635 0.813407 -0.253841 -0.451305 -0.264886

seq-02/frame-000842.color.png 0.397059 -0.504340 0.815458 0.812658 -0.250701 -0.453293 -0.266775

seq-02/frame-000843.color.png 0.396710 -0.505785 0.816999 0.812423 -0.247989 -0.454336 -0.268247

seq-02/frame-000844.color.png 0.397403 -0.503694 0.818085 0.812593 -0.245322 -0.457337 -0.265068

seq-02/frame-000845.color.png 0.396650 -0.503101 0.818363 0.811962 -0.241807 -0.458937 -0.267452

seq-02/frame-000846.color.png 0.396912 -0.502517 0.820120 0.812219 -0.239776 -0.459151 -0.268132

seq-02/frame-000847.color.png 0.396568 -0.501996 0.821327 0.812065 -0.238436 -0.460002 -0.268335

seq-02/frame-000848.color.png 0.395741 -0.502010 0.822919 0.811760 -0.238068 -0.460032 -0.269530

seq-02/frame-000849.color.png 0.395491 -0.502016 0.825063 0.811692 -0.238007 -0.459303 -0.271026

seq-02/frame-000850.color.png 0.395622 -0.500200 0.826968 0.811997 -0.237061 -0.459456 -0.270685

seq-02/frame-000851.color.png 0.394074 -0.500350 0.828093 0.812230 -0.236017 -0.458516 -0.272484

seq-02/frame-000852.color.png 0.394995 -0.498081 0.830369 0.814201 -0.233315 -0.458363 -0.269168

seq-02/frame-000853.color.png 0.395557 -0.496972 0.832893 0.816030 -0.232112 -0.457743 -0.265700

seq-02/frame-000854.color.png 0.394186 -0.498293 0.834541 0.816529 -0.232189 -0.457133 -0.265150

seq-02/frame-000855.color.png 0.393852 -0.499168 0.836716 0.817129 -0.230672 -0.456899 -0.265029

seq-02/frame-000856.color.png 0.394764 -0.497061 0.838712 0.819230 -0.229525 -0.456081 -0.260915

seq-02/frame-000857.color.png 0.395468 -0.497089 0.841710 0.820119 -0.230871 -0.455594 -0.257768

seq-02/frame-000858.color.png 0.395246 -0.496547 0.842850 0.820860 -0.229946 -0.455413 -0.256553

seq-02/frame-000859.color.png 0.394131 -0.497851 0.844720 0.822509 -0.229184 -0.451808 -0.258322

seq-02/frame-000860.color.png 0.396251 -0.495542 0.848189 0.825283 -0.230546 -0.449328 -0.252524

seq-02/frame-000861.color.png 0.397163 -0.494831 0.850472 0.826370 -0.230361 -0.449249 -0.249256

seq-02/frame-000862.color.png 0.397296 -0.494794 0.852510 0.828728 -0.229590 -0.446073 -0.247837

seq-02/frame-000863.color.png 0.400745 -0.491127 0.857152 0.833215 -0.231112 -0.441275 -0.239839

seq-02/frame-000864.color.png 0.403813 -0.486518 0.859679 0.837477 -0.230873 -0.438428 -0.230258

seq-02/frame-000865.color.png 0.405427 -0.484868 0.862471 0.841032 -0.230879 -0.434765 -0.224158

seq-02/frame-000866.color.png 0.407336 -0.482995 0.864936 0.846242 -0.232304 -0.427753 -0.216436

seq-02/frame-000867.color.png 0.408867 -0.480496 0.866771 0.850452 -0.230461 -0.424441 -0.208272

seq-02/frame-000868.color.png 0.408521 -0.480922 0.867584 0.853724 -0.230239 -0.420310 -0.203454

seq-02/frame-000869.color.png 0.407913 -0.481953 0.868208 0.856904 -0.231446 -0.414602 -0.200406

seq-02/frame-000870.color.png 0.410392 -0.479659 0.870489 0.860424 -0.231173 -0.409620 -0.195828

seq-02/frame-000871.color.png 0.412054 -0.479577 0.872536 0.865875 -0.230476 -0.399868 -0.192759

seq-02/frame-000872.color.png 0.413482 -0.478714 0.873261 0.867971 -0.230760 -0.396103 -0.190756

seq-02/frame-000873.color.png 0.414466 -0.479957 0.873525 0.869708 -0.231294 -0.393256 -0.188071

seq-02/frame-000874.color.png 0.415736 -0.479367 0.874166 0.871475 -0.231759 -0.390350 -0.185350

seq-02/frame-000875.color.png 0.416228 -0.479951 0.874074 0.873393 -0.233328 -0.386013 -0.183428

seq-02/frame-000876.color.png 0.416796 -0.480329 0.873789 0.875650 -0.234558 -0.381718 -0.180056

seq-02/frame-000877.color.png 0.417985 -0.480901 0.873824 0.877344 -0.235300 -0.377895 -0.178906

seq-02/frame-000878.color.png 0.419202 -0.482172 0.874385 0.879098 -0.237085 -0.372494 -0.179263

seq-02/frame-000879.color.png 0.421037 -0.482274 0.874691 0.881427 -0.238217 -0.367042 -0.177562

seq-02/frame-000880.color.png 0.421890 -0.483585 0.874792 0.883320 -0.239217 -0.362901 -0.175309

seq-02/frame-000881.color.png 0.423409 -0.483778 0.874668 0.885233 -0.241556 -0.357608 -0.173321

seq-02/frame-000882.color.png 0.435019 -0.483533 0.884847 0.885759 -0.242004 -0.357453 -0.170303

seq-02/frame-000883.color.png 0.436200 -0.483536 0.884138 0.887308 -0.241597 -0.355057 -0.167812

seq-02/frame-000884.color.png 0.437515 -0.483140 0.883596 0.888884 -0.242156 -0.351873 -0.165354

seq-02/frame-000885.color.png 0.435838 -0.484799 0.881479 0.891316 -0.245228 -0.344593 -0.163052

seq-02/frame-000886.color.png 0.436469 -0.485305 0.880597 0.893453 -0.246267 -0.339641 -0.160153

seq-02/frame-000887.color.png 0.437669 -0.486676 0.878210 0.897162 -0.249514 -0.330481 -0.153413

seq-02/frame-000888.color.png 0.439110 -0.487549 0.877696 0.898723 -0.251433 -0.326541 -0.149534

seq-02/frame-000889.color.png 0.440273 -0.488288 0.876639 0.900162 -0.253581 -0.322831 -0.145247

seq-02/frame-000890.color.png 0.442650 -0.488733 0.876248 0.900940 -0.255831 -0.320462 -0.141678

seq-02/frame-000891.color.png 0.444518 -0.490215 0.875844 0.901483 -0.257656 -0.318717 -0.138822

seq-02/frame-000892.color.png 0.446020 -0.490936 0.874441 0.902284 -0.258189 -0.317250 -0.135961

seq-02/frame-000893.color.png 0.448784 -0.490666 0.873470 0.903222 -0.259386 -0.314157 -0.134629

seq-02/frame-000894.color.png 0.451653 -0.491321 0.872684 0.904226 -0.261204 -0.310081 -0.133823

seq-02/frame-000895.color.png 0.453134 -0.491137 0.870936 0.905350 -0.261982 -0.307231 -0.131248

seq-02/frame-000896.color.png 0.455021 -0.490865 0.869973 0.906335 -0.262888 -0.304690 -0.128537

seq-02/frame-000897.color.png 0.456769 -0.491181 0.868517 0.907702 -0.263893 -0.300959 -0.125586

seq-02/frame-000898.color.png 0.459309 -0.492448 0.867524 0.908732 -0.263230 -0.299526 -0.122927

seq-02/frame-000899.color.png 0.461612 -0.492030 0.866163 0.909570 -0.264100 -0.297398 -0.120000

seq-02/frame-000900.color.png 0.463920 -0.493083 0.864765 0.909877 -0.266339 -0.295153 -0.118248

seq-02/frame-000901.color.png 0.466203 -0.495494 0.863784 0.909890 -0.267670 -0.294375 -0.117075

seq-02/frame-000902.color.png 0.468006 -0.496823 0.861438 0.910373 -0.267537 -0.293528 -0.115749

seq-02/frame-000903.color.png 0.470304 -0.498476 0.859739 0.910719 -0.267308 -0.292971 -0.114961

seq-02/frame-000904.color.png 0.472775 -0.500358 0.857531 0.911084 -0.267800 -0.291645 -0.114292

seq-02/frame-000905.color.png 0.474516 -0.503028 0.855157 0.911436 -0.268283 -0.290118 -0.114236

seq-02/frame-000906.color.png 0.478438 -0.506223 0.849685 0.912418 -0.267640 -0.288439 -0.112143

seq-02/frame-000907.color.png 0.481034 -0.509539 0.847639 0.912637 -0.267965 -0.287806 -0.111206

seq-02/frame-000908.color.png 0.483145 -0.511687 0.844931 0.913081 -0.268299 -0.286533 -0.110036

seq-02/frame-000909.color.png 0.485765 -0.514560 0.842436 0.913064 -0.268171 -0.286900 -0.109537

seq-02/frame-000910.color.png 0.487687 -0.516439 0.839849 0.913164 -0.267756 -0.286887 -0.109745

seq-02/frame-000911.color.png 0.489672 -0.518645 0.837147 0.913767 -0.268054 -0.284662 -0.109792

seq-02/frame-000912.color.png 0.491480 -0.522048 0.834651 0.914387 -0.266990 -0.283578 -0.110028

seq-02/frame-000913.color.png 0.494545 -0.523338 0.831382 0.915217 -0.264541 -0.283730 -0.108640

seq-02/frame-000914.color.png 0.497554 -0.524324 0.828803 0.916063 -0.263179 -0.282678 -0.107558

seq-02/frame-000915.color.png 0.499279 -0.526056 0.825967 0.916617 -0.262287 -0.281922 -0.106996

seq-02/frame-000916.color.png 0.501761 -0.527005 0.822841 0.916996 -0.261028 -0.282092 -0.106386

seq-02/frame-000917.color.png 0.505917 -0.529292 0.817030 0.917488 -0.260681 -0.280769 -0.106488

seq-02/frame-000918.color.png 0.507712 -0.530881 0.813702 0.917739 -0.259657 -0.280730 -0.106934

seq-02/frame-000919.color.png 0.510414 -0.530270 0.810541 0.917991 -0.257890 -0.281707 -0.106470

seq-02/frame-000920.color.png 0.512263 -0.530471 0.807252 0.918039 -0.258218 -0.281580 -0.105597

seq-02/frame-000921.color.png 0.514016 -0.532158 0.804536 0.917834 -0.259427 -0.280967 -0.106049

seq-02/frame-000922.color.png 0.517180 -0.535165 0.802658 0.917219 -0.259325 -0.282767 -0.106827

seq-02/frame-000923.color.png 0.518245 -0.535826 0.798425 0.917157 -0.257758 -0.284896 -0.105492

seq-02/frame-000924.color.png 0.520440 -0.538177 0.795706 0.917169 -0.257140 -0.285339 -0.105690

seq-02/frame-000925.color.png 0.523925 -0.540949 0.788664 0.918070 -0.252064 -0.286431 -0.107136

seq-02/frame-000926.color.png 0.525723 -0.540920 0.784941 0.918369 -0.249757 -0.287483 -0.107156

seq-02/frame-000927.color.png 0.527565 -0.542552 0.781138 0.918461 -0.248856 -0.287744 -0.107765

seq-02/frame-000928.color.png 0.532337 -0.545514 0.774329 0.918233 -0.245701 -0.290409 -0.109776

seq-02/frame-000929.color.png 0.534426 -0.545249 0.770805 0.918422 -0.244716 -0.290842 -0.109246

seq-02/frame-000930.color.png 0.535956 -0.546976 0.767541 0.918176 -0.244865 -0.291426 -0.109430

seq-02/frame-000931.color.png 0.540201 -0.548345 0.759980 0.918127 -0.242171 -0.293806 -0.109465

seq-02/frame-000932.color.png 0.541953 -0.549195 0.756021 0.918611 -0.241532 -0.292849 -0.109380

seq-02/frame-000933.color.png 0.544443 -0.551220 0.752525 0.918423 -0.240219 -0.293921 -0.110963

seq-02/frame-000934.color.png 0.550642 -0.549689 0.744108 0.919210 -0.236257 -0.294598 -0.111162

seq-02/frame-000935.color.png 0.554747 -0.552413 0.741606 0.918660 -0.236626 -0.295462 -0.112618

seq-02/frame-000936.color.png 0.556132 -0.552691 0.737068 0.919139 -0.235089 -0.294951 -0.113263

seq-02/frame-000937.color.png 0.562453 -0.553642 0.729811 0.919779 -0.233044 -0.295100 -0.111903

seq-02/frame-000938.color.png 0.565141 -0.553962 0.726996 0.919589 -0.231792 -0.296553 -0.112219

seq-02/frame-000939.color.png 0.567891 -0.553715 0.723146 0.920051 -0.230830 -0.295533 -0.113103

seq-02/frame-000940.color.png 0.572104 -0.557240 0.716305 0.920331 -0.230753 -0.294408 -0.113914

seq-02/frame-000941.color.png 0.576067 -0.557510 0.713087 0.920628 -0.228974 -0.294819 -0.114040

seq-02/frame-000942.color.png 0.579338 -0.557407 0.710046 0.921091 -0.228284 -0.294134 -0.113457

seq-02/frame-000943.color.png 0.583013 -0.561068 0.703559 0.921157 -0.227949 -0.293787 -0.114487

seq-02/frame-000944.color.png 0.584841 -0.561699 0.699459 0.921879 -0.226645 -0.292659 -0.114149

seq-02/frame-000945.color.png 0.590079 -0.564376 0.693226 0.922448 -0.224129 -0.293433 -0.112521

seq-02/frame-000946.color.png 0.596878 -0.565340 0.692480 0.922501 -0.222856 -0.293919 -0.113349

seq-02/frame-000947.color.png 0.600111 -0.566111 0.689552 0.922773 -0.222302 -0.293331 -0.113741

seq-02/frame-000948.color.png 0.604930 -0.569018 0.684277 0.922293 -0.221834 -0.295327 -0.113384

seq-02/frame-000949.color.png 0.606385 -0.569370 0.680747 0.922868 -0.220775 -0.294216 -0.113662

seq-02/frame-000950.color.png 0.610617 -0.570156 0.673849 0.923411 -0.220028 -0.293763 -0.111853

seq-02/frame-000951.color.png 0.613809 -0.569825 0.670807 0.923192 -0.219763 -0.294668 -0.111802

seq-02/frame-000952.color.png 0.614789 -0.570657 0.667085 0.923234 -0.220951 -0.293811 -0.111369

seq-02/frame-000953.color.png 0.618590 -0.574203 0.660725 0.921968 -0.222493 -0.296289 -0.112218

seq-02/frame-000954.color.png 0.619438 -0.575529 0.656832 0.922294 -0.221702 -0.295856 -0.112242

seq-02/frame-000955.color.png 0.622130 -0.578193 0.649192 0.921437 -0.221410 -0.299085 -0.111301

seq-02/frame-000956.color.png 0.623884 -0.579848 0.645630 0.921377 -0.221079 -0.299487 -0.111373

seq-02/frame-000957.color.png 0.626423 -0.583151 0.637861 0.921428 -0.220775 -0.300295 -0.109355

seq-02/frame-000958.color.png 0.628612 -0.586443 0.634653 0.921294 -0.219737 -0.301318 -0.109761

seq-02/frame-000959.color.png 0.633037 -0.586514 0.626576 0.922425 -0.217898 -0.300601 -0.105824

seq-02/frame-000960.color.png 0.634259 -0.588805 0.623120 0.921727 -0.219656 -0.301743 -0.105024

seq-02/frame-000961.color.png 0.637296 -0.590399 0.620420 0.921086 -0.220473 -0.302924 -0.105532

seq-02/frame-000962.color.png 0.641258 -0.595891 0.613051 0.920775 -0.222597 -0.302469 -0.105095

seq-02/frame-000963.color.png 0.643828 -0.599038 0.610169 0.920501 -0.221151 -0.304326 -0.105178

seq-02/frame-000964.color.png 0.650459 -0.601321 0.603486 0.921569 -0.216988 -0.304577 -0.103763

seq-02/frame-000965.color.png 0.653183 -0.603436 0.600304 0.921523 -0.216383 -0.304994 -0.104215

seq-02/frame-000966.color.png 0.659502 -0.607192 0.594291 0.922200 -0.214256 -0.304731 -0.103384

seq-02/frame-000967.color.png 0.662233 -0.607263 0.590793 0.922120 -0.213647 -0.305902 -0.101891

seq-02/frame-000968.color.png 0.666230 -0.608467 0.588499 0.921617 -0.214162 -0.307194 -0.101464

seq-02/frame-000969.color.png 0.669788 -0.611726 0.581951 0.921657 -0.214353 -0.307250 -0.100525

seq-02/frame-000970.color.png 0.675000 -0.613799 0.577110 0.921983 -0.211040 -0.308131 -0.101838

seq-02/frame-000971.color.png 0.677387 -0.613614 0.574055 0.922759 -0.209839 -0.306827 -0.101233

seq-02/frame-000972.color.png 0.682902 -0.616191 0.569353 0.922489 -0.208202 -0.308807 -0.101051

seq-02/frame-000973.color.png 0.686211 -0.615582 0.565869 0.922931 -0.206924 -0.308531 -0.100477

seq-02/frame-000974.color.png 0.690560 -0.616494 0.559239 0.923394 -0.206401 -0.307742 -0.099725

seq-02/frame-000975.color.png 0.693435 -0.616982 0.555767 0.923448 -0.205814 -0.307757 -0.100386

seq-02/frame-000976.color.png 0.698651 -0.618037 0.548586 0.923375 -0.205293 -0.307867 -0.101777

seq-02/frame-000977.color.png 0.702311 -0.618734 0.545264 0.923058 -0.204714 -0.309151 -0.101925

seq-02/frame-000978.color.png 0.707888 -0.619489 0.538787 0.923722 -0.203234 -0.308427 -0.101065

seq-02/frame-000979.color.png 0.709722 -0.620148 0.534927 0.923392 -0.202897 -0.309661 -0.100977

seq-02/frame-000980.color.png 0.714844 -0.622277 0.527524 0.924007 -0.201671 -0.308823 -0.100377

seq-02/frame-000981.color.png 0.718736 -0.622932 0.523598 0.924434 -0.201101 -0.308336 -0.099070

seq-02/frame-000982.color.png 0.724568 -0.623461 0.516407 0.924606 -0.200907 -0.308065 -0.098703

seq-02/frame-000983.color.png 0.727665 -0.623790 0.509026 0.925067 -0.202519 -0.305470 -0.099154

seq-02/frame-000984.color.png 0.729821 -0.624650 0.505548 0.925118 -0.203057 -0.304065 -0.101862

seq-02/frame-000985.color.png 0.732036 -0.623140 0.498761 0.925257 -0.210338 -0.298557 -0.102116

seq-02/frame-000986.color.png 0.731547 -0.628541 0.496868 0.924771 -0.215259 -0.296169 -0.103216

seq-02/frame-000987.color.png 0.733181 -0.634968 0.492891 0.924387 -0.219394 -0.296015 -0.098269

seq-02/frame-000988.color.png 0.736397 -0.638977 0.492208 0.923763 -0.222267 -0.297020 -0.094579

seq-02/frame-000989.color.png 0.740744 -0.645702 0.489397 0.923921 -0.222064 -0.297604 -0.091632

seq-02/frame-000990.color.png 0.742490 -0.653786 0.486477 0.923492 -0.226134 -0.296702 -0.088882

seq-02/frame-000991.color.png 0.743365 -0.657970 0.485216 0.924168 -0.225687 -0.295839 -0.085814

seq-02/frame-000992.color.png 0.746604 -0.663163 0.482226 0.924281 -0.227579 -0.296556 -0.076638

seq-02/frame-000993.color.png 0.748308 -0.666201 0.481240 0.924070 -0.228300 -0.297285 -0.074176

seq-02/frame-000994.color.png 0.749499 -0.671446 0.478407 0.925061 -0.226851 -0.295851 -0.071963

seq-02/frame-000995.color.png 0.749825 -0.677994 0.474778 0.926325 -0.222305 -0.295312 -0.072106

seq-02/frame-000996.color.png 0.751407 -0.679898 0.472845 0.927609 -0.219921 -0.293470 -0.070413

seq-02/frame-000997.color.png 0.751495 -0.685586 0.468159 0.929639 -0.218618 -0.289331 -0.064586

seq-02/frame-000998.color.png 0.753577 -0.688087 0.466330 0.929530 -0.218591 -0.290361 -0.061560

seq-02/frame-000999.color.png 0.756178 -0.695119 0.463280 0.930243 -0.217720 -0.289368 -0.058477

