seq-01/frame-000000.color.png -0.123234 -1.120697 -0.988706 0.995174 -0.096421 0.016435 0.006233

seq-01/frame-000001.color.png -0.136318 -1.122137 -0.988546 0.994928 -0.098053 0.020571 0.007535

seq-01/frame-000002.color.png -0.136108 -1.122399 -0.989466 0.994811 -0.099181 0.020964 0.007190

seq-01/frame-000003.color.png -0.136539 -1.121119 -0.989834 0.995035 -0.096976 0.020163 0.008368

seq-01/frame-000004.color.png -0.134945 -1.122870 -0.989592 0.994989 -0.097496 0.019788 0.008717

seq-01/frame-000005.color.png -0.136426 -1.122669 -0.990440 0.995024 -0.096970 0.020707 0.008410

seq-01/frame-000006.color.png -0.136446 -1.121368 -0.989138 0.995006 -0.097348 0.019804 0.008455

seq-01/frame-000007.color.png -0.136953 -1.121169 -0.989437 0.994994 -0.097539 0.019666 0.007924

seq-01/frame-000008.color.png -0.136866 -1.122393 -0.988546 0.994997 -0.097494 0.019940 0.007416

seq-01/frame-000009.color.png -0.138858 -1.122363 -0.988528 0.994912 -0.098394 0.020161 0.006254

seq-01/frame-000010.color.png -0.139146 -1.122790 -0.988054 0.994831 -0.099345 0.019948 0.004461

seq-01/frame-000011.color.png -0.141400 -1.123078 -0.986697 0.994884 -0.098932 0.019470 0.003962

seq-01/frame-000012.color.png -0.139131 -1.122391 -0.986521 0.994855 -0.099399 0.018419 0.004465

seq-01/frame-000013.color.png -0.141581 -1.122006 -0.985416 0.994798 -0.099790 0.019346 0.004466

seq-01/frame-000014.color.png -0.141092 -1.121214 -0.983609 0.994819 -0.099639 0.019003 0.004602

seq-01/frame-000015.color.png -0.139353 -1.121053 -0.981844 0.994747 -0.100487 0.018395 0.004172

seq-01/frame-000016.color.png -0.135807 -1.118425 -0.978000 0.994942 -0.098823 0.016024 0.006611

seq-01/frame-000017.color.png -0.134975 -1.115723 -0.974851 0.994936 -0.099149 0.014012 0.007185

seq-01/frame-000018.color.png -0.131523 -1.118928 -0.967150 0.994471 -0.103969 0.011196 0.008291

seq-01/frame-000019.color.png -0.131717 -1.121807 -0.963436 0.994209 -0.106259 0.011977 0.009433

seq-01/frame-000020.color.png -0.131085 -1.123045 -0.956417 0.993876 -0.109028 0.012520 0.011924

seq-01/frame-000021.color.png -0.129740 -1.124626 -0.948717 0.993596 -0.111416 0.010938 0.014434

seq-01/frame-000022.color.png -0.129429 -1.124716 -0.944057 0.993471 -0.112423 0.010022 0.015863

seq-01/frame-000023.color.png -0.130122 -1.127827 -0.936608 0.992989 -0.116641 0.009259 0.016058

seq-01/frame-000024.color.png -0.129627 -1.125948 -0.933411 0.992998 -0.116439 0.009279 0.016902

seq-01/frame-000025.color.png -0.131769 -1.126882 -0.924717 0.992627 -0.119506 0.009494 0.017193

seq-01/frame-000026.color.png -0.131123 -1.126226 -0.916588 0.992337 -0.121724 0.008575 0.018771

seq-01/frame-000027.color.png -0.131849 -1.126415 -0.912442 0.992189 -0.122872 0.008523 0.019131

seq-01/frame-000028.color.png -0.132398 -1.127300 -0.902298 0.991705 -0.126505 0.008590 0.020437

seq-01/frame-000029.color.png -0.132132 -1.126327 -0.897669 0.991577 -0.127379 0.008557 0.021242

seq-01/frame-000030.color.png -0.133572 -1.127062 -0.887814 0.991101 -0.130576 0.011223 0.022738

seq-01/frame-000031.color.png -0.133537 -1.126538 -0.882349 0.990892 -0.131674 0.012466 0.024788

seq-01/frame-000032.color.png -0.132982 -1.123761 -0.871948 0.990391 -0.135279 0.011550 0.025830

seq-01/frame-000033.color.png -0.129754 -1.124651 -0.863483 0.989902 -0.137896 0.012363 0.029999

seq-01/frame-000034.color.png -0.130897 -1.121747 -0.858752 0.989792 -0.138262 0.013309 0.031514

seq-01/frame-000035.color.png -0.130211 -1.122667 -0.849042 0.989254 -0.141169 0.013841 0.035076

seq-01/frame-000036.color.png -0.130980 -1.121042 -0.839532 0.989032 -0.142795 0.014132 0.034630

seq-01/frame-000037.color.png -0.131543 -1.120962 -0.834231 0.988745 -0.144661 0.015863 0.034342

seq-01/frame-000038.color.png -0.133964 -1.120070 -0.823748 0.988270 -0.147153 0.019565 0.035486

seq-01/frame-000039.color.png -0.133639 -1.119753 -0.819150 0.988029 -0.148677 0.019746 0.035732

seq-01/frame-000040.color.png -0.135707 -1.116603 -0.808916 0.988144 -0.147854 0.019217 0.036264

seq-01/frame-000041.color.png -0.138042 -1.117482 -0.796760 0.987553 -0.151979 0.019079 0.035364

seq-01/frame-000042.color.png -0.138145 -1.116642 -0.792047 0.987397 -0.153086 0.019256 0.034853

seq-01/frame-000043.color.png -0.142420 -1.115924 -0.780369 0.987388 -0.153019 0.018912 0.035589

seq-01/frame-000044.color.png -0.140471 -1.114249 -0.775115 0.987446 -0.152686 0.016755 0.036463

seq-01/frame-000045.color.png -0.140730 -1.115210 -0.760802 0.987157 -0.154333 0.013928 0.038500

seq-01/frame-000046.color.png -0.150136 -1.114901 -0.753778 0.987152 -0.154285 0.015323 0.038281

seq-01/frame-000047.color.png -0.149113 -1.111892 -0.739458 0.986609 -0.157249 0.014310 0.040544

seq-01/frame-000048.color.png -0.147575 -1.111176 -0.732746 0.986493 -0.157638 0.012840 0.042308

seq-01/frame-000049.color.png -0.144388 -1.107161 -0.718605 0.985979 -0.160497 0.010965 0.044030

seq-01/frame-000050.color.png -0.141836 -1.103465 -0.704183 0.985706 -0.160588 0.010890 0.049498

seq-01/frame-000051.color.png -0.138472 -1.103006 -0.698127 0.985629 -0.160490 0.008511 0.051758

seq-01/frame-000052.color.png -0.132162 -1.098774 -0.680652 0.985161 -0.162234 0.003752 0.055644

seq-01/frame-000053.color.png -0.129671 -1.098066 -0.673498 0.984780 -0.164095 0.001763 0.057014

seq-01/frame-000054.color.png -0.127143 -1.096871 -0.658873 0.983878 -0.168667 0.003008 0.059150

seq-01/frame-000055.color.png -0.123588 -1.092908 -0.652100 0.983666 -0.169430 0.003813 0.060433

seq-01/frame-000056.color.png -0.117935 -1.091124 -0.638635 0.982847 -0.173004 0.001416 0.063665

seq-01/frame-000057.color.png -0.112448 -1.088822 -0.624911 0.981946 -0.177402 0.001130 0.065434

seq-01/frame-000058.color.png -0.110696 -1.086210 -0.618630 0.981513 -0.178912 0.002636 0.067732

seq-01/frame-000059.color.png -0.105724 -1.084470 -0.605768 0.980436 -0.184232 0.001000 0.069099

seq-01/frame-000060.color.png -0.103617 -1.082131 -0.600613 0.980143 -0.185595 0.001364 0.069610

seq-01/frame-000061.color.png -0.099270 -1.082149 -0.588665 0.979706 -0.187847 0.004263 0.069594

seq-01/frame-000062.color.png -0.097925 -1.078812 -0.583484 0.979812 -0.187177 0.005282 0.069839

seq-01/frame-000063.color.png -0.090774 -1.077019 -0.571563 0.978947 -0.191820 0.005283 0.069374

seq-01/frame-000064.color.png -0.090369 -1.075092 -0.566095 0.978899 -0.192249 0.007538 0.068647

seq-01/frame-000065.color.png -0.086441 -1.072514 -0.555297 0.978256 -0.195031 0.017987 0.068015

seq-01/frame-000066.color.png -0.085817 -1.072658 -0.549663 0.977850 -0.195719 0.023724 0.070088

seq-01/frame-000067.color.png -0.074691 -1.067534 -0.538020 0.977698 -0.196260 0.020160 0.071792

seq-01/frame-000068.color.png -0.070932 -1.067963 -0.531279 0.977023 -0.198873 0.019772 0.073870

seq-01/frame-000069.color.png -0.068796 -1.066167 -0.525303 0.976811 -0.199633 0.021766 0.074058

seq-01/frame-000070.color.png -0.061988 -1.064944 -0.513384 0.976287 -0.201828 0.023427 0.074515

seq-01/frame-000071.color.png -0.056201 -1.061274 -0.506969 0.976304 -0.202088 0.023661 0.073505

seq-01/frame-000072.color.png -0.051110 -1.061101 -0.494384 0.975883 -0.203120 0.027941 0.074740

seq-01/frame-000073.color.png -0.048198 -1.058226 -0.487417 0.975732 -0.203421 0.028594 0.075639

seq-01/frame-000074.color.png -0.041056 -1.056823 -0.473506 0.975213 -0.205164 0.025649 0.078617

seq-01/frame-000075.color.png -0.036081 -1.056293 -0.466461 0.974833 -0.206353 0.025273 0.080328

seq-01/frame-000076.color.png -0.032258 -1.056792 -0.460471 0.974666 -0.206732 0.024253 0.081672

seq-01/frame-000077.color.png -0.024824 -1.049895 -0.447652 0.974477 -0.207034 0.024532 0.083070

seq-01/frame-000078.color.png -0.021761 -1.051668 -0.440872 0.973769 -0.209722 0.025940 0.084199

seq-01/frame-000079.color.png -0.015416 -1.045488 -0.428435 0.973486 -0.210117 0.031657 0.084527

seq-01/frame-000080.color.png -0.013751 -1.046599 -0.422367 0.972832 -0.212376 0.035330 0.084952

seq-01/frame-000081.color.png -0.009655 -1.042586 -0.409544 0.972847 -0.211090 0.035861 0.087720

seq-01/frame-000082.color.png -0.005374 -1.040302 -0.401824 0.972634 -0.212287 0.033208 0.088237

seq-01/frame-000083.color.png -0.000591 -1.040821 -0.386290 0.971871 -0.215578 0.034259 0.088260

seq-01/frame-000084.color.png 0.000894 -1.039277 -0.379487 0.972165 -0.214242 0.034881 0.088038

seq-01/frame-000085.color.png 0.002783 -1.035098 -0.372093 0.972309 -0.213422 0.033604 0.088926

seq-01/frame-000086.color.png 0.007373 -1.034304 -0.355351 0.972217 -0.213439 0.028214 0.091721

seq-01/frame-000087.color.png 0.009538 -1.030955 -0.347270 0.972525 -0.212633 0.028615 0.090194

seq-01/frame-000088.color.png 0.013456 -1.027302 -0.329934 0.972821 -0.211002 0.031455 0.089880

seq-01/frame-000089.color.png 0.014646 -1.019654 -0.321307 0.972967 -0.209995 0.029539 0.091295

seq-01/frame-000090.color.png 0.021536 -1.014905 -0.301434 0.971611 -0.216533 0.022504 0.092460

seq-01/frame-000091.color.png 0.024536 -1.011396 -0.292564 0.971245 -0.218166 0.024945 0.091840

seq-01/frame-000092.color.png 0.027832 -1.006709 -0.276670 0.970421 -0.221466 0.029508 0.091304

seq-01/frame-000093.color.png 0.029683 -1.002575 -0.269090 0.970287 -0.221935 0.028170 0.092005

seq-01/frame-000094.color.png 0.031757 -1.000345 -0.260583 0.969736 -0.224485 0.026783 0.092039

seq-01/frame-000095.color.png 0.036739 -0.996804 -0.245186 0.968893 -0.227381 0.027462 0.093595

seq-01/frame-000096.color.png 0.038851 -0.996023 -0.237479 0.968533 -0.228752 0.026920 0.094136

seq-01/frame-000097.color.png 0.043814 -0.992165 -0.223676 0.967770 -0.231966 0.026480 0.094245

seq-01/frame-000098.color.png 0.043724 -0.990335 -0.216808 0.967496 -0.233156 0.027637 0.093786

seq-01/frame-000099.color.png 0.043792 -0.986519 -0.203759 0.966579 -0.237252 0.026393 0.093329

seq-01/frame-000100.color.png 0.045632 -0.987391 -0.195948 0.965966 -0.240082 0.025854 0.092588

seq-01/frame-000101.color.png 0.042549 -0.982329 -0.182342 0.965355 -0.243318 0.026021 0.090436

seq-01/frame-000102.color.png 0.043754 -0.981998 -0.174403 0.964740 -0.245990 0.023976 0.090336

seq-01/frame-000103.color.png 0.042493 -0.979073 -0.166241 0.964271 -0.247740 0.023656 0.090651

seq-01/frame-000104.color.png 0.041536 -0.977445 -0.148934 0.962605 -0.254442 0.020786 0.090490

seq-01/frame-000105.color.png 0.039346 -0.974013 -0.140854 0.962351 -0.255243 0.021387 0.090794

seq-01/frame-000106.color.png 0.038647 -0.973937 -0.122650 0.960860 -0.260125 0.019599 0.093103

seq-01/frame-000107.color.png 0.037483 -0.974546 -0.114345 0.960941 -0.259351 0.018837 0.094569

seq-01/frame-000108.color.png 0.034194 -0.968287 -0.099137 0.960693 -0.260425 0.018025 0.094302

seq-01/frame-000109.color.png 0.034767 -0.970219 -0.090309 0.960043 -0.262119 0.017074 0.096381

seq-01/frame-000110.color.png 0.028843 -0.962935 -0.076301 0.959702 -0.262620 0.015835 0.098603

seq-01/frame-000111.color.png 0.029273 -0.964111 -0.066692 0.958589 -0.266127 0.014316 0.100244

seq-01/frame-000112.color.png 0.025095 -0.960665 -0.051777 0.957359 -0.269393 0.018133 0.102623

seq-01/frame-000113.color.png 0.023173 -0.959610 -0.045161 0.956710 -0.271177 0.017961 0.104002

seq-01/frame-000114.color.png 0.021194 -0.958626 -0.037894 0.956218 -0.272814 0.016418 0.104500

seq-01/frame-000115.color.png 0.016947 -0.955373 -0.023524 0.955353 -0.275596 0.018640 0.104731

seq-01/frame-000116.color.png 0.013597 -0.954909 -0.016033 0.954631 -0.278015 0.018862 0.104881

seq-01/frame-000117.color.png 0.007231 -0.951989 -0.001623 0.953877 -0.280610 0.019901 0.104643

seq-01/frame-000118.color.png 0.004454 -0.950823 0.005969 0.953194 -0.283027 0.019727 0.104390

seq-01/frame-000119.color.png -0.001952 -0.949096 0.021473 0.952162 -0.286276 0.022046 0.104482

seq-01/frame-000120.color.png -0.005277 -0.950284 0.029594 0.951462 -0.288176 0.023284 0.105361

seq-01/frame-000121.color.png -0.009383 -0.947651 0.036052 0.951554 -0.287974 0.023047 0.105136

seq-01/frame-000122.color.png -0.014199 -0.947040 0.051903 0.950630 -0.291402 0.024044 0.103822

seq-01/frame-000123.color.png -0.018635 -0.945963 0.059609 0.950573 -0.291334 0.026339 0.103971

seq-01/frame-000124.color.png -0.021723 -0.943408 0.066880 0.950308 -0.292072 0.025435 0.104552

seq-01/frame-000125.color.png -0.025163 -0.943512 0.082870 0.949244 -0.295098 0.023550 0.106141

seq-01/frame-000126.color.png -0.027293 -0.942828 0.090455 0.949394 -0.294497 0.024590 0.106240

seq-01/frame-000127.color.png -0.030664 -0.940974 0.105306 0.949249 -0.295080 0.025915 0.105601

seq-01/frame-000128.color.png -0.032046 -0.941939 0.112996 0.948945 -0.294830 0.027696 0.108535

seq-01/frame-000129.color.png -0.033800 -0.940098 0.119413 0.949183 -0.293357 0.028289 0.110282

seq-01/frame-000130.color.png -0.035095 -0.940531 0.133478 0.948847 -0.293026 0.025841 0.114570

seq-01/frame-000131.color.png -0.036263 -0.937381 0.139509 0.949423 -0.290541 0.025672 0.116149

seq-01/frame-000132.color.png -0.038600 -0.931269 0.144003 0.949291 -0.291382 0.025885 0.115070

seq-01/frame-000133.color.png -0.035145 -0.929533 0.158192 0.946636 -0.300266 0.028273 0.113528

seq-01/frame-000134.color.png -0.036949 -0.925078 0.163580 0.946389 -0.301116 0.031040 0.112615

seq-01/frame-000135.color.png -0.036438 -0.922088 0.170047 0.945307 -0.304570 0.029906 0.112717

seq-01/frame-000136.color.png -0.032714 -0.915404 0.182296 0.943515 -0.310706 0.028624 0.111311

seq-01/frame-000137.color.png -0.032804 -0.911659 0.188985 0.942741 -0.313767 0.030190 0.108841

seq-01/frame-000138.color.png -0.031639 -0.907177 0.194676 0.941884 -0.317080 0.030993 0.106402

seq-01/frame-000139.color.png -0.027680 -0.897768 0.206363 0.939773 -0.325247 0.030859 0.100279

seq-01/frame-000140.color.png -0.026698 -0.894485 0.213461 0.938629 -0.329331 0.032067 0.097243

seq-01/frame-000141.color.png -0.025046 -0.888687 0.219578 0.938145 -0.331132 0.033868 0.095164

seq-01/frame-000142.color.png -0.023783 -0.880576 0.223564 0.937246 -0.334446 0.033272 0.092610

seq-01/frame-000143.color.png -0.016746 -0.869274 0.235552 0.934176 -0.345154 0.029763 0.085236

seq-01/frame-000144.color.png -0.014348 -0.863724 0.241338 0.932962 -0.349090 0.029732 0.082466

seq-01/frame-000145.color.png -0.011724 -0.857566 0.246691 0.931496 -0.353440 0.030804 0.080089

seq-01/frame-000146.color.png -0.005899 -0.854376 0.254108 0.929579 -0.359184 0.030180 0.076984

seq-01/frame-000147.color.png -0.000229 -0.851763 0.261450 0.928811 -0.361727 0.028562 0.074929

seq-01/frame-000148.color.png 0.004104 -0.845722 0.265655 0.928492 -0.362628 0.028390 0.074600

seq-01/frame-000149.color.png 0.010097 -0.841321 0.270874 0.927347 -0.365621 0.026573 0.074894

seq-01/frame-000150.color.png 0.019988 -0.833824 0.281107 0.925204 -0.371575 0.022002 0.073564

seq-01/frame-000151.color.png 0.023794 -0.830800 0.286407 0.924640 -0.372968 0.022905 0.073326

seq-01/frame-000152.color.png 0.038324 -0.824668 0.289290 0.924745 -0.373263 0.019260 0.071530

seq-01/frame-000153.color.png 0.043419 -0.821064 0.293152 0.923533 -0.376461 0.018001 0.070750

seq-01/frame-000154.color.png 0.047640 -0.817172 0.296942 0.922865 -0.377973 0.020032 0.070860

seq-01/frame-000155.color.png 0.054062 -0.813804 0.300609 0.921957 -0.380409 0.021013 0.069341

seq-01/frame-000156.color.png 0.059161 -0.812528 0.305020 0.920957 -0.382979 0.021256 0.068408

seq-01/frame-000157.color.png 0.062107 -0.810889 0.309104 0.920747 -0.383615 0.021284 0.067659

seq-01/frame-000158.color.png 0.066649 -0.808934 0.310148 0.920755 -0.383916 0.020849 0.065948

seq-01/frame-000159.color.png 0.068124 -0.806702 0.312290 0.920706 -0.384383 0.021847 0.063549

seq-01/frame-000160.color.png 0.071309 -0.807260 0.316085 0.920042 -0.386344 0.023100 0.060763

seq-01/frame-000161.color.png 0.072048 -0.807150 0.318315 0.920418 -0.385600 0.024327 0.059306

seq-01/frame-000162.color.png 0.075277 -0.805794 0.320615 0.920779 -0.385139 0.021959 0.057598

seq-01/frame-000163.color.png 0.076559 -0.805499 0.325001 0.920249 -0.386365 0.020856 0.058261

seq-01/frame-000164.color.png 0.078782 -0.804644 0.326905 0.920336 -0.386409 0.018906 0.057251

seq-01/frame-000165.color.png 0.080747 -0.803300 0.331071 0.920704 -0.385991 0.016983 0.054703

seq-01/frame-000166.color.png 0.082571 -0.800536 0.331707 0.920863 -0.385926 0.017711 0.052188

seq-01/frame-000167.color.png 0.083957 -0.798365 0.335672 0.920244 -0.387736 0.018031 0.049521

seq-01/frame-000168.color.png 0.084907 -0.797400 0.340701 0.919615 -0.389385 0.017739 0.048359

seq-01/frame-000169.color.png 0.087781 -0.793997 0.343584 0.919454 -0.390122 0.015743 0.046107

seq-01/frame-000170.color.png 0.093006 -0.793145 0.348099 0.918630 -0.392404 0.014222 0.043600

seq-01/frame-000171.color.png 0.096508 -0.790572 0.352351 0.918830 -0.392053 0.015201 0.042190

seq-01/frame-000172.color.png 0.099494 -0.788214 0.356344 0.918393 -0.393180 0.016476 0.040704

seq-01/frame-000173.color.png 0.102676 -0.787961 0.364063 0.918130 -0.393811 0.015939 0.040752

seq-01/frame-000174.color.png 0.107055 -0.785096 0.368133 0.918152 -0.393859 0.014625 0.040283

seq-01/frame-000175.color.png 0.112022 -0.784062 0.374453 0.917593 -0.395478 0.014492 0.037083

seq-01/frame-000176.color.png 0.116702 -0.782244 0.376821 0.917540 -0.395817 0.015991 0.034018

seq-01/frame-000177.color.png 0.119726 -0.781362 0.384058 0.917607 -0.395803 0.016703 0.031985

seq-01/frame-000178.color.png 0.122192 -0.780370 0.390236 0.917480 -0.396263 0.014887 0.030795

seq-01/frame-000179.color.png 0.127039 -0.777995 0.394363 0.917748 -0.396037 0.010834 0.027215

seq-01/frame-000180.color.png 0.130802 -0.775283 0.400178 0.917731 -0.396530 0.009074 0.020394

seq-01/frame-000181.color.png 0.132793 -0.773607 0.408014 0.917159 -0.398128 0.008593 0.014295

seq-01/frame-000182.color.png 0.133642 -0.771247 0.415124 0.916928 -0.398797 0.008122 0.010079

seq-01/frame-000183.color.png 0.134802 -0.767895 0.421139 0.916796 -0.399213 0.005543 0.006853

seq-01/frame-000184.color.png 0.137733 -0.766288 0.428015 0.916285 -0.400462 0.001472 0.003596

seq-01/frame-000185.color.png 0.139199 -0.764553 0.433077 0.916291 -0.400454 -0.001057 0.003175

seq-01/frame-000186.color.png 0.141999 -0.760358 0.436567 0.916527 -0.399861 -0.006650 0.002863

seq-01/frame-000187.color.png 0.142926 -0.757718 0.442150 0.915465 -0.402181 -0.011601 0.001851

seq-01/frame-000188.color.png 0.143745 -0.756256 0.447964 0.914265 -0.404810 -0.014502 -0.000588

seq-01/frame-000189.color.png 0.144203 -0.755916 0.454019 0.913478 -0.406528 -0.015733 -0.002665

seq-01/frame-000190.color.png 0.143410 -0.756019 0.458449 0.913120 -0.407231 -0.017840 -0.004307

seq-01/frame-000191.color.png 0.146907 -0.755817 0.462430 0.913068 -0.407140 -0.021554 -0.006415

seq-01/frame-000192.color.png 0.147632 -0.757129 0.468009 0.912555 -0.408266 -0.021536 -0.007822

seq-01/frame-000193.color.png 0.148400 -0.760462 0.473854 0.912036 -0.409363 -0.021789 -0.009961

seq-01/frame-000194.color.png 0.151280 -0.764118 0.476877 0.912399 -0.408507 -0.022530 -0.010288

seq-01/frame-000195.color.png 0.151660 -0.764803 0.478203 0.913022 -0.407066 -0.023526 -0.009843

seq-01/frame-000196.color.png 0.153620 -0.768895 0.481298 0.912056 -0.408949 -0.026084 -0.014048

seq-01/frame-000197.color.png 0.156020 -0.771387 0.481826 0.912583 -0.407586 -0.026153 -0.018539

seq-01/frame-000198.color.png 0.154914 -0.774051 0.483796 0.911747 -0.409351 -0.025549 -0.021409

seq-01/frame-000199.color.png 0.156161 -0.781069 0.483165 0.910707 -0.410791 -0.032391 -0.027871

seq-01/frame-000200.color.png 0.159983 -0.785593 0.482292 0.911205 -0.408755 -0.036541 -0.035385

seq-01/frame-000201.color.png 0.162922 -0.790391 0.479610 0.911213 -0.408119 -0.034724 -0.043438

seq-01/frame-000202.color.png 0.161905 -0.796212 0.480123 0.912068 -0.405509 -0.033260 -0.050498

seq-01/frame-000203.color.png 0.164292 -0.798357 0.477711 0.913270 -0.401884 -0.035830 -0.055728

seq-01/frame-000204.color.png 0.167571 -0.801013 0.474625 0.913054 -0.401436 -0.040672 -0.059074

seq-01/frame-000205.color.png 0.173152 -0.802827 0.471233 0.912964 -0.400275 -0.047472 -0.063124

seq-01/frame-000206.color.png 0.178508 -0.802994 0.468636 0.912658 -0.399324 -0.051813 -0.069798

seq-01/frame-000207.color.png 0.182953 -0.802467 0.465903 0.911891 -0.399483 -0.054479 -0.076568

seq-01/frame-000208.color.png 0.188125 -0.801602 0.463014 0.911123 -0.399696 -0.058485 -0.081484

seq-01/frame-000209.color.png 0.192789 -0.800105 0.461340 0.910266 -0.400164 -0.063479 -0.084953

seq-01/frame-000210.color.png 0.197111 -0.799679 0.460490 0.908481 -0.401995 -0.070179 -0.089992

seq-01/frame-000211.color.png 0.201966 -0.800176 0.459867 0.907399 -0.402068 -0.076921 -0.094940

seq-01/frame-000212.color.png 0.202204 -0.800077 0.459330 0.907316 -0.402036 -0.077467 -0.095420

seq-01/frame-000213.color.png 0.208972 -0.797973 0.457252 0.907670 -0.399492 -0.082344 -0.098601

seq-01/frame-000214.color.png 0.215819 -0.794896 0.454144 0.907190 -0.398950 -0.086751 -0.101392

seq-01/frame-000215.color.png 0.220341 -0.794802 0.453995 0.905757 -0.399931 -0.092387 -0.105282

seq-01/frame-000216.color.png 0.226893 -0.794597 0.454485 0.905256 -0.399092 -0.098350 -0.107354

seq-01/frame-000217.color.png 0.231648 -0.793836 0.454700 0.905026 -0.398063 -0.104240 -0.107553

seq-01/frame-000218.color.png 0.239781 -0.793304 0.454383 0.903856 -0.397659 -0.113069 -0.109941

seq-01/frame-000219.color.png 0.246284 -0.793822 0.453920 0.902843 -0.397411 -0.118849 -0.113021

seq-01/frame-000220.color.png 0.252505 -0.792879 0.452604 0.902434 -0.395949 -0.123801 -0.116063

seq-01/frame-000221.color.png 0.258206 -0.793052 0.451772 0.901466 -0.395615 -0.128398 -0.119672

seq-01/frame-000222.color.png 0.258290 -0.793242 0.451820 0.901319 -0.395679 -0.128908 -0.120018

seq-01/frame-000223.color.png 0.264958 -0.793725 0.451573 0.900534 -0.395139 -0.133743 -0.122379

seq-01/frame-000224.color.png 0.271724 -0.794025 0.450652 0.900000 -0.394148 -0.138662 -0.124020

seq-01/frame-000225.color.png 0.279798 -0.793920 0.449787 0.899559 -0.393048 -0.142875 -0.125908

seq-01/frame-000226.color.png 0.285699 -0.794607 0.449413 0.899129 -0.392574 -0.145580 -0.127355

seq-01/frame-000227.color.png 0.292852 -0.795240 0.449372 0.899014 -0.390932 -0.149545 -0.128611

seq-01/frame-000228.color.png 0.299843 -0.794470 0.448249 0.899012 -0.389182 -0.152983 -0.129885

seq-01/frame-000229.color.png 0.307999 -0.794868 0.449436 0.898033 -0.389199 -0.157219 -0.131538

seq-01/frame-000230.color.png 0.313911 -0.795672 0.449154 0.897843 -0.388254 -0.159964 -0.132317

seq-01/frame-000231.color.png 0.321400 -0.793206 0.447356 0.897793 -0.386768 -0.162401 -0.134022

seq-01/frame-000232.color.png 0.325196 -0.794946 0.448987 0.895521 -0.389662 -0.164739 -0.137932

seq-01/frame-000233.color.png 0.330232 -0.797561 0.451391 0.895135 -0.388439 -0.168426 -0.139425

seq-01/frame-000234.color.png 0.337374 -0.796354 0.451310 0.895687 -0.385961 -0.171028 -0.139597

seq-01/frame-000235.color.png 0.340892 -0.797622 0.451788 0.895096 -0.386538 -0.173002 -0.139357

seq-01/frame-000236.color.png 0.345554 -0.798683 0.453568 0.894772 -0.385781 -0.176761 -0.138816

seq-01/frame-000237.color.png 0.349358 -0.799675 0.454734 0.894163 -0.385344 -0.179645 -0.140243

seq-01/frame-000238.color.png 0.353814 -0.800969 0.456273 0.893799 -0.383958 -0.182494 -0.142666

seq-01/frame-000239.color.png 0.357818 -0.801776 0.458209 0.893421 -0.382515 -0.184731 -0.145989

seq-01/frame-000240.color.png 0.360918 -0.802562 0.459834 0.893342 -0.380838 -0.187595 -0.147203

seq-01/frame-000241.color.png 0.366491 -0.802098 0.462265 0.892853 -0.379738 -0.191833 -0.147550

seq-01/frame-000242.color.png 0.369923 -0.802172 0.464377 0.892239 -0.379496 -0.194361 -0.148571

seq-01/frame-000243.color.png 0.374138 -0.802791 0.468224 0.891278 -0.378824 -0.198822 -0.150140

seq-01/frame-000244.color.png 0.378013 -0.802314 0.470585 0.890523 -0.377945 -0.202397 -0.152051

seq-01/frame-000245.color.png 0.381430 -0.802094 0.473842 0.889770 -0.376564 -0.205853 -0.155211

seq-01/frame-000246.color.png 0.385690 -0.800670 0.476074 0.889118 -0.375273 -0.208485 -0.158526

seq-01/frame-000247.color.png 0.388103 -0.800952 0.479877 0.887751 -0.375202 -0.211659 -0.162108

seq-01/frame-000248.color.png 0.391736 -0.800494 0.483078 0.887100 -0.373575 -0.215872 -0.163866

seq-01/frame-000249.color.png 0.395475 -0.798491 0.485300 0.886321 -0.372144 -0.221027 -0.164463

seq-01/frame-000250.color.png 0.400347 -0.797234 0.489239 0.884533 -0.372015 -0.226057 -0.167513

seq-01/frame-000251.color.png 0.403635 -0.797484 0.492722 0.882863 -0.372431 -0.228958 -0.171416

seq-01/frame-000252.color.png 0.407662 -0.797199 0.496183 0.881949 -0.371518 -0.231230 -0.175012

seq-01/frame-000253.color.png 0.410387 -0.796879 0.498008 0.880697 -0.371447 -0.233381 -0.178578

seq-01/frame-000254.color.png 0.414755 -0.797846 0.501844 0.878574 -0.370998 -0.239289 -0.182115

seq-01/frame-000255.color.png 0.420145 -0.797624 0.504624 0.877022 -0.370641 -0.243955 -0.184117

seq-01/frame-000256.color.png 0.425013 -0.798005 0.507406 0.875107 -0.371941 -0.247228 -0.186229

seq-01/frame-000257.color.png 0.427509 -0.799818 0.510076 0.872915 -0.374383 -0.249948 -0.187988

seq-01/frame-000258.color.png 0.431462 -0.801941 0.513840 0.870569 -0.374519 -0.254922 -0.191876

seq-01/frame-000259.color.png 0.435575 -0.803781 0.515551 0.869302 -0.373622 -0.258158 -0.195014

seq-01/frame-000260.color.png 0.439377 -0.804365 0.517848 0.868389 -0.372395 -0.260938 -0.197707

seq-01/frame-000261.color.png 0.442546 -0.807019 0.520889 0.867035 -0.372014 -0.265217 -0.198674

seq-01/frame-000262.color.png 0.449018 -0.808026 0.523793 0.865962 -0.371068 -0.270724 -0.197690

seq-01/frame-000263.color.png 0.454710 -0.807539 0.525019 0.864516 -0.372115 -0.274519 -0.196818

seq-01/frame-000264.color.png 0.456458 -0.811598 0.527757 0.861581 -0.375138 -0.277954 -0.199111

seq-01/frame-000265.color.png 0.459827 -0.814552 0.531333 0.860212 -0.374533 -0.281261 -0.201512

seq-01/frame-000266.color.png 0.463429 -0.816306 0.532305 0.859740 -0.373945 -0.281874 -0.203752

seq-01/frame-000267.color.png 0.465170 -0.820855 0.534361 0.858122 -0.374184 -0.283800 -0.207423

seq-01/frame-000268.color.png 0.470184 -0.825270 0.537319 0.857816 -0.371444 -0.287710 -0.208226

seq-01/frame-000269.color.png 0.476932 -0.826549 0.537135 0.858047 -0.368391 -0.291506 -0.207418

seq-01/frame-000270.color.png 0.481384 -0.830264 0.537472 0.856730 -0.369604 -0.294606 -0.206321

seq-01/frame-000271.color.png 0.488393 -0.833918 0.538438 0.855492 -0.368894 -0.300590 -0.204084

seq-01/frame-000272.color.png 0.495208 -0.836777 0.538411 0.854139 -0.367140 -0.305953 -0.204942

seq-01/frame-000273.color.png 0.501960 -0.839383 0.537800 0.853454 -0.365227 -0.308531 -0.207337

seq-01/frame-000274.color.png 0.516846 -0.844662 0.535679 0.853425 -0.358707 -0.313803 -0.210894

seq-01/frame-000275.color.png 0.525266 -0.846338 0.533663 0.852788 -0.356104 -0.318174 -0.211331

seq-01/frame-000276.color.png 0.535075 -0.847176 0.532564 0.852228 -0.352737 -0.323418 -0.211277

seq-01/frame-000277.color.png 0.544376 -0.845338 0.529186 0.851676 -0.350822 -0.327022 -0.211145

seq-01/frame-000278.color.png 0.552705 -0.845647 0.527797 0.848951 -0.352050 -0.331299 -0.213395

seq-01/frame-000279.color.png 0.571041 -0.844369 0.525485 0.842840 -0.352759 -0.341083 -0.220900

seq-01/frame-000280.color.png 0.577615 -0.846572 0.526270 0.840743 -0.353524 -0.342574 -0.225314

seq-01/frame-000281.color.png 0.585131 -0.845489 0.524628 0.839952 -0.351700 -0.345095 -0.227264

seq-01/frame-000282.color.png 0.593367 -0.844918 0.522637 0.837722 -0.351603 -0.349625 -0.228715

seq-01/frame-000283.color.png 0.611712 -0.844720 0.523525 0.831466 -0.349864 -0.360491 -0.237186

seq-01/frame-000284.color.png 0.621143 -0.842901 0.522142 0.830766 -0.347738 -0.361659 -0.240956

seq-01/frame-000285.color.png 0.624630 -0.842547 0.519508 0.829316 -0.349219 -0.362633 -0.242341

seq-01/frame-000286.color.png 0.631730 -0.844108 0.520209 0.826354 -0.348946 -0.369053 -0.243159

seq-01/frame-000287.color.png 0.642855 -0.842640 0.519738 0.824114 -0.347153 -0.375297 -0.243768

seq-01/frame-000288.color.png 0.655811 -0.843486 0.519038 0.819343 -0.348634 -0.384379 -0.243584

seq-01/frame-000289.color.png 0.664743 -0.842846 0.518923 0.817291 -0.347809 -0.389644 -0.243293

seq-01/frame-000290.color.png 0.675158 -0.841868 0.518603 0.814407 -0.347273 -0.394507 -0.245879

seq-01/frame-000291.color.png 0.681269 -0.842926 0.520393 0.812294 -0.347396 -0.396895 -0.248833

seq-01/frame-000292.color.png 0.696544 -0.840852 0.519086 0.809130 -0.345446 -0.401327 -0.254678

seq-01/frame-000293.color.png 0.701006 -0.842088 0.519620 0.806100 -0.346121 -0.403547 -0.259811

seq-01/frame-000294.color.png 0.707236 -0.844650 0.519893 0.804462 -0.344876 -0.405758 -0.263077

seq-01/frame-000295.color.png 0.718463 -0.845555 0.516130 0.802812 -0.341363 -0.410462 -0.265393

seq-01/frame-000296.color.png 0.724501 -0.850323 0.520905 0.799969 -0.340349 -0.414934 -0.268309

seq-01/frame-000297.color.png 0.732962 -0.851806 0.518138 0.800306 -0.337071 -0.416234 -0.269424

seq-01/frame-000298.color.png 0.739356 -0.852637 0.517801 0.800609 -0.335434 -0.417263 -0.268978

seq-01/frame-000299.color.png 0.752087 -0.859173 0.520968 0.798897 -0.332596 -0.420542 -0.272462

seq-01/frame-000300.color.png 0.757948 -0.861100 0.521468 0.799806 -0.330972 -0.419746 -0.273000

seq-01/frame-000301.color.png 0.761430 -0.865179 0.523020 0.800438 -0.330922 -0.418833 -0.272608

seq-01/frame-000302.color.png 0.774393 -0.871892 0.524063 0.803483 -0.326750 -0.415386 -0.273955

seq-01/frame-000303.color.png 0.776683 -0.878164 0.524883 0.806004 -0.323881 -0.413923 -0.272164

seq-01/frame-000304.color.png 0.797813 -0.882569 0.523435 0.808509 -0.317114 -0.416987 -0.267996

seq-01/frame-000305.color.png 0.804081 -0.888492 0.522787 0.809636 -0.314813 -0.416062 -0.268742

seq-01/frame-000306.color.png 0.813534 -0.893233 0.522722 0.812172 -0.310276 -0.413651 -0.270084

seq-01/frame-000307.color.png 0.824695 -0.902618 0.516585 0.816574 -0.303257 -0.411196 -0.268526

seq-01/frame-000308.color.png 0.834440 -0.906511 0.515458 0.817750 -0.300114 -0.412986 -0.265719

seq-01/frame-000309.color.png 0.843918 -0.910327 0.512361 0.818340 -0.296770 -0.413253 -0.267239

seq-01/frame-000310.color.png 0.859488 -0.918762 0.504632 0.821565 -0.291044 -0.408389 -0.271089

seq-01/frame-000311.color.png 0.867047 -0.926540 0.503042 0.822026 -0.288327 -0.406888 -0.274828

seq-01/frame-000312.color.png 0.884041 -0.933116 0.490960 0.826380 -0.283128 -0.401244 -0.275472

seq-01/frame-000313.color.png 0.901421 -0.939263 0.479380 0.827952 -0.280507 -0.401464 -0.273102

seq-01/frame-000314.color.png 0.908525 -0.943312 0.473847 0.828614 -0.280352 -0.399648 -0.273917

seq-01/frame-000315.color.png 0.916359 -0.947511 0.468988 0.829849 -0.279080 -0.396524 -0.276010

seq-01/frame-000316.color.png 0.929466 -0.947933 0.452364 0.833006 -0.279530 -0.392596 -0.271625

seq-01/frame-000317.color.png 0.941933 -0.954506 0.440659 0.833115 -0.279133 -0.395169 -0.267942

seq-01/frame-000318.color.png 0.949331 -0.957784 0.435624 0.833161 -0.276584 -0.396255 -0.268837

seq-01/frame-000319.color.png 0.962218 -0.957085 0.419279 0.835377 -0.271251 -0.397860 -0.264995

seq-01/frame-000320.color.png 0.972118 -0.962391 0.405786 0.835123 -0.269187 -0.399167 -0.265933

seq-01/frame-000321.color.png 0.976442 -0.965661 0.400489 0.836448 -0.267317 -0.398283 -0.264979

seq-01/frame-000322.color.png 0.988006 -0.970549 0.388015 0.838783 -0.261226 -0.400691 -0.259997

seq-01/frame-000323.color.png 0.990776 -0.973462 0.380980 0.840785 -0.258868 -0.397984 -0.260047

seq-01/frame-000324.color.png 0.999974 -0.976823 0.369733 0.844293 -0.253309 -0.393099 -0.261583

seq-01/frame-000325.color.png 1.001311 -0.984968 0.358719 0.847681 -0.249719 -0.386161 -0.264394

seq-01/frame-000326.color.png 1.004628 -0.987362 0.354049 0.849642 -0.246846 -0.383625 -0.264488

seq-01/frame-000327.color.png 1.001050 -0.996402 0.344742 0.852092 -0.245433 -0.378873 -0.264775

seq-01/frame-000328.color.png 1.003415 -0.999103 0.333206 0.856311 -0.238759 -0.376361 -0.260819

seq-01/frame-000329.color.png 1.005721 -1.004859 0.324725 0.859205 -0.230250 -0.377229 -0.257679

seq-01/frame-000330.color.png 1.002913 -1.007618 0.318723 0.860012 -0.229041 -0.376711 -0.256819

seq-01/frame-000331.color.png 0.998061 -1.015638 0.309685 0.861365 -0.224208 -0.377161 -0.255886

seq-01/frame-000332.color.png 0.992440 -1.022797 0.300032 0.863088 -0.220660 -0.378082 -0.251772

seq-01/frame-000333.color.png 0.987389 -1.023946 0.285788 0.865402 -0.214902 -0.378124 -0.248729

seq-01/frame-000334.color.png 0.983696 -1.028417 0.280228 0.866811 -0.213636 -0.376575 -0.247261

seq-01/frame-000335.color.png 0.976036 -1.028386 0.265444 0.868634 -0.212429 -0.373913 -0.245938

seq-01/frame-000336.color.png 0.969151 -1.032549 0.250503 0.872592 -0.207292 -0.369778 -0.242537

seq-01/frame-000337.color.png 0.966732 -1.039122 0.238701 0.874845 -0.203760 -0.369587 -0.237657

seq-01/frame-000338.color.png 0.966178 -1.044817 0.225598 0.877565 -0.197867 -0.370343 -0.231348

seq-01/frame-000339.color.png 0.965719 -1.040898 0.216608 0.880383 -0.193555 -0.367565 -0.228704

seq-01/frame-000340.color.png 0.966973 -1.045279 0.204330 0.882401 -0.190095 -0.366978 -0.224740

seq-01/frame-000341.color.png 0.965336 -1.047475 0.189092 0.884713 -0.185284 -0.362329 -0.227196

seq-01/frame-000342.color.png 0.967032 -1.052531 0.176314 0.887336 -0.180926 -0.357465 -0.228184

seq-01/frame-000343.color.png 0.968750 -1.054572 0.169961 0.888207 -0.176732 -0.357374 -0.228222

seq-01/frame-000344.color.png 0.972366 -1.056737 0.156141 0.889990 -0.168604 -0.356747 -0.228409

seq-01/frame-000345.color.png 0.975427 -1.059060 0.142563 0.890317 -0.162270 -0.357897 -0.229918

seq-01/frame-000346.color.png 0.978280 -1.060057 0.126581 0.890974 -0.156478 -0.356118 -0.234111

seq-01/frame-000347.color.png 0.981692 -1.063117 0.119618 0.891227 -0.153635 -0.355934 -0.235307

seq-01/frame-000348.color.png 0.988576 -1.064336 0.104299 0.891120 -0.148606 -0.357344 -0.236802

seq-01/frame-000349.color.png 0.995898 -1.066369 0.088081 0.891889 -0.142340 -0.355546 -0.240433

seq-01/frame-000350.color.png 1.007159 -1.066780 0.072247 0.892267 -0.136311 -0.358611 -0.237960

seq-01/frame-000351.color.png 1.015595 -1.069112 0.054836 0.892194 -0.129996 -0.359394 -0.240572

seq-01/frame-000352.color.png 1.023854 -1.071896 0.037625 0.893456 -0.126087 -0.357405 -0.240931

seq-01/frame-000353.color.png 1.033019 -1.072818 0.018255 0.893904 -0.121305 -0.356401 -0.243200

seq-01/frame-000354.color.png 1.038236 -1.071037 -0.004724 0.895758 -0.116647 -0.352028 -0.245021

seq-01/frame-000355.color.png 1.044578 -1.076717 -0.012965 0.895444 -0.116149 -0.351978 -0.246473

seq-01/frame-000356.color.png 1.049310 -1.075655 -0.035079 0.897353 -0.111383 -0.347234 -0.248450

seq-01/frame-000357.color.png 1.058586 -1.078847 -0.051174 0.897208 -0.109866 -0.347052 -0.249899

seq-01/frame-000358.color.png 1.059930 -1.076268 -0.073456 0.899833 -0.105684 -0.339353 -0.252822

seq-01/frame-000359.color.png 1.067590 -1.081841 -0.090878 0.902290 -0.101920 -0.337190 -0.248466

seq-01/frame-000360.color.png 1.074241 -1.086856 -0.108518 0.902526 -0.099101 -0.337902 -0.247779

seq-01/frame-000361.color.png 1.074885 -1.081568 -0.131921 0.908869 -0.094553 -0.325240 -0.243277

seq-01/frame-000362.color.png 1.073692 -1.084316 -0.155964 0.916967 -0.089619 -0.298904 -0.248486

seq-01/frame-000363.color.png 1.074469 -1.086488 -0.166495 0.921041 -0.091631 -0.288830 -0.244567

seq-01/frame-000364.color.png 1.082803 -1.089841 -0.181884 0.922573 -0.094007 -0.288208 -0.238549

seq-01/frame-000365.color.png 1.083856 -1.090817 -0.203940 0.928387 -0.090195 -0.275558 -0.232334

seq-01/frame-000366.color.png 1.084497 -1.095307 -0.221301 0.931577 -0.092139 -0.265482 -0.230527

seq-01/frame-000367.color.png 1.083560 -1.095564 -0.241389 0.935568 -0.090837 -0.254992 -0.226689

seq-01/frame-000368.color.png 1.082652 -1.093151 -0.262254 0.940510 -0.083236 -0.245760 -0.219234

seq-01/frame-000369.color.png 1.081163 -1.097185 -0.272368 0.941544 -0.082880 -0.242179 -0.218918

seq-01/frame-000370.color.png 1.083767 -1.098407 -0.290865 0.944049 -0.079348 -0.238788 -0.213084

seq-01/frame-000371.color.png 1.083651 -1.100146 -0.313908 0.946825 -0.073207 -0.230652 -0.211923

seq-01/frame-000372.color.png 1.082403 -1.105105 -0.333930 0.949768 -0.069996 -0.223207 -0.207772

seq-01/frame-000373.color.png 1.081667 -1.104091 -0.342985 0.950647 -0.067050 -0.222059 -0.205945

seq-01/frame-000374.color.png 1.081955 -1.105472 -0.362976 0.952394 -0.059366 -0.215171 -0.207538

seq-01/frame-000375.color.png 1.085896 -1.102817 -0.378474 0.953427 -0.054011 -0.214636 -0.204795

seq-01/frame-000376.color.png 1.088665 -1.107277 -0.393186 0.953071 -0.051194 -0.213510 -0.208319

seq-01/frame-000377.color.png 1.092829 -1.106267 -0.406768 0.953490 -0.047716 -0.212019 -0.208749

seq-01/frame-000378.color.png 1.099151 -1.106919 -0.412251 0.953268 -0.044191 -0.214061 -0.208453

seq-01/frame-000379.color.png 1.104163 -1.106415 -0.424692 0.952762 -0.037818 -0.216018 -0.210000

seq-01/frame-000380.color.png 1.109290 -1.102447 -0.436529 0.952901 -0.036106 -0.216577 -0.209091

seq-01/frame-000381.color.png 1.117565 -1.105331 -0.445260 0.954697 -0.043969 -0.211055 -0.205000

seq-01/frame-000382.color.png 1.125056 -1.101867 -0.450907 0.954451 -0.051243 -0.214039 -0.201330

seq-01/frame-000383.color.png 1.134146 -1.107026 -0.452821 0.954262 -0.054462 -0.214853 -0.200512

seq-01/frame-000384.color.png 1.143183 -1.108306 -0.457136 0.954579 -0.062171 -0.214946 -0.196620

seq-01/frame-000385.color.png 1.153248 -1.110911 -0.460603 0.954124 -0.071334 -0.217298 -0.193103

seq-01/frame-000386.color.png 1.153328 -1.108263 -0.470162 0.955264 -0.080965 -0.215067 -0.186038

seq-01/frame-000387.color.png 1.170065 -1.115909 -0.473587 0.954266 -0.091117 -0.219778 -0.180883

seq-01/frame-000388.color.png 1.178920 -1.121548 -0.482241 0.954169 -0.099895 -0.217489 -0.179523

seq-01/frame-000389.color.png 1.180732 -1.122631 -0.486649 0.954792 -0.101917 -0.215484 -0.177479

seq-01/frame-000390.color.png 1.189643 -1.125173 -0.494020 0.955663 -0.107198 -0.210869 -0.175209

seq-01/frame-000391.color.png 1.194088 -1.128864 -0.504188 0.956615 -0.109296 -0.205913 -0.174613

seq-01/frame-000392.color.png 1.196192 -1.135436 -0.513605 0.957896 -0.112034 -0.198104 -0.174891

seq-01/frame-000393.color.png 1.200949 -1.141021 -0.521038 0.957636 -0.116755 -0.197166 -0.174283

seq-01/frame-000394.color.png 1.205693 -1.138918 -0.526155 0.958309 -0.116410 -0.196453 -0.171600

seq-01/frame-000395.color.png 1.209794 -1.143519 -0.536719 0.959904 -0.114498 -0.190240 -0.170972

seq-01/frame-000396.color.png 1.216951 -1.145293 -0.544250 0.961022 -0.115156 -0.188176 -0.166473

seq-01/frame-000397.color.png 1.223624 -1.149292 -0.553630 0.961964 -0.114157 -0.187698 -0.162202

seq-01/frame-000398.color.png 1.227359 -1.148297 -0.565122 0.964881 -0.110915 -0.179511 -0.156289

seq-01/frame-000399.color.png 1.229886 -1.150464 -0.568249 0.965228 -0.111560 -0.177552 -0.155922

seq-01/frame-000400.color.png 1.236572 -1.153240 -0.576705 0.966198 -0.111236 -0.176722 -0.151010

seq-01/frame-000401.color.png 1.236366 -1.152339 -0.586163 0.968164 -0.109750 -0.168444 -0.148954

seq-01/frame-000402.color.png 1.238682 -1.154345 -0.592035 0.969139 -0.111544 -0.165322 -0.144721

seq-01/frame-000403.color.png 1.237470 -1.156035 -0.598723 0.969840 -0.111611 -0.162165 -0.143541

seq-01/frame-000404.color.png 1.240430 -1.156987 -0.604768 0.971521 -0.110815 -0.156435 -0.139074

seq-01/frame-000405.color.png 1.237983 -1.155781 -0.610343 0.972233 -0.110098 -0.155279 -0.135929

seq-01/frame-000406.color.png 1.235646 -1.153695 -0.612881 0.972581 -0.109915 -0.154241 -0.134770

seq-01/frame-000407.color.png 1.233965 -1.153600 -0.617646 0.973225 -0.108710 -0.152623 -0.132928

seq-01/frame-000408.color.png 1.228679 -1.154664 -0.622374 0.973205 -0.107327 -0.154832 -0.131632

seq-01/frame-000409.color.png 1.220316 -1.155718 -0.624777 0.972430 -0.105279 -0.161430 -0.131085

seq-01/frame-000410.color.png 1.223295 -1.153079 -0.625396 0.970959 -0.103002 -0.173864 -0.127857

seq-01/frame-000411.color.png 1.224648 -1.150626 -0.624394 0.969479 -0.096026 -0.185918 -0.127555

seq-01/frame-000412.color.png 1.239003 -1.149907 -0.615680 0.964395 -0.097554 -0.210138 -0.127333

seq-01/frame-000413.color.png 1.255608 -1.148471 -0.607969 0.959474 -0.093786 -0.230665 -0.131731

seq-01/frame-000414.color.png 1.276500 -1.147572 -0.594207 0.953773 -0.095833 -0.253588 -0.129506

seq-01/frame-000415.color.png 1.285338 -1.146625 -0.587769 0.950594 -0.096430 -0.267009 -0.125393

seq-01/frame-000416.color.png 1.289267 -1.143382 -0.583669 0.945387 -0.096316 -0.285742 -0.123542

seq-01/frame-000417.color.png 1.290901 -1.139560 -0.585268 0.945090 -0.097568 -0.286573 -0.122909

seq-01/frame-000418.color.png 1.293917 -1.135833 -0.582880 0.943892 -0.100366 -0.290593 -0.120391

seq-01/frame-000419.color.png 1.297117 -1.136015 -0.582668 0.941249 -0.101988 -0.299845 -0.116989

seq-01/frame-000420.color.png 1.294962 -1.134822 -0.583334 0.940899 -0.105742 -0.299744 -0.116724

seq-01/frame-000421.color.png 1.292803 -1.129759 -0.583278 0.938306 -0.109094 -0.308143 -0.112573

seq-01/frame-000422.color.png 1.291697 -1.130045 -0.583100 0.937093 -0.114137 -0.310881 -0.110122

seq-01/frame-000423.color.png 1.290079 -1.127249 -0.585075 0.936027 -0.115442 -0.313179 -0.111304

seq-01/frame-000424.color.png 1.288226 -1.127888 -0.587942 0.938357 -0.119030 -0.305053 -0.110471

seq-01/frame-000425.color.png 1.285445 -1.124700 -0.588948 0.938247 -0.121496 -0.304081 -0.111401

seq-01/frame-000426.color.png 1.280314 -1.120771 -0.591159 0.939303 -0.122585 -0.299227 -0.114408

seq-01/frame-000427.color.png 1.278577 -1.126545 -0.588706 0.939412 -0.128645 -0.295489 -0.116557

seq-01/frame-000428.color.png 1.275264 -1.122095 -0.588777 0.939837 -0.126775 -0.293489 -0.120173

seq-01/frame-000429.color.png 1.276199 -1.122514 -0.586418 0.940723 -0.121247 -0.291168 -0.124515

seq-01/frame-000430.color.png 1.273919 -1.117468 -0.585616 0.943059 -0.116511 -0.284361 -0.127068

seq-01/frame-000431.color.png 1.272263 -1.118087 -0.583558 0.944021 -0.115005 -0.281537 -0.127587

seq-01/frame-000432.color.png 1.272655 -1.113159 -0.578919 0.944658 -0.114521 -0.278827 -0.129247

seq-01/frame-000433.color.png 1.273279 -1.107955 -0.575975 0.946076 -0.111897 -0.274568 -0.130289

seq-01/frame-000434.color.png 1.270916 -1.108365 -0.570844 0.946277 -0.114218 -0.270813 -0.134596

seq-01/frame-000435.color.png 1.266415 -1.101417 -0.566825 0.948918 -0.107964 -0.264356 -0.134006

seq-01/frame-000436.color.png 1.271152 -1.102270 -0.557986 0.948651 -0.105066 -0.266374 -0.134204

seq-01/frame-000437.color.png 1.264650 -1.096162 -0.552574 0.948862 -0.105357 -0.263418 -0.138252

seq-01/frame-000438.color.png 1.263081 -1.089941 -0.545183 0.949804 -0.105640 -0.260114 -0.137825

seq-01/frame-000439.color.png 1.264654 -1.090778 -0.540350 0.949054 -0.108725 -0.260622 -0.139620

seq-01/frame-000440.color.png 1.265707 -1.086410 -0.532218 0.949123 -0.107348 -0.260557 -0.140338

seq-01/frame-000441.color.png 1.265836 -1.088126 -0.524716 0.949112 -0.110698 -0.257742 -0.142982

seq-01/frame-000442.color.png 1.267478 -1.085953 -0.514463 0.948965 -0.114048 -0.257173 -0.142347

seq-01/frame-000443.color.png 1.267504 -1.084549 -0.503966 0.948433 -0.117481 -0.258012 -0.141581

seq-01/frame-000444.color.png 1.273448 -1.085682 -0.492594 0.947618 -0.120200 -0.260240 -0.140675

seq-01/frame-000445.color.png 1.275373 -1.087887 -0.481214 0.946940 -0.121528 -0.261683 -0.141421

seq-01/frame-000446.color.png 1.278408 -1.087990 -0.475610 0.946865 -0.119789 -0.263073 -0.140824

seq-01/frame-000447.color.png 1.280450 -1.082245 -0.463986 0.946486 -0.121586 -0.263714 -0.140631

seq-01/frame-000448.color.png 1.282995 -1.077661 -0.451126 0.946502 -0.118033 -0.265443 -0.140295

seq-01/frame-000449.color.png 1.288428 -1.073314 -0.435574 0.945926 -0.116019 -0.267066 -0.142761

seq-01/frame-000450.color.png 1.284823 -1.065181 -0.422022 0.946351 -0.121635 -0.260594 -0.147161

seq-01/frame-000451.color.png 1.286958 -1.063354 -0.403763 0.945873 -0.129052 -0.257573 -0.149218

seq-01/frame-000452.color.png 1.287474 -1.059620 -0.395040 0.945465 -0.132365 -0.257603 -0.148848

seq-01/frame-000453.color.png 1.292995 -1.059060 -0.374341 0.943598 -0.133894 -0.263490 -0.149022

seq-01/frame-000454.color.png 1.296798 -1.059819 -0.355521 0.942552 -0.132295 -0.267300 -0.150283

seq-01/frame-000455.color.png 1.299266 -1.049645 -0.340026 0.942522 -0.126501 -0.272241 -0.146544

seq-01/frame-000456.color.png 1.298169 -1.043098 -0.324774 0.943442 -0.122169 -0.270493 -0.147531

seq-01/frame-000457.color.png 1.295116 -1.039009 -0.310053 0.945047 -0.124356 -0.263357 -0.148341

seq-01/frame-000458.color.png 1.295967 -1.040346 -0.300612 0.944729 -0.125406 -0.263448 -0.149315

seq-01/frame-000459.color.png 1.292738 -1.035392 -0.284751 0.945706 -0.127943 -0.259025 -0.148715

seq-01/frame-000460.color.png 1.291978 -1.031673 -0.266424 0.945136 -0.129836 -0.261020 -0.147201

seq-01/frame-000461.color.png 1.288169 -1.032230 -0.249699 0.945517 -0.129499 -0.259302 -0.148086

seq-01/frame-000462.color.png 1.286989 -1.018786 -0.232628 0.946840 -0.124383 -0.258931 -0.144631

seq-01/frame-000463.color.png 1.286304 -1.018461 -0.209674 0.945694 -0.121913 -0.265443 -0.142405

seq-01/frame-000464.color.png 1.287489 -1.013376 -0.183877 0.942192 -0.116240 -0.280816 -0.140869

seq-01/frame-000465.color.png 1.283909 -1.007661 -0.174035 0.940755 -0.113056 -0.285237 -0.144143

seq-01/frame-000466.color.png 1.267185 -0.992493 -0.159309 0.943567 -0.106439 -0.278221 -0.144514

seq-01/frame-000467.color.png 1.263276 -0.983320 -0.131370 0.942703 -0.108546 -0.282871 -0.139473

seq-01/frame-000468.color.png 1.252030 -0.971981 -0.107730 0.943329 -0.107523 -0.281762 -0.138268

seq-01/frame-000469.color.png 1.242877 -0.961364 -0.083459 0.944867 -0.108839 -0.278190 -0.133899

seq-01/frame-000470.color.png 1.239590 -0.956918 -0.071624 0.945283 -0.110376 -0.277564 -0.130972

seq-01/frame-000471.color.png 1.230954 -0.950843 -0.046240 0.944980 -0.112641 -0.280322 -0.125235

seq-01/frame-000472.color.png 1.221595 -0.938108 -0.026496 0.945337 -0.113156 -0.280342 -0.121984

seq-01/frame-000473.color.png 1.212020 -0.935111 -0.006238 0.946137 -0.116648 -0.276969 -0.120182

seq-01/frame-000474.color.png 1.205728 -0.930425 0.002286 0.947085 -0.116973 -0.274261 -0.118600

seq-01/frame-000475.color.png 1.198578 -0.928131 0.021917 0.946577 -0.119541 -0.276582 -0.114638

seq-01/frame-000476.color.png 1.191115 -0.920054 0.035192 0.947630 -0.116928 -0.274592 -0.113411

seq-01/frame-000477.color.png 1.188908 -0.920286 0.043486 0.948201 -0.117864 -0.272748 -0.112116

seq-01/frame-000478.color.png 1.183332 -0.913999 0.057679 0.949131 -0.116260 -0.272319 -0.106838

seq-01/frame-000479.color.png 1.179767 -0.910572 0.072555 0.948156 -0.117782 -0.276682 -0.102535

seq-01/frame-000480.color.png 1.179545 -0.907283 0.087274 0.946080 -0.118392 -0.284618 -0.099229

seq-01/frame-000481.color.png 1.177946 -0.903640 0.094631 0.945174 -0.117868 -0.287802 -0.099304

seq-01/frame-000482.color.png 1.176864 -0.900223 0.109535 0.944692 -0.118789 -0.290712 -0.094182

seq-01/frame-000483.color.png 1.176243 -0.896489 0.125481 0.941730 -0.121620 -0.299567 -0.092465

seq-01/frame-000484.color.png 1.176803 -0.890101 0.132578 0.941870 -0.121390 -0.300287 -0.088941

seq-01/frame-000485.color.png 1.176019 -0.888063 0.150652 0.939170 -0.125031 -0.307073 -0.089274

seq-01/frame-000486.color.png 1.175905 -0.883983 0.168239 0.937879 -0.129022 -0.309600 -0.088439

seq-01/frame-000487.color.png 1.177026 -0.885576 0.178031 0.936254 -0.129655 -0.314166 -0.088624

seq-01/frame-000488.color.png 1.179990 -0.880226 0.196521 0.934127 -0.124969 -0.322306 -0.088573

seq-01/frame-000489.color.png 1.185069 -0.880033 0.215192 0.932069 -0.120545 -0.329598 -0.089537

seq-01/frame-000490.color.png 1.185645 -0.878057 0.222531 0.931947 -0.119635 -0.330491 -0.088733

seq-01/frame-000491.color.png 1.191157 -0.877598 0.241392 0.929482 -0.114692 -0.338530 -0.090787

seq-01/frame-000492.color.png 1.195897 -0.879009 0.259452 0.927598 -0.112424 -0.344051 -0.092124

seq-01/frame-000493.color.png 1.201652 -0.876821 0.277244 0.924741 -0.110211 -0.353208 -0.088813

seq-01/frame-000494.color.png 1.204933 -0.876865 0.287173 0.923294 -0.110590 -0.357213 -0.087359

seq-01/frame-000495.color.png 1.208101 -0.874479 0.303232 0.921481 -0.110196 -0.362026 -0.087185

seq-01/frame-000496.color.png 1.213886 -0.873428 0.323080 0.918352 -0.112761 -0.370054 -0.083123

seq-01/frame-000497.color.png 1.214697 -0.870002 0.330682 0.917280 -0.113912 -0.372194 -0.083836

seq-01/frame-000498.color.png 1.220026 -0.870575 0.349502 0.914110 -0.115498 -0.379102 -0.085314

seq-01/frame-000499.color.png 1.223794 -0.866993 0.365635 0.909185 -0.115635 -0.390472 -0.086470

seq-01/frame-000500.color.png 1.224190 -0.865533 0.381484 0.907447 -0.115951 -0.394752 -0.084854

seq-01/frame-000501.color.png 1.226258 -0.865689 0.390653 0.904213 -0.115908 -0.402040 -0.085213

seq-01/frame-000502.color.png 1.228869 -0.866276 0.406658 0.899280 -0.110962 -0.414279 -0.085378

seq-01/frame-000503.color.png 1.234929 -0.869838 0.428727 0.892368 -0.106553 -0.431162 -0.079737

seq-01/frame-000504.color.png 1.234564 -0.868655 0.441755 0.887210 -0.100857 -0.443777 -0.075364

seq-01/frame-000505.color.png 1.233002 -0.868986 0.447976 0.884580 -0.099053 -0.449434 -0.075153

seq-01/frame-000506.color.png 1.232278 -0.870383 0.463167 0.879730 -0.095626 -0.459819 -0.073683

seq-01/frame-000507.color.png 1.232925 -0.868339 0.478176 0.873614 -0.088442 -0.473226 -0.070459

seq-01/frame-000508.color.png 1.228483 -0.865586 0.487941 0.869918 -0.084044 -0.480894 -0.069646

seq-01/frame-000509.color.png 1.226647 -0.869059 0.504636 0.866756 -0.082060 -0.486835 -0.070161

seq-01/frame-000510.color.png 1.225881 -0.869750 0.511894 0.864739 -0.079935 -0.490872 -0.069370

seq-01/frame-000511.color.png 1.222519 -0.870071 0.527873 0.860109 -0.079010 -0.499667 -0.065049

seq-01/frame-000512.color.png 1.217078 -0.866743 0.540826 0.857449 -0.075360 -0.505018 -0.063150

seq-01/frame-000513.color.png 1.211040 -0.867207 0.554914 0.854676 -0.072636 -0.509806 -0.065420

seq-01/frame-000514.color.png 1.203712 -0.867403 0.570258 0.854012 -0.071334 -0.510815 -0.067616

seq-01/frame-000515.color.png 1.195272 -0.868308 0.582970 0.852760 -0.067801 -0.512890 -0.071237

seq-01/frame-000516.color.png 1.191103 -0.869681 0.591305 0.852421 -0.067572 -0.513317 -0.072432

seq-01/frame-000517.color.png 1.181593 -0.873519 0.608020 0.850076 -0.067046 -0.517088 -0.073643

seq-01/frame-000518.color.png 1.172059 -0.876024 0.624689 0.847451 -0.067418 -0.521033 -0.075713

seq-01/frame-000519.color.png 1.163759 -0.880952 0.643819 0.843782 -0.067978 -0.526951 -0.075236

seq-01/frame-000520.color.png 1.155490 -0.878919 0.657361 0.838717 -0.066114 -0.535427 -0.073669

seq-01/frame-000521.color.png 1.151345 -0.877120 0.664733 0.838281 -0.065044 -0.535990 -0.075469

seq-01/frame-000522.color.png 1.143812 -0.880393 0.678660 0.837065 -0.063399 -0.537933 -0.076534

seq-01/frame-000523.color.png 1.136823 -0.882534 0.696617 0.830177 -0.063946 -0.548673 -0.074839

seq-01/frame-000524.color.png 1.128639 -0.881722 0.708464 0.828548 -0.061590 -0.551249 -0.075924

seq-01/frame-000525.color.png 1.121978 -0.882391 0.720570 0.822590 -0.062132 -0.560001 -0.076219

seq-01/frame-000526.color.png 1.118598 -0.882791 0.726240 0.820812 -0.062797 -0.562389 -0.077242

seq-01/frame-000527.color.png 1.111223 -0.892450 0.738514 0.815544 -0.068068 -0.569585 -0.075834

seq-01/frame-000528.color.png 1.106635 -0.887636 0.749912 0.807158 -0.066616 -0.581674 -0.075073

seq-01/frame-000529.color.png 1.100304 -0.891341 0.758464 0.803257 -0.069064 -0.586550 -0.076741

seq-01/frame-000530.color.png 1.095582 -0.890969 0.768593 0.795756 -0.069273 -0.596670 -0.076676

seq-01/frame-000531.color.png 1.090890 -0.889394 0.777900 0.789015 -0.067987 -0.605445 -0.078671

seq-01/frame-000532.color.png 1.088598 -0.888442 0.780036 0.784851 -0.066250 -0.610779 -0.080556

seq-01/frame-000533.color.png 1.084378 -0.884859 0.787000 0.777453 -0.063153 -0.619861 -0.085258

seq-01/frame-000534.color.png 1.081747 -0.883955 0.795488 0.773619 -0.062033 -0.624996 -0.083458

seq-01/frame-000535.color.png 1.080436 -0.879526 0.802501 0.769159 -0.062161 -0.630687 -0.081741

seq-01/frame-000536.color.png 1.078919 -0.878687 0.808673 0.774572 -0.063658 -0.623286 -0.086136

seq-01/frame-000537.color.png 1.077620 -0.877061 0.815427 0.779633 -0.068397 -0.616735 -0.083966

seq-01/frame-000538.color.png 1.074078 -0.885122 0.829718 0.783137 -0.080304 -0.610995 -0.082776

seq-01/frame-000539.color.png 1.071162 -0.872384 0.819902 0.794658 -0.083248 -0.595356 -0.084022

seq-01/frame-000540.color.png 1.063578 -0.885821 0.831977 0.800936 -0.097417 -0.584427 -0.085889

seq-01/frame-000541.color.png 1.059948 -0.882364 0.829163 0.803852 -0.098193 -0.580259 -0.086029

seq-01/frame-000542.color.png 1.050695 -0.880778 0.827650 0.810156 -0.100731 -0.570655 -0.088178

seq-01/frame-000543.color.png 1.037860 -0.880366 0.826747 0.817034 -0.103588 -0.560111 -0.089011

seq-01/frame-000544.color.png 1.023200 -0.883047 0.823503 0.824126 -0.101921 -0.549885 -0.089320

seq-01/frame-000545.color.png 1.008054 -0.882809 0.820213 0.826572 -0.100735 -0.546736 -0.087370

seq-01/frame-000546.color.png 0.991645 -0.884729 0.817985 0.831252 -0.099326 -0.539789 -0.087778

seq-01/frame-000547.color.png 0.983334 -0.881438 0.812734 0.833746 -0.097817 -0.536280 -0.087329

seq-01/frame-000548.color.png 0.964865 -0.882643 0.810420 0.838052 -0.098142 -0.529364 -0.087946

seq-01/frame-000549.color.png 0.945907 -0.881560 0.803098 0.841804 -0.099210 -0.522813 -0.090068

seq-01/frame-000550.color.png 0.936884 -0.882459 0.801750 0.844753 -0.101138 -0.517554 -0.090688

seq-01/frame-000551.color.png 0.920232 -0.882570 0.798318 0.847568 -0.102353 -0.511973 -0.094655

seq-01/frame-000552.color.png 0.902620 -0.884080 0.790074 0.852825 -0.103060 -0.502261 -0.098620

seq-01/frame-000553.color.png 0.895416 -0.883412 0.787776 0.855313 -0.102845 -0.498035 -0.098732

seq-01/frame-000554.color.png 0.882135 -0.883373 0.780989 0.859829 -0.100541 -0.490581 -0.099197

seq-01/frame-000555.color.png 0.876424 -0.884046 0.779073 0.861479 -0.101576 -0.487802 -0.097518

seq-01/frame-000556.color.png 0.865254 -0.880390 0.773010 0.865096 -0.100667 -0.482259 -0.093942

seq-01/frame-000557.color.png 0.854765 -0.876237 0.764378 0.870429 -0.100557 -0.471989 -0.096913

seq-01/frame-000558.color.png 0.851096 -0.877737 0.764455 0.873025 -0.103297 -0.466975 -0.094955

seq-01/frame-000559.color.png 0.844301 -0.875292 0.758581 0.876374 -0.102835 -0.461637 -0.090605

seq-01/frame-000560.color.png 0.840837 -0.872626 0.754845 0.880066 -0.102764 -0.455020 -0.088345

seq-01/frame-000561.color.png 0.835094 -0.870388 0.750126 0.887215 -0.104563 -0.441136 -0.085088

seq-01/frame-000562.color.png 0.830195 -0.870241 0.744486 0.891229 -0.104829 -0.432621 -0.086523

seq-01/frame-000563.color.png 0.829086 -0.868669 0.743420 0.893467 -0.103562 -0.429011 -0.082860

seq-01/frame-000564.color.png 0.822429 -0.868569 0.734802 0.895110 -0.101463 -0.426337 -0.081520

seq-01/frame-000565.color.png 0.818190 -0.865899 0.729642 0.898817 -0.100081 -0.418780 -0.081612

seq-01/frame-000566.color.png 0.811697 -0.868401 0.725150 0.901690 -0.101461 -0.412455 -0.080418

seq-01/frame-000567.color.png 0.807043 -0.866362 0.719993 0.902398 -0.100494 -0.411179 -0.080233

seq-01/frame-000568.color.png 0.795774 -0.866686 0.710859 0.906771 -0.099738 -0.401350 -0.081629

seq-01/frame-000569.color.png 0.784441 -0.866230 0.701141 0.909038 -0.100313 -0.396943 -0.077137

seq-01/frame-000570.color.png 0.778350 -0.865377 0.694659 0.910722 -0.099330 -0.393371 -0.076843

seq-01/frame-000571.color.png 0.767517 -0.864148 0.683908 0.915106 -0.100211 -0.383324 -0.074343

seq-01/frame-000572.color.png 0.761000 -0.864964 0.678100 0.915717 -0.100996 -0.381672 -0.074262

seq-01/frame-000573.color.png 0.748256 -0.861399 0.663792 0.921450 -0.099382 -0.367898 -0.075035

seq-01/frame-000574.color.png 0.743089 -0.861984 0.658852 0.923742 -0.100599 -0.361986 -0.073986

seq-01/frame-000575.color.png 0.729730 -0.863377 0.647932 0.926768 -0.103711 -0.353883 -0.070991

seq-01/frame-000576.color.png 0.723116 -0.862445 0.641686 0.928983 -0.103646 -0.348588 -0.068273

seq-01/frame-000577.color.png 0.709561 -0.867461 0.635692 0.929699 -0.107676 -0.346032 -0.065232

seq-01/frame-000578.color.png 0.701575 -0.863903 0.629974 0.930767 -0.106844 -0.343356 -0.065507

seq-01/frame-000579.color.png 0.684869 -0.868248 0.624545 0.932988 -0.112058 -0.335090 -0.067962

seq-01/frame-000580.color.png 0.676287 -0.866748 0.621563 0.933198 -0.112275 -0.333907 -0.070496

seq-01/frame-000581.color.png 0.657823 -0.865323 0.616644 0.935703 -0.115190 -0.324858 -0.074733

seq-01/frame-000582.color.png 0.649723 -0.867958 0.617609 0.935849 -0.118365 -0.323300 -0.074708

seq-01/frame-000583.color.png 0.640707 -0.866713 0.616546 0.935201 -0.120238 -0.324304 -0.075472

seq-01/frame-000584.color.png 0.620960 -0.864455 0.614390 0.937852 -0.124315 -0.314028 -0.079326

seq-01/frame-000585.color.png 0.612371 -0.863820 0.614193 0.938418 -0.125975 -0.311472 -0.080083

seq-01/frame-000586.color.png 0.593944 -0.861811 0.614394 0.940581 -0.128493 -0.303639 -0.080797

seq-01/frame-000587.color.png 0.584186 -0.861866 0.615508 0.941746 -0.131595 -0.298628 -0.080909

seq-01/frame-000588.color.png 0.563034 -0.862921 0.616318 0.944003 -0.134489 -0.289426 -0.083255

seq-01/frame-000589.color.png 0.552892 -0.863903 0.617362 0.945659 -0.135888 -0.282873 -0.084690

seq-01/frame-000590.color.png 0.533661 -0.864420 0.620792 0.947385 -0.138623 -0.275670 -0.084723

seq-01/frame-000591.color.png 0.523064 -0.864299 0.621544 0.948552 -0.140933 -0.270572 -0.084291

seq-01/frame-000592.color.png 0.513637 -0.863784 0.622864 0.949980 -0.143837 -0.264606 -0.082224

seq-01/frame-000593.color.png 0.495509 -0.863407 0.625368 0.951724 -0.147578 -0.256825 -0.080062

seq-01/frame-000594.color.png 0.486294 -0.862634 0.626227 0.952846 -0.149259 -0.252225 -0.078208

seq-01/frame-000595.color.png 0.469052 -0.861288 0.627565 0.954695 -0.152189 -0.243690 -0.077060

seq-01/frame-000596.color.png 0.460971 -0.861148 0.627825 0.955651 -0.153700 -0.239076 -0.076670

seq-01/frame-000597.color.png 0.444891 -0.860436 0.628709 0.957380 -0.157641 -0.230266 -0.074008

seq-01/frame-000598.color.png 0.437072 -0.859185 0.627996 0.958174 -0.158786 -0.225764 -0.075149

seq-01/frame-000599.color.png 0.421827 -0.858923 0.628358 0.959968 -0.162526 -0.214981 -0.075878

seq-01/frame-000600.color.png 0.417031 -0.858058 0.628220 0.960354 -0.163459 -0.212718 -0.075367

seq-01/frame-000601.color.png 0.410153 -0.856996 0.627762 0.961243 -0.164700 -0.207812 -0.075018

seq-01/frame-000602.color.png 0.396512 -0.858495 0.628004 0.961878 -0.169791 -0.199887 -0.077032

seq-01/frame-000603.color.png 0.391668 -0.857380 0.627756 0.962430 -0.169422 -0.197768 -0.076413

seq-01/frame-000604.color.png 0.379211 -0.857302 0.627439 0.962189 -0.172663 -0.195683 -0.077559

seq-01/frame-000605.color.png 0.373399 -0.856590 0.627193 0.962792 -0.172803 -0.192932 -0.076651

seq-01/frame-000606.color.png 0.365744 -0.856294 0.626679 0.962999 -0.174005 -0.190393 -0.077673

seq-01/frame-000607.color.png 0.352834 -0.855623 0.625393 0.964031 -0.173907 -0.184381 -0.079574

seq-01/frame-000608.color.png 0.346450 -0.855996 0.625156 0.964291 -0.175225 -0.181808 -0.079446

seq-01/frame-000609.color.png 0.334868 -0.855513 0.623864 0.965034 -0.175160 -0.179360 -0.076066

seq-01/frame-000610.color.png 0.328333 -0.855466 0.622665 0.964957 -0.175759 -0.178631 -0.077366

seq-01/frame-000611.color.png 0.322409 -0.854189 0.621223 0.965893 -0.174487 -0.174538 -0.077894

seq-01/frame-000612.color.png 0.308095 -0.854111 0.619450 0.967131 -0.176128 -0.165232 -0.079134

seq-01/frame-000613.color.png 0.301475 -0.852675 0.617633 0.968189 -0.176407 -0.159116 -0.078098

seq-01/frame-000614.color.png 0.294322 -0.851160 0.616069 0.969413 -0.177030 -0.151730 -0.076177

seq-01/frame-000615.color.png 0.280591 -0.848993 0.613463 0.970540 -0.179417 -0.143845 -0.071398

seq-01/frame-000616.color.png 0.271783 -0.847779 0.611483 0.971606 -0.179463 -0.136961 -0.070304

seq-01/frame-000617.color.png 0.263766 -0.848867 0.610244 0.972661 -0.180518 -0.127853 -0.070171

seq-01/frame-000618.color.png 0.247603 -0.849154 0.607866 0.974614 -0.179593 -0.116110 -0.065726

seq-01/frame-000619.color.png 0.238791 -0.850952 0.606830 0.975190 -0.181102 -0.109394 -0.064553

seq-01/frame-000620.color.png 0.229533 -0.852568 0.606338 0.976185 -0.182079 -0.099345 -0.062994

seq-01/frame-000621.color.png 0.214408 -0.856396 0.605297 0.976530 -0.184866 -0.091039 -0.062062

seq-01/frame-000622.color.png 0.205801 -0.857538 0.604070 0.977143 -0.184734 -0.085401 -0.060818

seq-01/frame-000623.color.png 0.195895 -0.859241 0.604379 0.977383 -0.186653 -0.076632 -0.062747

seq-01/frame-000624.color.png 0.190066 -0.861894 0.603683 0.977564 -0.186999 -0.073008 -0.063229

seq-01/frame-000625.color.png 0.175423 -0.864938 0.603429 0.978319 -0.186199 -0.068164 -0.059179

seq-01/frame-000626.color.png 0.169567 -0.866138 0.603050 0.978615 -0.186188 -0.064313 -0.058630

seq-01/frame-000627.color.png 0.155658 -0.868966 0.605040 0.979114 -0.187279 -0.055093 -0.056158

seq-01/frame-000628.color.png 0.148572 -0.870450 0.605790 0.979634 -0.185794 -0.051193 -0.055712

seq-01/frame-000629.color.png 0.141787 -0.872591 0.608235 0.980197 -0.185443 -0.044220 -0.052887

seq-01/frame-000630.color.png 0.135702 -0.873870 0.610317 0.980755 -0.185116 -0.037691 -0.048559

seq-01/frame-000631.color.png 0.121356 -0.876102 0.617305 0.981248 -0.184774 -0.027791 -0.046543

seq-01/frame-000632.color.png 0.111616 -0.877845 0.621152 0.981344 -0.185541 -0.018011 -0.046274

seq-01/frame-000633.color.png 0.104797 -0.877864 0.625375 0.981525 -0.185632 -0.008885 -0.044686

seq-01/frame-000634.color.png 0.098114 -0.877843 0.629899 0.981528 -0.185692 -0.004841 -0.044994

seq-01/frame-000635.color.png 0.086331 -0.880821 0.639829 0.981171 -0.187959 0.012399 -0.041795

seq-01/frame-000636.color.png 0.081394 -0.880833 0.642753 0.981581 -0.186109 0.017895 -0.038326

seq-01/frame-000637.color.png 0.076573 -0.881548 0.646246 0.982471 -0.182315 0.018425 -0.033142

seq-01/frame-000638.color.png 0.069710 -0.884400 0.651846 0.982729 -0.181530 0.019448 -0.028952

seq-01/frame-000639.color.png 0.064744 -0.886697 0.656262 0.982684 -0.181551 0.025311 -0.025633

seq-01/frame-000640.color.png 0.053752 -0.887525 0.663992 0.982911 -0.177324 0.046058 -0.015706

seq-01/frame-000641.color.png 0.047889 -0.887944 0.666826 0.982764 -0.176079 0.053902 -0.013850

seq-01/frame-000642.color.png 0.041924 -0.887771 0.669813 0.982519 -0.173886 0.064857 -0.011846

seq-01/frame-000643.color.png 0.034588 -0.888692 0.673296 0.981882 -0.173143 0.075740 -0.010914

seq-01/frame-000644.color.png 0.028812 -0.888183 0.675627 0.981375 -0.173133 0.082337 -0.008587

seq-01/frame-000645.color.png 0.024954 -0.888682 0.678178 0.981044 -0.172631 0.087472 -0.005131

seq-01/frame-000646.color.png 0.011331 -0.890535 0.683367 0.978901 -0.173697 0.107233 -0.003012

seq-01/frame-000647.color.png 0.009098 -0.890443 0.684582 0.978066 -0.173191 0.115368 -0.002813

seq-01/frame-000648.color.png 0.004946 -0.891850 0.685969 0.977176 -0.171789 0.124665 -0.000191

seq-01/frame-000649.color.png -0.002133 -0.892262 0.687448 0.976234 -0.170504 0.133477 0.002160

seq-01/frame-000650.color.png -0.006606 -0.891736 0.687685 0.975709 -0.168922 0.139157 0.004306

seq-01/frame-000651.color.png -0.011486 -0.893365 0.689433 0.974968 -0.168315 0.144859 0.006902

seq-01/frame-000652.color.png -0.025060 -0.894003 0.691488 0.972539 -0.167727 0.160977 0.006820

seq-01/frame-000653.color.png -0.032666 -0.894588 0.692516 0.971314 -0.165991 0.169995 0.004719

seq-01/frame-000654.color.png -0.038506 -0.896080 0.693038 0.969629 -0.164510 0.180766 0.002150

seq-01/frame-000655.color.png -0.047332 -0.894406 0.692218 0.968133 -0.160815 0.191781 -0.000451

seq-01/frame-000656.color.png -0.055758 -0.892233 0.690651 0.967377 -0.156775 0.198790 -0.003001

seq-01/frame-000657.color.png -0.062352 -0.891507 0.689040 0.967445 -0.152900 0.201461 -0.003132

seq-01/frame-000658.color.png -0.075617 -0.893142 0.686829 0.966198 -0.145906 0.212346 -0.002237

seq-01/frame-000659.color.png -0.080139 -0.895696 0.684871 0.965342 -0.142528 0.218429 -0.003635

seq-01/frame-000660.color.png -0.087361 -0.896711 0.683062 0.963701 -0.138999 0.227759 -0.002917

seq-01/frame-000661.color.png -0.095053 -0.891815 0.678363 0.962835 -0.132816 0.234998 -0.002961

seq-01/frame-000662.color.png -0.100656 -0.896129 0.676957 0.961425 -0.129974 0.242245 -0.003007

seq-01/frame-000663.color.png -0.107840 -0.898806 0.676136 0.958434 -0.129536 0.254061 0.000069

seq-01/frame-000664.color.png -0.125444 -0.889525 0.667597 0.956568 -0.124214 0.263561 0.002684

seq-01/frame-000665.color.png -0.131529 -0.894265 0.667801 0.954504 -0.123827 0.271112 0.002917

seq-01/frame-000666.color.png -0.141176 -0.896137 0.668760 0.950826 -0.125970 0.282810 0.001506

seq-01/frame-000667.color.png -0.151229 -0.886025 0.664589 0.949101 -0.124935 0.288999 0.000556

seq-01/frame-000668.color.png -0.161437 -0.878192 0.661155 0.949788 -0.120858 0.288465 0.002514

seq-01/frame-000669.color.png -0.165701 -0.881598 0.662562 0.949508 -0.122200 0.288774 0.005678

seq-01/frame-000670.color.png -0.171908 -0.882020 0.663049 0.948159 -0.123487 0.292595 0.007376

seq-01/frame-000671.color.png -0.181318 -0.874730 0.661632 0.947788 -0.119430 0.295396 0.009848

seq-01/frame-000672.color.png -0.197208 -0.874813 0.665027 0.946115 -0.123079 0.299021 0.015041

seq-01/frame-000673.color.png -0.207732 -0.870014 0.665116 0.946268 -0.122380 0.298857 0.014321

seq-01/frame-000674.color.png -0.212175 -0.872449 0.667007 0.946441 -0.123768 0.297845 0.011834

seq-01/frame-000675.color.png -0.217817 -0.876554 0.669835 0.945227 -0.126118 0.300752 0.010417

seq-01/frame-000676.color.png -0.227688 -0.870751 0.668679 0.945412 -0.123454 0.301363 0.007512

seq-01/frame-000677.color.png -0.237689 -0.879940 0.674547 0.945059 -0.123145 0.302686 -0.000787

seq-01/frame-000678.color.png -0.241906 -0.881194 0.676063 0.943748 -0.121564 0.307330 -0.005586

seq-01/frame-000679.color.png -0.246654 -0.878717 0.676521 0.943676 -0.116030 0.309590 -0.009328

seq-01/frame-000680.color.png -0.253878 -0.883716 0.680625 0.943204 -0.113782 0.311666 -0.014320

seq-01/frame-000681.color.png -0.257354 -0.892182 0.684345 0.941706 -0.112878 0.316336 -0.017305

seq-01/frame-000682.color.png -0.264872 -0.889424 0.685839 0.940524 -0.106440 0.321950 -0.018791

seq-01/frame-000683.color.png -0.272208 -0.901894 0.694342 0.938132 -0.098889 0.330889 -0.023688

seq-01/frame-000684.color.png -0.278105 -0.899486 0.695823 0.937772 -0.091241 0.334323 -0.020160

seq-01/frame-000685.color.png -0.280648 -0.902961 0.699672 0.938194 -0.086651 0.334473 -0.018183

seq-01/frame-000686.color.png -0.287554 -0.907468 0.705643 0.937915 -0.085556 0.335551 -0.017896

seq-01/frame-000687.color.png -0.289441 -0.908850 0.709507 0.937708 -0.082252 0.337077 -0.015402

seq-01/frame-000688.color.png -0.294695 -0.908568 0.720165 0.936624 -0.077423 0.341352 -0.011807

seq-01/frame-000689.color.png -0.300129 -0.908501 0.726366 0.935964 -0.077716 0.343068 -0.012462

seq-01/frame-000690.color.png -0.301576 -0.909045 0.731937 0.935026 -0.077320 0.345834 -0.008070

seq-01/frame-000691.color.png -0.304986 -0.904248 0.737516 0.934448 -0.076209 0.347705 -0.004475

seq-01/frame-000692.color.png -0.304544 -0.903561 0.742589 0.934775 -0.077869 0.346483 -0.000815

seq-01/frame-000693.color.png -0.303778 -0.905005 0.754864 0.932646 -0.078881 0.351898 0.005903

seq-01/frame-000694.color.png -0.305055 -0.899840 0.759456 0.932047 -0.076952 0.353845 0.008950

seq-01/frame-000695.color.png -0.301965 -0.902982 0.763976 0.931266 -0.076761 0.355732 0.014984

seq-01/frame-000696.color.png -0.302376 -0.898878 0.769841 0.929629 -0.074440 0.360172 0.021041

seq-01/frame-000697.color.png -0.304087 -0.897068 0.775095 0.928274 -0.075162 0.363230 0.025297

seq-01/frame-000698.color.png -0.304909 -0.891778 0.778781 0.927488 -0.073168 0.365018 0.033046

seq-01/frame-000699.color.png -0.303573 -0.888081 0.788701 0.925929 -0.070368 0.368612 0.041782

seq-01/frame-000700.color.png -0.303871 -0.888002 0.794595 0.924045 -0.071734 0.372717 0.044655

seq-01/frame-000701.color.png -0.305515 -0.883812 0.799522 0.922139 -0.071740 0.376860 0.049058

seq-01/frame-000702.color.png -0.310150 -0.874577 0.804599 0.921599 -0.069866 0.378189 0.051620

seq-01/frame-000703.color.png -0.309433 -0.872417 0.810070 0.922161 -0.070436 0.376402 0.053814

seq-01/frame-000704.color.png -0.314823 -0.872165 0.817982 0.921391 -0.073211 0.377588 0.054981

seq-01/frame-000705.color.png -0.318732 -0.864300 0.828818 0.918992 -0.072486 0.382672 0.060652

seq-01/frame-000706.color.png -0.317492 -0.863611 0.832673 0.919058 -0.074150 0.381481 0.064978

seq-01/frame-000707.color.png -0.317657 -0.862200 0.836705 0.918774 -0.074344 0.381192 0.070253

seq-01/frame-000708.color.png -0.320080 -0.859714 0.841578 0.918402 -0.074696 0.381820 0.071333

seq-01/frame-000709.color.png -0.325602 -0.856638 0.851141 0.914358 -0.074842 0.390939 0.073688

seq-01/frame-000710.color.png -0.331044 -0.849485 0.853582 0.913980 -0.073991 0.391644 0.075472

seq-01/frame-000711.color.png -0.332384 -0.847785 0.857041 0.914100 -0.073631 0.391668 0.074239

seq-01/frame-000712.color.png -0.337733 -0.846374 0.861766 0.912896 -0.078047 0.394042 0.071936

seq-01/frame-000713.color.png -0.345616 -0.831912 0.863016 0.913954 -0.075596 0.391326 0.075846

seq-01/frame-000714.color.png -0.349591 -0.833081 0.865362 0.915383 -0.076080 0.387950 0.075476

seq-01/frame-000715.color.png -0.355807 -0.831252 0.868362 0.915129 -0.076479 0.388530 0.075162

seq-01/frame-000716.color.png -0.360241 -0.826773 0.869554 0.914924 -0.075881 0.388941 0.076140

seq-01/frame-000717.color.png -0.368949 -0.823571 0.873969 0.914264 -0.075300 0.390788 0.075180

seq-01/frame-000718.color.png -0.373808 -0.818369 0.875849 0.913452 -0.073398 0.393079 0.074980

seq-01/frame-000719.color.png -0.376974 -0.817552 0.878497 0.912746 -0.075486 0.394361 0.074774

seq-01/frame-000720.color.png -0.380679 -0.813082 0.881359 0.911049 -0.077053 0.397034 0.079572

seq-01/frame-000721.color.png -0.388216 -0.801783 0.887184 0.912013 -0.079567 0.392891 0.086327

seq-01/frame-000722.color.png -0.389589 -0.801789 0.892027 0.911618 -0.083614 0.394011 0.081430

seq-01/frame-000723.color.png -0.394632 -0.799863 0.898704 0.909934 -0.084819 0.399564 0.071339

seq-01/frame-000724.color.png -0.404334 -0.797278 0.909824 0.906294 -0.085230 0.409694 0.058578

seq-01/frame-000725.color.png -0.408029 -0.795409 0.914787 0.904955 -0.082133 0.413600 0.056203

seq-01/frame-000726.color.png -0.411091 -0.793696 0.920059 0.903769 -0.082869 0.415860 0.057520

seq-01/frame-000727.color.png -0.412960 -0.785021 0.927370 0.906257 -0.086355 0.408564 0.065043

seq-01/frame-000728.color.png -0.411763 -0.786419 0.932312 0.907449 -0.088381 0.405024 0.067782

seq-01/frame-000729.color.png -0.413249 -0.790195 0.939800 0.906973 -0.094366 0.404531 0.069015

seq-01/frame-000730.color.png -0.415276 -0.786225 0.951383 0.907963 -0.095381 0.401015 0.074877

seq-01/frame-000731.color.png -0.417632 -0.790993 0.960820 0.907639 -0.101021 0.400294 0.075256

seq-01/frame-000732.color.png -0.419424 -0.789231 0.967264 0.907132 -0.102495 0.400894 0.076182

seq-01/frame-000733.color.png -0.421506 -0.786855 0.974535 0.907950 -0.099560 0.399786 0.076154

seq-01/frame-000734.color.png -0.426250 -0.787803 0.990499 0.908861 -0.102641 0.397007 0.075738

seq-01/frame-000735.color.png -0.427804 -0.788978 0.998948 0.909773 -0.104036 0.394767 0.074572

seq-01/frame-000736.color.png -0.429754 -0.789319 1.007572 0.910003 -0.107611 0.393492 0.073427

seq-01/frame-000737.color.png -0.432589 -0.786960 1.023458 0.913337 -0.113268 0.384400 0.071655

seq-01/frame-000738.color.png -0.432593 -0.787941 1.031112 0.913886 -0.118089 0.381783 0.070871

seq-01/frame-000739.color.png -0.434980 -0.784559 1.045587 0.915318 -0.121772 0.377804 0.067395

seq-01/frame-000740.color.png -0.435945 -0.783519 1.053027 0.915967 -0.123789 0.375806 0.066057

seq-01/frame-000741.color.png -0.436285 -0.781939 1.059885 0.917382 -0.124449 0.372258 0.065260

seq-01/frame-000742.color.png -0.437880 -0.783211 1.076417 0.918100 -0.134960 0.367425 0.061556

seq-01/frame-000743.color.png -0.437701 -0.779653 1.081918 0.919517 -0.134525 0.364311 0.059843

seq-01/frame-000744.color.png -0.436954 -0.780124 1.089712 0.920460 -0.136910 0.361378 0.057685

seq-01/frame-000745.color.png -0.437474 -0.779286 1.104151 0.920594 -0.145943 0.357829 0.055491

seq-01/frame-000746.color.png -0.435695 -0.778252 1.110518 0.921098 -0.148340 0.355867 0.053336

seq-01/frame-000747.color.png -0.436018 -0.777663 1.117574 0.920613 -0.153502 0.355312 0.050741

seq-01/frame-000748.color.png -0.435157 -0.774446 1.130569 0.919848 -0.161091 0.354442 0.047045

seq-01/frame-000749.color.png -0.435312 -0.770903 1.136216 0.920311 -0.163551 0.352269 0.045812

seq-01/frame-000750.color.png -0.433494 -0.771675 1.142891 0.920839 -0.168109 0.348969 0.043918

seq-01/frame-000751.color.png -0.432448 -0.767850 1.154427 0.920960 -0.176192 0.345078 0.040289

seq-01/frame-000752.color.png -0.431521 -0.767973 1.160708 0.920758 -0.180041 0.343991 0.037050

seq-01/frame-000753.color.png -0.430428 -0.763658 1.171075 0.920365 -0.187577 0.341316 0.034029

seq-01/frame-000754.color.png -0.429005 -0.763706 1.176670 0.920888 -0.189708 0.338966 0.031465

seq-01/frame-000755.color.png -0.427348 -0.764706 1.182218 0.920612 -0.192069 0.338528 0.029886

seq-01/frame-000756.color.png -0.426427 -0.762182 1.191368 0.921637 -0.195762 0.333853 0.026776

seq-01/frame-000757.color.png -0.425155 -0.763346 1.197181 0.921398 -0.198402 0.333236 0.023008

seq-01/frame-000758.color.png -0.423851 -0.758545 1.206194 0.921958 -0.197764 0.332500 0.015451

seq-01/frame-000759.color.png -0.421430 -0.758452 1.211563 0.922673 -0.197788 0.330683 0.010777

seq-01/frame-000760.color.png -0.418969 -0.760278 1.218199 0.921869 -0.202577 0.330114 0.007515

seq-01/frame-000761.color.png -0.415346 -0.756498 1.227447 0.922613 -0.205928 0.325952 0.006812

seq-01/frame-000762.color.png -0.411965 -0.758812 1.233561 0.921602 -0.210104 0.326153 0.006546

seq-01/frame-000763.color.png -0.408434 -0.754338 1.239757 0.921310 -0.213496 0.324682 0.010089

seq-01/frame-000764.color.png -0.406083 -0.754184 1.242568 0.921502 -0.213882 0.323804 0.012299

seq-01/frame-000765.color.png -0.402045 -0.752794 1.246361 0.921770 -0.215687 0.321635 0.016786

seq-01/frame-000766.color.png -0.400836 -0.751682 1.247404 0.922730 -0.214491 0.319575 0.018614

seq-01/frame-000767.color.png -0.397932 -0.752446 1.248642 0.923093 -0.215551 0.317651 0.021140

seq-01/frame-000768.color.png -0.393727 -0.748976 1.249269 0.924815 -0.219264 0.309378 0.028933

seq-01/frame-000769.color.png -0.392467 -0.747065 1.249281 0.925737 -0.218970 0.306381 0.033245

seq-01/frame-000770.color.png -0.388562 -0.747504 1.248480 0.928957 -0.220020 0.294720 0.041009

seq-01/frame-000771.color.png -0.387485 -0.747903 1.247226 0.930738 -0.218161 0.290406 0.041336

seq-01/frame-000772.color.png -0.385852 -0.750094 1.247103 0.931714 -0.217417 0.288160 0.038927

seq-01/frame-000773.color.png -0.382076 -0.749682 1.244213 0.932541 -0.218533 0.285029 0.035788

seq-01/frame-000774.color.png -0.379015 -0.750654 1.242519 0.933358 -0.217948 0.282732 0.036289

seq-01/frame-000775.color.png -0.374912 -0.753700 1.241935 0.933087 -0.219145 0.282462 0.038086

seq-01/frame-000776.color.png -0.373364 -0.749710 1.239355 0.933738 -0.215676 0.282228 0.043323

seq-01/frame-000777.color.png -0.370102 -0.751689 1.241137 0.933969 -0.215279 0.281587 0.044465

seq-01/frame-000778.color.png -0.369044 -0.750993 1.243297 0.933869 -0.215665 0.281484 0.045331

seq-01/frame-000779.color.png -0.366570 -0.750914 1.249061 0.934539 -0.212510 0.282353 0.040796

seq-01/frame-000780.color.png -0.363234 -0.751149 1.252817 0.933791 -0.212191 0.285341 0.038752

seq-01/frame-000781.color.png -0.362551 -0.749753 1.256706 0.932751 -0.214674 0.286899 0.038619

seq-01/frame-000782.color.png -0.361547 -0.746995 1.264680 0.933253 -0.213220 0.286031 0.040911

seq-01/frame-000783.color.png -0.360745 -0.748201 1.271034 0.931900 -0.217132 0.287751 0.039088

seq-01/frame-000784.color.png -0.362174 -0.744912 1.274320 0.931528 -0.216285 0.289817 0.037348

seq-01/frame-000785.color.png -0.357924 -0.746252 1.283570 0.930816 -0.215344 0.292722 0.037851

seq-01/frame-000786.color.png -0.360009 -0.740380 1.286870 0.930673 -0.216148 0.292356 0.039583

seq-01/frame-000787.color.png -0.359931 -0.739364 1.292456 0.932028 -0.215752 0.288589 0.037456

seq-01/frame-000788.color.png -0.355070 -0.741076 1.308141 0.929095 -0.220865 0.294782 0.031862

seq-01/frame-000789.color.png -0.355177 -0.736086 1.313014 0.928637 -0.221203 0.295842 0.033017

seq-01/frame-000790.color.png -0.353099 -0.735574 1.319976 0.927993 -0.224002 0.295519 0.035101

seq-01/frame-000791.color.png -0.350856 -0.731149 1.331425 0.926066 -0.227653 0.298453 0.037579

seq-01/frame-000792.color.png -0.349697 -0.728708 1.336386 0.925315 -0.229440 0.299076 0.040180

seq-01/frame-000793.color.png -0.350500 -0.724712 1.341115 0.924936 -0.232010 0.298110 0.041311

seq-01/frame-000794.color.png -0.349699 -0.723441 1.352586 0.923077 -0.238277 0.299389 0.037810

seq-01/frame-000795.color.png -0.350321 -0.719476 1.355992 0.922509 -0.239074 0.300580 0.037171

seq-01/frame-000796.color.png -0.350780 -0.718007 1.360102 0.922659 -0.239655 0.299805 0.035960

seq-01/frame-000797.color.png -0.350539 -0.715981 1.369316 0.921377 -0.242860 0.301581 0.032279

seq-01/frame-000798.color.png -0.351252 -0.713486 1.371944 0.921534 -0.242766 0.301139 0.032634

seq-01/frame-000799.color.png -0.350761 -0.713921 1.376377 0.921450 -0.244456 0.300041 0.032502

seq-01/frame-000800.color.png -0.350703 -0.711918 1.384377 0.920484 -0.246520 0.301556 0.030174

seq-01/frame-000801.color.png -0.351245 -0.709520 1.387369 0.920348 -0.246555 0.301929 0.030295

seq-01/frame-000802.color.png -0.350665 -0.709968 1.391148 0.920440 -0.246822 0.301532 0.029260

seq-01/frame-000803.color.png -0.351319 -0.708545 1.397837 0.919457 -0.249146 0.302623 0.029219

seq-01/frame-000804.color.png -0.349711 -0.709961 1.401319 0.919220 -0.249211 0.303334 0.028762

seq-01/frame-000805.color.png -0.349284 -0.709190 1.403990 0.918705 -0.249093 0.304840 0.030269

seq-01/frame-000806.color.png -0.349781 -0.709102 1.409749 0.918531 -0.249105 0.305361 0.030181

seq-01/frame-000807.color.png -0.349302 -0.709988 1.412610 0.918073 -0.248995 0.306952 0.028848

seq-01/frame-000808.color.png -0.348950 -0.710190 1.417598 0.916349 -0.249822 0.311693 0.025483

seq-01/frame-000809.color.png -0.347537 -0.711209 1.419792 0.915155 -0.250383 0.314854 0.023994

seq-01/frame-000810.color.png -0.346978 -0.710673 1.421162 0.913962 -0.249833 0.318730 0.024006

seq-01/frame-000811.color.png -0.347603 -0.710765 1.423214 0.913155 -0.248678 0.322241 0.019403

seq-01/frame-000812.color.png -0.346963 -0.711104 1.423460 0.911965 -0.248097 0.326119 0.017963

seq-01/frame-000813.color.png -0.348324 -0.708545 1.421411 0.912303 -0.244840 0.327682 0.016995

seq-01/frame-000814.color.png -0.347251 -0.712684 1.419075 0.912817 -0.242730 0.327807 0.017239

seq-01/frame-000815.color.png -0.349013 -0.713612 1.416083 0.913793 -0.239341 0.327488 0.018927

seq-01/frame-000816.color.png -0.348456 -0.717932 1.413625 0.914614 -0.236205 0.327389 0.020306

seq-01/frame-000817.color.png -0.350472 -0.720493 1.403663 0.916013 -0.227360 0.329618 0.022056

seq-01/frame-000818.color.png -0.352218 -0.723093 1.399314 0.916714 -0.223646 0.330258 0.021346

seq-01/frame-000819.color.png -0.353129 -0.723629 1.393757 0.918122 -0.217435 0.330523 0.020879

seq-01/frame-000820.color.png -0.356983 -0.728991 1.384649 0.919460 -0.213119 0.329875 0.016230

seq-01/frame-000821.color.png -0.358432 -0.729164 1.379822 0.919432 -0.208828 0.332865 0.012005

seq-01/frame-000822.color.png -0.357948 -0.733091 1.375519 0.918157 -0.210564 0.335357 0.009657

seq-01/frame-000823.color.png -0.361985 -0.734478 1.364996 0.916918 -0.212055 0.337876 0.006470

seq-01/frame-000824.color.png -0.362829 -0.736896 1.360604 0.915260 -0.213093 0.341747 0.002694

seq-01/frame-000825.color.png -0.360646 -0.742303 1.357713 0.911197 -0.220966 0.347564 0.000147

seq-01/frame-000826.color.png -0.362955 -0.739449 1.344360 0.904209 -0.226714 0.361804 0.003229

seq-01/frame-000827.color.png -0.361006 -0.743320 1.340587 0.902224 -0.231816 0.363473 0.006855

seq-01/frame-000828.color.png -0.358100 -0.748987 1.337897 0.896744 -0.240923 0.370972 0.009521

seq-01/frame-000829.color.png -0.362757 -0.742039 1.325212 0.891106 -0.236594 0.386625 0.019467

seq-01/frame-000830.color.png -0.364180 -0.740536 1.321364 0.889672 -0.236089 0.390047 0.022639

seq-01/frame-000831.color.png -0.367951 -0.739574 1.315705 0.885425 -0.237582 0.398783 0.021293

seq-01/frame-000832.color.png -0.367374 -0.740891 1.313837 0.881723 -0.238975 0.406225 0.018454

seq-01/frame-000833.color.png -0.368405 -0.736746 1.307906 0.878510 -0.238126 0.413436 0.022122

seq-01/frame-000834.color.png -0.368242 -0.737732 1.303556 0.877432 -0.244126 0.412080 0.024667

seq-01/frame-000835.color.png -0.369230 -0.736223 1.300235 0.872059 -0.248103 0.420874 0.026932

seq-01/frame-000836.color.png -0.373715 -0.728759 1.290111 0.869291 -0.245004 0.427786 0.034739

seq-01/frame-000837.color.png -0.372975 -0.730135 1.286941 0.869445 -0.245788 0.427038 0.034536

seq-01/frame-000838.color.png -0.374049 -0.729792 1.285200 0.866730 -0.246902 0.432061 0.032280

seq-01/frame-000839.color.png -0.374551 -0.724054 1.274869 0.864874 -0.246588 0.436074 0.030459

seq-01/frame-000840.color.png -0.372754 -0.721592 1.268577 0.864423 -0.246299 0.437087 0.031079

seq-01/frame-000841.color.png -0.371934 -0.720094 1.263850 0.864101 -0.247264 0.437099 0.032159

seq-01/frame-000842.color.png -0.368732 -0.717512 1.253913 0.862237 -0.248504 0.439900 0.034358

seq-01/frame-000843.color.png -0.367840 -0.715600 1.247818 0.861408 -0.249200 0.440954 0.036550

seq-01/frame-000844.color.png -0.363397 -0.713339 1.237143 0.859438 -0.249040 0.444615 0.039536

seq-01/frame-000845.color.png -0.361506 -0.712331 1.231108 0.859272 -0.248713 0.445065 0.040118

seq-01/frame-000846.color.png -0.360103 -0.711692 1.226061 0.858687 -0.248616 0.446080 0.041945

seq-01/frame-000847.color.png -0.357064 -0.708642 1.216139 0.857537 -0.251440 0.446337 0.045722

seq-01/frame-000848.color.png -0.353194 -0.708141 1.210547 0.855640 -0.253687 0.448512 0.047526

seq-01/frame-000849.color.png -0.351458 -0.706479 1.204354 0.854972 -0.253170 0.449861 0.049515

seq-01/frame-000850.color.png -0.346292 -0.704555 1.191902 0.853753 -0.253425 0.451417 0.054805

seq-01/frame-000851.color.png -0.343386 -0.703614 1.185317 0.853762 -0.253409 0.451420 0.054700

seq-01/frame-000852.color.png -0.339833 -0.700343 1.173790 0.851486 -0.253123 0.455785 0.055297

seq-01/frame-000853.color.png -0.335986 -0.697828 1.166167 0.851118 -0.252598 0.456524 0.057235

seq-01/frame-000854.color.png -0.333154 -0.698121 1.161006 0.851418 -0.252994 0.455329 0.060455

seq-01/frame-000855.color.png -0.332094 -0.697222 1.155776 0.850564 -0.253751 0.456361 0.061502

seq-01/frame-000856.color.png -0.327233 -0.692133 1.142301 0.849179 -0.253710 0.458263 0.066469

seq-01/frame-000857.color.png -0.325753 -0.692450 1.138768 0.849112 -0.254979 0.457215 0.069610

seq-01/frame-000858.color.png -0.325406 -0.690438 1.133319 0.848687 -0.254900 0.457933 0.070362

seq-01/frame-000859.color.png -0.322984 -0.687090 1.124658 0.847099 -0.255983 0.460016 0.071957

seq-01/frame-000860.color.png -0.324001 -0.685606 1.122047 0.846812 -0.256797 0.460155 0.071543

seq-01/frame-000861.color.png -0.323686 -0.683876 1.118071 0.846123 -0.257083 0.461283 0.071403

seq-01/frame-000862.color.png -0.323464 -0.682073 1.114325 0.845047 -0.257525 0.462967 0.071651

seq-01/frame-000863.color.png -0.323366 -0.679066 1.107345 0.844925 -0.257622 0.462174 0.077606

seq-01/frame-000864.color.png -0.323076 -0.678734 1.103662 0.845550 -0.257298 0.461042 0.078604

seq-01/frame-000865.color.png -0.324201 -0.677716 1.100964 0.844729 -0.256349 0.463249 0.077555

seq-01/frame-000866.color.png -0.323527 -0.675360 1.096009 0.843795 -0.255456 0.465189 0.079031

seq-01/frame-000867.color.png -0.323640 -0.672619 1.088560 0.844067 -0.256271 0.463960 0.080700

seq-01/frame-000868.color.png -0.324384 -0.670372 1.085452 0.842525 -0.256673 0.466786 0.079225

seq-01/frame-000869.color.png -0.323496 -0.667655 1.080160 0.841486 -0.256374 0.468867 0.078946

seq-01/frame-000870.color.png -0.322514 -0.665918 1.075251 0.841694 -0.256760 0.467718 0.082216

seq-01/frame-000871.color.png -0.323861 -0.663352 1.068667 0.841191 -0.258324 0.467215 0.085270

seq-01/frame-000872.color.png -0.323313 -0.662992 1.064980 0.840568 -0.258934 0.467682 0.086979

seq-01/frame-000873.color.png -0.323499 -0.661972 1.059705 0.841196 -0.258951 0.466371 0.087893

seq-01/frame-000874.color.png -0.324604 -0.661354 1.055573 0.841347 -0.258954 0.466145 0.087636

seq-01/frame-000875.color.png -0.325342 -0.660748 1.051538 0.841570 -0.257554 0.466818 0.086027

seq-01/frame-000876.color.png -0.327348 -0.658895 1.043134 0.840207 -0.256200 0.470637 0.082514

seq-01/frame-000877.color.png -0.327503 -0.658345 1.037214 0.840895 -0.255867 0.469571 0.082615

seq-01/frame-000878.color.png -0.326697 -0.659194 1.032760 0.841955 -0.255828 0.467799 0.081989

seq-01/frame-000879.color.png -0.327415 -0.657455 1.026151 0.841935 -0.255031 0.468488 0.080732

seq-01/frame-000880.color.png -0.327807 -0.656940 1.015970 0.844218 -0.251088 0.466570 0.080358

seq-01/frame-000881.color.png -0.327510 -0.655232 1.009147 0.843979 -0.250935 0.467159 0.079917

seq-01/frame-000882.color.png -0.327232 -0.655859 1.004019 0.844272 -0.249941 0.466910 0.081382

seq-01/frame-000883.color.png -0.325755 -0.657205 0.997705 0.845638 -0.247906 0.465066 0.083937

seq-01/frame-000884.color.png -0.326704 -0.655185 0.991861 0.846680 -0.246893 0.463531 0.084908

seq-01/frame-000885.color.png -0.325644 -0.657224 0.980995 0.848980 -0.243568 0.460652 0.087187

seq-01/frame-000886.color.png -0.326545 -0.654032 0.972492 0.850149 -0.241727 0.459816 0.085310

seq-01/frame-000887.color.png -0.325627 -0.654603 0.966569 0.849969 -0.243752 0.458970 0.085891

seq-01/frame-000888.color.png -0.326523 -0.654287 0.961207 0.851280 -0.241511 0.457522 0.086959

seq-01/frame-000889.color.png -0.326745 -0.651908 0.952978 0.852816 -0.240540 0.455672 0.084274

seq-01/frame-000890.color.png -0.328107 -0.649238 0.943457 0.851563 -0.242579 0.455670 0.090856

seq-01/frame-000891.color.png -0.327052 -0.647312 0.932861 0.854803 -0.241275 0.449665 0.093765

seq-01/frame-000892.color.png -0.327245 -0.644682 0.926362 0.854500 -0.241272 0.450086 0.094519

seq-01/frame-000893.color.png -0.328443 -0.642968 0.922714 0.852723 -0.242811 0.452322 0.095940

seq-01/frame-000894.color.png -0.328352 -0.643255 0.918250 0.852471 -0.243453 0.451625 0.099756

seq-01/frame-000895.color.png -0.332209 -0.636793 0.906456 0.851671 -0.242980 0.452850 0.102158

seq-01/frame-000896.color.png -0.332256 -0.637164 0.904144 0.849312 -0.245891 0.454845 0.105903

seq-01/frame-000897.color.png -0.332271 -0.638202 0.898975 0.848861 -0.245964 0.454613 0.110254

seq-01/frame-000898.color.png -0.333948 -0.636428 0.894629 0.847737 -0.243908 0.456874 0.114055

seq-01/frame-000899.color.png -0.337475 -0.634629 0.886639 0.844033 -0.246347 0.461544 0.117430

seq-01/frame-000900.color.png -0.340221 -0.635523 0.886051 0.841782 -0.245321 0.465823 0.118824

seq-01/frame-000901.color.png -0.343920 -0.633108 0.880976 0.840123 -0.242474 0.470322 0.118692

seq-01/frame-000902.color.png -0.348583 -0.629707 0.877825 0.837220 -0.243352 0.475452 0.116949

seq-01/frame-000903.color.png -0.351049 -0.632273 0.875917 0.834980 -0.244269 0.478322 0.119322

seq-01/frame-000904.color.png -0.361002 -0.629693 0.869877 0.832270 -0.240549 0.484388 0.121331

seq-01/frame-000905.color.png -0.364649 -0.630533 0.867270 0.830467 -0.243741 0.485473 0.122962

seq-01/frame-000906.color.png -0.370096 -0.631934 0.865807 0.829919 -0.242951 0.486443 0.124382

seq-01/frame-000907.color.png -0.374897 -0.631355 0.860842 0.829341 -0.240656 0.488622 0.124157

seq-01/frame-000908.color.png -0.380533 -0.630324 0.858880 0.827079 -0.241216 0.492231 0.123903

seq-01/frame-000909.color.png -0.390040 -0.631683 0.852744 0.825705 -0.238693 0.496017 0.122850

seq-01/frame-000910.color.png -0.395600 -0.630059 0.849944 0.823109 -0.236775 0.501547 0.121516

seq-01/frame-000911.color.png -0.400617 -0.628633 0.845780 0.821477 -0.237054 0.503810 0.122649

seq-01/frame-000912.color.png -0.405648 -0.629428 0.841550 0.821679 -0.237105 0.502446 0.126724

seq-01/frame-000913.color.png -0.408709 -0.630973 0.839805 0.822438 -0.235923 0.501244 0.128750

seq-01/frame-000914.color.png -0.418679 -0.626947 0.831033 0.819707 -0.234372 0.506238 0.129455

seq-01/frame-000915.color.png -0.422011 -0.627722 0.827094 0.819639 -0.233821 0.505707 0.132913

seq-01/frame-000916.color.png -0.424474 -0.628314 0.822003 0.820578 -0.233719 0.503742 0.134747

seq-01/frame-000917.color.png -0.427856 -0.626860 0.817511 0.820159 -0.233348 0.504928 0.133497

seq-01/frame-000918.color.png -0.433444 -0.629975 0.809119 0.819038 -0.234833 0.506504 0.131793

seq-01/frame-000919.color.png -0.436674 -0.631249 0.807671 0.819479 -0.233290 0.506215 0.132898

seq-01/frame-000920.color.png -0.440003 -0.631188 0.803616 0.820178 -0.233376 0.504909 0.133396

seq-01/frame-000921.color.png -0.443733 -0.631000 0.799429 0.820579 -0.233858 0.503918 0.133837

seq-01/frame-000922.color.png -0.448754 -0.636999 0.791997 0.822263 -0.231994 0.499711 0.142252

seq-01/frame-000923.color.png -0.449785 -0.637612 0.786289 0.824687 -0.230290 0.495686 0.145043

seq-01/frame-000924.color.png -0.452927 -0.637673 0.780011 0.826681 -0.229186 0.492497 0.146302

seq-01/frame-000925.color.png -0.451843 -0.639069 0.773198 0.828313 -0.229491 0.489141 0.147846

seq-01/frame-000926.color.png -0.457795 -0.638220 0.764410 0.831270 -0.226951 0.484150 0.151550

seq-01/frame-000927.color.png -0.458238 -0.638528 0.759404 0.833786 -0.227161 0.479190 0.153170

seq-01/frame-000928.color.png -0.458314 -0.638253 0.752399 0.836168 -0.227676 0.474382 0.154380

seq-01/frame-000929.color.png -0.458390 -0.639416 0.747656 0.837198 -0.228320 0.471959 0.155274

seq-01/frame-000930.color.png -0.462027 -0.636339 0.735942 0.840158 -0.229443 0.466570 0.153909

seq-01/frame-000931.color.png -0.461589 -0.638369 0.730832 0.840779 -0.230576 0.464707 0.154463

seq-01/frame-000932.color.png -0.463367 -0.637323 0.724751 0.842659 -0.229217 0.462346 0.153320

seq-01/frame-000933.color.png -0.465569 -0.637786 0.712095 0.845326 -0.230597 0.456597 0.153802

seq-01/frame-000934.color.png -0.466755 -0.637464 0.704922 0.848064 -0.229426 0.452377 0.152947

seq-01/frame-000935.color.png -0.466907 -0.636911 0.697609 0.849952 -0.229415 0.448949 0.152585

seq-01/frame-000936.color.png -0.469073 -0.637683 0.692137 0.850828 -0.230766 0.446647 0.152421

seq-01/frame-000937.color.png -0.473756 -0.635845 0.681707 0.855196 -0.231961 0.438655 0.149341

seq-01/frame-000938.color.png -0.474072 -0.634178 0.674570 0.857099 -0.234882 0.434229 0.146775

seq-01/frame-000939.color.png -0.474328 -0.634971 0.670809 0.858426 -0.236369 0.431125 0.145784

seq-01/frame-000940.color.png -0.475535 -0.632317 0.663985 0.860224 -0.237823 0.427209 0.144337

seq-01/frame-000941.color.png -0.473531 -0.630938 0.654510 0.861523 -0.246211 0.420468 0.142309

seq-01/frame-000942.color.png -0.474309 -0.631088 0.650067 0.862969 -0.246432 0.417225 0.142708

seq-01/frame-000943.color.png -0.474550 -0.628450 0.644168 0.864700 -0.246927 0.413401 0.142504

seq-01/frame-000944.color.png -0.473744 -0.629120 0.638755 0.865850 -0.249548 0.409770 0.141440

seq-01/frame-000945.color.png -0.474147 -0.627885 0.628838 0.868394 -0.249515 0.405400 0.138460

seq-01/frame-000946.color.png -0.475397 -0.626636 0.623594 0.869813 -0.250228 0.402924 0.135465

seq-01/frame-000947.color.png -0.475995 -0.626908 0.619477 0.871448 -0.251388 0.399263 0.133635

seq-01/frame-000948.color.png -0.478330 -0.625449 0.608353 0.875885 -0.250543 0.390271 0.132772

seq-01/frame-000949.color.png -0.478259 -0.623695 0.603811 0.877761 -0.252329 0.385416 0.131181

seq-01/frame-000950.color.png -0.476936 -0.624910 0.597806 0.879230 -0.255329 0.380096 0.131055

seq-01/frame-000951.color.png -0.476496 -0.625480 0.592028 0.881107 -0.255320 0.375590 0.131460

seq-01/frame-000952.color.png -0.473974 -0.624777 0.574382 0.885844 -0.254175 0.365100 0.131399

seq-01/frame-000953.color.png -0.474882 -0.623426 0.568672 0.886906 -0.254443 0.363351 0.128530

seq-01/frame-000954.color.png -0.473723 -0.626979 0.563708 0.888137 -0.254930 0.360376 0.127441

seq-01/frame-000955.color.png -0.475854 -0.624982 0.557627 0.890715 -0.251514 0.357324 0.124802

seq-01/frame-000956.color.png -0.478707 -0.620820 0.552544 0.892463 -0.251106 0.354717 0.120496

seq-01/frame-000957.color.png -0.480692 -0.620776 0.542395 0.895245 -0.252889 0.347824 0.116152

seq-01/frame-000958.color.png -0.481768 -0.619337 0.538322 0.896953 -0.253521 0.343018 0.115889

seq-01/frame-000959.color.png -0.481889 -0.618738 0.534741 0.898815 -0.254635 0.337400 0.115509

seq-01/frame-000960.color.png -0.481353 -0.620286 0.530912 0.900591 -0.255863 0.331646 0.115623

seq-01/frame-000961.color.png -0.483207 -0.616915 0.523206 0.903810 -0.253260 0.325715 0.113076

seq-01/frame-000962.color.png -0.483296 -0.620493 0.520942 0.904162 -0.256243 0.322196 0.113620

seq-01/frame-000963.color.png -0.482999 -0.622628 0.519213 0.906246 -0.255152 0.317047 0.113959

seq-01/frame-000964.color.png -0.482089 -0.621608 0.514986 0.907907 -0.253675 0.314659 0.110605

seq-01/frame-000965.color.png -0.481222 -0.623432 0.510149 0.909287 -0.253409 0.312396 0.106205

seq-01/frame-000966.color.png -0.480385 -0.623952 0.506612 0.910693 -0.251703 0.309973 0.105307

seq-01/frame-000967.color.png -0.480829 -0.622328 0.503631 0.911736 -0.250307 0.308114 0.105065

seq-01/frame-000968.color.png -0.475996 -0.624439 0.499547 0.913913 -0.251218 0.300775 0.105247

seq-01/frame-000969.color.png -0.475480 -0.621848 0.495738 0.914878 -0.249456 0.299527 0.104611

seq-01/frame-000970.color.png -0.472078 -0.621049 0.493267 0.915085 -0.250220 0.299033 0.102363

seq-01/frame-000971.color.png -0.464815 -0.620974 0.486984 0.915679 -0.250319 0.297773 0.100464

seq-01/frame-000972.color.png -0.462721 -0.618880 0.484033 0.916201 -0.249127 0.297194 0.100380

seq-01/frame-000973.color.png -0.458629 -0.615504 0.480728 0.917041 -0.249425 0.294055 0.101211

seq-01/frame-000974.color.png -0.447784 -0.614585 0.475046 0.917082 -0.252001 0.291014 0.103229

seq-01/frame-000975.color.png -0.444536 -0.610937 0.472355 0.917525 -0.252696 0.290179 0.099891

seq-01/frame-000976.color.png -0.439409 -0.609298 0.469164 0.917479 -0.256333 0.287798 0.097914

seq-01/frame-000977.color.png -0.433704 -0.611627 0.467261 0.917866 -0.259921 0.283576 0.097142

seq-01/frame-000978.color.png -0.420091 -0.610212 0.459043 0.920235 -0.262986 0.276095 0.087554

seq-01/frame-000979.color.png -0.415082 -0.611393 0.457565 0.920393 -0.264816 0.274880 0.084140

seq-01/frame-000980.color.png -0.407681 -0.614328 0.452828 0.921941 -0.264455 0.270153 0.083636

seq-01/frame-000981.color.png -0.402880 -0.611632 0.447773 0.924242 -0.261911 0.264884 0.083095

seq-01/frame-000982.color.png -0.396396 -0.610148 0.443959 0.925613 -0.263458 0.259123 0.081090

seq-01/frame-000983.color.png -0.384064 -0.613533 0.438545 0.928052 -0.265850 0.248270 0.079335

seq-01/frame-000984.color.png -0.378552 -0.611077 0.434037 0.929371 -0.267194 0.242889 0.075972

seq-01/frame-000985.color.png -0.372252 -0.615088 0.430859 0.930229 -0.270939 0.235663 0.074960

seq-01/frame-000986.color.png -0.365896 -0.616807 0.428345 0.931927 -0.269747 0.231073 0.072408

seq-01/frame-000987.color.png -0.360260 -0.615607 0.424477 0.932827 -0.269192 0.229351 0.068246

seq-01/frame-000988.color.png -0.348192 -0.618918 0.417706 0.935610 -0.268201 0.219321 0.067003

seq-01/frame-000989.color.png -0.344597 -0.616700 0.414672 0.937071 -0.266841 0.215599 0.064038

seq-01/frame-000990.color.png -0.338787 -0.616111 0.412429 0.937360 -0.268753 0.212937 0.060623

seq-01/frame-000991.color.png -0.335762 -0.619416 0.411382 0.937835 -0.269490 0.210090 0.059932

seq-01/frame-000992.color.png -0.332902 -0.619336 0.409144 0.939852 -0.267017 0.204884 0.057376

seq-01/frame-000993.color.png -0.328857 -0.619527 0.406423 0.941322 -0.265778 0.200529 0.054343

seq-01/frame-000994.color.png -0.325428 -0.621770 0.404781 0.942351 -0.264410 0.197978 0.052506

seq-01/frame-000995.color.png -0.320190 -0.623920 0.400744 0.945420 -0.261198 0.187221 0.052858

seq-01/frame-000996.color.png -0.320322 -0.625072 0.399276 0.946984 -0.259200 0.182581 0.050888

seq-01/frame-000997.color.png -0.316754 -0.626038 0.397315 0.948262 -0.257488 0.179041 0.048311

seq-01/frame-000998.color.png -0.314182 -0.627241 0.394784 0.949195 -0.255473 0.177589 0.045977

seq-01/frame-000999.color.png -0.304556 -0.628503 0.387360 0.952096 -0.251316 0.168620 0.042544

