seq-06/frame-000000.color.png 0.082576 -0.589407 -1.464431 0.995522 -0.039418 -0.083636 0.019263

seq-06/frame-000001.color.png 0.088640 -0.589283 -1.457957 0.995437 -0.039536 -0.084965 0.017480

seq-06/frame-000002.color.png 0.090392 -0.589409 -1.456174 0.995453 -0.040269 -0.084665 0.016313

seq-06/frame-000003.color.png 0.093376 -0.585447 -1.452604 0.995380 -0.039685 -0.085583 0.017408

seq-06/frame-000004.color.png 0.096675 -0.583890 -1.449524 0.995227 -0.040880 -0.086824 0.017226

seq-06/frame-000005.color.png 0.097988 -0.583552 -1.445968 0.995128 -0.042228 -0.087607 0.015623

seq-06/frame-000006.color.png 0.104217 -0.584201 -1.441244 0.994972 -0.042698 -0.089107 0.015844

seq-06/frame-000007.color.png 0.105298 -0.584830 -1.438754 0.994812 -0.043924 -0.090307 0.015704

seq-06/frame-000008.color.png 0.106529 -0.581141 -1.435212 0.994853 -0.045731 -0.089412 0.012829

seq-06/frame-000009.color.png 0.106369 -0.582561 -1.433479 0.994897 -0.046811 -0.088424 0.012373

seq-06/frame-000010.color.png 0.109407 -0.580090 -1.431039 0.994750 -0.047207 -0.089735 0.013186

seq-06/frame-000011.color.png 0.111863 -0.582161 -1.423555 0.994515 -0.049326 -0.091138 0.013548

seq-06/frame-000012.color.png 0.113395 -0.576290 -1.420667 0.994441 -0.049489 -0.091782 0.013996

seq-06/frame-000013.color.png 0.111999 -0.579788 -1.412681 0.994222 -0.052446 -0.092489 0.014111

seq-06/frame-000014.color.png 0.112661 -0.583516 -1.407755 0.994149 -0.052864 -0.092967 0.014590

seq-06/frame-000015.color.png 0.113046 -0.581819 -1.398575 0.994144 -0.052532 -0.093282 0.014116

seq-06/frame-000016.color.png 0.112427 -0.580584 -1.393733 0.994201 -0.052536 -0.092808 0.013137

seq-06/frame-000017.color.png 0.098970 -0.582466 -1.386643 0.994431 -0.053202 -0.089816 0.013802

seq-06/frame-000018.color.png 0.099959 -0.581117 -1.378993 0.994438 -0.051971 -0.090500 0.013541

seq-06/frame-000019.color.png 0.096486 -0.582648 -1.365395 0.994647 -0.051721 -0.088472 0.012511

seq-06/frame-000020.color.png 0.095105 -0.583125 -1.356216 0.994745 -0.051651 -0.087428 0.012383

seq-06/frame-000021.color.png 0.089162 -0.583689 -1.340351 0.994681 -0.052795 -0.087334 0.013250

seq-06/frame-000022.color.png 0.086695 -0.584371 -1.331227 0.994652 -0.053264 -0.087445 0.012888

seq-06/frame-000023.color.png 0.083818 -0.586006 -1.320869 0.994617 -0.054280 -0.087064 0.013864

seq-06/frame-000024.color.png 0.076907 -0.588386 -1.299968 0.994550 -0.056169 -0.086529 0.014473

seq-06/frame-000025.color.png 0.075086 -0.592881 -1.288194 0.994464 -0.057684 -0.086623 0.013867

seq-06/frame-000026.color.png 0.064765 -0.600821 -1.264755 0.994810 -0.055641 -0.084093 0.012941

seq-06/frame-000027.color.png 0.060485 -0.605479 -1.250547 0.994973 -0.053746 -0.083336 0.013246

seq-06/frame-000028.color.png 0.049735 -0.613049 -1.221984 0.995044 -0.053629 -0.082744 0.012040

seq-06/frame-000029.color.png 0.045745 -0.618776 -1.206411 0.995078 -0.053804 -0.082285 0.011601

seq-06/frame-000030.color.png 0.040244 -0.621526 -1.192534 0.995221 -0.052559 -0.081433 0.011054

seq-06/frame-000031.color.png 0.032582 -0.624103 -1.161580 0.995268 -0.050328 -0.082402 0.009993

seq-06/frame-000032.color.png 0.027071 -0.628909 -1.145641 0.995119 -0.051864 -0.083429 0.008257

seq-06/frame-000033.color.png 0.019511 -0.636734 -1.115619 0.995148 -0.051127 -0.083612 0.007431

seq-06/frame-000034.color.png 0.015599 -0.633009 -1.100511 0.995145 -0.049742 -0.084580 0.006262

seq-06/frame-000035.color.png 0.010478 -0.634747 -1.084621 0.994877 -0.051208 -0.086893 0.005317

seq-06/frame-000036.color.png 0.003282 -0.641306 -1.053600 0.994146 -0.055307 -0.092671 0.002756

seq-06/frame-000037.color.png -0.001723 -0.642564 -1.039058 0.994053 -0.056163 -0.093196 0.000071

seq-06/frame-000038.color.png -0.009740 -0.645303 -1.010795 0.993853 -0.058714 -0.093700 -0.002961

seq-06/frame-000039.color.png -0.011572 -0.647986 -0.995584 0.993478 -0.061685 -0.095761 -0.002672

seq-06/frame-000040.color.png -0.018352 -0.650959 -0.967841 0.992888 -0.062870 -0.100980 -0.001850

seq-06/frame-000041.color.png -0.019872 -0.650242 -0.953367 0.992504 -0.064570 -0.103639 -0.002520

seq-06/frame-000042.color.png -0.022229 -0.652540 -0.939180 0.992070 -0.068056 -0.105526 -0.003115

seq-06/frame-000043.color.png -0.024881 -0.656356 -0.924684 0.991727 -0.071280 -0.106583 -0.004004

seq-06/frame-000044.color.png -0.028781 -0.659329 -0.897629 0.991401 -0.072555 -0.108715 -0.004542

seq-06/frame-000045.color.png -0.029152 -0.661370 -0.883044 0.991171 -0.072291 -0.110979 -0.004190

seq-06/frame-000046.color.png -0.034086 -0.663043 -0.855905 0.990709 -0.075091 -0.113177 -0.005257

seq-06/frame-000047.color.png -0.034642 -0.665409 -0.842245 0.990422 -0.076061 -0.114994 -0.005841

seq-06/frame-000048.color.png -0.035993 -0.666828 -0.827661 0.990214 -0.077036 -0.116107 -0.006341

seq-06/frame-000049.color.png -0.038659 -0.675687 -0.799702 0.989737 -0.077794 -0.119684 -0.004854

seq-06/frame-000050.color.png -0.039716 -0.674738 -0.786960 0.989689 -0.076141 -0.121119 -0.005218

seq-06/frame-000051.color.png -0.040959 -0.677417 -0.771291 0.989452 -0.077839 -0.121883 -0.007047

seq-06/frame-000052.color.png -0.042023 -0.687086 -0.741618 0.989311 -0.077626 -0.123126 -0.007595

seq-06/frame-000053.color.png -0.043614 -0.689507 -0.727271 0.989349 -0.075157 -0.124453 -0.005482

seq-06/frame-000054.color.png -0.043422 -0.693634 -0.711418 0.989018 -0.074373 -0.127582 -0.003638

seq-06/frame-000055.color.png -0.046556 -0.698913 -0.679172 0.988141 -0.077815 -0.132215 -0.004589

seq-06/frame-000056.color.png -0.048191 -0.703643 -0.662787 0.987857 -0.078460 -0.133948 -0.004449

seq-06/frame-000057.color.png -0.049055 -0.704390 -0.646225 0.987613 -0.078106 -0.135949 -0.004036

seq-06/frame-000058.color.png -0.049901 -0.707726 -0.629847 0.987168 -0.079279 -0.138511 -0.002566

seq-06/frame-000059.color.png -0.052520 -0.711874 -0.597685 0.986367 -0.080858 -0.143220 -0.003001

seq-06/frame-000060.color.png -0.053526 -0.712277 -0.581944 0.986162 -0.081372 -0.144308 -0.004185

seq-06/frame-000061.color.png -0.054731 -0.712047 -0.565983 0.985913 -0.082888 -0.145113 -0.005117

seq-06/frame-000062.color.png -0.056996 -0.714959 -0.534163 0.985060 -0.087475 -0.148152 -0.005830

seq-06/frame-000063.color.png -0.057314 -0.714711 -0.518438 0.984702 -0.089494 -0.149319 -0.005836

seq-06/frame-000064.color.png -0.059287 -0.716190 -0.504260 0.984308 -0.092519 -0.150044 -0.006614

seq-06/frame-000065.color.png -0.063250 -0.719800 -0.475275 0.983797 -0.096922 -0.150495 -0.008936

seq-06/frame-000066.color.png -0.064901 -0.721654 -0.461166 0.983593 -0.097829 -0.151234 -0.009028

seq-06/frame-000067.color.png -0.067350 -0.721140 -0.447865 0.983329 -0.098150 -0.152724 -0.009192

seq-06/frame-000068.color.png -0.072311 -0.723548 -0.422156 0.982560 -0.099971 -0.156413 -0.009680

seq-06/frame-000069.color.png -0.076364 -0.725749 -0.408995 0.982388 -0.100543 -0.157178 -0.008847

seq-06/frame-000070.color.png -0.078097 -0.726542 -0.395481 0.982124 -0.100436 -0.158929 -0.008001

seq-06/frame-000071.color.png -0.086318 -0.729867 -0.369093 0.981667 -0.102930 -0.160091 -0.009160

seq-06/frame-000072.color.png -0.092450 -0.730492 -0.357682 0.981707 -0.103031 -0.159733 -0.009936

seq-06/frame-000073.color.png -0.095411 -0.731624 -0.344648 0.981643 -0.102893 -0.160202 -0.010096

seq-06/frame-000074.color.png -0.103049 -0.734378 -0.318233 0.981712 -0.103760 -0.159134 -0.011367

seq-06/frame-000075.color.png -0.106268 -0.737162 -0.305853 0.982002 -0.102871 -0.157888 -0.011723

seq-06/frame-000076.color.png -0.109391 -0.738124 -0.293294 0.982597 -0.099929 -0.156150 -0.010620

seq-06/frame-000077.color.png -0.113328 -0.741351 -0.266983 0.983107 -0.097629 -0.154514 -0.008474

seq-06/frame-000078.color.png -0.116976 -0.746785 -0.253372 0.983422 -0.098835 -0.151770 -0.007430

seq-06/frame-000079.color.png -0.120167 -0.749185 -0.241323 0.983913 -0.097722 -0.149320 -0.006863

seq-06/frame-000080.color.png -0.125114 -0.754179 -0.216675 0.984517 -0.091930 -0.149109 -0.004257

seq-06/frame-000081.color.png -0.127437 -0.756187 -0.203686 0.984699 -0.090352 -0.148835 -0.005461

seq-06/frame-000082.color.png -0.131375 -0.756800 -0.191426 0.984909 -0.090317 -0.147347 -0.007885

seq-06/frame-000083.color.png -0.137708 -0.758158 -0.167694 0.985419 -0.089938 -0.144092 -0.008705

seq-06/frame-000084.color.png -0.141360 -0.760789 -0.155127 0.985327 -0.090029 -0.144691 -0.008178

seq-06/frame-000085.color.png -0.143405 -0.761948 -0.143624 0.985073 -0.089466 -0.146783 -0.007630

seq-06/frame-000086.color.png -0.150820 -0.762156 -0.120175 0.985064 -0.086246 -0.148657 -0.009344

seq-06/frame-000087.color.png -0.153294 -0.762783 -0.108375 0.984842 -0.087439 -0.149460 -0.008825

seq-06/frame-000088.color.png -0.156633 -0.764843 -0.096729 0.984400 -0.089002 -0.151420 -0.009123

seq-06/frame-000089.color.png -0.164303 -0.767860 -0.073343 0.983839 -0.091641 -0.153109 -0.014017

seq-06/frame-000090.color.png -0.166249 -0.766689 -0.063370 0.983800 -0.091195 -0.153516 -0.015167

seq-06/frame-000091.color.png -0.167659 -0.767039 -0.052677 0.983518 -0.090705 -0.155834 -0.012568

seq-06/frame-000092.color.png -0.170501 -0.767280 -0.031083 0.982190 -0.092541 -0.162981 -0.012354

seq-06/frame-000093.color.png -0.173687 -0.768823 -0.020828 0.981897 -0.093988 -0.163630 -0.015648

seq-06/frame-000094.color.png -0.176614 -0.770231 -0.011073 0.982115 -0.093559 -0.162209 -0.019024

seq-06/frame-000095.color.png -0.176906 -0.768901 0.006165 0.982520 -0.088221 -0.162852 -0.018063

seq-06/frame-000096.color.png -0.177134 -0.769139 0.015484 0.982192 -0.086545 -0.165845 -0.016749

seq-06/frame-000097.color.png -0.178447 -0.770044 0.033897 0.981595 -0.086004 -0.169527 -0.017647

seq-06/frame-000098.color.png -0.179071 -0.770961 0.043321 0.981681 -0.083538 -0.170105 -0.019076

seq-06/frame-000099.color.png -0.176212 -0.769300 0.061825 0.981642 -0.080088 -0.171989 -0.018998

seq-06/frame-000100.color.png -0.176341 -0.769808 0.071901 0.981471 -0.079109 -0.173427 -0.018830

seq-06/frame-000101.color.png -0.175021 -0.768879 0.082215 0.981125 -0.079508 -0.175177 -0.018972

seq-06/frame-000102.color.png -0.174702 -0.770313 0.103701 0.981074 -0.080357 -0.174891 -0.020615

seq-06/frame-000103.color.png -0.174271 -0.771328 0.114569 0.981268 -0.079632 -0.173957 -0.022058

seq-06/frame-000104.color.png -0.172229 -0.769740 0.124712 0.981429 -0.077484 -0.174036 -0.021915

seq-06/frame-000105.color.png -0.171259 -0.770447 0.146333 0.981451 -0.074926 -0.174833 -0.023443

seq-06/frame-000106.color.png -0.169939 -0.770684 0.157131 0.981266 -0.074518 -0.175979 -0.023905

seq-06/frame-000107.color.png -0.169653 -0.771037 0.168911 0.981076 -0.075025 -0.176544 -0.025834

seq-06/frame-000108.color.png -0.169034 -0.770844 0.190758 0.981102 -0.073989 -0.176483 -0.028163

seq-06/frame-000109.color.png -0.167489 -0.770953 0.201928 0.980815 -0.072159 -0.178961 -0.027254

seq-06/frame-000110.color.png -0.167281 -0.771076 0.212684 0.980390 -0.070691 -0.181752 -0.027917

seq-06/frame-000111.color.png -0.169529 -0.769912 0.234541 0.980183 -0.065484 -0.183847 -0.033593

seq-06/frame-000112.color.png -0.168769 -0.769416 0.245424 0.979700 -0.063913 -0.186842 -0.034177

seq-06/frame-000113.color.png -0.168918 -0.769122 0.255457 0.979077 -0.063649 -0.190322 -0.033302

seq-06/frame-000114.color.png -0.170956 -0.769513 0.276302 0.977678 -0.065684 -0.196454 -0.034806

seq-06/frame-000115.color.png -0.173376 -0.769579 0.286611 0.977064 -0.065442 -0.199235 -0.036647

seq-06/frame-000116.color.png -0.174696 -0.768209 0.296237 0.976507 -0.064898 -0.201916 -0.037770

seq-06/frame-000117.color.png -0.178096 -0.768730 0.316151 0.975397 -0.066666 -0.206656 -0.037749

seq-06/frame-000118.color.png -0.179093 -0.767390 0.325729 0.974756 -0.068964 -0.209044 -0.037002

seq-06/frame-000119.color.png -0.181656 -0.767503 0.334762 0.974310 -0.070281 -0.210663 -0.037099

seq-06/frame-000120.color.png -0.184919 -0.766076 0.352590 0.973723 -0.072262 -0.212715 -0.036989

seq-06/frame-000121.color.png -0.186887 -0.766710 0.361118 0.973364 -0.072748 -0.214410 -0.035687

seq-06/frame-000122.color.png -0.188560 -0.766672 0.369871 0.972827 -0.074515 -0.216221 -0.035738

seq-06/frame-000123.color.png -0.190707 -0.767917 0.378317 0.972361 -0.077264 -0.216989 -0.037871

seq-06/frame-000124.color.png -0.193607 -0.766930 0.394262 0.972104 -0.079538 -0.216928 -0.040057

seq-06/frame-000125.color.png -0.194713 -0.767155 0.402489 0.972057 -0.080569 -0.216956 -0.038950

seq-06/frame-000126.color.png -0.196525 -0.764189 0.409026 0.972240 -0.080071 -0.216637 -0.037163

seq-06/frame-000127.color.png -0.198316 -0.766309 0.426074 0.971671 -0.084708 -0.217166 -0.038632

seq-06/frame-000128.color.png -0.200364 -0.768050 0.433966 0.971579 -0.085315 -0.216851 -0.041287

seq-06/frame-000129.color.png -0.201910 -0.766206 0.440596 0.971988 -0.083404 -0.215622 -0.041996

seq-06/frame-000130.color.png -0.202755 -0.766940 0.448878 0.972214 -0.083426 -0.214694 -0.041480

seq-06/frame-000131.color.png -0.206497 -0.765646 0.463623 0.972325 -0.080630 -0.215535 -0.040013

seq-06/frame-000132.color.png -0.208750 -0.768588 0.472695 0.972243 -0.080624 -0.215390 -0.042707

seq-06/frame-000133.color.png -0.210590 -0.767694 0.480570 0.972502 -0.079537 -0.214429 -0.043669

seq-06/frame-000134.color.png -0.214029 -0.769281 0.498423 0.972228 -0.080933 -0.215411 -0.042352

seq-06/frame-000135.color.png -0.216308 -0.769895 0.506462 0.971909 -0.082748 -0.216362 -0.041319

seq-06/frame-000136.color.png -0.218559 -0.770629 0.514772 0.971633 -0.082987 -0.217467 -0.041522

seq-06/frame-000137.color.png -0.221102 -0.771023 0.522861 0.971650 -0.081909 -0.217628 -0.042416

seq-06/frame-000138.color.png -0.222492 -0.771393 0.531518 0.971671 -0.081418 -0.217837 -0.041802

seq-06/frame-000139.color.png -0.226875 -0.773021 0.548656 0.971520 -0.084710 -0.217167 -0.042255

seq-06/frame-000140.color.png -0.228462 -0.772563 0.556572 0.972074 -0.083548 -0.215096 -0.042404

seq-06/frame-000141.color.png -0.228498 -0.773106 0.566003 0.972165 -0.083267 -0.214732 -0.042726

seq-06/frame-000142.color.png -0.232183 -0.773519 0.583210 0.972458 -0.085180 -0.212649 -0.042708

seq-06/frame-000143.color.png -0.233645 -0.773589 0.591283 0.972951 -0.084144 -0.210857 -0.042413

seq-06/frame-000144.color.png -0.233505 -0.775009 0.600755 0.972895 -0.084851 -0.211081 -0.041139

seq-06/frame-000145.color.png -0.235193 -0.774832 0.608718 0.972679 -0.084903 -0.212355 -0.039564

seq-06/frame-000146.color.png -0.237896 -0.774358 0.616053 0.972623 -0.085260 -0.212543 -0.039149

seq-06/frame-000147.color.png -0.241370 -0.774272 0.633256 0.971855 -0.089561 -0.214058 -0.040363

seq-06/frame-000148.color.png -0.243250 -0.773730 0.641024 0.971732 -0.090364 -0.213895 -0.042338

seq-06/frame-000149.color.png -0.245054 -0.773046 0.648549 0.971756 -0.090959 -0.213166 -0.044141

seq-06/frame-000150.color.png -0.245549 -0.772504 0.656322 0.971686 -0.092394 -0.213079 -0.043108

seq-06/frame-000151.color.png -0.247154 -0.770355 0.662812 0.971604 -0.092513 -0.213846 -0.040845

seq-06/frame-000152.color.png -0.251495 -0.770387 0.675236 0.970738 -0.091690 -0.217363 -0.044575

seq-06/frame-000153.color.png -0.252800 -0.769035 0.681166 0.970702 -0.092757 -0.217054 -0.044644

seq-06/frame-000154.color.png -0.254234 -0.768459 0.687026 0.970481 -0.093857 -0.217615 -0.044429

seq-06/frame-000155.color.png -0.256420 -0.768498 0.692257 0.970190 -0.094835 -0.218395 -0.044876

seq-06/frame-000156.color.png -0.258461 -0.769075 0.697364 0.969932 -0.096905 -0.218499 -0.045520

seq-06/frame-000157.color.png -0.259483 -0.769377 0.702693 0.969818 -0.098458 -0.218273 -0.045692

seq-06/frame-000158.color.png -0.261728 -0.769328 0.710080 0.969784 -0.097888 -0.218717 -0.045516

seq-06/frame-000159.color.png -0.262637 -0.769829 0.713647 0.969735 -0.099943 -0.218042 -0.045340

seq-06/frame-000160.color.png -0.263669 -0.770238 0.717051 0.969553 -0.102616 -0.217324 -0.046674

seq-06/frame-000161.color.png -0.263349 -0.766297 0.718800 0.969742 -0.102885 -0.216671 -0.045177

seq-06/frame-000162.color.png -0.263633 -0.771110 0.723372 0.969178 -0.106644 -0.216975 -0.047050

seq-06/frame-000163.color.png -0.262780 -0.770593 0.726268 0.969111 -0.109093 -0.216163 -0.046550

seq-06/frame-000164.color.png -0.261622 -0.770836 0.728816 0.968898 -0.110273 -0.216377 -0.047220

seq-06/frame-000165.color.png -0.259085 -0.771206 0.732317 0.968508 -0.112845 -0.217254 -0.045058

seq-06/frame-000166.color.png -0.257519 -0.768546 0.732576 0.968547 -0.113686 -0.216818 -0.044191

seq-06/frame-000167.color.png -0.255685 -0.770170 0.734120 0.967958 -0.116069 -0.217926 -0.045434

seq-06/frame-000168.color.png -0.254159 -0.770563 0.733878 0.967359 -0.117557 -0.219677 -0.045931

seq-06/frame-000169.color.png -0.251711 -0.769190 0.732695 0.967014 -0.117749 -0.221247 -0.045159

seq-06/frame-000170.color.png -0.248520 -0.769865 0.731358 0.966468 -0.118769 -0.223075 -0.045176

seq-06/frame-000171.color.png -0.241036 -0.769665 0.725832 0.965184 -0.120509 -0.227601 -0.045446

seq-06/frame-000172.color.png -0.236778 -0.770590 0.722571 0.964724 -0.121371 -0.228461 -0.048504

seq-06/frame-000173.color.png -0.230176 -0.772827 0.719745 0.964167 -0.123066 -0.229238 -0.051555

seq-06/frame-000174.color.png -0.222690 -0.772753 0.715632 0.963416 -0.125164 -0.231043 -0.052475

seq-06/frame-000175.color.png -0.207764 -0.774311 0.705612 0.961301 -0.127609 -0.237836 -0.054965

seq-06/frame-000176.color.png -0.199532 -0.774911 0.699977 0.960061 -0.130104 -0.241198 -0.056127

seq-06/frame-000177.color.png -0.190741 -0.775579 0.693944 0.959126 -0.130922 -0.243751 -0.059100

seq-06/frame-000178.color.png -0.181368 -0.776136 0.688250 0.958374 -0.132422 -0.245213 -0.061845

seq-06/frame-000179.color.png -0.158854 -0.777446 0.677367 0.956768 -0.134469 -0.249716 -0.064233

seq-06/frame-000180.color.png -0.147140 -0.777874 0.671547 0.956226 -0.134814 -0.250728 -0.067547

seq-06/frame-000181.color.png -0.135090 -0.777603 0.665194 0.955899 -0.134974 -0.250869 -0.071233

seq-06/frame-000182.color.png -0.106707 -0.778244 0.653153 0.953645 -0.138330 -0.256544 -0.074706

seq-06/frame-000183.color.png -0.093099 -0.780441 0.646221 0.952225 -0.140789 -0.260495 -0.074546

seq-06/frame-000184.color.png -0.079551 -0.781232 0.639150 0.951102 -0.141840 -0.263196 -0.077349

seq-06/frame-000185.color.png -0.052514 -0.780761 0.625877 0.950149 -0.142222 -0.264386 -0.084019

seq-06/frame-000186.color.png -0.037141 -0.780873 0.619928 0.949192 -0.142570 -0.267052 -0.085793

seq-06/frame-000187.color.png -0.022466 -0.779863 0.612974 0.948033 -0.142562 -0.270822 -0.086800

seq-06/frame-000188.color.png 0.003954 -0.777522 0.598996 0.946620 -0.141490 -0.275394 -0.089550

seq-06/frame-000189.color.png 0.016843 -0.776256 0.592514 0.947004 -0.141086 -0.274522 -0.088794

seq-06/frame-000190.color.png 0.045236 -0.774379 0.582486 0.945460 -0.143326 -0.278832 -0.088230

seq-06/frame-000191.color.png 0.057888 -0.772407 0.576254 0.945069 -0.142881 -0.280555 -0.087679

seq-06/frame-000192.color.png 0.072206 -0.771418 0.572257 0.944827 -0.142881 -0.281802 -0.086276

seq-06/frame-000193.color.png 0.098242 -0.769687 0.563820 0.944312 -0.144520 -0.282405 -0.087200

seq-06/frame-000194.color.png 0.110489 -0.767955 0.559591 0.944374 -0.143660 -0.282308 -0.088260

seq-06/frame-000195.color.png 0.136932 -0.765528 0.554187 0.943961 -0.142797 -0.284010 -0.088617

seq-06/frame-000196.color.png 0.150119 -0.763526 0.552362 0.943229 -0.141625 -0.286922 -0.088913

seq-06/frame-000197.color.png 0.160862 -0.762046 0.550362 0.942756 -0.142454 -0.287341 -0.091226

seq-06/frame-000198.color.png 0.183901 -0.758356 0.548457 0.942000 -0.144330 -0.287302 -0.096078

seq-06/frame-000199.color.png 0.209329 -0.754039 0.548239 0.940349 -0.147830 -0.290764 -0.096507

seq-06/frame-000200.color.png 0.221076 -0.752190 0.547427 0.939297 -0.148996 -0.293769 -0.095859

seq-06/frame-000201.color.png 0.245230 -0.748425 0.547223 0.937953 -0.150427 -0.296707 -0.097714

seq-06/frame-000202.color.png 0.257052 -0.746980 0.547702 0.937478 -0.150970 -0.297192 -0.099933

seq-06/frame-000203.color.png 0.283792 -0.744166 0.549839 0.936112 -0.153721 -0.299686 -0.101088

seq-06/frame-000204.color.png 0.297705 -0.745184 0.551092 0.934888 -0.155388 -0.302891 -0.100315

seq-06/frame-000205.color.png 0.326228 -0.744009 0.552650 0.933138 -0.150539 -0.310544 -0.100598

seq-06/frame-000206.color.png 0.340491 -0.743874 0.553743 0.932723 -0.150135 -0.312605 -0.098651

seq-06/frame-000207.color.png 0.368710 -0.743783 0.556410 0.930862 -0.149823 -0.318910 -0.096502

seq-06/frame-000208.color.png 0.382102 -0.744320 0.557469 0.930194 -0.149753 -0.320752 -0.096947

seq-06/frame-000209.color.png 0.409670 -0.744880 0.559837 0.929721 -0.146652 -0.323514 -0.097046

seq-06/frame-000210.color.png 0.423727 -0.745882 0.561401 0.929597 -0.145999 -0.324929 -0.094454

seq-06/frame-000211.color.png 0.451133 -0.747609 0.563801 0.929913 -0.141771 -0.326569 -0.092094

seq-06/frame-000212.color.png 0.476479 -0.749773 0.565939 0.928247 -0.141531 -0.332332 -0.088591

seq-06/frame-000213.color.png 0.487636 -0.751063 0.565675 0.927376 -0.141090 -0.334752 -0.089296

seq-06/frame-000214.color.png 0.512486 -0.752187 0.565641 0.927145 -0.138244 -0.335361 -0.093752

seq-06/frame-000215.color.png 0.526017 -0.753433 0.566507 0.926352 -0.138064 -0.337833 -0.092979

seq-06/frame-000216.color.png 0.551592 -0.753845 0.565860 0.924639 -0.136992 -0.343100 -0.092330

seq-06/frame-000217.color.png 0.566029 -0.753790 0.566025 0.924402 -0.135759 -0.343838 -0.093765

seq-06/frame-000218.color.png 0.595592 -0.753495 0.566415 0.922979 -0.134557 -0.349188 -0.089650

seq-06/frame-000219.color.png 0.609362 -0.753002 0.565008 0.921860 -0.133943 -0.352293 -0.089941

seq-06/frame-000220.color.png 0.639863 -0.751944 0.562808 0.921843 -0.129909 -0.352598 -0.094712

seq-06/frame-000221.color.png 0.656760 -0.750715 0.562988 0.920806 -0.130144 -0.355625 -0.093144

seq-06/frame-000222.color.png 0.690374 -0.751583 0.561806 0.915119 -0.136037 -0.369115 -0.088155

seq-06/frame-000223.color.png 0.703740 -0.749737 0.557504 0.913185 -0.137991 -0.373178 -0.088060

seq-06/frame-000224.color.png 0.734630 -0.749375 0.551241 0.912818 -0.137892 -0.372148 -0.096022

seq-06/frame-000225.color.png 0.753449 -0.748205 0.550558 0.911556 -0.139160 -0.374918 -0.095400

seq-06/frame-000226.color.png 0.786600 -0.747415 0.546784 0.906927 -0.143230 -0.384556 -0.095126

seq-06/frame-000227.color.png 0.803215 -0.747469 0.544480 0.905486 -0.143936 -0.387216 -0.096990

seq-06/frame-000228.color.png 0.836939 -0.748748 0.542225 0.902126 -0.145625 -0.395071 -0.094047

seq-06/frame-000229.color.png 0.867971 -0.747075 0.536690 0.900404 -0.142612 -0.400153 -0.093681

seq-06/frame-000230.color.png 0.884409 -0.746419 0.536433 0.899640 -0.141498 -0.402119 -0.094293

seq-06/frame-000231.color.png 0.913832 -0.746587 0.536823 0.896911 -0.142126 -0.408544 -0.091695

seq-06/frame-000232.color.png 0.928014 -0.745672 0.536592 0.896069 -0.142576 -0.410768 -0.089256

seq-06/frame-000233.color.png 0.953901 -0.744608 0.537494 0.894291 -0.142106 -0.414313 -0.091425

seq-06/frame-000234.color.png 0.967083 -0.743125 0.538759 0.893439 -0.140804 -0.416210 -0.093143

seq-06/frame-000235.color.png 0.993525 -0.744558 0.544103 0.890725 -0.140409 -0.422201 -0.092767

seq-06/frame-000236.color.png 1.018231 -0.743001 0.549798 0.888015 -0.138735 -0.429187 -0.089127

seq-06/frame-000237.color.png 1.029386 -0.742178 0.551448 0.887300 -0.138134 -0.430764 -0.089576

seq-06/frame-000238.color.png 1.059971 -0.742124 0.566219 0.884630 -0.139007 -0.435583 -0.091314

seq-06/frame-000239.color.png 1.083525 -0.741875 0.572561 0.881507 -0.140038 -0.441223 -0.092849

seq-06/frame-000240.color.png 1.096169 -0.742165 0.575077 0.880096 -0.139430 -0.443676 -0.095419

seq-06/frame-000241.color.png 1.120869 -0.743474 0.579440 0.878171 -0.137815 -0.446443 -0.102347

seq-06/frame-000242.color.png 1.147506 -0.747596 0.587021 0.875232 -0.138074 -0.451788 -0.103706

seq-06/frame-000243.color.png 1.175856 -0.753790 0.595768 0.870615 -0.136871 -0.461159 -0.102912

seq-06/frame-000244.color.png 1.188798 -0.755289 0.598050 0.869950 -0.133937 -0.463154 -0.103434

seq-06/frame-000245.color.png 1.213622 -0.759539 0.603590 0.869365 -0.129818 -0.465283 -0.104057

seq-06/frame-000246.color.png 1.237418 -0.762382 0.607174 0.868664 -0.126862 -0.467837 -0.102075

seq-06/frame-000247.color.png 1.261232 -0.764081 0.612687 0.867275 -0.126053 -0.470723 -0.101620

seq-06/frame-000248.color.png 1.272813 -0.763863 0.613581 0.866503 -0.125637 -0.472161 -0.102051

seq-06/frame-000249.color.png 1.294281 -0.766956 0.615072 0.866807 -0.123657 -0.471163 -0.106405

seq-06/frame-000250.color.png 1.317649 -0.767509 0.619586 0.865765 -0.121523 -0.474002 -0.104725

seq-06/frame-000251.color.png 1.339679 -0.767658 0.619663 0.864957 -0.117454 -0.476323 -0.105513

seq-06/frame-000252.color.png 1.362116 -0.765733 0.620454 0.864111 -0.114813 -0.478511 -0.105450

seq-06/frame-000253.color.png 1.384277 -0.761715 0.618353 0.862254 -0.112392 -0.482139 -0.106726

seq-06/frame-000254.color.png 1.405917 -0.758426 0.618281 0.861356 -0.109593 -0.484405 -0.106625

seq-06/frame-000255.color.png 1.428772 -0.753115 0.618955 0.858874 -0.107565 -0.490682 -0.099795

seq-06/frame-000256.color.png 1.449322 -0.743303 0.616725 0.858371 -0.106312 -0.492806 -0.094873

seq-06/frame-000257.color.png 1.467735 -0.736225 0.615301 0.858639 -0.105615 -0.492937 -0.092512

seq-06/frame-000258.color.png 1.483251 -0.725940 0.615003 0.859765 -0.103717 -0.492115 -0.088491

seq-06/frame-000259.color.png 1.497017 -0.719090 0.615199 0.861212 -0.095274 -0.491438 -0.087677

seq-06/frame-000260.color.png 1.510003 -0.709054 0.620087 0.861922 -0.090270 -0.491966 -0.082910

seq-06/frame-000261.color.png 1.518587 -0.699153 0.619840 0.862363 -0.087314 -0.492040 -0.081023

seq-06/frame-000262.color.png 1.524767 -0.689165 0.620822 0.863329 -0.086431 -0.489595 -0.086314

seq-06/frame-000263.color.png 1.529801 -0.679129 0.623446 0.865488 -0.080239 -0.486888 -0.085986

seq-06/frame-000264.color.png 1.533962 -0.667564 0.629312 0.866147 -0.080229 -0.486663 -0.080460

seq-06/frame-000265.color.png 1.536912 -0.655740 0.634864 0.867127 -0.076175 -0.486107 -0.077142

seq-06/frame-000266.color.png 1.535807 -0.644746 0.639719 0.871394 -0.072506 -0.479180 -0.075921

seq-06/frame-000267.color.png 1.535947 -0.634581 0.649013 0.872086 -0.072542 -0.477987 -0.075464

seq-06/frame-000268.color.png 1.534576 -0.624024 0.656165 0.873377 -0.067856 -0.475359 -0.081261

seq-06/frame-000269.color.png 1.532089 -0.617130 0.665429 0.872488 -0.066125 -0.475622 -0.090204

seq-06/frame-000270.color.png 1.527125 -0.607287 0.674781 0.870037 -0.068620 -0.479087 -0.093621

seq-06/frame-000271.color.png 1.523036 -0.598091 0.684672 0.868239 -0.065421 -0.481682 -0.099120

seq-06/frame-000272.color.png 1.516292 -0.590986 0.696526 0.868063 -0.060409 -0.481312 -0.105438

seq-06/frame-000273.color.png 1.508648 -0.582151 0.710272 0.868309 -0.057814 -0.480877 -0.106847

seq-06/frame-000274.color.png 1.501643 -0.574509 0.725843 0.866997 -0.057114 -0.483914 -0.104125

seq-06/frame-000275.color.png 1.488279 -0.562759 0.742884 0.869798 -0.045633 -0.479018 -0.108955

seq-06/frame-000276.color.png 1.480139 -0.555198 0.757453 0.868966 -0.044325 -0.480574 -0.109285

seq-06/frame-000277.color.png 1.473975 -0.550712 0.772200 0.867792 -0.042952 -0.482061 -0.112564

seq-06/frame-000278.color.png 1.469706 -0.547358 0.778145 0.867757 -0.041699 -0.482319 -0.112196

seq-06/frame-000279.color.png 1.462081 -0.540741 0.789814 0.865472 -0.036572 -0.487129 -0.110841

seq-06/frame-000280.color.png 1.455218 -0.532583 0.800042 0.864933 -0.033075 -0.487798 -0.113187

seq-06/frame-000281.color.png 1.447505 -0.520877 0.808236 0.863324 -0.030117 -0.490972 -0.112567

seq-06/frame-000282.color.png 1.443598 -0.510670 0.815412 0.861329 -0.025043 -0.495293 -0.110135

seq-06/frame-000283.color.png 1.435115 -0.495252 0.822628 0.865086 -0.020395 -0.492317 -0.093775

seq-06/frame-000284.color.png 1.432062 -0.486609 0.831415 0.865227 -0.013635 -0.494202 -0.083190

seq-06/frame-000285.color.png 1.427323 -0.475365 0.838629 0.866392 -0.007426 -0.492185 -0.083807

seq-06/frame-000286.color.png 1.423026 -0.461498 0.842245 0.869472 -0.004342 -0.486365 -0.086079

seq-06/frame-000287.color.png 1.420548 -0.452072 0.846138 0.871891 -0.001989 -0.482658 -0.082489

seq-06/frame-000288.color.png 1.419690 -0.444377 0.851035 0.874478 -0.000859 -0.478831 -0.077258

seq-06/frame-000289.color.png 1.417580 -0.436366 0.855260 0.878179 -0.001856 -0.471377 -0.081004

seq-06/frame-000290.color.png 1.414019 -0.429258 0.857893 0.881666 0.003669 -0.464405 -0.083313

seq-06/frame-000291.color.png 1.410247 -0.422742 0.860956 0.884329 0.008607 -0.459208 -0.083525

seq-06/frame-000292.color.png 1.405193 -0.416745 0.866256 0.885743 0.003785 -0.457101 -0.080397

seq-06/frame-000293.color.png 1.401014 -0.411171 0.873174 0.885851 0.002147 -0.457428 -0.077349

seq-06/frame-000294.color.png 1.394684 -0.402556 0.877764 0.886739 0.003555 -0.455428 -0.078906

seq-06/frame-000295.color.png 1.389144 -0.396813 0.884761 0.886516 0.004198 -0.455579 -0.080499

seq-06/frame-000296.color.png 1.382163 -0.390918 0.890883 0.886285 0.004177 -0.456572 -0.077352

seq-06/frame-000297.color.png 1.380203 -0.387051 0.895156 0.885514 0.002408 -0.458351 -0.075716

seq-06/frame-000298.color.png 1.374574 -0.380508 0.902528 0.884567 0.000525 -0.460219 -0.075496

seq-06/frame-000299.color.png 1.369567 -0.374426 0.908649 0.883886 0.000410 -0.461899 -0.073179

seq-06/frame-000300.color.png 1.365739 -0.367062 0.915127 0.883413 0.000162 -0.463129 -0.071078

seq-06/frame-000301.color.png 1.361451 -0.361185 0.921661 0.883444 -0.001219 -0.463210 -0.070144

seq-06/frame-000302.color.png 1.358575 -0.356133 0.928551 0.884085 -0.001014 -0.462351 -0.067705

seq-06/frame-000303.color.png 1.357424 -0.354032 0.936316 0.884119 -0.001582 -0.462033 -0.069392

seq-06/frame-000304.color.png 1.356145 -0.351508 0.940912 0.884454 -0.002608 -0.461434 -0.069077

seq-06/frame-000305.color.png 1.355845 -0.349682 0.948061 0.884565 0.000659 -0.461342 -0.068306

seq-06/frame-000306.color.png 1.354764 -0.345649 0.953941 0.886216 0.003517 -0.458436 -0.066362

seq-06/frame-000307.color.png 1.355201 -0.344149 0.961278 0.886383 0.004005 -0.458182 -0.065856

seq-06/frame-000308.color.png 1.355299 -0.337000 0.967630 0.887629 0.006829 -0.456006 -0.063912

seq-06/frame-000309.color.png 1.354627 -0.333807 0.972300 0.888121 0.006058 -0.455344 -0.061837

seq-06/frame-000310.color.png 1.351589 -0.329846 0.976799 0.889415 0.001538 -0.452382 -0.065173

seq-06/frame-000311.color.png 1.348414 -0.322905 0.980898 0.891045 -0.002437 -0.449553 -0.062387

seq-06/frame-000312.color.png 1.346848 -0.318328 0.983343 0.891897 -0.003569 -0.448320 -0.058937

seq-06/frame-000313.color.png 1.340634 -0.313586 0.986774 0.894897 -0.007145 -0.442789 -0.054809

seq-06/frame-000314.color.png 1.333805 -0.308893 0.990343 0.897046 -0.005609 -0.439060 -0.049613

seq-06/frame-000315.color.png 1.327967 -0.303689 0.993401 0.899348 -0.003807 -0.434838 -0.045090

seq-06/frame-000316.color.png 1.319861 -0.301552 0.997866 0.900047 -0.007816 -0.433698 -0.041466

seq-06/frame-000317.color.png 1.316154 -0.298239 0.999528 0.900768 -0.005467 -0.431967 -0.044146

seq-06/frame-000318.color.png 1.308326 -0.293937 1.002514 0.901115 -0.005049 -0.431196 -0.044667

seq-06/frame-000319.color.png 1.301602 -0.290252 1.005313 0.903646 -0.005008 -0.426015 -0.043218

seq-06/frame-000320.color.png 1.296349 -0.285780 1.008188 0.905207 -0.005233 -0.422752 -0.042578

seq-06/frame-000321.color.png 1.293208 -0.283894 1.009202 0.906780 -0.005966 -0.419187 -0.044208

seq-06/frame-000322.color.png 1.289902 -0.279752 1.011958 0.907618 -0.006986 -0.417886 -0.038861

seq-06/frame-000323.color.png 1.287606 -0.275724 1.014360 0.908496 -0.007358 -0.416030 -0.038178

seq-06/frame-000324.color.png 1.284423 -0.273481 1.016849 0.909251 -0.008849 -0.414164 -0.040122

seq-06/frame-000325.color.png 1.282659 -0.267133 1.019443 0.910770 -0.009298 -0.410776 -0.040408

seq-06/frame-000326.color.png 1.281329 -0.265374 1.020713 0.911455 -0.010088 -0.409246 -0.040290

seq-06/frame-000327.color.png 1.278733 -0.260762 1.022861 0.913220 -0.010448 -0.405209 -0.041040

seq-06/frame-000328.color.png 1.274133 -0.255100 1.025885 0.913657 -0.011255 -0.404552 -0.037404

seq-06/frame-000329.color.png 1.271390 -0.252132 1.027576 0.913704 -0.011110 -0.404112 -0.040907

seq-06/frame-000330.color.png 1.265849 -0.245343 1.032007 0.913859 -0.014077 -0.403752 -0.040066

seq-06/frame-000331.color.png 1.259862 -0.237790 1.036820 0.913939 -0.013732 -0.403687 -0.038992

seq-06/frame-000332.color.png 1.254308 -0.230188 1.042996 0.914032 -0.011917 -0.403669 -0.037591

seq-06/frame-000333.color.png 1.250642 -0.226432 1.046177 0.914209 -0.011530 -0.403592 -0.034051

seq-06/frame-000334.color.png 1.243785 -0.221814 1.052773 0.914647 -0.010762 -0.402560 -0.034761

seq-06/frame-000335.color.png 1.235751 -0.215868 1.059691 0.914978 -0.008989 -0.402090 -0.031873

seq-06/frame-000336.color.png 1.228775 -0.211083 1.066395 0.914798 -0.008478 -0.402517 -0.031795

seq-06/frame-000337.color.png 1.225814 -0.209327 1.069767 0.914662 -0.007990 -0.402937 -0.030461

seq-06/frame-000338.color.png 1.218328 -0.202588 1.075316 0.915195 -0.006606 -0.401962 -0.027536

seq-06/frame-000339.color.png 1.211621 -0.197618 1.081201 0.915532 -0.007249 -0.401111 -0.028552

seq-06/frame-000340.color.png 1.204042 -0.191293 1.086108 0.915965 -0.010013 -0.400136 -0.027497

seq-06/frame-000341.color.png 1.200674 -0.190264 1.088952 0.915913 -0.011950 -0.400316 -0.025781

seq-06/frame-000342.color.png 1.193021 -0.184639 1.092396 0.916577 -0.014691 -0.398608 -0.027172

seq-06/frame-000343.color.png 1.186478 -0.179550 1.095685 0.916748 -0.016320 -0.398301 -0.024899

seq-06/frame-000344.color.png 1.179187 -0.174646 1.098251 0.916728 -0.018476 -0.398197 -0.025771

seq-06/frame-000345.color.png 1.175053 -0.172240 1.098962 0.916854 -0.018922 -0.397884 -0.025812

seq-06/frame-000346.color.png 1.167687 -0.169801 1.101589 0.916275 -0.019634 -0.399194 -0.025596

seq-06/frame-000347.color.png 1.160238 -0.167341 1.104600 0.915818 -0.017698 -0.400428 -0.024029

seq-06/frame-000348.color.png 1.156656 -0.165726 1.106028 0.915385 -0.016161 -0.401568 -0.022567

seq-06/frame-000349.color.png 1.148412 -0.163921 1.109109 0.915472 -0.013130 -0.401392 -0.024070

seq-06/frame-000350.color.png 1.140567 -0.161713 1.112496 0.915596 -0.010529 -0.401260 -0.022789

seq-06/frame-000351.color.png 1.132913 -0.159160 1.115496 0.915922 -0.007367 -0.400578 -0.022946

seq-06/frame-000352.color.png 1.128428 -0.158651 1.116025 0.915895 -0.006214 -0.400703 -0.022160

seq-06/frame-000353.color.png 1.121126 -0.156388 1.117655 0.915332 -0.006393 -0.402054 -0.020859

seq-06/frame-000354.color.png 1.112334 -0.155634 1.118808 0.915403 -0.008493 -0.401695 -0.023709

seq-06/frame-000355.color.png 1.103921 -0.152376 1.119564 0.914867 -0.010425 -0.402817 -0.024581

seq-06/frame-000356.color.png 1.099208 -0.150551 1.119972 0.914955 -0.011767 -0.402538 -0.025250

seq-06/frame-000357.color.png 1.090595 -0.146865 1.121008 0.914884 -0.014033 -0.402637 -0.025113

seq-06/frame-000358.color.png 1.082131 -0.144624 1.122889 0.914738 -0.016272 -0.402997 -0.023221

seq-06/frame-000359.color.png 1.077106 -0.144148 1.123671 0.914560 -0.017331 -0.403360 -0.023164

seq-06/frame-000360.color.png 1.067674 -0.143226 1.125670 0.914133 -0.020251 -0.404273 -0.021697

seq-06/frame-000361.color.png 1.060307 -0.142059 1.128977 0.913130 -0.020843 -0.406595 -0.019872

seq-06/frame-000362.color.png 1.054345 -0.140654 1.132653 0.912817 -0.024602 -0.407273 -0.015616

seq-06/frame-000363.color.png 1.052038 -0.140090 1.134230 0.912710 -0.026048 -0.407458 -0.014675

seq-06/frame-000364.color.png 1.047574 -0.138582 1.138315 0.912627 -0.028025 -0.407495 -0.015151

seq-06/frame-000365.color.png 1.044697 -0.137449 1.144689 0.910818 -0.031592 -0.411352 -0.012528

seq-06/frame-000366.color.png 1.044593 -0.134898 1.148744 0.909555 -0.032596 -0.414057 -0.012608

seq-06/frame-000367.color.png 1.042240 -0.132203 1.155790 0.908513 -0.034115 -0.416239 -0.011830

seq-06/frame-000368.color.png 1.039479 -0.131250 1.164543 0.907003 -0.033502 -0.419694 -0.005908

seq-06/frame-000369.color.png 1.038894 -0.132194 1.169315 0.906534 -0.030707 -0.420888 -0.007839

seq-06/frame-000370.color.png 1.036440 -0.129373 1.176446 0.906300 -0.028141 -0.421637 -0.002095

seq-06/frame-000371.color.png 1.035564 -0.128612 1.184940 0.905379 -0.029492 -0.423521 -0.001998

seq-06/frame-000372.color.png 1.034789 -0.124884 1.190824 0.905652 -0.030451 -0.422873 0.000428

seq-06/frame-000373.color.png 1.034046 -0.123555 1.195696 0.907131 -0.030712 -0.419663 0.002444

seq-06/frame-000374.color.png 1.033556 -0.123315 1.200254 0.907990 -0.031167 -0.417734 0.005946

seq-06/frame-000375.color.png 1.033537 -0.124048 1.204414 0.909230 -0.030970 -0.415028 0.006914

seq-06/frame-000376.color.png 1.032534 -0.124664 1.205876 0.909192 -0.031568 -0.415042 0.008233

seq-06/frame-000377.color.png 1.030358 -0.125147 1.210102 0.908996 -0.032497 -0.415436 0.006123

seq-06/frame-000378.color.png 1.027020 -0.125617 1.216103 0.907771 -0.034495 -0.417965 0.004447

seq-06/frame-000379.color.png 1.022136 -0.126529 1.221711 0.906506 -0.033475 -0.420808 -0.000843

seq-06/frame-000380.color.png 1.016763 -0.126894 1.228487 0.905639 -0.034126 -0.422616 -0.001417

seq-06/frame-000381.color.png 1.013161 -0.126557 1.231443 0.906063 -0.034391 -0.421680 -0.002616

seq-06/frame-000382.color.png 1.007056 -0.127305 1.238657 0.906399 -0.035036 -0.420908 0.001768

seq-06/frame-000383.color.png 0.999652 -0.125525 1.242258 0.907235 -0.031696 -0.419335 0.005649

seq-06/frame-000384.color.png 0.992290 -0.125529 1.246849 0.907619 -0.033914 -0.418278 0.008548

seq-06/frame-000385.color.png 0.987586 -0.125043 1.252663 0.907764 -0.036045 -0.417841 0.005091

seq-06/frame-000386.color.png 0.984436 -0.124846 1.254584 0.907875 -0.037271 -0.417489 0.005414

seq-06/frame-000387.color.png 0.980990 -0.122337 1.258583 0.908312 -0.036571 -0.416571 0.007297

seq-06/frame-000388.color.png 0.975588 -0.120880 1.260689 0.908994 -0.039466 -0.414852 0.004850

seq-06/frame-000389.color.png 0.972659 -0.118555 1.264333 0.908245 -0.042023 -0.416253 0.003076

seq-06/frame-000390.color.png 0.968416 -0.116864 1.267169 0.908472 -0.042801 -0.415690 -0.000703

seq-06/frame-000391.color.png 0.965158 -0.115337 1.267686 0.908385 -0.043560 -0.415800 -0.000545

seq-06/frame-000392.color.png 0.960207 -0.116036 1.271536 0.907849 -0.043987 -0.416925 -0.000502

seq-06/frame-000393.color.png 0.953909 -0.115563 1.273976 0.907633 -0.042635 -0.417520 -0.003696

seq-06/frame-000394.color.png 0.948203 -0.116579 1.276802 0.907401 -0.042667 -0.418034 -0.001758

seq-06/frame-000395.color.png 0.945240 -0.115541 1.278094 0.907908 -0.042000 -0.416998 -0.001480

seq-06/frame-000396.color.png 0.938108 -0.115638 1.279322 0.908246 -0.042268 -0.416236 -0.000643

seq-06/frame-000397.color.png 0.931609 -0.117517 1.281784 0.907866 -0.042574 -0.417033 -0.001279

seq-06/frame-000398.color.png 0.925094 -0.119094 1.282705 0.907942 -0.041519 -0.416972 -0.001852

seq-06/frame-000399.color.png 0.921758 -0.120060 1.283107 0.907827 -0.041720 -0.417200 -0.002252

seq-06/frame-000400.color.png 0.916436 -0.119478 1.284872 0.907176 -0.042142 -0.418573 -0.001920

seq-06/frame-000401.color.png 0.911418 -0.120879 1.287314 0.906772 -0.043329 -0.419303 -0.004700

seq-06/frame-000402.color.png 0.908732 -0.120510 1.288156 0.906496 -0.043502 -0.419890 -0.004057

seq-06/frame-000403.color.png 0.903561 -0.120268 1.290736 0.906174 -0.044364 -0.420474 -0.005756

seq-06/frame-000404.color.png 0.897402 -0.119768 1.292633 0.905299 -0.045324 -0.422241 -0.006555

seq-06/frame-000405.color.png 0.894460 -0.119932 1.294466 0.904451 -0.046842 -0.423881 -0.007083

seq-06/frame-000406.color.png 0.887788 -0.118547 1.296593 0.903336 -0.049120 -0.425963 -0.008795

seq-06/frame-000407.color.png 0.881286 -0.116207 1.298138 0.902414 -0.050328 -0.427737 -0.010346

seq-06/frame-000408.color.png 0.876032 -0.114776 1.300091 0.901701 -0.052039 -0.429056 -0.009419

seq-06/frame-000409.color.png 0.872981 -0.114640 1.300810 0.901602 -0.052827 -0.429159 -0.009778

seq-06/frame-000410.color.png 0.867344 -0.113337 1.302979 0.901142 -0.054317 -0.429931 -0.010105

seq-06/frame-000411.color.png 0.861471 -0.111445 1.303398 0.901049 -0.053430 -0.430226 -0.010583

seq-06/frame-000412.color.png 0.859490 -0.111325 1.304691 0.900656 -0.053948 -0.430972 -0.011012

seq-06/frame-000413.color.png 0.856277 -0.111255 1.307224 0.900504 -0.055221 -0.431103 -0.011924

seq-06/frame-000414.color.png 0.853357 -0.110422 1.309178 0.900470 -0.055690 -0.431106 -0.012199

seq-06/frame-000415.color.png 0.851447 -0.109662 1.309726 0.900683 -0.055725 -0.430643 -0.012666

seq-06/frame-000416.color.png 0.847471 -0.110085 1.311169 0.900424 -0.057193 -0.430995 -0.012573

seq-06/frame-000417.color.png 0.843771 -0.110009 1.312257 0.899455 -0.058587 -0.432664 -0.017323

seq-06/frame-000418.color.png 0.840899 -0.110264 1.312383 0.898824 -0.059300 -0.433918 -0.016198

seq-06/frame-000419.color.png 0.839666 -0.110806 1.311957 0.898948 -0.060553 -0.433525 -0.015153

seq-06/frame-000420.color.png 0.837864 -0.112192 1.310146 0.898836 -0.062152 -0.433486 -0.016438

seq-06/frame-000421.color.png 0.837037 -0.115422 1.307346 0.897851 -0.066144 -0.434865 -0.018160

seq-06/frame-000422.color.png 0.837591 -0.115763 1.304946 0.897554 -0.067499 -0.435165 -0.020513

seq-06/frame-000423.color.png 0.841393 -0.117954 1.300538 0.897918 -0.070472 -0.433845 -0.022442

seq-06/frame-000424.color.png 0.843197 -0.119231 1.297512 0.898633 -0.072297 -0.432026 -0.023084

seq-06/frame-000425.color.png 0.847914 -0.121682 1.289561 0.900209 -0.076377 -0.427841 -0.026292

seq-06/frame-000426.color.png 0.856484 -0.122966 1.280683 0.901167 -0.079945 -0.424916 -0.030007

seq-06/frame-000427.color.png 0.860038 -0.124667 1.275589 0.902344 -0.082245 -0.421717 -0.033366

seq-06/frame-000428.color.png 0.869032 -0.130212 1.264629 0.904763 -0.087878 -0.415411 -0.032599

seq-06/frame-000429.color.png 0.874592 -0.132195 1.258885 0.905799 -0.089830 -0.412702 -0.032920

seq-06/frame-000430.color.png 0.886749 -0.139293 1.246978 0.908743 -0.091762 -0.405494 -0.035892

seq-06/frame-000431.color.png 0.901730 -0.145860 1.236267 0.910800 -0.096035 -0.400106 -0.032924

seq-06/frame-000432.color.png 0.910113 -0.149027 1.232235 0.910985 -0.096915 -0.399326 -0.034635

seq-06/frame-000433.color.png 0.925616 -0.155571 1.220730 0.911957 -0.096581 -0.396853 -0.038250

seq-06/frame-000434.color.png 0.933323 -0.159433 1.214228 0.912790 -0.098204 -0.394654 -0.036976

seq-06/frame-000435.color.png 0.947202 -0.164294 1.201295 0.914417 -0.098709 -0.390956 -0.034625

seq-06/frame-000436.color.png 0.958396 -0.167920 1.186425 0.916087 -0.097944 -0.386802 -0.039038

seq-06/frame-000437.color.png 0.963304 -0.169544 1.179628 0.916921 -0.098421 -0.384870 -0.037310

seq-06/frame-000438.color.png 0.976432 -0.170517 1.165418 0.917751 -0.102820 -0.382044 -0.033928

seq-06/frame-000439.color.png 0.981596 -0.171663 1.157485 0.918593 -0.104608 -0.379563 -0.033513

seq-06/frame-000440.color.png 0.992965 -0.174974 1.141254 0.919892 -0.106307 -0.375683 -0.036151

seq-06/frame-000441.color.png 0.999157 -0.177488 1.133215 0.919767 -0.107398 -0.375694 -0.036005

seq-06/frame-000442.color.png 1.011082 -0.179101 1.116377 0.919121 -0.110177 -0.376320 -0.037538

seq-06/frame-000443.color.png 1.015870 -0.180885 1.108440 0.918900 -0.112965 -0.375985 -0.038001

seq-06/frame-000444.color.png 1.019870 -0.182693 1.100768 0.918049 -0.115631 -0.377265 -0.037871

seq-06/frame-000445.color.png 1.028788 -0.191118 1.085664 0.917224 -0.119217 -0.378038 -0.039008

seq-06/frame-000446.color.png 1.033216 -0.194795 1.078080 0.916759 -0.117496 -0.379669 -0.039322

seq-06/frame-000447.color.png 1.041946 -0.206028 1.064722 0.917296 -0.117080 -0.378404 -0.040218

seq-06/frame-000448.color.png 1.045037 -0.209972 1.056815 0.917328 -0.115925 -0.379030 -0.036802

seq-06/frame-000449.color.png 1.053729 -0.213324 1.042083 0.916754 -0.117688 -0.379426 -0.041166

seq-06/frame-000450.color.png 1.056124 -0.223401 1.035215 0.916370 -0.118881 -0.379790 -0.042887

seq-06/frame-000451.color.png 1.061008 -0.224811 1.028614 0.915636 -0.117505 -0.381993 -0.042784

seq-06/frame-000452.color.png 1.066971 -0.234408 1.015343 0.915964 -0.119226 -0.380547 -0.043893

seq-06/frame-000453.color.png 1.070277 -0.238955 1.009349 0.915716 -0.120188 -0.380937 -0.043035

seq-06/frame-000454.color.png 1.076110 -0.246276 0.997018 0.915339 -0.122624 -0.380512 -0.047706

seq-06/frame-000455.color.png 1.078352 -0.255495 0.991823 0.915240 -0.124606 -0.379928 -0.049093

seq-06/frame-000456.color.png 1.083463 -0.261874 0.979306 0.915946 -0.124120 -0.378553 -0.047762

seq-06/frame-000457.color.png 1.085623 -0.268221 0.973500 0.916662 -0.126866 -0.376139 -0.045844

seq-06/frame-000458.color.png 1.089365 -0.277037 0.960810 0.917414 -0.130978 -0.373220 -0.042993

seq-06/frame-000459.color.png 1.091643 -0.282073 0.954598 0.917689 -0.134836 -0.371016 -0.044276

seq-06/frame-000460.color.png 1.093034 -0.290910 0.948827 0.918566 -0.138190 -0.367504 -0.045017

seq-06/frame-000461.color.png 1.096489 -0.299625 0.936241 0.920486 -0.141162 -0.361247 -0.047164

seq-06/frame-000462.color.png 1.097796 -0.308714 0.930630 0.921454 -0.146009 -0.357016 -0.045700

seq-06/frame-000463.color.png 1.100255 -0.318393 0.916489 0.923526 -0.147737 -0.351261 -0.042829

seq-06/frame-000464.color.png 1.100715 -0.322460 0.909726 0.923852 -0.151783 -0.348560 -0.043728

seq-06/frame-000465.color.png 1.100278 -0.335972 0.896602 0.924384 -0.158633 -0.343914 -0.044926

seq-06/frame-000466.color.png 1.098916 -0.336698 0.887626 0.924972 -0.158318 -0.342266 -0.046498

seq-06/frame-000467.color.png 1.099856 -0.338308 0.872182 0.925718 -0.162836 -0.339028 -0.039196

seq-06/frame-000468.color.png 1.099420 -0.342739 0.865371 0.925342 -0.167751 -0.337364 -0.041631

seq-06/frame-000469.color.png 1.099739 -0.351690 0.852141 0.925445 -0.174873 -0.333166 -0.043789

seq-06/frame-000470.color.png 1.098098 -0.362362 0.837856 0.925082 -0.180665 -0.331466 -0.040727

seq-06/frame-000471.color.png 1.098267 -0.368129 0.831848 0.925622 -0.181762 -0.329218 -0.041792

seq-06/frame-000472.color.png 1.097577 -0.374834 0.825921 0.926426 -0.182780 -0.326192 -0.043238

seq-06/frame-000473.color.png 1.099794 -0.384003 0.816164 0.927564 -0.183492 -0.321527 -0.050211

seq-06/frame-000474.color.png 1.099010 -0.391756 0.811200 0.929349 -0.184578 -0.315214 -0.053160

seq-06/frame-000475.color.png 1.101185 -0.401295 0.803386 0.931759 -0.186482 -0.307668 -0.048323

seq-06/frame-000476.color.png 1.100569 -0.405785 0.798110 0.933177 -0.189303 -0.301909 -0.046279

seq-06/frame-000477.color.png 1.097373 -0.415468 0.787255 0.935632 -0.196271 -0.289799 -0.045091

seq-06/frame-000478.color.png 1.095066 -0.420813 0.782124 0.936316 -0.199739 -0.285697 -0.041706

seq-06/frame-000479.color.png 1.089901 -0.426414 0.769340 0.937295 -0.209096 -0.276364 -0.036409

seq-06/frame-000480.color.png 1.084464 -0.432948 0.762254 0.937806 -0.214122 -0.270786 -0.035941

seq-06/frame-000481.color.png 1.081283 -0.437263 0.755766 0.938628 -0.216311 -0.266231 -0.035401

seq-06/frame-000482.color.png 1.073522 -0.443906 0.743119 0.939818 -0.223653 -0.256337 -0.030960

seq-06/frame-000483.color.png 1.070051 -0.448024 0.737403 0.939984 -0.227234 -0.252898 -0.027972

seq-06/frame-000484.color.png 1.065582 -0.451117 0.730985 0.939970 -0.231053 -0.249736 -0.025454

seq-06/frame-000485.color.png 1.055714 -0.461873 0.718171 0.940293 -0.236692 -0.243284 -0.024158

seq-06/frame-000486.color.png 1.051371 -0.465429 0.712081 0.940406 -0.238245 -0.241269 -0.024701

seq-06/frame-000487.color.png 1.046688 -0.469784 0.706366 0.940163 -0.240315 -0.239894 -0.027151

seq-06/frame-000488.color.png 1.037017 -0.478866 0.694077 0.940005 -0.245858 -0.234502 -0.029973

seq-06/frame-000489.color.png 1.032580 -0.484631 0.688014 0.939975 -0.247071 -0.233606 -0.027851

seq-06/frame-000490.color.png 1.023977 -0.490945 0.675648 0.939194 -0.250883 -0.233206 -0.023043

seq-06/frame-000491.color.png 1.019098 -0.495894 0.669335 0.938815 -0.253954 -0.231355 -0.023507

seq-06/frame-000492.color.png 1.015891 -0.499351 0.662965 0.938479 -0.257050 -0.229263 -0.023758

seq-06/frame-000493.color.png 1.008934 -0.509981 0.650431 0.937485 -0.263344 -0.226334 -0.022113

seq-06/frame-000494.color.png 1.005840 -0.512966 0.644461 0.936966 -0.267323 -0.223987 -0.020199

seq-06/frame-000495.color.png 1.001847 -0.519570 0.638396 0.935818 -0.273101 -0.222064 -0.017114

seq-06/frame-000496.color.png 0.993893 -0.531255 0.625836 0.934178 -0.276902 -0.224782 -0.007342

seq-06/frame-000497.color.png 0.989928 -0.534764 0.618625 0.934844 -0.276352 -0.222584 -0.009823

seq-06/frame-000498.color.png 0.987711 -0.538918 0.612534 0.935971 -0.275204 -0.218885 -0.015928

seq-06/frame-000499.color.png 0.985146 -0.551483 0.603611 0.937006 -0.275677 -0.213501 -0.019582

seq-06/frame-000500.color.png 0.983399 -0.556801 0.598369 0.937334 -0.274536 -0.213777 -0.016666

seq-06/frame-000501.color.png 0.991292 -0.563279 0.592971 0.936800 -0.274797 -0.216024 -0.013051

seq-06/frame-000502.color.png 0.991538 -0.565983 0.587599 0.936886 -0.275058 -0.215392 -0.011723

seq-06/frame-000503.color.png 0.989155 -0.568126 0.581195 0.936353 -0.277298 -0.214958 -0.009241

seq-06/frame-000504.color.png 0.984886 -0.574538 0.568596 0.935654 -0.278452 -0.216542 -0.008264

seq-06/frame-000505.color.png 0.982738 -0.578455 0.563305 0.935809 -0.279621 -0.214258 -0.010456

seq-06/frame-000506.color.png 0.980036 -0.583464 0.557335 0.936105 -0.278699 -0.214109 -0.011560

seq-06/frame-000507.color.png 0.977496 -0.586450 0.545332 0.935590 -0.278672 -0.216621 -0.005557

seq-06/frame-000508.color.png 0.976614 -0.590751 0.538471 0.934888 -0.279243 -0.218895 -0.005945

seq-06/frame-000509.color.png 0.973550 -0.592358 0.530724 0.935353 -0.277417 -0.219202 -0.006863

seq-06/frame-000510.color.png 0.971853 -0.594683 0.523998 0.935851 -0.276907 -0.217657 -0.008552

seq-06/frame-000511.color.png 0.972180 -0.597836 0.512212 0.935228 -0.275391 -0.222213 -0.008536

seq-06/frame-000512.color.png 0.970911 -0.597827 0.505057 0.934952 -0.276114 -0.222511 -0.007516

seq-06/frame-000513.color.png 0.968709 -0.601261 0.492258 0.934765 -0.276780 -0.222519 -0.006000

seq-06/frame-000514.color.png 0.969647 -0.600197 0.487112 0.934993 -0.275586 -0.223045 -0.005808

seq-06/frame-000515.color.png 0.971630 -0.597875 0.481760 0.934954 -0.276065 -0.222613 -0.005956

seq-06/frame-000516.color.png 0.969631 -0.598233 0.471313 0.934272 -0.279734 -0.220963 -0.001826

seq-06/frame-000517.color.png 0.969530 -0.597691 0.466295 0.933588 -0.281760 -0.221282 0.000933

seq-06/frame-000518.color.png 0.968066 -0.599994 0.460807 0.933084 -0.283576 -0.221087 0.001279

seq-06/frame-000519.color.png 0.966837 -0.596971 0.450134 0.932954 -0.284069 -0.221002 0.001094

seq-06/frame-000520.color.png 0.965491 -0.597893 0.445016 0.932165 -0.287164 -0.220333 0.000372

seq-06/frame-000521.color.png 0.961954 -0.598969 0.439325 0.931887 -0.288917 -0.219210 0.001753

seq-06/frame-000522.color.png 0.957613 -0.600513 0.430044 0.930119 -0.293768 -0.220183 0.006320

seq-06/frame-000523.color.png 0.957476 -0.601839 0.426725 0.929142 -0.295083 -0.222541 0.006264

seq-06/frame-000524.color.png 0.957096 -0.601992 0.423019 0.929041 -0.295426 -0.222518 0.005837

seq-06/frame-000525.color.png 0.953616 -0.601508 0.419043 0.929037 -0.297012 -0.220411 0.005916

seq-06/frame-000526.color.png 0.948977 -0.606304 0.412326 0.928332 -0.300080 -0.219265 0.003906

seq-06/frame-000527.color.png 0.946755 -0.606924 0.409428 0.928356 -0.301364 -0.217396 0.004071

seq-06/frame-000528.color.png 0.942810 -0.609313 0.405531 0.927619 -0.304247 -0.216506 0.004863

seq-06/frame-000529.color.png 0.942045 -0.613570 0.403210 0.926405 -0.307030 -0.217758 0.005400

seq-06/frame-000530.color.png 0.940721 -0.618916 0.396848 0.925891 -0.308924 -0.217251 0.005847

seq-06/frame-000531.color.png 0.936954 -0.620388 0.392830 0.926211 -0.310193 -0.214065 0.005632

seq-06/frame-000532.color.png 0.933663 -0.625128 0.390111 0.926116 -0.312628 -0.210920 0.005117

seq-06/frame-000533.color.png 0.927292 -0.632007 0.384401 0.925944 -0.315454 -0.207413 0.006129

seq-06/frame-000534.color.png 0.927168 -0.633521 0.381755 0.925867 -0.316622 -0.205949 0.006910

seq-06/frame-000535.color.png 0.924164 -0.634858 0.378046 0.925812 -0.319655 -0.201464 0.006796

seq-06/frame-000536.color.png 0.917511 -0.639011 0.375094 0.925854 -0.323823 -0.194559 0.004555

seq-06/frame-000537.color.png 0.907234 -0.650094 0.373538 0.926047 -0.328623 -0.185385 0.004160

seq-06/frame-000538.color.png 0.902954 -0.655328 0.372696 0.926425 -0.329884 -0.181166 0.005662

seq-06/frame-000539.color.png 0.898144 -0.659458 0.370886 0.927348 -0.329373 -0.177313 0.006290

seq-06/frame-000540.color.png 0.894548 -0.663341 0.371219 0.928011 -0.329176 -0.174171 0.006641

seq-06/frame-000541.color.png 0.889410 -0.666867 0.370490 0.928241 -0.329951 -0.171428 0.007328

seq-06/frame-000542.color.png 0.879590 -0.674183 0.369669 0.927786 -0.332826 -0.167992 0.012634

seq-06/frame-000543.color.png 0.875568 -0.677316 0.368744 0.927790 -0.333704 -0.166146 0.013524

seq-06/frame-000544.color.png 0.869551 -0.680935 0.368701 0.928178 -0.334069 -0.163308 0.012412

seq-06/frame-000545.color.png 0.866866 -0.683853 0.368924 0.928481 -0.334289 -0.161127 0.012324

seq-06/frame-000546.color.png 0.860256 -0.686188 0.367963 0.928966 -0.334537 -0.157526 0.015305

seq-06/frame-000547.color.png 0.853826 -0.687937 0.367199 0.929008 -0.335323 -0.155384 0.017269

seq-06/frame-000548.color.png 0.846631 -0.691974 0.367708 0.928714 -0.336863 -0.153645 0.018624

seq-06/frame-000549.color.png 0.839230 -0.694710 0.367920 0.928755 -0.337231 -0.152377 0.020260

seq-06/frame-000550.color.png 0.825606 -0.699365 0.367471 0.928609 -0.338615 -0.149536 0.024598

seq-06/frame-000551.color.png 0.819148 -0.702172 0.367708 0.928008 -0.340511 -0.148678 0.026248

seq-06/frame-000552.color.png 0.812760 -0.704648 0.367008 0.927785 -0.342048 -0.146099 0.028524

seq-06/frame-000553.color.png 0.806060 -0.707994 0.366188 0.927365 -0.344056 -0.143916 0.029138

seq-06/frame-000554.color.png 0.801424 -0.711690 0.365865 0.927101 -0.345540 -0.141976 0.029483

seq-06/frame-000555.color.png 0.795746 -0.715563 0.365303 0.927671 -0.345680 -0.137942 0.029044

seq-06/frame-000556.color.png 0.789671 -0.718636 0.365011 0.928307 -0.345842 -0.133234 0.028792

seq-06/frame-000557.color.png 0.783491 -0.722899 0.363811 0.928136 -0.347368 -0.130151 0.029987

seq-06/frame-000558.color.png 0.774948 -0.729732 0.361245 0.928120 -0.348337 -0.126982 0.032704

seq-06/frame-000559.color.png 0.769266 -0.733031 0.359547 0.928193 -0.349251 -0.123991 0.032372

seq-06/frame-000560.color.png 0.763377 -0.738038 0.358441 0.927659 -0.351189 -0.122733 0.031474

seq-06/frame-000561.color.png 0.758934 -0.742755 0.356624 0.927815 -0.351244 -0.121809 0.029819

seq-06/frame-000562.color.png 0.757171 -0.744973 0.354905 0.928329 -0.350804 -0.119809 0.026950

seq-06/frame-000563.color.png 0.750897 -0.749058 0.352877 0.928050 -0.352716 -0.116892 0.024323

seq-06/frame-000564.color.png 0.747300 -0.755867 0.352894 0.927135 -0.355327 -0.116579 0.022623

seq-06/frame-000565.color.png 0.737915 -0.764262 0.347645 0.927177 -0.354977 -0.118257 0.016995

seq-06/frame-000566.color.png 0.733853 -0.769641 0.347032 0.927116 -0.354935 -0.119143 0.014911

seq-06/frame-000567.color.png 0.731653 -0.774477 0.345602 0.927128 -0.354281 -0.120993 0.014789

seq-06/frame-000568.color.png 0.727331 -0.778622 0.343953 0.926990 -0.353846 -0.123292 0.014859

seq-06/frame-000569.color.png 0.723481 -0.784722 0.342905 0.926658 -0.354009 -0.125423 0.013819

seq-06/frame-000570.color.png 0.717887 -0.790387 0.340940 0.927365 -0.351813 -0.126606 0.011504

seq-06/frame-000571.color.png 0.716381 -0.793957 0.339040 0.928429 -0.348743 -0.127496 0.009027

seq-06/frame-000572.color.png 0.712451 -0.799005 0.337073 0.929228 -0.347142 -0.126085 0.008289

seq-06/frame-000573.color.png 0.706997 -0.806087 0.331114 0.930139 -0.343382 -0.129484 0.010121

seq-06/frame-000574.color.png 0.706393 -0.809176 0.328292 0.929860 -0.342807 -0.132934 0.010571

seq-06/frame-000575.color.png 0.704142 -0.812832 0.324909 0.929801 -0.342376 -0.134404 0.011048

seq-06/frame-000576.color.png 0.701293 -0.816151 0.321797 0.930329 -0.341074 -0.134135 0.010106

seq-06/frame-000577.color.png 0.700216 -0.819704 0.320177 0.930985 -0.339449 -0.133768 0.009281

seq-06/frame-000578.color.png 0.700156 -0.820755 0.317777 0.931297 -0.338276 -0.134466 0.010662

seq-06/frame-000579.color.png 0.694789 -0.821118 0.312841 0.930596 -0.339246 -0.136622 0.013285

seq-06/frame-000580.color.png 0.693697 -0.822323 0.311891 0.929754 -0.340884 -0.138257 0.013398

seq-06/frame-000581.color.png 0.691397 -0.822242 0.309786 0.929431 -0.342023 -0.137550 0.013999

seq-06/frame-000582.color.png 0.687883 -0.824368 0.309160 0.928933 -0.343879 -0.136292 0.013870

seq-06/frame-000583.color.png 0.683343 -0.827570 0.308418 0.928697 -0.344826 -0.135223 0.016399

seq-06/frame-000584.color.png 0.679350 -0.829014 0.308106 0.929040 -0.345199 -0.131749 0.017389

seq-06/frame-000585.color.png 0.675550 -0.831634 0.308150 0.929572 -0.345311 -0.127609 0.017642

seq-06/frame-000586.color.png 0.673669 -0.833988 0.309689 0.929986 -0.344775 -0.125934 0.018301

seq-06/frame-000587.color.png 0.670235 -0.835534 0.310064 0.930253 -0.344577 -0.123976 0.021545

seq-06/frame-000588.color.png 0.657397 -0.841090 0.312054 0.930877 -0.343795 -0.120135 0.027920

seq-06/frame-000589.color.png 0.654410 -0.842576 0.312997 0.932007 -0.341426 -0.117543 0.030204

seq-06/frame-000590.color.png 0.649826 -0.844472 0.315474 0.932943 -0.340082 -0.113038 0.033491

seq-06/frame-000591.color.png 0.644242 -0.848424 0.317933 0.933479 -0.339444 -0.109469 0.036741

seq-06/frame-000592.color.png 0.633429 -0.850766 0.320611 0.935546 -0.334266 -0.105945 0.041631

seq-06/frame-000593.color.png 0.625967 -0.853214 0.322343 0.935846 -0.334261 -0.102808 0.042776

seq-06/frame-000594.color.png 0.617577 -0.856523 0.323438 0.936558 -0.333195 -0.099550 0.043210

seq-06/frame-000595.color.png 0.611503 -0.858823 0.325289 0.937506 -0.331039 -0.097421 0.044074

seq-06/frame-000596.color.png 0.598191 -0.863155 0.328011 0.938660 -0.328193 -0.094428 0.047204

seq-06/frame-000597.color.png 0.589825 -0.865277 0.329105 0.939576 -0.325741 -0.092465 0.049783

seq-06/frame-000598.color.png 0.584291 -0.866547 0.330653 0.940478 -0.323314 -0.090703 0.051762

seq-06/frame-000599.color.png 0.574744 -0.867012 0.331132 0.941137 -0.321869 -0.088189 0.053116

seq-06/frame-000600.color.png 0.558660 -0.871987 0.332998 0.942135 -0.319540 -0.085647 0.053644

seq-06/frame-000601.color.png 0.551537 -0.872661 0.333558 0.942854 -0.317686 -0.083826 0.054887

seq-06/frame-000602.color.png 0.543032 -0.873821 0.333891 0.943308 -0.316788 -0.081532 0.055731

seq-06/frame-000603.color.png 0.527418 -0.875302 0.334777 0.943981 -0.315416 -0.078910 0.055895

seq-06/frame-000604.color.png 0.519467 -0.876669 0.335496 0.943835 -0.315955 -0.077980 0.056619

seq-06/frame-000605.color.png 0.513393 -0.879037 0.336957 0.943678 -0.315929 -0.078505 0.058620

seq-06/frame-000606.color.png 0.500263 -0.877262 0.337245 0.943977 -0.314520 -0.078337 0.061527

seq-06/frame-000607.color.png 0.492838 -0.878120 0.337581 0.943789 -0.315638 -0.076640 0.060822

seq-06/frame-000608.color.png 0.486873 -0.878601 0.338351 0.943907 -0.315638 -0.075619 0.060262

seq-06/frame-000609.color.png 0.480494 -0.879151 0.338682 0.943812 -0.315958 -0.075362 0.060399

seq-06/frame-000610.color.png 0.466160 -0.882492 0.339401 0.944401 -0.314753 -0.075132 0.057706

seq-06/frame-000611.color.png 0.459942 -0.882116 0.339056 0.944826 -0.313122 -0.076881 0.057317

seq-06/frame-000612.color.png 0.447906 -0.884281 0.337936 0.944715 -0.312933 -0.080069 0.055796

seq-06/frame-000613.color.png 0.442187 -0.883586 0.336127 0.945545 -0.310961 -0.079519 0.053494

seq-06/frame-000614.color.png 0.437606 -0.884826 0.335262 0.945796 -0.310974 -0.077389 0.052097

seq-06/frame-000615.color.png 0.426314 -0.887343 0.333154 0.947396 -0.305980 -0.076795 0.053449

seq-06/frame-000616.color.png 0.421693 -0.886451 0.331371 0.948051 -0.303379 -0.078417 0.054303

seq-06/frame-000617.color.png 0.417923 -0.885195 0.329737 0.948494 -0.301830 -0.079036 0.054297

seq-06/frame-000618.color.png 0.409199 -0.883389 0.327288 0.949076 -0.300699 -0.077980 0.051892

seq-06/frame-000619.color.png 0.405068 -0.883655 0.326253 0.949014 -0.300925 -0.077066 0.053065

seq-06/frame-000620.color.png 0.400828 -0.883739 0.325162 0.949217 -0.300369 -0.075941 0.054193

seq-06/frame-000621.color.png 0.391062 -0.882333 0.321930 0.950083 -0.298693 -0.072364 0.053151

seq-06/frame-000622.color.png 0.386900 -0.882771 0.321337 0.950016 -0.298845 -0.071545 0.054594

seq-06/frame-000623.color.png 0.381348 -0.884127 0.320465 0.950225 -0.298009 -0.071066 0.056127

seq-06/frame-000624.color.png 0.370351 -0.882819 0.317274 0.951519 -0.293374 -0.071731 0.057746

seq-06/frame-000625.color.png 0.363387 -0.883284 0.315819 0.951519 -0.293378 -0.071283 0.058283

seq-06/frame-000626.color.png 0.349719 -0.885360 0.314866 0.951873 -0.291330 -0.074406 0.058876

seq-06/frame-000627.color.png 0.342436 -0.886081 0.314268 0.951547 -0.291769 -0.076410 0.059400

seq-06/frame-000628.color.png 0.334669 -0.887465 0.313934 0.951357 -0.291879 -0.078094 0.059705

seq-06/frame-000629.color.png 0.320903 -0.888192 0.312949 0.951006 -0.292608 -0.080092 0.059072

seq-06/frame-000630.color.png 0.314318 -0.890311 0.312987 0.950686 -0.293411 -0.080993 0.059021

seq-06/frame-000631.color.png 0.307863 -0.891571 0.312855 0.950840 -0.293026 -0.080357 0.059321

seq-06/frame-000632.color.png 0.294392 -0.894551 0.310622 0.951146 -0.292382 -0.079666 0.058515

seq-06/frame-000633.color.png 0.287509 -0.895948 0.309612 0.951373 -0.291245 -0.081430 0.058073

seq-06/frame-000634.color.png 0.273270 -0.896655 0.306836 0.951742 -0.289931 -0.082209 0.057497

seq-06/frame-000635.color.png 0.266889 -0.896277 0.305513 0.951972 -0.289597 -0.081805 0.055928

seq-06/frame-000636.color.png 0.261300 -0.894759 0.304210 0.951839 -0.290031 -0.081924 0.055776

seq-06/frame-000637.color.png 0.249769 -0.893950 0.303129 0.950738 -0.293978 -0.080508 0.055940

seq-06/frame-000638.color.png 0.244319 -0.894985 0.302956 0.950359 -0.295479 -0.079730 0.055589

seq-06/frame-000639.color.png 0.234253 -0.893531 0.301287 0.949924 -0.296600 -0.078980 0.058069

seq-06/frame-000640.color.png 0.229029 -0.892845 0.300878 0.949483 -0.298603 -0.077473 0.057038

seq-06/frame-000641.color.png 0.222810 -0.894371 0.301280 0.948977 -0.300919 -0.075942 0.055305

seq-06/frame-000642.color.png 0.210927 -0.895484 0.302254 0.948584 -0.302080 -0.076749 0.054614

seq-06/frame-000643.color.png 0.205229 -0.897105 0.304020 0.948435 -0.302106 -0.078767 0.054180

seq-06/frame-000644.color.png 0.193221 -0.899606 0.307404 0.948936 -0.299837 -0.081592 0.053833

seq-06/frame-000645.color.png 0.186866 -0.899253 0.308567 0.949298 -0.298440 -0.082351 0.054056

seq-06/frame-000646.color.png 0.181192 -0.897295 0.309333 0.949503 -0.297929 -0.082148 0.053580

seq-06/frame-000647.color.png 0.168411 -0.897540 0.314583 0.948750 -0.301257 -0.079308 0.052572

seq-06/frame-000648.color.png 0.161842 -0.897979 0.317710 0.948632 -0.301472 -0.079074 0.053814

seq-06/frame-000649.color.png 0.148469 -0.897070 0.323472 0.948154 -0.302181 -0.080823 0.055626

seq-06/frame-000650.color.png 0.142396 -0.897202 0.327282 0.947698 -0.303260 -0.081605 0.056382

seq-06/frame-000651.color.png 0.135607 -0.896899 0.330400 0.947413 -0.303816 -0.082261 0.057213

seq-06/frame-000652.color.png 0.123167 -0.896304 0.336352 0.947065 -0.304391 -0.082889 0.058978

seq-06/frame-000653.color.png 0.116367 -0.895047 0.338104 0.947037 -0.304519 -0.081930 0.060091

seq-06/frame-000654.color.png 0.109579 -0.893726 0.340225 0.946765 -0.305539 -0.080526 0.061103

seq-06/frame-000655.color.png 0.097229 -0.894569 0.344653 0.946206 -0.307359 -0.077906 0.063965

seq-06/frame-000656.color.png 0.091504 -0.893167 0.345422 0.946385 -0.307331 -0.075276 0.064588

seq-06/frame-000657.color.png 0.084704 -0.893109 0.346840 0.946200 -0.308139 -0.072384 0.066716

seq-06/frame-000658.color.png 0.072625 -0.891766 0.349519 0.946120 -0.308017 -0.069669 0.071158

seq-06/frame-000659.color.png 0.067091 -0.890562 0.350855 0.946093 -0.308234 -0.068095 0.072093

seq-06/frame-000660.color.png 0.061382 -0.889005 0.351493 0.945940 -0.308823 -0.066347 0.073205

seq-06/frame-000661.color.png 0.050050 -0.885327 0.352932 0.945644 -0.310424 -0.062367 0.073749

seq-06/frame-000662.color.png 0.044088 -0.883141 0.353373 0.945103 -0.312636 -0.059797 0.073471

seq-06/frame-000663.color.png 0.038212 -0.881502 0.354094 0.944385 -0.315160 -0.057893 0.073441

seq-06/frame-000664.color.png 0.027306 -0.877208 0.353775 0.942910 -0.319230 -0.056632 0.075765

seq-06/frame-000665.color.png 0.022129 -0.874712 0.353312 0.942094 -0.321624 -0.057065 0.075466

seq-06/frame-000666.color.png 0.018300 -0.872534 0.352788 0.941197 -0.324575 -0.056891 0.074141

seq-06/frame-000667.color.png 0.010097 -0.868067 0.349948 0.939739 -0.329349 -0.054335 0.073499

seq-06/frame-000668.color.png 0.006452 -0.867759 0.348955 0.938623 -0.332518 -0.053253 0.074278

seq-06/frame-000669.color.png 0.002838 -0.866989 0.347012 0.938117 -0.333800 -0.053584 0.074680

seq-06/frame-000670.color.png 0.000027 -0.864262 0.344174 0.937713 -0.334413 -0.055473 0.075626

seq-06/frame-000671.color.png -0.004043 -0.858832 0.338031 0.936368 -0.337931 -0.056896 0.075589

seq-06/frame-000672.color.png -0.006414 -0.855554 0.334110 0.935725 -0.340289 -0.056344 0.073352

seq-06/frame-000673.color.png -0.008893 -0.853588 0.330583 0.934732 -0.343419 -0.056630 0.071179

seq-06/frame-000674.color.png -0.009799 -0.851124 0.326697 0.933929 -0.345740 -0.057686 0.069621

seq-06/frame-000675.color.png -0.013236 -0.844604 0.315958 0.932239 -0.351244 -0.055534 0.066393

seq-06/frame-000676.color.png -0.013873 -0.843006 0.311630 0.931050 -0.354430 -0.056811 0.065054

seq-06/frame-000677.color.png -0.013646 -0.840507 0.306237 0.929997 -0.357110 -0.058704 0.063756

seq-06/frame-000678.color.png -0.013346 -0.839330 0.301021 0.928857 -0.360118 -0.059377 0.062824

seq-06/frame-000679.color.png -0.012592 -0.835933 0.288287 0.927852 -0.363072 -0.060971 0.059033

seq-06/frame-000680.color.png -0.013086 -0.835288 0.281778 0.927011 -0.365503 -0.061548 0.056598

seq-06/frame-000681.color.png -0.012402 -0.834413 0.275249 0.926364 -0.367357 -0.062868 0.053654

seq-06/frame-000682.color.png -0.011627 -0.832835 0.267935 0.925650 -0.369359 -0.063689 0.051210

seq-06/frame-000683.color.png -0.012150 -0.831809 0.260716 0.924805 -0.371943 -0.063765 0.047554

seq-06/frame-000684.color.png -0.012137 -0.830871 0.252842 0.923843 -0.374779 -0.064332 0.042988

seq-06/frame-000685.color.png -0.010949 -0.831774 0.238760 0.921877 -0.379337 -0.068372 0.038786

seq-06/frame-000686.color.png -0.009951 -0.832242 0.231660 0.921011 -0.380693 -0.072415 0.038723

seq-06/frame-000687.color.png -0.010049 -0.830400 0.223124 0.920563 -0.381355 -0.075493 0.036956

seq-06/frame-000688.color.png -0.008771 -0.828758 0.214898 0.919997 -0.382973 -0.076351 0.032243

seq-06/frame-000689.color.png -0.006567 -0.829821 0.208884 0.919341 -0.384996 -0.075806 0.027830

seq-06/frame-000690.color.png -0.005416 -0.829408 0.200461 0.919383 -0.385347 -0.074331 0.025478

seq-06/frame-000691.color.png -0.003484 -0.828875 0.192410 0.919093 -0.385960 -0.074843 0.025159

seq-06/frame-000692.color.png -0.001974 -0.829837 0.183954 0.918119 -0.387578 -0.077823 0.026768

seq-06/frame-000693.color.png 0.000513 -0.829873 0.175729 0.917708 -0.387475 -0.082912 0.027050

seq-06/frame-000694.color.png 0.004118 -0.826681 0.156929 0.917024 -0.388509 -0.086141 0.025266

seq-06/frame-000695.color.png 0.006004 -0.826725 0.148566 0.916602 -0.389785 -0.085231 0.023963

seq-06/frame-000696.color.png 0.008279 -0.825554 0.139990 0.916097 -0.390799 -0.086507 0.022115

seq-06/frame-000697.color.png 0.013134 -0.827085 0.133126 0.914154 -0.394079 -0.091862 0.022743

seq-06/frame-000698.color.png 0.016909 -0.829193 0.126536 0.912572 -0.396317 -0.097034 0.025708

seq-06/frame-000699.color.png 0.019080 -0.826891 0.115765 0.913256 -0.394717 -0.097081 0.025841

seq-06/frame-000700.color.png 0.020050 -0.825984 0.105800 0.913904 -0.394339 -0.093031 0.023484

seq-06/frame-000701.color.png 0.022362 -0.827206 0.097142 0.914095 -0.394828 -0.089662 0.020810

seq-06/frame-000702.color.png 0.024309 -0.828536 0.087911 0.914314 -0.394935 -0.086765 0.021408

seq-06/frame-000703.color.png 0.027180 -0.830136 0.079178 0.914403 -0.394903 -0.085465 0.023327

seq-06/frame-000704.color.png 0.029569 -0.832487 0.070786 0.914503 -0.394592 -0.085226 0.025446

seq-06/frame-000705.color.png 0.032462 -0.832897 0.060445 0.915603 -0.392043 -0.085025 0.025964

seq-06/frame-000706.color.png 0.033386 -0.833841 0.049607 0.916516 -0.390117 -0.083714 0.027002

seq-06/frame-000707.color.png 0.035474 -0.835336 0.039710 0.917577 -0.387565 -0.083684 0.027806

seq-06/frame-000708.color.png 0.038928 -0.834317 0.028827 0.919410 -0.383500 -0.082832 0.026126

seq-06/frame-000709.color.png 0.039351 -0.831897 0.015848 0.921360 -0.379995 -0.077920 0.023618

seq-06/frame-000710.color.png 0.042013 -0.833536 0.007652 0.922145 -0.378979 -0.073884 0.022231

seq-06/frame-000711.color.png 0.043411 -0.835593 -0.001646 0.922817 -0.377716 -0.071052 0.024915

seq-06/frame-000712.color.png 0.048104 -0.833227 -0.021766 0.925457 -0.371503 -0.068026 0.028607

seq-06/frame-000713.color.png 0.050849 -0.832854 -0.031126 0.926650 -0.369379 -0.063905 0.026947

seq-06/frame-000714.color.png 0.051183 -0.834182 -0.040321 0.927683 -0.367703 -0.058936 0.025594

seq-06/frame-000715.color.png 0.052059 -0.834673 -0.049398 0.928770 -0.365677 -0.054467 0.025119

seq-06/frame-000716.color.png 0.051578 -0.837315 -0.057867 0.929513 -0.364302 -0.049709 0.027375

seq-06/frame-000717.color.png 0.052706 -0.838951 -0.066983 0.930816 -0.361066 -0.047792 0.029310

seq-06/frame-000718.color.png 0.055060 -0.837985 -0.085342 0.934219 -0.351836 -0.047065 0.034069

seq-06/frame-000719.color.png 0.056723 -0.836429 -0.093951 0.935570 -0.348054 -0.047065 0.035805

seq-06/frame-000720.color.png 0.058343 -0.835608 -0.101762 0.936586 -0.345494 -0.045808 0.035668

seq-06/frame-000721.color.png 0.058731 -0.836180 -0.108921 0.937447 -0.343767 -0.041937 0.034472

seq-06/frame-000722.color.png 0.059722 -0.838663 -0.115729 0.938309 -0.341735 -0.037834 0.035947

seq-06/frame-000723.color.png 0.063165 -0.839127 -0.130366 0.940857 -0.333698 -0.034837 0.046375

seq-06/frame-000724.color.png 0.063807 -0.838268 -0.137471 0.942621 -0.328660 -0.032607 0.048124

seq-06/frame-000725.color.png 0.065688 -0.836292 -0.144524 0.944179 -0.324190 -0.029691 0.049762

seq-06/frame-000726.color.png 0.068612 -0.838085 -0.155290 0.946152 -0.317539 -0.025429 0.056998

seq-06/frame-000727.color.png 0.068372 -0.837114 -0.161642 0.947578 -0.313125 -0.022224 0.059028

seq-06/frame-000728.color.png 0.068628 -0.836933 -0.167705 0.948808 -0.309284 -0.018144 0.060893

seq-06/frame-000729.color.png 0.069978 -0.838530 -0.178198 0.951053 -0.301038 -0.011101 0.068426

seq-06/frame-000730.color.png 0.070327 -0.837344 -0.183651 0.952525 -0.295723 -0.008624 0.071417

seq-06/frame-000731.color.png 0.069645 -0.837291 -0.188798 0.953602 -0.291406 -0.007582 0.074829

seq-06/frame-000732.color.png 0.070147 -0.835472 -0.197851 0.955783 -0.282580 -0.007242 0.080655

seq-06/frame-000733.color.png 0.070243 -0.834036 -0.202259 0.957176 -0.277560 -0.004488 0.081762

seq-06/frame-000734.color.png 0.067892 -0.833156 -0.209934 0.959142 -0.268027 -0.000798 0.090207

seq-06/frame-000735.color.png 0.067474 -0.830612 -0.213319 0.960117 -0.263048 -0.001291 0.094389

seq-06/frame-000736.color.png 0.065859 -0.829854 -0.218849 0.961644 -0.254754 0.000174 0.101348

seq-06/frame-000737.color.png 0.064587 -0.826757 -0.222535 0.962905 -0.248543 0.001096 0.104735

seq-06/frame-000738.color.png 0.062114 -0.821968 -0.229711 0.963913 -0.242135 0.003061 0.110288

seq-06/frame-000739.color.png 0.060710 -0.821395 -0.233417 0.964802 -0.238101 0.006360 0.111156

seq-06/frame-000740.color.png 0.054430 -0.818949 -0.242600 0.966140 -0.229836 0.007498 0.116715

seq-06/frame-000741.color.png 0.055378 -0.817699 -0.247042 0.966813 -0.225624 0.005246 0.119456

seq-06/frame-000742.color.png 0.057019 -0.812711 -0.259350 0.967755 -0.219938 0.007131 0.122296

seq-06/frame-000743.color.png 0.056404 -0.813167 -0.266317 0.968137 -0.216905 0.010444 0.124440

seq-06/frame-000744.color.png 0.058789 -0.809555 -0.282568 0.969053 -0.210640 0.012522 0.127829

seq-06/frame-000745.color.png 0.058656 -0.809002 -0.291083 0.969650 -0.207572 0.015230 0.128030

seq-06/frame-000746.color.png 0.062877 -0.806536 -0.310713 0.970395 -0.201508 0.017466 0.131730

seq-06/frame-000747.color.png 0.069805 -0.802466 -0.330608 0.971175 -0.195349 0.015833 0.135413

seq-06/frame-000748.color.png 0.072826 -0.798717 -0.340634 0.971369 -0.193074 0.016112 0.137245

seq-06/frame-000749.color.png 0.078722 -0.797113 -0.360037 0.971251 -0.190675 0.012926 0.141697

seq-06/frame-000750.color.png 0.082541 -0.795224 -0.369447 0.971506 -0.187399 0.010368 0.144499

seq-06/frame-000751.color.png 0.090759 -0.789904 -0.389102 0.972076 -0.183697 0.004843 0.145704

seq-06/frame-000752.color.png 0.101186 -0.782596 -0.409173 0.972692 -0.177212 0.000246 0.149654

seq-06/frame-000753.color.png 0.103758 -0.781339 -0.418950 0.973069 -0.175399 -0.001310 0.149336

seq-06/frame-000754.color.png 0.113831 -0.772739 -0.439409 0.974905 -0.169261 -0.006783 0.144204

seq-06/frame-000755.color.png 0.117277 -0.769011 -0.460082 0.976057 -0.166118 -0.003803 0.140122

seq-06/frame-000756.color.png 0.118447 -0.764677 -0.470204 0.977120 -0.163172 -0.002685 0.136138

seq-06/frame-000757.color.png 0.120998 -0.754428 -0.490216 0.979288 -0.160648 -0.001229 0.122945

seq-06/frame-000758.color.png 0.125397 -0.750097 -0.499139 0.979853 -0.161608 -0.001615 0.117037

seq-06/frame-000759.color.png 0.127372 -0.743912 -0.515980 0.980602 -0.163283 0.001438 0.108101

seq-06/frame-000760.color.png 0.129789 -0.739891 -0.531595 0.981361 -0.165164 0.003376 0.097828

seq-06/frame-000761.color.png 0.131779 -0.736590 -0.539073 0.981735 -0.165303 0.002992 0.093773

seq-06/frame-000762.color.png 0.134185 -0.731704 -0.551026 0.982222 -0.166258 0.002303 0.086741

seq-06/frame-000763.color.png 0.135842 -0.727998 -0.557665 0.982391 -0.166844 0.004043 0.083576

seq-06/frame-000764.color.png 0.136480 -0.726455 -0.568445 0.982952 -0.167645 0.006599 0.074751

seq-06/frame-000765.color.png 0.137149 -0.722813 -0.573034 0.983145 -0.167773 0.007288 0.071796

seq-06/frame-000766.color.png 0.137730 -0.722562 -0.579883 0.983354 -0.169744 0.007035 0.063890

seq-06/frame-000767.color.png 0.140095 -0.722424 -0.583020 0.983634 -0.169923 0.007123 0.058912

seq-06/frame-000768.color.png 0.138617 -0.720452 -0.588738 0.984127 -0.170233 0.009496 0.048527

seq-06/frame-000769.color.png 0.139128 -0.723646 -0.590708 0.984329 -0.170738 0.009399 0.042280

seq-06/frame-000770.color.png 0.140469 -0.723417 -0.593477 0.984983 -0.168380 0.009876 0.035891

seq-06/frame-000771.color.png 0.140401 -0.722226 -0.597156 0.986086 -0.164255 0.010975 0.021537

seq-06/frame-000772.color.png 0.142789 -0.719792 -0.598923 0.986490 -0.162819 0.010255 0.012363

seq-06/frame-000773.color.png 0.142955 -0.719937 -0.600266 0.986486 -0.163185 0.011215 0.004393

seq-06/frame-000774.color.png 0.143513 -0.718628 -0.604660 0.986300 -0.163843 0.014326 -0.009641

seq-06/frame-000775.color.png 0.144398 -0.717567 -0.606399 0.986160 -0.164086 0.015740 -0.015712

seq-06/frame-000776.color.png 0.143126 -0.717238 -0.608056 0.985739 -0.165636 0.017627 -0.022436

seq-06/frame-000777.color.png 0.142122 -0.719438 -0.611108 0.985060 -0.166262 0.019595 -0.039490

seq-06/frame-000778.color.png 0.144727 -0.716578 -0.612212 0.984949 -0.164907 0.020899 -0.046636

seq-06/frame-000779.color.png 0.144576 -0.717857 -0.613228 0.984738 -0.164623 0.021714 -0.051458

seq-06/frame-000780.color.png 0.146362 -0.714956 -0.615859 0.984857 -0.160609 0.021064 -0.061219

seq-06/frame-000781.color.png 0.149079 -0.713536 -0.616775 0.984564 -0.160012 0.020924 -0.067251

seq-06/frame-000782.color.png 0.150512 -0.712228 -0.618289 0.984236 -0.159566 0.020736 -0.072927

seq-06/frame-000783.color.png 0.149876 -0.709563 -0.622974 0.983974 -0.156403 0.018666 -0.083157

seq-06/frame-000784.color.png 0.150514 -0.710259 -0.624448 0.983431 -0.155238 0.017554 -0.091575

seq-06/frame-000785.color.png 0.151959 -0.710708 -0.627527 0.982998 -0.153681 0.017308 -0.098630

seq-06/frame-000786.color.png 0.151684 -0.707940 -0.634458 0.982591 -0.148848 0.018649 -0.109275

seq-06/frame-000787.color.png 0.153896 -0.704078 -0.637725 0.982519 -0.146484 0.017165 -0.113282

seq-06/frame-000788.color.png 0.156096 -0.701218 -0.639769 0.982170 -0.146749 0.014819 -0.116262

seq-06/frame-000789.color.png 0.157925 -0.701563 -0.646552 0.981040 -0.147064 0.009576 -0.125581

seq-06/frame-000790.color.png 0.155952 -0.699204 -0.649837 0.980297 -0.147564 0.011391 -0.130549

seq-06/frame-000791.color.png 0.146578 -0.697946 -0.657026 0.979185 -0.144083 0.010963 -0.142288

seq-06/frame-000792.color.png 0.147873 -0.693110 -0.660223 0.979391 -0.140774 0.007148 -0.144407

seq-06/frame-000793.color.png 0.151559 -0.690043 -0.666180 0.978768 -0.140273 -0.000895 -0.149216

seq-06/frame-000794.color.png 0.154640 -0.686973 -0.672822 0.978436 -0.139090 -0.006793 -0.152311

seq-06/frame-000795.color.png 0.154219 -0.687154 -0.676377 0.977965 -0.141579 -0.007801 -0.152993

seq-06/frame-000796.color.png 0.159372 -0.684891 -0.684308 0.977738 -0.140474 -0.014252 -0.154988

seq-06/frame-000797.color.png 0.159533 -0.683344 -0.688575 0.977008 -0.141003 -0.015689 -0.158919

seq-06/frame-000798.color.png 0.163270 -0.684918 -0.696901 0.976271 -0.135171 -0.021112 -0.167648

seq-06/frame-000799.color.png 0.167784 -0.683190 -0.700098 0.976425 -0.132655 -0.026289 -0.168029

seq-06/frame-000800.color.png 0.173217 -0.679283 -0.708529 0.975379 -0.130094 -0.033949 -0.174606

seq-06/frame-000801.color.png 0.180036 -0.678694 -0.716514 0.974140 -0.130299 -0.041668 -0.179627

seq-06/frame-000802.color.png 0.184627 -0.677762 -0.720760 0.973569 -0.128150 -0.046090 -0.183154

seq-06/frame-000803.color.png 0.193744 -0.673983 -0.729425 0.972044 -0.124182 -0.055243 -0.191275

seq-06/frame-000804.color.png 0.207530 -0.671420 -0.738113 0.970310 -0.117469 -0.064311 -0.201226

seq-06/frame-000805.color.png 0.214329 -0.672790 -0.743167 0.969241 -0.114915 -0.070743 -0.205643

seq-06/frame-000806.color.png 0.229450 -0.668263 -0.753009 0.967654 -0.106481 -0.079498 -0.214278

seq-06/frame-000807.color.png 0.248401 -0.663643 -0.760355 0.964550 -0.101711 -0.091600 -0.225466

seq-06/frame-000808.color.png 0.265214 -0.664474 -0.768148 0.962079 -0.096913 -0.100013 -0.234385

seq-06/frame-000809.color.png 0.273882 -0.662993 -0.773466 0.961138 -0.094033 -0.104788 -0.237312

seq-06/frame-000810.color.png 0.286949 -0.658498 -0.783284 0.959206 -0.089801 -0.109935 -0.244338

seq-06/frame-000811.color.png 0.306532 -0.654020 -0.792865 0.957428 -0.089953 -0.118585 -0.247194

seq-06/frame-000812.color.png 0.324144 -0.649481 -0.802237 0.955209 -0.089034 -0.124695 -0.253031

seq-06/frame-000813.color.png 0.336910 -0.649495 -0.806573 0.954801 -0.087860 -0.128462 -0.253099

seq-06/frame-000814.color.png 0.353577 -0.643531 -0.814434 0.954874 -0.084751 -0.135392 -0.250254

seq-06/frame-000815.color.png 0.371496 -0.638961 -0.823858 0.954235 -0.083122 -0.141979 -0.249588

seq-06/frame-000816.color.png 0.387290 -0.632914 -0.832005 0.954061 -0.082185 -0.143782 -0.249532

seq-06/frame-000817.color.png 0.400254 -0.627938 -0.838257 0.953401 -0.084099 -0.145410 -0.250469

seq-06/frame-000818.color.png 0.419396 -0.626029 -0.842088 0.952450 -0.085467 -0.149274 -0.251348

seq-06/frame-000819.color.png 0.429532 -0.624342 -0.845967 0.952442 -0.085213 -0.150668 -0.250634

seq-06/frame-000820.color.png 0.443022 -0.620128 -0.849448 0.951380 -0.085857 -0.150447 -0.254549

seq-06/frame-000821.color.png 0.455508 -0.617212 -0.849404 0.949984 -0.082183 -0.154417 -0.258567

seq-06/frame-000822.color.png 0.461841 -0.619047 -0.849461 0.948669 -0.081018 -0.156839 -0.262279

seq-06/frame-000823.color.png 0.471112 -0.617361 -0.849650 0.947277 -0.074463 -0.158982 -0.267900

seq-06/frame-000824.color.png 0.485652 -0.618704 -0.847156 0.945642 -0.070366 -0.161613 -0.273159

seq-06/frame-000825.color.png 0.494850 -0.614252 -0.845586 0.945816 -0.068302 -0.162900 -0.272315

seq-06/frame-000826.color.png 0.505392 -0.615447 -0.843693 0.945675 -0.069763 -0.165482 -0.270873

seq-06/frame-000827.color.png 0.520230 -0.615369 -0.841789 0.948441 -0.070326 -0.168300 -0.259063

seq-06/frame-000828.color.png 0.539384 -0.618024 -0.837091 0.951554 -0.071999 -0.176771 -0.240909

seq-06/frame-000829.color.png 0.546765 -0.620036 -0.835575 0.953537 -0.072064 -0.181737 -0.229063

seq-06/frame-000830.color.png 0.568479 -0.617737 -0.831082 0.957019 -0.073830 -0.182192 -0.213059

seq-06/frame-000831.color.png 0.576548 -0.615760 -0.828804 0.958033 -0.076461 -0.184970 -0.205030

seq-06/frame-000832.color.png 0.591357 -0.616841 -0.823388 0.959139 -0.080409 -0.191185 -0.192247

seq-06/frame-000833.color.png 0.606821 -0.617604 -0.817923 0.960840 -0.082771 -0.192896 -0.180696

seq-06/frame-000834.color.png 0.609108 -0.615965 -0.822882 0.963774 -0.084183 -0.192892 -0.163616

seq-06/frame-000835.color.png 0.615305 -0.615130 -0.821549 0.965077 -0.083710 -0.193120 -0.155721

seq-06/frame-000836.color.png 0.628565 -0.613207 -0.819285 0.966804 -0.083683 -0.194388 -0.142915

seq-06/frame-000837.color.png 0.641040 -0.611390 -0.817616 0.969039 -0.084399 -0.194185 -0.126719

seq-06/frame-000838.color.png 0.653696 -0.612407 -0.815764 0.970206 -0.081740 -0.197357 -0.113992

seq-06/frame-000839.color.png 0.658069 -0.609214 -0.815081 0.971270 -0.081373 -0.198231 -0.103164

seq-06/frame-000840.color.png 0.665022 -0.607588 -0.812375 0.972402 -0.085191 -0.199716 -0.084940

seq-06/frame-000841.color.png 0.670503 -0.606819 -0.811496 0.972570 -0.088551 -0.200471 -0.077472

seq-06/frame-000842.color.png 0.681325 -0.610879 -0.805847 0.972665 -0.092965 -0.204390 -0.058557

seq-06/frame-000843.color.png 0.693509 -0.610771 -0.801548 0.971791 -0.097395 -0.211296 -0.037618

seq-06/frame-000844.color.png 0.697473 -0.610803 -0.800756 0.971554 -0.098947 -0.212831 -0.030314

seq-06/frame-000845.color.png 0.701222 -0.611588 -0.800064 0.971697 -0.099162 -0.212864 -0.024169

seq-06/frame-000846.color.png 0.715844 -0.610350 -0.795500 0.971200 -0.097517 -0.216924 -0.011362

seq-06/frame-000847.color.png 0.722386 -0.612452 -0.792819 0.970602 -0.099083 -0.219157 -0.002783

seq-06/frame-000848.color.png 0.735054 -0.610750 -0.790659 0.969466 -0.101578 -0.222168 0.019556

seq-06/frame-000849.color.png 0.741724 -0.611722 -0.788228 0.968688 -0.103606 -0.223512 0.029595

seq-06/frame-000850.color.png 0.755217 -0.612860 -0.785737 0.967037 -0.106235 -0.226080 0.048629

seq-06/frame-000851.color.png 0.762101 -0.612537 -0.783574 0.965935 -0.107438 -0.228618 0.055530

seq-06/frame-000852.color.png 0.775292 -0.611316 -0.779672 0.963025 -0.111594 -0.233874 0.073188

seq-06/frame-000853.color.png 0.782022 -0.611846 -0.777988 0.962276 -0.113482 -0.234863 0.076868

seq-06/frame-000854.color.png 0.795385 -0.611964 -0.772912 0.960505 -0.115685 -0.238502 0.084179

seq-06/frame-000855.color.png 0.812066 -0.615503 -0.764937 0.955521 -0.124580 -0.246577 0.102869

seq-06/frame-000856.color.png 0.819546 -0.616196 -0.762373 0.953449 -0.128329 -0.249818 0.109455

seq-06/frame-000857.color.png 0.832434 -0.614988 -0.758744 0.951562 -0.129744 -0.252000 0.118802

seq-06/frame-000858.color.png 0.847556 -0.618577 -0.752375 0.948765 -0.135379 -0.254702 0.128707

seq-06/frame-000859.color.png 0.853755 -0.621302 -0.750597 0.947477 -0.137170 -0.255494 0.134596

seq-06/frame-000860.color.png 0.867751 -0.622957 -0.744782 0.944294 -0.138296 -0.260625 0.145527

seq-06/frame-000861.color.png 0.881065 -0.621276 -0.738757 0.942021 -0.140107 -0.265358 0.149912

seq-06/frame-000862.color.png 0.888100 -0.622688 -0.734357 0.941073 -0.143641 -0.266293 0.150855

seq-06/frame-000863.color.png 0.897984 -0.625536 -0.728747 0.938621 -0.148010 -0.267987 0.158706

seq-06/frame-000864.color.png 0.909827 -0.630457 -0.722185 0.934763 -0.153076 -0.273890 0.166405

seq-06/frame-000865.color.png 0.922339 -0.632767 -0.714196 0.932819 -0.159179 -0.274040 0.171269

seq-06/frame-000866.color.png 0.934147 -0.637009 -0.707996 0.929528 -0.160456 -0.279593 0.178824

seq-06/frame-000867.color.png 0.943552 -0.636988 -0.701625 0.926932 -0.160213 -0.285221 0.183566

seq-06/frame-000868.color.png 0.953554 -0.633323 -0.697089 0.925313 -0.161559 -0.286346 0.188733

seq-06/frame-000869.color.png 0.958085 -0.630103 -0.694654 0.925144 -0.163376 -0.284638 0.190573

seq-06/frame-000870.color.png 0.966864 -0.636382 -0.689540 0.922199 -0.168449 -0.282557 0.203109

seq-06/frame-000871.color.png 0.972322 -0.630334 -0.685341 0.917045 -0.173165 -0.285004 0.218480

seq-06/frame-000872.color.png 0.977756 -0.641223 -0.678075 0.911995 -0.177820 -0.287932 0.231644

seq-06/frame-000873.color.png 0.985973 -0.638554 -0.667447 0.911320 -0.178058 -0.286726 0.235578

seq-06/frame-000874.color.png 0.988505 -0.640314 -0.657837 0.909103 -0.180771 -0.286092 0.242741

seq-06/frame-000875.color.png 0.992612 -0.644012 -0.643931 0.907875 -0.181407 -0.284675 0.248458

seq-06/frame-000876.color.png 0.996762 -0.642754 -0.629532 0.905531 -0.186762 -0.284342 0.253377

seq-06/frame-000877.color.png 0.996258 -0.647331 -0.616282 0.905246 -0.191307 -0.278940 0.256984

seq-06/frame-000878.color.png 0.989518 -0.651392 -0.607132 0.902625 -0.192899 -0.278343 0.265519

seq-06/frame-000879.color.png 0.993630 -0.655730 -0.586739 0.900132 -0.197211 -0.281151 0.267845

seq-06/frame-000880.color.png 0.996082 -0.659358 -0.573858 0.897954 -0.200848 -0.282761 0.270742

seq-06/frame-000881.color.png 1.001587 -0.658964 -0.561753 0.897423 -0.200607 -0.286068 0.269202

seq-06/frame-000882.color.png 1.008076 -0.661612 -0.549480 0.897214 -0.202902 -0.288116 0.265975

seq-06/frame-000883.color.png 1.017705 -0.664891 -0.536135 0.897519 -0.204108 -0.289516 0.262482

seq-06/frame-000884.color.png 1.027168 -0.665997 -0.523516 0.897443 -0.205818 -0.294211 0.256106

seq-06/frame-000885.color.png 1.038793 -0.670034 -0.509292 0.898652 -0.208008 -0.296201 0.247664

seq-06/frame-000886.color.png 1.051008 -0.675953 -0.496389 0.897298 -0.211133 -0.301889 0.243019

seq-06/frame-000887.color.png 1.064902 -0.674133 -0.483110 0.896628 -0.212680 -0.308432 0.235821

seq-06/frame-000888.color.png 1.077632 -0.679941 -0.471406 0.896877 -0.213710 -0.311623 0.229666

seq-06/frame-000889.color.png 1.091472 -0.684746 -0.459581 0.894530 -0.215062 -0.319402 0.226852

seq-06/frame-000890.color.png 1.104176 -0.688123 -0.449484 0.896829 -0.207275 -0.325182 0.216577

seq-06/frame-000891.color.png 1.117336 -0.690302 -0.438177 0.900276 -0.195282 -0.334594 0.198320

seq-06/frame-000892.color.png 1.129217 -0.689428 -0.425867 0.903206 -0.187618 -0.343307 0.176279

seq-06/frame-000893.color.png 1.135231 -0.692990 -0.419363 0.904810 -0.183858 -0.345594 0.167315

seq-06/frame-000894.color.png 1.145881 -0.692922 -0.405091 0.907122 -0.175510 -0.354140 0.144315

seq-06/frame-000895.color.png 1.153756 -0.694519 -0.392055 0.909960 -0.168187 -0.359270 0.120523

seq-06/frame-000896.color.png 1.162462 -0.693312 -0.375906 0.912047 -0.155628 -0.367832 0.092550

seq-06/frame-000897.color.png 1.168635 -0.690482 -0.361276 0.910991 -0.151364 -0.376404 0.073611

seq-06/frame-000898.color.png 1.176044 -0.692505 -0.347180 0.909562 -0.149070 -0.383250 0.059235

seq-06/frame-000899.color.png 1.181038 -0.687775 -0.336864 0.908863 -0.144921 -0.387860 0.049450

seq-06/frame-000900.color.png 1.185415 -0.689062 -0.330082 0.908463 -0.144264 -0.389856 0.042539

seq-06/frame-000901.color.png 1.191563 -0.687911 -0.320657 0.908977 -0.140244 -0.391472 0.027516

seq-06/frame-000902.color.png 1.195407 -0.689899 -0.313873 0.909666 -0.136631 -0.391932 0.012012

seq-06/frame-000903.color.png 1.200537 -0.689526 -0.306263 0.911359 -0.131562 -0.389892 -0.003911

seq-06/frame-000904.color.png 1.201722 -0.686842 -0.302841 0.913670 -0.122609 -0.386926 -0.019424

seq-06/frame-000905.color.png 1.203543 -0.687508 -0.299264 0.914471 -0.120349 -0.385251 -0.027467

seq-06/frame-000906.color.png 1.205647 -0.685605 -0.292970 0.915135 -0.114498 -0.384174 -0.041751

seq-06/frame-000907.color.png 1.205095 -0.686990 -0.289596 0.916065 -0.110174 -0.381249 -0.057011

seq-06/frame-000908.color.png 1.207271 -0.686515 -0.283608 0.916832 -0.104612 -0.378064 -0.073875

seq-06/frame-000909.color.png 1.206509 -0.687420 -0.281616 0.916726 -0.102425 -0.377839 -0.079205

seq-06/frame-000910.color.png 1.210565 -0.689990 -0.273754 0.915224 -0.097324 -0.380622 -0.089078

seq-06/frame-000911.color.png 1.208851 -0.685712 -0.269276 0.914690 -0.091412 -0.380271 -0.101460

seq-06/frame-000912.color.png 1.210622 -0.689258 -0.261742 0.914365 -0.090359 -0.377169 -0.115882

seq-06/frame-000913.color.png 1.213892 -0.691459 -0.251326 0.912216 -0.089081 -0.378757 -0.127995

seq-06/frame-000914.color.png 1.217237 -0.692870 -0.240964 0.911440 -0.083099 -0.378663 -0.137476

seq-06/frame-000915.color.png 1.220013 -0.695576 -0.229951 0.909616 -0.076615 -0.379710 -0.149877

seq-06/frame-000916.color.png 1.224328 -0.691233 -0.216609 0.909772 -0.068543 -0.377468 -0.158267

seq-06/frame-000917.color.png 1.226484 -0.695073 -0.202585 0.907679 -0.064474 -0.379438 -0.167038

seq-06/frame-000918.color.png 1.226421 -0.693939 -0.190668 0.907802 -0.060515 -0.377577 -0.171993

seq-06/frame-000919.color.png 1.232499 -0.697718 -0.173481 0.907568 -0.056606 -0.376343 -0.177187

seq-06/frame-000920.color.png 1.234158 -0.698343 -0.165197 0.907351 -0.053244 -0.377345 -0.177210

seq-06/frame-000921.color.png 1.233733 -0.701047 -0.152029 0.906641 -0.050264 -0.376116 -0.184186

seq-06/frame-000922.color.png 1.235516 -0.706599 -0.136629 0.907064 -0.047552 -0.372630 -0.189824

seq-06/frame-000923.color.png 1.238514 -0.708035 -0.122038 0.907376 -0.043862 -0.370365 -0.193616

seq-06/frame-000924.color.png 1.238268 -0.710698 -0.110457 0.908497 -0.043917 -0.365608 -0.197351

seq-06/frame-000925.color.png 1.241393 -0.714389 -0.097431 0.909647 -0.041082 -0.362034 -0.199243

seq-06/frame-000926.color.png 1.240423 -0.716579 -0.083605 0.909724 -0.039602 -0.359653 -0.203461

seq-06/frame-000927.color.png 1.240433 -0.718772 -0.069928 0.907947 -0.037438 -0.361167 -0.209049

seq-06/frame-000928.color.png 1.239157 -0.718737 -0.056072 0.906223 -0.038215 -0.362256 -0.214436

seq-06/frame-000929.color.png 1.241043 -0.722194 -0.041168 0.905129 -0.039020 -0.362150 -0.219038

seq-06/frame-000930.color.png 1.240862 -0.724268 -0.028582 0.904051 -0.037066 -0.364824 -0.219393

seq-06/frame-000931.color.png 1.242141 -0.725401 -0.015772 0.902886 -0.036324 -0.365875 -0.222539

seq-06/frame-000932.color.png 1.244751 -0.728478 -0.002536 0.902455 -0.035792 -0.366953 -0.222598

seq-06/frame-000933.color.png 1.248190 -0.728426 0.010377 0.901449 -0.034299 -0.367970 -0.225216

seq-06/frame-000934.color.png 1.252665 -0.732938 0.026022 0.900009 -0.033743 -0.370144 -0.227485

seq-06/frame-000935.color.png 1.259092 -0.733148 0.041166 0.897976 -0.031348 -0.375194 -0.227588

seq-06/frame-000936.color.png 1.264362 -0.736369 0.053581 0.896251 -0.030937 -0.376516 -0.232215

seq-06/frame-000937.color.png 1.272158 -0.736444 0.066109 0.896296 -0.029061 -0.379052 -0.228122

seq-06/frame-000938.color.png 1.279108 -0.738966 0.079382 0.894077 -0.029246 -0.381928 -0.231974

seq-06/frame-000939.color.png 1.287624 -0.741329 0.092182 0.893430 -0.028045 -0.384593 -0.230206

seq-06/frame-000940.color.png 1.298725 -0.742949 0.110890 0.892026 -0.025502 -0.389182 -0.228225

seq-06/frame-000941.color.png 1.305338 -0.743891 0.123613 0.890348 -0.024207 -0.392945 -0.228469

seq-06/frame-000942.color.png 1.312210 -0.744133 0.136547 0.889006 -0.023884 -0.396550 -0.227499

seq-06/frame-000943.color.png 1.319546 -0.745475 0.149799 0.887794 -0.022239 -0.400294 -0.225835

seq-06/frame-000944.color.png 1.327410 -0.745523 0.162315 0.886675 -0.020472 -0.403513 -0.224665

seq-06/frame-000945.color.png 1.333970 -0.744038 0.173345 0.886006 -0.019495 -0.405435 -0.223931

seq-06/frame-000946.color.png 1.340339 -0.742982 0.183714 0.885651 -0.019017 -0.406181 -0.224024

seq-06/frame-000947.color.png 1.348236 -0.742927 0.195384 0.885629 -0.018306 -0.406397 -0.223777

seq-06/frame-000948.color.png 1.352335 -0.739602 0.203609 0.885899 -0.018457 -0.406619 -0.222288

seq-06/frame-000949.color.png 1.359187 -0.741207 0.215140 0.885323 -0.018181 -0.407573 -0.222856

seq-06/frame-000950.color.png 1.364333 -0.738952 0.224989 0.886467 -0.016359 -0.408589 -0.216501

seq-06/frame-000951.color.png 1.369189 -0.735771 0.241661 0.885741 -0.013924 -0.412906 -0.211389

seq-06/frame-000952.color.png 1.369979 -0.734419 0.252377 0.885735 -0.013632 -0.415146 -0.207001

seq-06/frame-000953.color.png 1.370203 -0.734360 0.262893 0.885431 -0.011213 -0.417662 -0.203353

seq-06/frame-000954.color.png 1.369978 -0.731172 0.273974 0.886111 -0.011522 -0.419877 -0.195670

seq-06/frame-000955.color.png 1.369677 -0.732544 0.286763 0.885241 -0.011269 -0.422492 -0.193984

seq-06/frame-000956.color.png 1.371117 -0.731748 0.301454 0.884864 -0.009216 -0.428961 -0.181193

seq-06/frame-000957.color.png 1.368168 -0.728209 0.313893 0.883733 -0.010070 -0.433717 -0.175251

seq-06/frame-000958.color.png 1.367361 -0.726787 0.327310 0.883935 -0.011120 -0.434500 -0.172198

seq-06/frame-000959.color.png 1.366217 -0.728262 0.340782 0.884099 -0.011609 -0.436612 -0.165867

seq-06/frame-000960.color.png 1.366259 -0.725991 0.353577 0.883510 -0.013448 -0.440286 -0.159014

seq-06/frame-000961.color.png 1.364997 -0.726370 0.365100 0.882830 -0.013989 -0.442771 -0.155809

seq-06/frame-000962.color.png 1.364452 -0.725625 0.376888 0.882510 -0.013691 -0.446332 -0.147251

seq-06/frame-000963.color.png 1.363574 -0.724148 0.387887 0.881358 -0.013555 -0.450305 -0.141972

seq-06/frame-000964.color.png 1.362251 -0.722886 0.399098 0.879872 -0.014012 -0.455085 -0.135772

seq-06/frame-000965.color.png 1.360205 -0.719672 0.409033 0.878901 -0.014112 -0.457914 -0.132493

seq-06/frame-000966.color.png 1.358945 -0.720083 0.418832 0.877951 -0.015161 -0.461210 -0.127142

seq-06/frame-000967.color.png 1.357712 -0.717209 0.422020 0.878251 -0.014567 -0.461552 -0.123855

seq-06/frame-000968.color.png 1.356696 -0.717101 0.431720 0.877385 -0.014552 -0.463708 -0.121921

seq-06/frame-000969.color.png 1.354201 -0.717008 0.440705 0.877066 -0.015105 -0.465800 -0.116033

seq-06/frame-000970.color.png 1.351538 -0.717702 0.450379 0.876016 -0.015932 -0.468666 -0.112247

seq-06/frame-000971.color.png 1.347662 -0.712789 0.458114 0.875870 -0.013944 -0.470622 -0.105253

seq-06/frame-000972.color.png 1.343976 -0.707470 0.468357 0.874263 -0.013003 -0.475323 -0.097311

seq-06/frame-000973.color.png 1.339140 -0.703027 0.477149 0.872813 -0.013686 -0.478539 -0.094424

seq-06/frame-000974.color.png 1.335460 -0.700834 0.488300 0.871567 -0.014907 -0.481650 -0.089814

seq-06/frame-000975.color.png 1.330704 -0.695445 0.497202 0.870298 -0.015971 -0.484927 -0.084130

seq-06/frame-000976.color.png 1.326750 -0.692530 0.507616 0.867597 -0.018568 -0.490243 -0.080606

seq-06/frame-000977.color.png 1.321467 -0.687818 0.516838 0.865682 -0.020912 -0.494104 -0.076954

seq-06/frame-000978.color.png 1.319489 -0.688184 0.522791 0.864635 -0.021993 -0.496010 -0.076160

seq-06/frame-000979.color.png 1.314584 -0.682944 0.531031 0.861662 -0.023754 -0.501737 -0.071681

seq-06/frame-000980.color.png 1.309074 -0.676473 0.538173 0.859389 -0.026052 -0.505821 -0.069435

seq-06/frame-000981.color.png 1.302820 -0.676238 0.544928 0.857000 -0.028432 -0.509961 -0.067711

seq-06/frame-000982.color.png 1.298314 -0.670885 0.549813 0.854641 -0.030817 -0.514178 -0.064519

seq-06/frame-000983.color.png 1.293431 -0.669736 0.554346 0.852984 -0.033095 -0.517272 -0.060460

seq-06/frame-000984.color.png 1.289179 -0.662078 0.556252 0.851157 -0.035621 -0.520393 -0.057931

seq-06/frame-000985.color.png 1.284050 -0.659744 0.559504 0.849651 -0.038905 -0.522822 -0.056027

seq-06/frame-000986.color.png 1.279045 -0.655017 0.561273 0.846742 -0.041510 -0.527631 -0.053029

seq-06/frame-000987.color.png 1.274199 -0.652177 0.562338 0.843402 -0.045073 -0.532427 -0.055354

seq-06/frame-000988.color.png 1.269686 -0.651240 0.567669 0.840169 -0.047660 -0.537633 -0.051928

seq-06/frame-000989.color.png 1.265778 -0.648273 0.571250 0.836881 -0.048651 -0.542783 -0.050497

seq-06/frame-000990.color.png 1.262227 -0.646229 0.576477 0.833154 -0.051223 -0.548448 -0.048316

seq-06/frame-000991.color.png 1.258422 -0.641318 0.578474 0.830763 -0.052878 -0.552137 -0.045616

seq-06/frame-000992.color.png 1.254565 -0.637296 0.578040 0.828602 -0.055085 -0.555246 -0.044549

seq-06/frame-000993.color.png 1.252353 -0.636698 0.580798 0.826717 -0.057952 -0.557959 -0.041964

seq-06/frame-000994.color.png 1.250549 -0.631714 0.581383 0.825325 -0.059114 -0.560075 -0.039472

seq-06/frame-000995.color.png 1.248905 -0.628636 0.582062 0.823893 -0.060985 -0.562088 -0.037897

seq-06/frame-000996.color.png 1.247085 -0.627599 0.584994 0.822369 -0.064015 -0.564063 -0.036622

seq-06/frame-000997.color.png 1.245184 -0.623591 0.585327 0.820545 -0.064643 -0.566719 -0.035405

seq-06/frame-000998.color.png 1.243130 -0.621599 0.586572 0.818989 -0.067900 -0.568665 -0.034106

seq-06/frame-000999.color.png 1.240263 -0.616544 0.585335 0.817729 -0.068587 -0.570505 -0.032178

