seq-04/frame-000000.color.png 0.002190 -0.580471 -0.709041 0.993824 -0.106062 -0.028971 -0.014628

seq-04/frame-000001.color.png 0.002939 -0.580048 -0.709334 0.993769 -0.106481 -0.029482 -0.014342

seq-04/frame-000002.color.png 0.002129 -0.579596 -0.709809 0.993799 -0.106277 -0.028934 -0.014874

seq-04/frame-000003.color.png -0.011033 -0.578654 -0.710790 0.993760 -0.106752 -0.025765 -0.019250

seq-04/frame-000004.color.png -0.009406 -0.580284 -0.710492 0.993649 -0.107548 -0.026454 -0.019597

seq-04/frame-000005.color.png -0.009821 -0.579510 -0.710652 0.993707 -0.107044 -0.026800 -0.018970

seq-04/frame-000006.color.png -0.006908 -0.579563 -0.710135 0.993653 -0.107241 -0.027473 -0.019703

seq-04/frame-000007.color.png -0.007151 -0.580419 -0.709636 0.993608 -0.107538 -0.027977 -0.019626

seq-04/frame-000008.color.png -0.006142 -0.579172 -0.708596 0.993597 -0.107431 -0.029134 -0.019076

seq-04/frame-000009.color.png -0.005553 -0.578274 -0.708084 0.993511 -0.108080 -0.029375 -0.019500

seq-04/frame-000010.color.png -0.003061 -0.579506 -0.707744 0.993410 -0.108611 -0.030408 -0.020130

seq-04/frame-000011.color.png -0.003894 -0.580237 -0.707375 0.993468 -0.108203 -0.030107 -0.019885

seq-04/frame-000012.color.png -0.002615 -0.578995 -0.707363 0.993555 -0.107192 -0.030590 -0.020299

seq-04/frame-000013.color.png -0.000016 -0.576827 -0.706823 0.993576 -0.106703 -0.031103 -0.021037

seq-04/frame-000014.color.png 0.002046 -0.577980 -0.706113 0.993441 -0.107580 -0.031909 -0.021712

seq-04/frame-000015.color.png 0.002788 -0.577609 -0.705781 0.993371 -0.107847 -0.031639 -0.023885

seq-04/frame-000016.color.png 0.004526 -0.578475 -0.705544 0.993229 -0.108464 -0.032310 -0.025999

seq-04/frame-000017.color.png 0.007435 -0.578825 -0.705389 0.993123 -0.108629 -0.032839 -0.028585

seq-04/frame-000018.color.png 0.008688 -0.578662 -0.705094 0.993115 -0.108291 -0.032733 -0.030212

seq-04/frame-000019.color.png 0.009502 -0.579796 -0.704936 0.993096 -0.108253 -0.032571 -0.031143

seq-04/frame-000020.color.png 0.014146 -0.579554 -0.703819 0.993103 -0.107055 -0.034105 -0.033313

seq-04/frame-000021.color.png 0.016488 -0.579044 -0.703906 0.993063 -0.106701 -0.034079 -0.035606

seq-04/frame-000022.color.png 0.019093 -0.579769 -0.702955 0.992612 -0.107579 -0.032332 -0.045732

seq-04/frame-000023.color.png 0.021219 -0.579859 -0.703218 0.992230 -0.108193 -0.030981 -0.052945

seq-04/frame-000024.color.png 0.027045 -0.582567 -0.704085 0.991307 -0.108518 -0.029854 -0.068047

seq-04/frame-000025.color.png 0.029680 -0.584633 -0.704261 0.990844 -0.108473 -0.029209 -0.074808

seq-04/frame-000026.color.png 0.035567 -0.585239 -0.704119 0.989338 -0.110884 -0.026765 -0.090478

seq-04/frame-000027.color.png 0.037306 -0.588111 -0.704777 0.988304 -0.114521 -0.023971 -0.097742

seq-04/frame-000028.color.png 0.042155 -0.593744 -0.705639 0.985804 -0.121279 -0.017460 -0.114735

seq-04/frame-000029.color.png 0.044601 -0.598688 -0.705705 0.984285 -0.125124 -0.015620 -0.123577

seq-04/frame-000030.color.png 0.050549 -0.607452 -0.705737 0.980567 -0.130434 -0.015353 -0.145693

seq-04/frame-000031.color.png 0.051871 -0.612509 -0.705751 0.977690 -0.133920 -0.014114 -0.161172

seq-04/frame-000032.color.png 0.053017 -0.629757 -0.706047 0.970659 -0.141493 -0.007189 -0.194259

seq-04/frame-000033.color.png 0.052852 -0.640065 -0.706706 0.967102 -0.145795 -0.001956 -0.208425

seq-04/frame-000034.color.png 0.052796 -0.662226 -0.706383 0.961953 -0.149927 0.002136 -0.228365

seq-04/frame-000035.color.png 0.051939 -0.678997 -0.704349 0.957972 -0.150504 0.003511 -0.244158

seq-04/frame-000036.color.png 0.050807 -0.687902 -0.702686 0.955743 -0.150799 0.003784 -0.252563

seq-04/frame-000037.color.png 0.042848 -0.705582 -0.699676 0.950125 -0.151601 0.008155 -0.272397

seq-04/frame-000038.color.png 0.031674 -0.721155 -0.695048 0.942731 -0.153216 0.020327 -0.295562

seq-04/frame-000039.color.png 0.024165 -0.729697 -0.691336 0.938098 -0.156309 0.027121 -0.307882

seq-04/frame-000040.color.png 0.007445 -0.744169 -0.682262 0.930518 -0.161139 0.040527 -0.326367

seq-04/frame-000041.color.png -0.010508 -0.755470 -0.669801 0.924258 -0.168506 0.052540 -0.338495

seq-04/frame-000042.color.png -0.025075 -0.761929 -0.654707 0.923735 -0.172757 0.059450 -0.336631

seq-04/frame-000043.color.png -0.034860 -0.764274 -0.646988 0.924335 -0.174180 0.060259 -0.334098

seq-04/frame-000044.color.png -0.044851 -0.767919 -0.631342 0.929597 -0.169900 0.053878 -0.322593

seq-04/frame-000045.color.png -0.048769 -0.769998 -0.622545 0.933304 -0.167596 0.046576 -0.314121

seq-04/frame-000046.color.png -0.064097 -0.775062 -0.603562 0.940377 -0.166163 0.038403 -0.294266

seq-04/frame-000047.color.png -0.080162 -0.781086 -0.583168 0.945667 -0.166227 0.031457 -0.277631

seq-04/frame-000048.color.png -0.090250 -0.783340 -0.564136 0.954748 -0.161163 0.018806 -0.249228

seq-04/frame-000049.color.png -0.100362 -0.784075 -0.553533 0.958765 -0.158064 0.013031 -0.235801

seq-04/frame-000050.color.png -0.114733 -0.785090 -0.535020 0.964954 -0.152805 0.005021 -0.213247

seq-04/frame-000051.color.png -0.127469 -0.785712 -0.516706 0.970408 -0.146702 0.000135 -0.191762

seq-04/frame-000052.color.png -0.140925 -0.785091 -0.508739 0.972966 -0.144490 -0.001676 -0.180117

seq-04/frame-000053.color.png -0.151764 -0.787431 -0.493884 0.977742 -0.140469 -0.010658 -0.155435

seq-04/frame-000054.color.png -0.168545 -0.789608 -0.480929 0.980712 -0.138727 -0.012741 -0.137047

seq-04/frame-000055.color.png -0.183432 -0.792010 -0.469672 0.983446 -0.137687 -0.010046 -0.117302

seq-04/frame-000056.color.png -0.190864 -0.790332 -0.465105 0.984521 -0.137217 -0.008061 -0.108672

seq-04/frame-000057.color.png -0.204541 -0.795945 -0.454692 0.986155 -0.142154 -0.007309 -0.084980

seq-04/frame-000058.color.png -0.212206 -0.798320 -0.450994 0.987072 -0.143548 -0.007526 -0.070787

seq-04/frame-000059.color.png -0.225142 -0.804407 -0.442541 0.987893 -0.148215 -0.008153 -0.044915

seq-04/frame-000060.color.png -0.231197 -0.809372 -0.439539 0.988218 -0.149650 -0.009355 -0.030465

seq-04/frame-000061.color.png -0.241102 -0.817451 -0.433724 0.988612 -0.149444 -0.016791 0.004022

seq-04/frame-000062.color.png -0.247153 -0.821425 -0.431019 0.988564 -0.147422 -0.021728 0.022800

seq-04/frame-000063.color.png -0.251002 -0.825354 -0.427803 0.988143 -0.145279 -0.027988 0.040840

seq-04/frame-000064.color.png -0.254670 -0.832684 -0.422258 0.985911 -0.142361 -0.042838 0.076564

seq-04/frame-000065.color.png -0.259484 -0.836141 -0.419949 0.984312 -0.140518 -0.049321 0.094535

seq-04/frame-000066.color.png -0.261999 -0.844913 -0.415035 0.979916 -0.142622 -0.061775 0.124871

seq-04/frame-000067.color.png -0.260354 -0.850686 -0.413619 0.977856 -0.144489 -0.067391 0.135515

seq-04/frame-000068.color.png -0.257164 -0.858547 -0.412215 0.975026 -0.145174 -0.071901 0.151864

seq-04/frame-000069.color.png -0.254958 -0.867023 -0.410022 0.971687 -0.149049 -0.073052 0.168098

seq-04/frame-000070.color.png -0.252967 -0.872639 -0.408973 0.969774 -0.147733 -0.074260 0.179394

seq-04/frame-000071.color.png -0.248127 -0.877079 -0.406583 0.964681 -0.144370 -0.081179 0.204796

seq-04/frame-000072.color.png -0.241978 -0.880181 -0.405069 0.961561 -0.143591 -0.085992 0.217650

seq-04/frame-000073.color.png -0.225171 -0.884127 -0.401382 0.955712 -0.140570 -0.092604 0.241376

seq-04/frame-000074.color.png -0.199865 -0.885831 -0.397618 0.952258 -0.135910 -0.091491 0.257577

seq-04/frame-000075.color.png -0.188853 -0.883458 -0.396894 0.951797 -0.131080 -0.086479 0.263450

seq-04/frame-000076.color.png -0.168388 -0.880459 -0.393551 0.949758 -0.123873 -0.074687 0.277526

seq-04/frame-000077.color.png -0.145184 -0.870514 -0.388872 0.948142 -0.118034 -0.061250 0.288664

seq-04/frame-000078.color.png -0.125665 -0.864864 -0.383355 0.946281 -0.120028 -0.041433 0.297341

seq-04/frame-000079.color.png -0.115774 -0.864068 -0.380371 0.945419 -0.120382 -0.032561 0.301020

seq-04/frame-000080.color.png -0.092693 -0.862388 -0.372083 0.943838 -0.120665 -0.018024 0.307031

seq-04/frame-000081.color.png -0.072895 -0.857979 -0.365240 0.945173 -0.117623 -0.002229 0.304615

seq-04/frame-000082.color.png -0.048326 -0.852784 -0.357156 0.946549 -0.119099 0.004642 0.299703

seq-04/frame-000083.color.png -0.023062 -0.850676 -0.347273 0.948305 -0.124816 0.012465 0.291490

seq-04/frame-000084.color.png -0.010495 -0.848281 -0.342885 0.949778 -0.127103 0.018543 0.285315

seq-04/frame-000085.color.png 0.008817 -0.844951 -0.334322 0.953507 -0.132431 0.032083 0.268774

seq-04/frame-000086.color.png 0.027702 -0.840665 -0.323862 0.957130 -0.139636 0.035555 0.251243

seq-04/frame-000087.color.png 0.049578 -0.838518 -0.310063 0.959114 -0.151058 0.030433 0.237358

seq-04/frame-000088.color.png 0.059802 -0.837411 -0.302659 0.961099 -0.156145 0.031396 0.225619

seq-04/frame-000089.color.png 0.073224 -0.836424 -0.286057 0.965030 -0.165212 0.040995 0.199308

seq-04/frame-000090.color.png 0.081923 -0.835313 -0.267504 0.968767 -0.170114 0.047294 0.174062

seq-04/frame-000091.color.png 0.086829 -0.834892 -0.256422 0.970132 -0.173708 0.048302 0.162230

seq-04/frame-000092.color.png 0.093197 -0.834839 -0.233875 0.972753 -0.177863 0.051810 0.139335

seq-04/frame-000093.color.png 0.098012 -0.835512 -0.207119 0.974630 -0.186682 0.059568 0.108076

seq-04/frame-000094.color.png 0.102414 -0.836529 -0.194407 0.976059 -0.187407 0.066407 0.088093

seq-04/frame-000095.color.png 0.106494 -0.836494 -0.180103 0.977090 -0.187925 0.073178 0.067867

seq-04/frame-000096.color.png 0.112426 -0.839547 -0.151798 0.977577 -0.190385 0.083091 0.034281

seq-04/frame-000097.color.png 0.113462 -0.841329 -0.137680 0.977591 -0.190788 0.086519 0.020274

seq-04/frame-000098.color.png 0.117099 -0.841990 -0.122831 0.977854 -0.191077 0.084907 0.007911

seq-04/frame-000099.color.png 0.121446 -0.844422 -0.106500 0.977774 -0.192807 0.082075 -0.005295

seq-04/frame-000100.color.png 0.122670 -0.848566 -0.090027 0.977240 -0.194376 0.082382 -0.020357

seq-04/frame-000101.color.png 0.126051 -0.851781 -0.059309 0.975927 -0.195521 0.081946 -0.051037

seq-04/frame-000102.color.png 0.129059 -0.852708 -0.044228 0.975965 -0.193462 0.077679 -0.063341

seq-04/frame-000103.color.png 0.133413 -0.851573 -0.027904 0.975906 -0.191478 0.072106 -0.075671

seq-04/frame-000104.color.png 0.137224 -0.853991 -0.011120 0.975263 -0.190966 0.066817 -0.088946

seq-04/frame-000105.color.png 0.144768 -0.852188 0.021182 0.973338 -0.189350 0.060718 -0.114256

seq-04/frame-000106.color.png 0.147562 -0.850436 0.036309 0.971614 -0.189524 0.057827 -0.129164

seq-04/frame-000107.color.png 0.153084 -0.850997 0.051960 0.970068 -0.189629 0.053614 -0.141827

seq-04/frame-000108.color.png 0.157457 -0.850555 0.066940 0.968562 -0.189978 0.050876 -0.152278

seq-04/frame-000109.color.png 0.160670 -0.851849 0.080016 0.966404 -0.189773 0.047675 -0.166604

seq-04/frame-000110.color.png 0.172729 -0.853165 0.105593 0.963295 -0.182026 0.040426 -0.193069

seq-04/frame-000111.color.png 0.178386 -0.853208 0.116862 0.962690 -0.175461 0.035638 -0.202860

seq-04/frame-000112.color.png 0.189582 -0.851286 0.142034 0.961212 -0.162343 0.026288 -0.221371

seq-04/frame-000113.color.png 0.197526 -0.849907 0.153023 0.959897 -0.157290 0.019644 -0.231196

seq-04/frame-000114.color.png 0.203387 -0.848830 0.164348 0.957772 -0.152695 0.013099 -0.243239

seq-04/frame-000115.color.png 0.222107 -0.847530 0.186714 0.951604 -0.142900 -0.000219 -0.272048

seq-04/frame-000116.color.png 0.233669 -0.844644 0.196498 0.948639 -0.135717 -0.007886 -0.285627

seq-04/frame-000117.color.png 0.256435 -0.843588 0.216666 0.943051 -0.117595 -0.031843 -0.309504

seq-04/frame-000118.color.png 0.268496 -0.843110 0.226840 0.941045 -0.108361 -0.045531 -0.317174

seq-04/frame-000119.color.png 0.292001 -0.843802 0.244685 0.935646 -0.098500 -0.062504 -0.333072

seq-04/frame-000120.color.png 0.306515 -0.843629 0.252355 0.932584 -0.093446 -0.068158 -0.341889

seq-04/frame-000121.color.png 0.337202 -0.844662 0.265566 0.928470 -0.087007 -0.088453 -0.350040

seq-04/frame-000122.color.png 0.371575 -0.849222 0.275036 0.921874 -0.084442 -0.099401 -0.364852

seq-04/frame-000123.color.png 0.388779 -0.851243 0.279405 0.920087 -0.082024 -0.107701 -0.367547

seq-04/frame-000124.color.png 0.426638 -0.854292 0.286686 0.917073 -0.075089 -0.125689 -0.370836

seq-04/frame-000125.color.png 0.462764 -0.855291 0.293828 0.910402 -0.070777 -0.134145 -0.384892

seq-04/frame-000126.color.png 0.496961 -0.858952 0.300553 0.905391 -0.068315 -0.146578 -0.392547

seq-04/frame-000127.color.png 0.512522 -0.860915 0.303577 0.903974 -0.064443 -0.152445 -0.394229

seq-04/frame-000128.color.png 0.543976 -0.862102 0.309127 0.903293 -0.058553 -0.163002 -0.392483

seq-04/frame-000129.color.png 0.577074 -0.863733 0.316987 0.903367 -0.053923 -0.178475 -0.386193

seq-04/frame-000130.color.png 0.602486 -0.864087 0.323481 0.902736 -0.051418 -0.185777 -0.384564

seq-04/frame-000131.color.png 0.616523 -0.866473 0.328219 0.902450 -0.049358 -0.192508 -0.382188

seq-04/frame-000132.color.png 0.641497 -0.867689 0.338139 0.903170 -0.043107 -0.202551 -0.376002

seq-04/frame-000133.color.png 0.666476 -0.867373 0.351410 0.903146 -0.040625 -0.209686 -0.372407

seq-04/frame-000134.color.png 0.685449 -0.870009 0.365434 0.902695 -0.038009 -0.215554 -0.370421

seq-04/frame-000135.color.png 0.695026 -0.869662 0.372985 0.902468 -0.036432 -0.220649 -0.368125

seq-04/frame-000136.color.png 0.717079 -0.872645 0.391105 0.900637 -0.031587 -0.235588 -0.363775

seq-04/frame-000137.color.png 0.736952 -0.870876 0.409340 0.898962 -0.025766 -0.246253 -0.361304

seq-04/frame-000138.color.png 0.745373 -0.869558 0.418299 0.897546 -0.023781 -0.249840 -0.362497

seq-04/frame-000139.color.png 0.763964 -0.865743 0.437723 0.894299 -0.024987 -0.259289 -0.363801

seq-04/frame-000140.color.png 0.780831 -0.864047 0.457435 0.889079 -0.030840 -0.267431 -0.370198

seq-04/frame-000141.color.png 0.797868 -0.862940 0.476114 0.885171 -0.036251 -0.276834 -0.372153

seq-04/frame-000142.color.png 0.807696 -0.860044 0.485397 0.884987 -0.039367 -0.280415 -0.369584

seq-04/frame-000143.color.png 0.825408 -0.859367 0.504543 0.884045 -0.047692 -0.291785 -0.361980

seq-04/frame-000144.color.png 0.844756 -0.855014 0.522682 0.885982 -0.050963 -0.301852 -0.348283

seq-04/frame-000145.color.png 0.855098 -0.851769 0.531518 0.887468 -0.053019 -0.307398 -0.339225

seq-04/frame-000146.color.png 0.874881 -0.846763 0.549534 0.890217 -0.060469 -0.321259 -0.317219

seq-04/frame-000147.color.png 0.898113 -0.839478 0.568422 0.891901 -0.067013 -0.337734 -0.293146

seq-04/frame-000148.color.png 0.908061 -0.834743 0.576036 0.892597 -0.068207 -0.342187 -0.285487

seq-04/frame-000149.color.png 0.928077 -0.827153 0.592393 0.895101 -0.074682 -0.353294 -0.261491

seq-04/frame-000150.color.png 0.949189 -0.817360 0.607520 0.895714 -0.082389 -0.366612 -0.237660

seq-04/frame-000151.color.png 0.958278 -0.814239 0.613661 0.895764 -0.085503 -0.371713 -0.228260

seq-04/frame-000152.color.png 0.977600 -0.807623 0.625182 0.895280 -0.091081 -0.384162 -0.206336

seq-04/frame-000153.color.png 0.997811 -0.801544 0.635993 0.895132 -0.095783 -0.397007 -0.178679

seq-04/frame-000154.color.png 1.019103 -0.797170 0.647794 0.893808 -0.103641 -0.411708 -0.144358

seq-04/frame-000155.color.png 1.028745 -0.790842 0.650714 0.894056 -0.106300 -0.416641 -0.125505

seq-04/frame-000156.color.png 1.050380 -0.781428 0.660426 0.893013 -0.116407 -0.425395 -0.089406

seq-04/frame-000157.color.png 1.069490 -0.770058 0.667511 0.892463 -0.128283 -0.429364 -0.051733

seq-04/frame-000158.color.png 1.079459 -0.765723 0.671254 0.892336 -0.132247 -0.430142 -0.034673

seq-04/frame-000159.color.png 1.099896 -0.755505 0.680718 0.891739 -0.142461 -0.429503 0.003115

seq-04/frame-000160.color.png 1.108813 -0.747478 0.682391 0.890976 -0.147692 -0.428770 0.021925

seq-04/frame-000161.color.png 1.127530 -0.737616 0.688604 0.889295 -0.157846 -0.426118 0.051373

seq-04/frame-000162.color.png 1.146276 -0.726949 0.692705 0.888290 -0.164063 -0.420209 0.086172

seq-04/frame-000163.color.png 1.163100 -0.716196 0.695515 0.889150 -0.165454 -0.412229 0.109910

seq-04/frame-000164.color.png 1.170297 -0.711108 0.695967 0.890524 -0.165781 -0.406412 0.119540

seq-04/frame-000165.color.png 1.186190 -0.704513 0.698247 0.891666 -0.169247 -0.396036 0.139351

seq-04/frame-000166.color.png 1.202532 -0.694909 0.697203 0.893890 -0.169032 -0.383116 0.159960

seq-04/frame-000167.color.png 1.216162 -0.690833 0.697874 0.896391 -0.170057 -0.367112 0.181024

seq-04/frame-000168.color.png 1.229468 -0.685039 0.696421 0.898359 -0.168604 -0.351642 0.202109

seq-04/frame-000169.color.png 1.236129 -0.681008 0.694905 0.899465 -0.168028 -0.342727 0.212705

seq-04/frame-000170.color.png 1.248393 -0.674758 0.694096 0.902038 -0.168069 -0.323665 0.230863

seq-04/frame-000171.color.png 1.261900 -0.669724 0.695709 0.902170 -0.167849 -0.308608 0.250308

seq-04/frame-000172.color.png 1.273931 -0.667846 0.697366 0.904583 -0.167752 -0.292671 0.260594

seq-04/frame-000173.color.png 1.287453 -0.659788 0.697951 0.905358 -0.167426 -0.279414 0.272397

seq-04/frame-000174.color.png 1.299326 -0.654864 0.699631 0.905190 -0.167234 -0.267924 0.284354

seq-04/frame-000175.color.png 1.308661 -0.650998 0.702707 0.904397 -0.170418 -0.259576 0.292609

seq-04/frame-000176.color.png 1.311869 -0.649651 0.703686 0.903830 -0.171961 -0.256733 0.295947

seq-04/frame-000177.color.png 1.318446 -0.645026 0.706409 0.903436 -0.175577 -0.251458 0.299534

seq-04/frame-000178.color.png 1.324557 -0.640679 0.709699 0.903212 -0.180670 -0.247615 0.300383

seq-04/frame-000179.color.png 1.327627 -0.637596 0.712552 0.904843 -0.185404 -0.244832 0.294818

seq-04/frame-000180.color.png 1.328750 -0.636225 0.715083 0.910704 -0.190314 -0.238850 0.278076

seq-04/frame-000181.color.png 1.330690 -0.634583 0.719942 0.915811 -0.197186 -0.234301 0.259784

seq-04/frame-000182.color.png 1.331327 -0.632079 0.721696 0.918195 -0.199574 -0.232850 0.250690

seq-04/frame-000183.color.png 1.332963 -0.631002 0.726412 0.920775 -0.206708 -0.232494 0.235302

seq-04/frame-000184.color.png 1.331918 -0.626070 0.727713 0.924592 -0.209458 -0.230125 0.219716

seq-04/frame-000185.color.png 1.333815 -0.624564 0.731772 0.925411 -0.213575 -0.231750 0.210401

seq-04/frame-000186.color.png 1.334273 -0.622456 0.732160 0.926428 -0.214392 -0.232008 0.204731

seq-04/frame-000187.color.png 1.336121 -0.622174 0.734046 0.927737 -0.214795 -0.232367 0.197858

seq-04/frame-000188.color.png 1.335563 -0.619975 0.735845 0.929725 -0.213809 -0.234881 0.186290

seq-04/frame-000189.color.png 1.335168 -0.619198 0.734886 0.931935 -0.212500 -0.233700 0.178048

seq-04/frame-000190.color.png 1.335430 -0.621818 0.737393 0.935290 -0.211816 -0.232410 0.162257

seq-04/frame-000191.color.png 1.334068 -0.630395 0.738904 0.936964 -0.211083 -0.234657 0.149847

seq-04/frame-000192.color.png 1.334992 -0.633822 0.739672 0.937610 -0.209485 -0.237868 0.142825

seq-04/frame-000193.color.png 1.333514 -0.644977 0.741095 0.939274 -0.206076 -0.243307 0.126788

seq-04/frame-000194.color.png 1.332419 -0.659544 0.743656 0.939860 -0.201111 -0.253119 0.110106

seq-04/frame-000195.color.png 1.330378 -0.666095 0.744473 0.940309 -0.198179 -0.257402 0.101305

seq-04/frame-000196.color.png 1.325734 -0.680104 0.745988 0.940754 -0.194502 -0.265805 0.080465

seq-04/frame-000197.color.png 1.323689 -0.688147 0.746643 0.941030 -0.192136 -0.269694 0.069178

seq-04/frame-000198.color.png 1.319954 -0.708059 0.749271 0.940569 -0.186373 -0.279270 0.050785

seq-04/frame-000199.color.png 1.316861 -0.724857 0.748025 0.939629 -0.176481 -0.290854 0.036470

seq-04/frame-000200.color.png 1.312978 -0.733006 0.745800 0.939342 -0.173052 -0.294687 0.028702

seq-04/frame-000201.color.png 1.313635 -0.749945 0.742889 0.939656 -0.164872 -0.299408 0.013905

seq-04/frame-000202.color.png 1.314245 -0.768670 0.741505 0.939082 -0.157921 -0.305043 0.010518

seq-04/frame-000203.color.png 1.316114 -0.774820 0.740355 0.938638 -0.153712 -0.308551 0.010154

seq-04/frame-000204.color.png 1.317370 -0.788140 0.737450 0.939036 -0.148181 -0.310205 0.001188

seq-04/frame-000205.color.png 1.319184 -0.794170 0.735558 0.939672 -0.145609 -0.309474 -0.003989

seq-04/frame-000206.color.png 1.322482 -0.809863 0.732606 0.939835 -0.139646 -0.311624 -0.008612

seq-04/frame-000207.color.png 1.326845 -0.824507 0.729245 0.939350 -0.132922 -0.315946 -0.010272

seq-04/frame-000208.color.png 1.328634 -0.830966 0.726002 0.939059 -0.129482 -0.318206 -0.011023

seq-04/frame-000209.color.png 1.335632 -0.840808 0.719861 0.939971 -0.122399 -0.318184 -0.014360

seq-04/frame-000210.color.png 1.337747 -0.845955 0.717815 0.940830 -0.121656 -0.315630 -0.019747

seq-04/frame-000211.color.png 1.343211 -0.860861 0.715016 0.940657 -0.121251 -0.315821 -0.026346

seq-04/frame-000212.color.png 1.345755 -0.866088 0.711568 0.939877 -0.119074 -0.318926 -0.026688

seq-04/frame-000213.color.png 1.351914 -0.876665 0.702325 0.938564 -0.113867 -0.323791 -0.035572

seq-04/frame-000214.color.png 1.355003 -0.881937 0.696953 0.938512 -0.111446 -0.323857 -0.043200

seq-04/frame-000215.color.png 1.360131 -0.895315 0.685004 0.938328 -0.109826 -0.322208 -0.060282

seq-04/frame-000216.color.png 1.364988 -0.910644 0.673035 0.936079 -0.106837 -0.327083 -0.073022

seq-04/frame-000217.color.png 1.367912 -0.916567 0.666227 0.934263 -0.105448 -0.330842 -0.080935

seq-04/frame-000218.color.png 1.372699 -0.927855 0.654558 0.931322 -0.101890 -0.335398 -0.098687

seq-04/frame-000219.color.png 1.377800 -0.939703 0.643425 0.928361 -0.096135 -0.341211 -0.111595

seq-04/frame-000220.color.png 1.379445 -0.946378 0.638952 0.926449 -0.093318 -0.345491 -0.116591

seq-04/frame-000221.color.png 1.384488 -0.957150 0.631939 0.921785 -0.088821 -0.357306 -0.121360

seq-04/frame-000222.color.png 1.387484 -0.960165 0.627243 0.919086 -0.084730 -0.363561 -0.126092

seq-04/frame-000223.color.png 1.392935 -0.967696 0.620927 0.913208 -0.081920 -0.375520 -0.135268

seq-04/frame-000224.color.png 1.399918 -0.967303 0.615389 0.909488 -0.080897 -0.382392 -0.141550

seq-04/frame-000225.color.png 1.405429 -0.968851 0.614930 0.905069 -0.081728 -0.389092 -0.150835

seq-04/frame-000226.color.png 1.409270 -0.969955 0.617033 0.900327 -0.082910 -0.398641 -0.153606

seq-04/frame-000227.color.png 1.411737 -0.968887 0.618301 0.897371 -0.082005 -0.404815 -0.155233

seq-04/frame-000228.color.png 1.416438 -0.964789 0.619555 0.892255 -0.081987 -0.415522 -0.156435

seq-04/frame-000229.color.png 1.420893 -0.957922 0.619864 0.886496 -0.082977 -0.426102 -0.160152

seq-04/frame-000230.color.png 1.421854 -0.956680 0.622673 0.880387 -0.085391 -0.436770 -0.163801

seq-04/frame-000231.color.png 1.422905 -0.952509 0.628344 0.872287 -0.087108 -0.451370 -0.166622

seq-04/frame-000232.color.png 1.423863 -0.949142 0.633248 0.865696 -0.088538 -0.462446 -0.169844

seq-04/frame-000233.color.png 1.422509 -0.945405 0.640759 0.859011 -0.089936 -0.473914 -0.171432

seq-04/frame-000234.color.png 1.420598 -0.942437 0.651791 0.850778 -0.090397 -0.488435 -0.171485

seq-04/frame-000235.color.png 1.415313 -0.936395 0.658826 0.843789 -0.092484 -0.499310 -0.173568

seq-04/frame-000236.color.png 1.408346 -0.937617 0.670720 0.836738 -0.094630 -0.509737 -0.176220

seq-04/frame-000237.color.png 1.399517 -0.930266 0.673944 0.830588 -0.097811 -0.519985 -0.173613

seq-04/frame-000238.color.png 1.390194 -0.922875 0.675763 0.826562 -0.100717 -0.525138 -0.175644

seq-04/frame-000239.color.png 1.381274 -0.915226 0.678229 0.823938 -0.106256 -0.528239 -0.175410

seq-04/frame-000240.color.png 1.372222 -0.911162 0.679903 0.822627 -0.110475 -0.528511 -0.178115

seq-04/frame-000241.color.png 1.362581 -0.905547 0.682587 0.821357 -0.112423 -0.530957 -0.175463

seq-04/frame-000242.color.png 1.351256 -0.894524 0.680561 0.821461 -0.113989 -0.530459 -0.175474

seq-04/frame-000243.color.png 1.339137 -0.889612 0.682966 0.820873 -0.115027 -0.531144 -0.175473

seq-04/frame-000244.color.png 1.325765 -0.880741 0.685485 0.820282 -0.114652 -0.533269 -0.172005

seq-04/frame-000245.color.png 1.311287 -0.868442 0.686492 0.819976 -0.115756 -0.533903 -0.170756

seq-04/frame-000246.color.png 1.293528 -0.858958 0.684346 0.822532 -0.115505 -0.529131 -0.173462

seq-04/frame-000247.color.png 1.284357 -0.855657 0.686122 0.824109 -0.115802 -0.526245 -0.174555

seq-04/frame-000248.color.png 1.265675 -0.851489 0.687233 0.828005 -0.115286 -0.521358 -0.171088

seq-04/frame-000249.color.png 1.247612 -0.842677 0.688884 0.832203 -0.115578 -0.517289 -0.162672

seq-04/frame-000250.color.png 1.230829 -0.836818 0.692673 0.834523 -0.114253 -0.516026 -0.155576

seq-04/frame-000251.color.png 1.211932 -0.829137 0.692649 0.840551 -0.110245 -0.509784 -0.146320

seq-04/frame-000252.color.png 1.194752 -0.821288 0.694276 0.845412 -0.107159 -0.504996 -0.136911

seq-04/frame-000253.color.png 1.178270 -0.809240 0.693646 0.852572 -0.104184 -0.497426 -0.121666

seq-04/frame-000254.color.png 1.169862 -0.805614 0.695267 0.855652 -0.103868 -0.493464 -0.116333

seq-04/frame-000255.color.png 1.151803 -0.791699 0.694899 0.864148 -0.101616 -0.481738 -0.104019

seq-04/frame-000256.color.png 1.133547 -0.778985 0.693880 0.872898 -0.107465 -0.467500 -0.088961

seq-04/frame-000257.color.png 1.124579 -0.771362 0.695239 0.876879 -0.112080 -0.460802 -0.078434

seq-04/frame-000258.color.png 1.103723 -0.757072 0.697352 0.883807 -0.124223 -0.447138 -0.059091

seq-04/frame-000259.color.png 1.083176 -0.744292 0.704170 0.887288 -0.135258 -0.438277 -0.048044

seq-04/frame-000260.color.png 1.072143 -0.736774 0.706981 0.890360 -0.139593 -0.430854 -0.045902

seq-04/frame-000261.color.png 1.050704 -0.723152 0.715706 0.896870 -0.151055 -0.413931 -0.037911

seq-04/frame-000262.color.png 1.032686 -0.711713 0.727509 0.899839 -0.164470 -0.403574 -0.018381

seq-04/frame-000263.color.png 1.025939 -0.702589 0.732779 0.902014 -0.168856 -0.397265 -0.003149

seq-04/frame-000264.color.png 1.008354 -0.687090 0.744361 0.905633 -0.181285 -0.382648 0.022700

seq-04/frame-000265.color.png 1.000331 -0.680277 0.751057 0.907519 -0.187979 -0.373953 0.034670

seq-04/frame-000266.color.png 0.983128 -0.669796 0.764328 0.912213 -0.198410 -0.354629 0.052051

seq-04/frame-000267.color.png 0.975154 -0.662682 0.770369 0.914422 -0.202278 -0.345571 0.058877

seq-04/frame-000268.color.png 0.958234 -0.654526 0.784925 0.917202 -0.211199 -0.331818 0.063268

seq-04/frame-000269.color.png 0.950234 -0.650387 0.792652 0.918378 -0.214847 -0.325495 0.066672

seq-04/frame-000270.color.png 0.938523 -0.645412 0.810996 0.919880 -0.219445 -0.316743 0.072856

seq-04/frame-000271.color.png 0.930656 -0.643593 0.818643 0.921869 -0.219572 -0.310872 0.072628

seq-04/frame-000272.color.png 0.914596 -0.638223 0.835589 0.926469 -0.218914 -0.298481 0.067896

seq-04/frame-000273.color.png 0.909382 -0.636783 0.845624 0.928227 -0.220457 -0.292186 0.066262

seq-04/frame-000274.color.png 0.896945 -0.634916 0.866267 0.930409 -0.224660 -0.282182 0.064892

seq-04/frame-000275.color.png 0.887499 -0.632783 0.875398 0.930973 -0.228821 -0.277460 0.062574

seq-04/frame-000276.color.png 0.868944 -0.632305 0.891467 0.931349 -0.237243 -0.270946 0.053510

seq-04/frame-000277.color.png 0.861522 -0.629957 0.900332 0.932534 -0.238201 -0.266689 0.049877

seq-04/frame-000278.color.png 0.852807 -0.627257 0.908137 0.932320 -0.241979 -0.264746 0.045892

seq-04/frame-000279.color.png 0.839050 -0.627922 0.923123 0.930842 -0.249846 -0.263378 0.041385

seq-04/frame-000280.color.png 0.831439 -0.625338 0.929081 0.931678 -0.250682 -0.259848 0.039796

seq-04/frame-000281.color.png 0.822276 -0.623737 0.934609 0.932516 -0.252508 -0.255480 0.036788

seq-04/frame-000282.color.png 0.806637 -0.620881 0.946281 0.932677 -0.257972 -0.249394 0.036558

seq-04/frame-000283.color.png 0.798462 -0.619195 0.951016 0.932941 -0.260414 -0.245644 0.037871

seq-04/frame-000284.color.png 0.788252 -0.617307 0.954132 0.932826 -0.263429 -0.242970 0.037085

seq-04/frame-000285.color.png 0.771372 -0.622209 0.962791 0.932716 -0.267820 -0.238807 0.035425

seq-04/frame-000286.color.png 0.761523 -0.622162 0.965552 0.933806 -0.266311 -0.236314 0.034774

seq-04/frame-000287.color.png 0.751138 -0.622627 0.967100 0.934462 -0.265890 -0.234521 0.032448

seq-04/frame-000288.color.png 0.741116 -0.622978 0.967663 0.934802 -0.265748 -0.233509 0.031074

seq-04/frame-000289.color.png 0.719839 -0.624882 0.968579 0.936476 -0.263780 -0.228844 0.032122

seq-04/frame-000290.color.png 0.707479 -0.626148 0.967990 0.937963 -0.261907 -0.224959 0.031530

seq-04/frame-000291.color.png 0.696819 -0.626062 0.967062 0.939911 -0.259407 -0.219744 0.030922

seq-04/frame-000292.color.png 0.684519 -0.628122 0.966532 0.941263 -0.259477 -0.214027 0.029286

seq-04/frame-000293.color.png 0.658754 -0.634465 0.962992 0.944239 -0.257910 -0.202744 0.027575

seq-04/frame-000294.color.png 0.645874 -0.633195 0.959700 0.945030 -0.258498 -0.198087 0.028765

seq-04/frame-000295.color.png 0.631329 -0.636354 0.956556 0.944900 -0.261613 -0.194873 0.026776

seq-04/frame-000296.color.png 0.617496 -0.640385 0.953151 0.945954 -0.261245 -0.190170 0.026956

seq-04/frame-000297.color.png 0.603721 -0.643583 0.949078 0.947794 -0.259096 -0.183745 0.027624

seq-04/frame-000298.color.png 0.590272 -0.644124 0.944646 0.948495 -0.259386 -0.179754 0.027086

seq-04/frame-000299.color.png 0.562244 -0.647107 0.934629 0.949924 -0.259532 -0.172512 0.022264

seq-04/frame-000300.color.png 0.547431 -0.648278 0.929544 0.950641 -0.259407 -0.168872 0.021009

seq-04/frame-000301.color.png 0.532629 -0.649452 0.924466 0.951219 -0.258999 -0.166269 0.020611

seq-04/frame-000302.color.png 0.518464 -0.649778 0.919546 0.952333 -0.256382 -0.163894 0.020924

seq-04/frame-000303.color.png 0.504909 -0.650125 0.915632 0.953433 -0.253991 -0.161302 0.020129

seq-04/frame-000304.color.png 0.477954 -0.650653 0.909989 0.954585 -0.253590 -0.155890 0.011258

seq-04/frame-000305.color.png 0.464468 -0.651403 0.907784 0.955180 -0.253280 -0.152896 0.008451

seq-04/frame-000306.color.png 0.452259 -0.650660 0.906214 0.955539 -0.253154 -0.150830 0.008768

seq-04/frame-000307.color.png 0.438685 -0.650017 0.904551 0.955364 -0.254460 -0.149813 0.007447

seq-04/frame-000308.color.png 0.425635 -0.649572 0.902892 0.955148 -0.255470 -0.149564 0.005204

seq-04/frame-000309.color.png 0.413405 -0.648768 0.901679 0.955557 -0.254495 -0.148653 0.003758

seq-04/frame-000310.color.png 0.400917 -0.648390 0.900837 0.956179 -0.253327 -0.146677 0.001396

seq-04/frame-000311.color.png 0.380587 -0.646961 0.900784 0.956800 -0.252526 -0.143983 -0.001241

seq-04/frame-000312.color.png 0.371261 -0.646069 0.901130 0.957285 -0.251913 -0.141817 -0.001210

seq-04/frame-000313.color.png 0.363070 -0.646500 0.902418 0.957797 -0.251662 -0.138781 -0.000109

seq-04/frame-000314.color.png 0.354456 -0.646972 0.903404 0.958281 -0.251872 -0.134997 0.001867

seq-04/frame-000315.color.png 0.347361 -0.646066 0.904609 0.958643 -0.252180 -0.131708 0.005527

seq-04/frame-000316.color.png 0.337949 -0.648288 0.906536 0.958801 -0.253676 -0.127574 0.006524

seq-04/frame-000317.color.png 0.331878 -0.646785 0.907728 0.959800 -0.251524 -0.123890 0.011828

seq-04/frame-000318.color.png 0.316414 -0.650532 0.912471 0.961751 -0.248517 -0.114295 0.013385

seq-04/frame-000319.color.png 0.309651 -0.651626 0.913775 0.963038 -0.245759 -0.109282 0.013657

seq-04/frame-000320.color.png 0.302063 -0.653879 0.915156 0.964279 -0.242562 -0.105064 0.016114

seq-04/frame-000321.color.png 0.294176 -0.656369 0.916418 0.964845 -0.241163 -0.102271 0.020578

seq-04/frame-000322.color.png 0.286786 -0.658081 0.917499 0.964693 -0.241958 -0.100267 0.027190

seq-04/frame-000323.color.png 0.278118 -0.659583 0.918174 0.963822 -0.245272 -0.099526 0.030835

seq-04/frame-000324.color.png 0.262669 -0.659285 0.918036 0.963634 -0.247413 -0.095303 0.032899

seq-04/frame-000325.color.png 0.253607 -0.661291 0.918697 0.963195 -0.249438 -0.094492 0.032802

seq-04/frame-000326.color.png 0.245833 -0.662001 0.918877 0.962085 -0.252470 -0.096781 0.035397

seq-04/frame-000327.color.png 0.237131 -0.661280 0.917915 0.961499 -0.253702 -0.098928 0.036557

seq-04/frame-000328.color.png 0.229353 -0.658620 0.917119 0.961427 -0.254164 -0.098896 0.035301

seq-04/frame-000329.color.png 0.221279 -0.658324 0.918020 0.961029 -0.256700 -0.096590 0.034151

seq-04/frame-000330.color.png 0.215036 -0.655099 0.917961 0.960370 -0.259206 -0.095724 0.036127

seq-04/frame-000331.color.png 0.202512 -0.651845 0.920890 0.959388 -0.262749 -0.092056 0.045065

seq-04/frame-000332.color.png 0.195367 -0.650456 0.922982 0.959221 -0.263819 -0.090575 0.045373

seq-04/frame-000333.color.png 0.188096 -0.648388 0.925140 0.959910 -0.263160 -0.086853 0.041760

seq-04/frame-000334.color.png 0.180260 -0.646290 0.927605 0.960197 -0.264216 -0.081670 0.038836

seq-04/frame-000335.color.png 0.173557 -0.644438 0.930320 0.959305 -0.268228 -0.079114 0.038675

seq-04/frame-000336.color.png 0.166460 -0.641736 0.932162 0.958653 -0.270349 -0.077630 0.042857

seq-04/frame-000337.color.png 0.158682 -0.639273 0.934300 0.958657 -0.270341 -0.075524 0.046429

seq-04/frame-000338.color.png 0.142855 -0.638177 0.939854 0.959846 -0.268900 -0.067579 0.042292

seq-04/frame-000339.color.png 0.136126 -0.636991 0.941738 0.961306 -0.264964 -0.061648 0.043018

seq-04/frame-000340.color.png 0.127266 -0.637815 0.944026 0.962215 -0.262269 -0.057327 0.045141

seq-04/frame-000341.color.png 0.120113 -0.638457 0.946444 0.962545 -0.261332 -0.053797 0.047803

seq-04/frame-000342.color.png 0.119357 -0.636932 0.948449 0.963465 -0.258004 -0.051151 0.050196

seq-04/frame-000343.color.png 0.112826 -0.637309 0.950574 0.964618 -0.254811 -0.043717 0.051373

seq-04/frame-000344.color.png 0.105826 -0.638021 0.952982 0.965486 -0.253040 -0.035550 0.050103

seq-04/frame-000345.color.png 0.099183 -0.637860 0.955678 0.966179 -0.251919 -0.027444 0.047410

seq-04/frame-000346.color.png 0.093826 -0.637801 0.958544 0.966535 -0.251613 -0.018873 0.045960

seq-04/frame-000347.color.png 0.089193 -0.637281 0.961558 0.966399 -0.252245 -0.010833 0.047902

seq-04/frame-000348.color.png 0.085372 -0.635880 0.964676 0.966123 -0.252668 -0.005139 0.052009

seq-04/frame-000349.color.png 0.080419 -0.635267 0.968554 0.965737 -0.254106 0.000076 0.052423

seq-04/frame-000350.color.png 0.077712 -0.633784 0.972887 0.965203 -0.255963 0.007187 0.052732

seq-04/frame-000351.color.png 0.075607 -0.632203 0.977652 0.964631 -0.257518 0.014801 0.054023

seq-04/frame-000352.color.png 0.072458 -0.631400 0.983186 0.963575 -0.260877 0.019460 0.055251

seq-04/frame-000353.color.png 0.069641 -0.631670 0.989173 0.961949 -0.266577 0.023702 0.054724

seq-04/frame-000354.color.png 0.070093 -0.630670 0.994428 0.960609 -0.270732 0.028545 0.055548

seq-04/frame-000355.color.png 0.067339 -0.630283 1.000137 0.959716 -0.273464 0.032820 0.055234

seq-04/frame-000356.color.png 0.067573 -0.629181 1.005933 0.958234 -0.278063 0.035241 0.056502

seq-04/frame-000357.color.png 0.067258 -0.628823 1.012145 0.956544 -0.283555 0.038695 0.055573

seq-04/frame-000358.color.png 0.068075 -0.628060 1.018187 0.955380 -0.286860 0.043214 0.055310

seq-04/frame-000359.color.png 0.069036 -0.628023 1.024848 0.954280 -0.289939 0.045748 0.056189

seq-04/frame-000360.color.png 0.070460 -0.628231 1.031186 0.952650 -0.295210 0.044936 0.057044

seq-04/frame-000361.color.png 0.070998 -0.629110 1.037796 0.950871 -0.301404 0.043619 0.055344

seq-04/frame-000362.color.png 0.072189 -0.629947 1.043945 0.949583 -0.305752 0.042901 0.054156

seq-04/frame-000363.color.png 0.074067 -0.631791 1.050423 0.948322 -0.310037 0.041948 0.052608

seq-04/frame-000364.color.png 0.076043 -0.634714 1.057451 0.947399 -0.313168 0.041708 0.050861

seq-04/frame-000365.color.png 0.078339 -0.637786 1.064271 0.947457 -0.312785 0.043724 0.050430

seq-04/frame-000366.color.png 0.081320 -0.638136 1.070624 0.947718 -0.311823 0.045425 0.049983

seq-04/frame-000367.color.png 0.085015 -0.639601 1.077782 0.947086 -0.314091 0.044685 0.048402

seq-04/frame-000368.color.png 0.088980 -0.641958 1.085171 0.946208 -0.316711 0.043840 0.049264

seq-04/frame-000369.color.png 0.091784 -0.644056 1.092303 0.945685 -0.318192 0.043917 0.049699

seq-04/frame-000370.color.png 0.094939 -0.644513 1.098630 0.945440 -0.319036 0.043807 0.049028

seq-04/frame-000371.color.png 0.099090 -0.645122 1.105220 0.944444 -0.322510 0.041724 0.047290

seq-04/frame-000372.color.png 0.102106 -0.646063 1.111671 0.943143 -0.326804 0.039483 0.045681

seq-04/frame-000373.color.png 0.104993 -0.647357 1.118310 0.942092 -0.330190 0.038392 0.043913

seq-04/frame-000374.color.png 0.108908 -0.648532 1.125185 0.941092 -0.333402 0.037179 0.042068

seq-04/frame-000375.color.png 0.112638 -0.650214 1.131406 0.940251 -0.336331 0.035129 0.039239

seq-04/frame-000376.color.png 0.115750 -0.652244 1.137375 0.939944 -0.337769 0.034272 0.034724

seq-04/frame-000377.color.png 0.120493 -0.653070 1.142019 0.939766 -0.338576 0.035363 0.030318

seq-04/frame-000378.color.png 0.124890 -0.653976 1.146221 0.939013 -0.340946 0.035784 0.026345

seq-04/frame-000379.color.png 0.129836 -0.656659 1.150936 0.938115 -0.343590 0.035652 0.024066

seq-04/frame-000380.color.png 0.134574 -0.658593 1.154790 0.937826 -0.344523 0.035037 0.022841

seq-04/frame-000381.color.png 0.138270 -0.659176 1.156986 0.937466 -0.345726 0.034093 0.020786

seq-04/frame-000382.color.png 0.141616 -0.661592 1.160165 0.936448 -0.348697 0.033140 0.018483

seq-04/frame-000383.color.png 0.145539 -0.663668 1.161938 0.935936 -0.350122 0.032969 0.017728

seq-04/frame-000384.color.png 0.149266 -0.664529 1.162584 0.935315 -0.351770 0.033372 0.017137

seq-04/frame-000385.color.png 0.151924 -0.664648 1.162124 0.933833 -0.355752 0.032976 0.016472

seq-04/frame-000386.color.png 0.154978 -0.666831 1.161604 0.931297 -0.362491 0.031669 0.015712

seq-04/frame-000387.color.png 0.156439 -0.670199 1.160769 0.928966 -0.368540 0.030798 0.014637

seq-04/frame-000388.color.png 0.157256 -0.672308 1.157229 0.927066 -0.373388 0.030077 0.013719

seq-04/frame-000389.color.png 0.158575 -0.676675 1.153608 0.924830 -0.379201 0.026981 0.011471

seq-04/frame-000390.color.png 0.159493 -0.682308 1.149182 0.922833 -0.384415 0.022547 0.007676

seq-04/frame-000391.color.png 0.158093 -0.687915 1.144049 0.921266 -0.388390 0.019422 0.002580

seq-04/frame-000392.color.png 0.157590 -0.692850 1.136827 0.919127 -0.393547 0.016432 -0.004322

seq-04/frame-000393.color.png 0.157441 -0.698696 1.128943 0.916245 -0.400252 0.012029 -0.010535

seq-04/frame-000394.color.png 0.157767 -0.708536 1.121183 0.913569 -0.406278 0.004910 -0.016362

seq-04/frame-000395.color.png 0.155795 -0.718084 1.113057 0.912474 -0.408405 -0.002564 -0.023495

seq-04/frame-000396.color.png 0.152627 -0.728469 1.104297 0.911559 -0.409652 -0.009281 -0.033479

seq-04/frame-000397.color.png 0.152008 -0.739414 1.094716 0.911440 -0.408603 -0.016445 -0.044857

seq-04/frame-000398.color.png 0.150728 -0.749902 1.084405 0.911333 -0.407290 -0.023319 -0.054811

seq-04/frame-000399.color.png 0.149330 -0.759617 1.072571 0.910971 -0.406221 -0.030425 -0.064435

seq-04/frame-000400.color.png 0.147139 -0.769686 1.061361 0.910807 -0.404213 -0.037145 -0.074997

seq-04/frame-000401.color.png 0.146045 -0.777910 1.049205 0.911212 -0.400819 -0.044247 -0.083911

seq-04/frame-000402.color.png 0.144163 -0.786322 1.035474 0.911077 -0.398753 -0.050805 -0.091182

seq-04/frame-000403.color.png 0.140648 -0.794956 1.022061 0.910688 -0.396510 -0.058008 -0.100114

seq-04/frame-000404.color.png 0.138319 -0.803106 1.008705 0.910539 -0.393239 -0.065652 -0.109240

seq-04/frame-000405.color.png 0.135812 -0.811071 0.995328 0.910624 -0.390086 -0.070591 -0.116509

seq-04/frame-000406.color.png 0.133162 -0.819379 0.982483 0.911015 -0.385577 -0.074215 -0.125840

seq-04/frame-000407.color.png 0.130538 -0.821292 0.966625 0.911774 -0.379885 -0.078048 -0.135002

seq-04/frame-000408.color.png 0.127246 -0.824937 0.952816 0.910713 -0.378776 -0.082053 -0.142683

seq-04/frame-000409.color.png 0.123968 -0.821832 0.934836 0.911605 -0.372885 -0.088091 -0.148773

seq-04/frame-000410.color.png 0.118962 -0.818278 0.917386 0.913110 -0.365851 -0.095452 -0.152427

seq-04/frame-000411.color.png 0.111974 -0.817436 0.902032 0.913646 -0.361720 -0.097241 -0.157842

seq-04/frame-000412.color.png 0.108176 -0.816052 0.888161 0.913789 -0.357714 -0.098403 -0.165249

seq-04/frame-000413.color.png 0.104202 -0.815840 0.874882 0.913534 -0.354529 -0.101341 -0.171626

seq-04/frame-000414.color.png 0.101612 -0.816063 0.862116 0.913830 -0.350516 -0.105437 -0.175775

seq-04/frame-000415.color.png 0.097393 -0.816981 0.850012 0.913865 -0.346127 -0.111321 -0.180594

seq-04/frame-000416.color.png 0.094327 -0.818197 0.838858 0.913827 -0.341073 -0.118207 -0.185946

seq-04/frame-000417.color.png 0.094994 -0.817703 0.827754 0.913314 -0.334873 -0.127080 -0.193724

seq-04/frame-000418.color.png 0.091653 -0.817440 0.815858 0.911397 -0.329768 -0.136516 -0.204774

seq-04/frame-000419.color.png 0.087678 -0.818370 0.805011 0.909235 -0.325962 -0.145514 -0.214071

seq-04/frame-000420.color.png 0.084208 -0.819029 0.794121 0.906689 -0.321226 -0.155722 -0.224587

seq-04/frame-000421.color.png 0.080284 -0.819310 0.782402 0.903650 -0.317217 -0.165675 -0.235162

seq-04/frame-000422.color.png 0.077057 -0.820474 0.771115 0.900072 -0.314676 -0.174062 -0.245993

seq-04/frame-000423.color.png 0.074754 -0.822997 0.760618 0.897423 -0.311806 -0.180557 -0.254493

seq-04/frame-000424.color.png 0.074207 -0.824989 0.750755 0.896381 -0.308451 -0.186607 -0.257868

seq-04/frame-000425.color.png 0.073372 -0.826086 0.740671 0.895688 -0.306447 -0.190620 -0.259721

seq-04/frame-000426.color.png 0.072623 -0.827072 0.730120 0.893833 -0.306160 -0.193487 -0.264291

seq-04/frame-000427.color.png 0.072677 -0.829204 0.720823 0.890696 -0.306912 -0.197618 -0.270873

seq-04/frame-000428.color.png 0.071836 -0.833825 0.701599 0.885150 -0.306279 -0.204436 -0.284370

seq-04/frame-000429.color.png 0.071903 -0.836665 0.692657 0.881619 -0.305428 -0.207941 -0.293564

seq-04/frame-000430.color.png 0.072891 -0.839089 0.684485 0.878297 -0.304269 -0.211980 -0.301724

seq-04/frame-000431.color.png 0.075744 -0.842592 0.669367 0.870604 -0.302567 -0.221740 -0.318261

seq-04/frame-000432.color.png 0.077362 -0.844288 0.662066 0.866465 -0.302468 -0.222200 -0.329143

seq-04/frame-000433.color.png 0.078625 -0.844737 0.655651 0.860920 -0.301449 -0.222295 -0.344218

seq-04/frame-000434.color.png 0.082714 -0.846267 0.645445 0.852703 -0.299481 -0.235016 -0.357676

seq-04/frame-000435.color.png 0.084878 -0.848003 0.641033 0.847886 -0.297554 -0.245150 -0.363881

seq-04/frame-000436.color.png 0.091809 -0.850405 0.632037 0.837980 -0.291726 -0.262800 -0.378916

seq-04/frame-000437.color.png 0.096532 -0.851291 0.627976 0.832576 -0.289483 -0.268970 -0.388107

seq-04/frame-000438.color.png 0.100597 -0.852780 0.623723 0.826699 -0.286882 -0.274660 -0.398477

seq-04/frame-000439.color.png 0.112401 -0.855541 0.617010 0.818767 -0.280377 -0.287668 -0.410135

seq-04/frame-000440.color.png 0.120193 -0.856819 0.613400 0.813992 -0.277008 -0.297739 -0.414715

seq-04/frame-000441.color.png 0.127071 -0.857980 0.607974 0.808815 -0.274772 -0.306483 -0.419929

seq-04/frame-000442.color.png 0.143949 -0.861012 0.597987 0.796376 -0.269655 -0.321488 -0.435511

seq-04/frame-000443.color.png 0.153544 -0.863860 0.593447 0.790060 -0.267307 -0.330414 -0.441737

seq-04/frame-000444.color.png 0.172358 -0.869599 0.583932 0.777126 -0.257604 -0.352249 -0.453417

seq-04/frame-000445.color.png 0.184251 -0.871505 0.578649 0.771378 -0.252563 -0.365640 -0.455463

seq-04/frame-000446.color.png 0.208803 -0.874118 0.568359 0.758591 -0.243404 -0.389145 -0.462396

seq-04/frame-000447.color.png 0.221307 -0.874484 0.563982 0.752214 -0.240093 -0.398526 -0.466538

seq-04/frame-000448.color.png 0.246443 -0.874728 0.557834 0.737584 -0.237666 -0.418097 -0.473949

seq-04/frame-000449.color.png 0.258546 -0.876263 0.556609 0.729084 -0.237126 -0.429066 -0.477554

seq-04/frame-000450.color.png 0.268724 -0.877416 0.555995 0.723089 -0.237313 -0.438263 -0.478224

seq-04/frame-000451.color.png 0.290012 -0.876744 0.554159 0.712916 -0.238149 -0.454487 -0.477937

seq-04/frame-000452.color.png 0.309365 -0.875266 0.554733 0.706138 -0.239877 -0.460632 -0.481240

seq-04/frame-000453.color.png 0.317461 -0.874353 0.554847 0.702586 -0.240823 -0.465368 -0.481410

seq-04/frame-000454.color.png 0.332537 -0.873987 0.551393 0.694491 -0.242351 -0.477539 -0.480468

seq-04/frame-000455.color.png 0.340366 -0.874301 0.550557 0.691735 -0.241022 -0.481579 -0.481078

seq-04/frame-000456.color.png 0.346743 -0.873796 0.547822 0.690939 -0.242686 -0.483144 -0.479815

seq-04/frame-000457.color.png 0.357564 -0.874315 0.543296 0.684057 -0.247891 -0.489554 -0.480517

seq-04/frame-000458.color.png 0.360313 -0.874405 0.539874 0.681094 -0.250835 -0.492410 -0.480279

seq-04/frame-000459.color.png 0.364980 -0.874139 0.536891 0.677590 -0.254923 -0.494639 -0.480790

seq-04/frame-000460.color.png 0.366390 -0.875331 0.534727 0.670174 -0.263954 -0.493326 -0.487612

seq-04/frame-000461.color.png 0.375153 -0.877619 0.539566 0.665616 -0.268382 -0.493322 -0.491428

seq-04/frame-000462.color.png 0.380418 -0.880361 0.541695 0.661081 -0.273886 -0.495950 -0.491866

seq-04/frame-000463.color.png 0.385485 -0.884027 0.547642 0.655890 -0.277815 -0.502162 -0.490307

seq-04/frame-000464.color.png 0.391759 -0.887003 0.554102 0.651708 -0.280423 -0.505860 -0.490596

seq-04/frame-000465.color.png 0.382325 -0.893691 0.563353 0.654815 -0.295082 -0.491904 -0.492051

seq-04/frame-000466.color.png 0.378903 -0.895978 0.555273 0.672276 -0.317062 -0.469636 -0.476341

seq-04/frame-000467.color.png 0.367701 -0.902324 0.557912 0.689383 -0.338364 -0.447852 -0.457855

seq-04/frame-000468.color.png 0.381914 -0.909165 0.559897 0.700182 -0.353163 -0.433323 -0.444066

seq-04/frame-000469.color.png 0.396764 -0.916262 0.557899 0.713157 -0.367441 -0.415342 -0.428754

seq-04/frame-000470.color.png 0.400782 -0.924351 0.560090 0.729106 -0.383403 -0.392407 -0.409107

seq-04/frame-000471.color.png 0.423828 -0.937030 0.575671 0.722272 -0.382647 -0.400724 -0.413848

seq-04/frame-000472.color.png 0.410188 -0.955353 0.572935 0.733999 -0.394735 -0.376328 -0.404663

seq-04/frame-000473.color.png 0.386108 -0.958077 0.540421 0.750928 -0.409893 -0.343639 -0.387238

seq-04/frame-000474.color.png 0.365692 -0.970535 0.549848 0.760807 -0.424500 -0.316517 -0.375148

seq-04/frame-000475.color.png 0.371322 -0.987683 0.588937 0.758170 -0.427303 -0.312240 -0.380844

seq-04/frame-000476.color.png 0.371507 -1.003681 0.620991 0.758211 -0.431114 -0.305965 -0.381561

seq-04/frame-000477.color.png 0.380896 -1.019177 0.646185 0.752226 -0.431024 -0.312333 -0.388289

seq-04/frame-000478.color.png 0.396260 -1.041700 0.669198 0.737265 -0.422718 -0.325585 -0.414353

seq-04/frame-000479.color.png 0.412603 -1.049349 0.661681 0.729593 -0.413842 -0.334171 -0.429770

seq-04/frame-000480.color.png 0.435602 -1.048933 0.628053 0.733207 -0.408213 -0.332433 -0.430350

seq-04/frame-000481.color.png 0.453264 -1.050792 0.606271 0.734483 -0.403972 -0.333089 -0.431668

seq-04/frame-000482.color.png 0.477161 -1.060179 0.601265 0.728989 -0.394777 -0.338768 -0.444865

seq-04/frame-000483.color.png 0.488268 -1.062363 0.593001 0.729550 -0.388756 -0.340267 -0.448093

seq-04/frame-000484.color.png 0.496605 -1.062842 0.581973 0.732329 -0.386772 -0.337678 -0.447234

seq-04/frame-000485.color.png 0.504775 -1.065788 0.581486 0.730457 -0.384595 -0.339179 -0.451021

seq-04/frame-000486.color.png 0.515725 -1.067189 0.567941 0.731512 -0.377717 -0.339609 -0.454783

seq-04/frame-000487.color.png 0.524626 -1.066723 0.559246 0.731484 -0.371763 -0.343774 -0.456601

seq-04/frame-000488.color.png 0.539324 -1.065587 0.551933 0.729080 -0.364597 -0.350956 -0.460742

seq-04/frame-000489.color.png 0.554814 -1.064287 0.546124 0.727587 -0.353524 -0.355206 -0.468411

seq-04/frame-000490.color.png 0.552753 -1.063400 0.540341 0.728575 -0.350193 -0.353790 -0.470445

seq-04/frame-000491.color.png 0.543765 -1.061295 0.522608 0.740384 -0.339439 -0.351456 -0.461555

seq-04/frame-000492.color.png 0.565730 -1.058588 0.515547 0.743226 -0.327755 -0.359740 -0.459044

seq-04/frame-000493.color.png 0.596202 -1.056130 0.518202 0.741363 -0.314428 -0.372370 -0.461300

seq-04/frame-000494.color.png 0.595383 -1.055226 0.516125 0.745162 -0.313830 -0.369409 -0.457955

seq-04/frame-000495.color.png 0.614931 -1.054377 0.515633 0.759514 -0.316959 -0.369156 -0.431674

seq-04/frame-000496.color.png 0.640099 -1.052498 0.518441 0.759556 -0.307202 -0.377791 -0.431182

seq-04/frame-000497.color.png 0.638486 -1.050248 0.528298 0.758706 -0.296823 -0.384441 -0.434060

seq-04/frame-000498.color.png 0.619748 -1.046786 0.543263 0.761004 -0.298920 -0.384921 -0.428132

seq-04/frame-000499.color.png 0.612203 -1.046613 0.549393 0.761484 -0.298681 -0.386311 -0.426190

seq-04/frame-000500.color.png 0.622477 -1.056266 0.617222 0.733965 -0.273418 -0.436085 -0.443065

seq-04/frame-000501.color.png 0.618142 -1.054763 0.626321 0.734806 -0.269942 -0.442732 -0.437172

seq-04/frame-000502.color.png 0.613882 -1.048865 0.622565 0.742603 -0.279734 -0.446967 -0.412856

seq-04/frame-000503.color.png 0.614274 -1.049299 0.626605 0.746691 -0.284212 -0.447131 -0.402107

seq-04/frame-000504.color.png 0.610516 -1.042174 0.624436 0.755505 -0.289446 -0.440875 -0.388591

seq-04/frame-000505.color.png 0.604096 -1.041174 0.622761 0.758463 -0.294106 -0.438136 -0.382378

seq-04/frame-000506.color.png 0.598783 -1.036924 0.622424 0.768510 -0.302077 -0.432317 -0.362194

seq-04/frame-000507.color.png 0.594233 -1.035940 0.621064 0.773227 -0.306803 -0.428265 -0.352878

seq-04/frame-000508.color.png 0.587217 -1.032468 0.617199 0.785005 -0.312287 -0.421030 -0.330032

seq-04/frame-000509.color.png 0.583324 -1.029170 0.613482 0.788681 -0.315495 -0.419541 -0.319957

seq-04/frame-000510.color.png 0.575718 -1.022443 0.606381 0.793647 -0.320458 -0.415750 -0.307451

seq-04/frame-000511.color.png 0.572627 -1.018663 0.603636 0.795082 -0.323445 -0.413798 -0.303219

seq-04/frame-000512.color.png 0.564828 -1.016781 0.600067 0.802895 -0.330704 -0.405411 -0.285620

seq-04/frame-000513.color.png 0.561170 -1.013158 0.594249 0.810039 -0.332760 -0.398881 -0.271927

seq-04/frame-000514.color.png 0.559742 -1.010234 0.590601 0.814089 -0.334051 -0.395603 -0.262888

seq-04/frame-000515.color.png 0.555232 -1.007561 0.583257 0.823303 -0.335021 -0.388749 -0.242385

seq-04/frame-000516.color.png 0.551835 -1.005632 0.576774 0.826091 -0.335753 -0.386254 -0.235785

seq-04/frame-000517.color.png 0.545860 -1.004021 0.567222 0.831230 -0.333278 -0.381558 -0.228779

seq-04/frame-000518.color.png 0.543649 -1.001880 0.561188 0.835313 -0.331578 -0.377922 -0.222323

seq-04/frame-000519.color.png 0.538388 -0.995113 0.547793 0.841691 -0.331232 -0.370897 -0.210289

seq-04/frame-000520.color.png 0.534172 -0.992771 0.541138 0.845291 -0.331298 -0.365097 -0.205849

seq-04/frame-000521.color.png 0.525759 -0.989842 0.530158 0.852404 -0.330394 -0.356434 -0.192733

seq-04/frame-000522.color.png 0.522450 -0.988750 0.525650 0.856245 -0.329397 -0.354117 -0.181351

seq-04/frame-000523.color.png 0.518026 -0.985709 0.519068 0.860075 -0.328060 -0.351385 -0.170649

seq-04/frame-000524.color.png 0.507486 -0.979983 0.508984 0.864586 -0.325994 -0.346628 -0.161285

seq-04/frame-000525.color.png 0.500294 -0.979687 0.504297 0.867854 -0.325513 -0.341129 -0.156353

seq-04/frame-000526.color.png 0.486085 -0.976867 0.495460 0.875997 -0.319789 -0.332055 -0.141596

seq-04/frame-000527.color.png 0.479077 -0.972798 0.490003 0.879242 -0.317981 -0.328616 -0.133334

seq-04/frame-000528.color.png 0.470956 -0.969085 0.484941 0.882167 -0.317097 -0.323157 -0.129409

seq-04/frame-000529.color.png 0.449552 -0.967755 0.474142 0.886814 -0.317538 -0.312476 -0.122617

seq-04/frame-000530.color.png 0.439743 -0.968711 0.471139 0.888697 -0.316514 -0.311184 -0.114659

seq-04/frame-000531.color.png 0.420472 -0.961690 0.462499 0.893889 -0.309885 -0.306123 -0.105675

seq-04/frame-000532.color.png 0.411324 -0.957676 0.458786 0.894827 -0.310330 -0.303804 -0.103101

seq-04/frame-000533.color.png 0.390348 -0.953795 0.453607 0.895223 -0.315930 -0.297984 -0.099574

seq-04/frame-000534.color.png 0.379606 -0.952688 0.451308 0.896672 -0.317016 -0.292566 -0.099146

seq-04/frame-000535.color.png 0.368654 -0.950693 0.448305 0.897937 -0.318147 -0.288407 -0.096225

seq-04/frame-000536.color.png 0.347572 -0.947554 0.444008 0.898458 -0.320865 -0.285756 -0.090045

seq-04/frame-000537.color.png 0.336981 -0.947955 0.443830 0.899234 -0.321423 -0.283538 -0.087279

seq-04/frame-000538.color.png 0.314766 -0.946161 0.441515 0.903504 -0.319058 -0.274768 -0.079574

seq-04/frame-000539.color.png 0.302221 -0.947128 0.440538 0.905760 -0.317542 -0.270247 -0.075353

seq-04/frame-000540.color.png 0.277791 -0.945351 0.437425 0.910295 -0.311605 -0.263967 -0.067319

seq-04/frame-000541.color.png 0.265416 -0.946613 0.437282 0.912013 -0.309497 -0.261602 -0.062884

seq-04/frame-000542.color.png 0.252246 -0.947081 0.435558 0.915093 -0.304922 -0.257002 -0.059353

seq-04/frame-000543.color.png 0.226394 -0.945704 0.431956 0.921446 -0.295260 -0.247173 -0.051098

seq-04/frame-000544.color.png 0.214607 -0.945365 0.430168 0.924080 -0.291135 -0.243194 -0.046031

seq-04/frame-000545.color.png 0.201030 -0.945707 0.427645 0.927089 -0.286606 -0.237931 -0.041216

seq-04/frame-000546.color.png 0.174883 -0.943750 0.421741 0.932987 -0.274295 -0.230853 -0.030819

seq-04/frame-000547.color.png 0.163097 -0.941604 0.418124 0.935801 -0.267666 -0.227889 -0.025392

seq-04/frame-000548.color.png 0.152754 -0.936925 0.415139 0.938490 -0.261641 -0.224213 -0.021359

seq-04/frame-000549.color.png 0.130358 -0.935585 0.409256 0.943021 -0.256400 -0.211195 -0.017705

seq-04/frame-000550.color.png 0.121185 -0.932336 0.405575 0.945521 -0.251895 -0.205634 -0.014139

seq-04/frame-000551.color.png 0.101198 -0.929397 0.398333 0.947723 -0.248981 -0.199332 -0.006648

seq-04/frame-000552.color.png 0.091968 -0.928462 0.394812 0.948914 -0.247112 -0.195968 -0.006441

seq-04/frame-000553.color.png 0.083344 -0.926318 0.391163 0.949939 -0.245863 -0.192541 -0.006495

seq-04/frame-000554.color.png 0.066599 -0.923750 0.383039 0.951212 -0.245970 -0.186116 -0.001384

seq-04/frame-000555.color.png 0.059025 -0.923189 0.378638 0.951791 -0.245669 -0.183544 0.000101

seq-04/frame-000556.color.png 0.051859 -0.921791 0.373986 0.952521 -0.244326 -0.181535 -0.000043

seq-04/frame-000557.color.png 0.039431 -0.918683 0.363353 0.953936 -0.240359 -0.179389 0.001212

seq-04/frame-000558.color.png 0.033188 -0.915846 0.357220 0.955018 -0.237723 -0.177121 0.001954

seq-04/frame-000559.color.png 0.027486 -0.912455 0.351155 0.955597 -0.236465 -0.175680 0.001760

seq-04/frame-000560.color.png 0.018418 -0.906177 0.336971 0.956085 -0.235235 -0.174630 0.004153

seq-04/frame-000561.color.png 0.014205 -0.904136 0.329122 0.956567 -0.234505 -0.172970 0.003926

seq-04/frame-000562.color.png 0.010102 -0.901855 0.320539 0.956926 -0.233437 -0.172449 0.002765

seq-04/frame-000563.color.png 0.004278 -0.898467 0.300325 0.958365 -0.226021 -0.174301 0.004071

seq-04/frame-000564.color.png 0.002512 -0.895079 0.289558 0.959165 -0.221363 -0.175874 0.004004

seq-04/frame-000565.color.png 0.000548 -0.894636 0.280066 0.959571 -0.218375 -0.177397 0.003632

seq-04/frame-000566.color.png -0.000105 -0.889690 0.256114 0.962230 -0.207478 -0.176094 0.002149

seq-04/frame-000567.color.png -0.000100 -0.886142 0.244294 0.962958 -0.204201 -0.175957 0.000574

seq-04/frame-000568.color.png 0.001589 -0.878154 0.217352 0.963559 -0.198570 -0.179085 0.000238

seq-04/frame-000569.color.png 0.002624 -0.873834 0.203170 0.963547 -0.198228 -0.179524 -0.000378

seq-04/frame-000570.color.png 0.004138 -0.870898 0.189472 0.963472 -0.198005 -0.180171 -0.001031

seq-04/frame-000571.color.png 0.007932 -0.861681 0.160818 0.963141 -0.197554 -0.182412 0.002171

seq-04/frame-000572.color.png 0.010717 -0.858058 0.145668 0.963143 -0.197789 -0.182129 0.003157

seq-04/frame-000573.color.png 0.014243 -0.852856 0.130842 0.963507 -0.197224 -0.180807 0.003588

seq-04/frame-000574.color.png 0.020222 -0.843977 0.099756 0.963584 -0.196581 -0.180871 0.009681

seq-04/frame-000575.color.png 0.023377 -0.839821 0.084948 0.963474 -0.195614 -0.182399 0.011421

seq-04/frame-000576.color.png 0.028240 -0.828485 0.055506 0.963634 -0.193280 -0.183901 0.013372

seq-04/frame-000577.color.png 0.030910 -0.823160 0.041534 0.963020 -0.194251 -0.185895 0.015729

seq-04/frame-000578.color.png 0.034230 -0.817302 0.013625 0.962601 -0.197193 -0.184945 0.015977

seq-04/frame-000579.color.png 0.037455 -0.814199 0.000145 0.963089 -0.195903 -0.183854 0.015036

seq-04/frame-000580.color.png 0.043603 -0.808181 -0.024815 0.963393 -0.192673 -0.185429 0.017697

seq-04/frame-000581.color.png 0.045914 -0.805487 -0.037303 0.963882 -0.190906 -0.184822 0.016507

seq-04/frame-000582.color.png 0.049243 -0.802952 -0.048557 0.964482 -0.189292 -0.183589 0.013599

seq-04/frame-000583.color.png 0.052197 -0.798993 -0.074838 0.965970 -0.185100 -0.180214 0.010485

seq-04/frame-000584.color.png 0.055471 -0.797628 -0.087226 0.966863 -0.181582 -0.179031 0.009897

seq-04/frame-000585.color.png 0.061507 -0.791277 -0.113404 0.969058 -0.173486 -0.175239 0.008186

seq-04/frame-000586.color.png 0.063397 -0.788963 -0.126318 0.970052 -0.170210 -0.172990 0.006964

seq-04/frame-000587.color.png 0.065262 -0.784845 -0.139698 0.971063 -0.167023 -0.170472 0.005040

seq-04/frame-000588.color.png 0.069884 -0.782288 -0.165661 0.972843 -0.162012 -0.165102 0.003995

seq-04/frame-000589.color.png 0.071188 -0.780142 -0.179274 0.974205 -0.157262 -0.161648 0.003130

seq-04/frame-000590.color.png 0.071014 -0.772470 -0.204671 0.975991 -0.151872 -0.155954 0.000566

seq-04/frame-000591.color.png 0.070339 -0.771631 -0.217962 0.976726 -0.150113 -0.153028 -0.000458

seq-04/frame-000592.color.png 0.069225 -0.767632 -0.231641 0.977439 -0.147011 -0.151467 -0.002147

seq-04/frame-000593.color.png 0.067519 -0.762407 -0.258524 0.978106 -0.141408 -0.152457 -0.003880

seq-04/frame-000594.color.png 0.066070 -0.758386 -0.271919 0.978742 -0.137764 -0.151728 -0.003263

seq-04/frame-000595.color.png 0.060922 -0.747348 -0.297494 0.979871 -0.134173 -0.147564 -0.004567

seq-04/frame-000596.color.png 0.059892 -0.745144 -0.308912 0.980071 -0.134686 -0.145744 -0.004929

seq-04/frame-000597.color.png 0.056438 -0.742450 -0.322391 0.980644 -0.133416 -0.143092 -0.002785

seq-04/frame-000598.color.png 0.051434 -0.731762 -0.345443 0.981259 -0.132920 -0.139241 -0.004644

seq-04/frame-000599.color.png 0.047756 -0.729800 -0.356521 0.981415 -0.135321 -0.135777 -0.004855

seq-04/frame-000600.color.png 0.044439 -0.726823 -0.367637 0.981839 -0.136573 -0.131316 -0.006426

seq-04/frame-000601.color.png 0.040397 -0.724075 -0.378238 0.982149 -0.138911 -0.126289 -0.009206

seq-04/frame-000602.color.png 0.035615 -0.727953 -0.400440 0.982647 -0.142403 -0.117992 -0.012218

seq-04/frame-000603.color.png 0.032052 -0.727143 -0.412089 0.983286 -0.141435 -0.113563 -0.013914

seq-04/frame-000604.color.png 0.028480 -0.734144 -0.433071 0.983736 -0.139669 -0.111152 -0.018639

seq-04/frame-000605.color.png 0.026804 -0.732978 -0.444628 0.984433 -0.136157 -0.108894 -0.020999

seq-04/frame-000606.color.png 0.022822 -0.735677 -0.455869 0.984955 -0.135190 -0.104695 -0.023908

seq-04/frame-000607.color.png 0.020131 -0.736163 -0.475779 0.985853 -0.131635 -0.098376 -0.032141

seq-04/frame-000608.color.png 0.019997 -0.737175 -0.484514 0.985981 -0.132794 -0.094739 -0.034319

seq-04/frame-000609.color.png 0.018809 -0.741288 -0.500832 0.985985 -0.133937 -0.091521 -0.038265

seq-04/frame-000610.color.png 0.017438 -0.739938 -0.507923 0.986005 -0.132598 -0.091633 -0.041952

seq-04/frame-000611.color.png 0.019386 -0.739841 -0.519485 0.985091 -0.135330 -0.094802 -0.047326

seq-04/frame-000612.color.png 0.018288 -0.740792 -0.525551 0.984722 -0.137241 -0.094540 -0.049951

seq-04/frame-000613.color.png 0.017908 -0.738763 -0.531714 0.984398 -0.139275 -0.092408 -0.054491

seq-04/frame-000614.color.png 0.020151 -0.740602 -0.543753 0.983281 -0.146939 -0.086069 -0.064063

seq-04/frame-000615.color.png 0.022893 -0.742311 -0.548734 0.982613 -0.150786 -0.085340 -0.066313

seq-04/frame-000616.color.png 0.026053 -0.742783 -0.560843 0.981528 -0.156671 -0.083908 -0.070432

seq-04/frame-000617.color.png 0.028788 -0.744369 -0.567315 0.981149 -0.158855 -0.081926 -0.073106

seq-04/frame-000618.color.png 0.037123 -0.743995 -0.579935 0.980843 -0.161551 -0.076331 -0.077251

seq-04/frame-000619.color.png 0.040444 -0.744670 -0.587472 0.980965 -0.162021 -0.073048 -0.077879

seq-04/frame-000620.color.png 0.054006 -0.742662 -0.603104 0.981055 -0.161285 -0.072095 -0.079148

seq-04/frame-000621.color.png 0.058473 -0.739980 -0.611875 0.981414 -0.160086 -0.070139 -0.078893

seq-04/frame-000622.color.png 0.074017 -0.735947 -0.628726 0.981108 -0.160353 -0.069978 -0.082234

seq-04/frame-000623.color.png 0.082084 -0.734722 -0.637632 0.981157 -0.159802 -0.069854 -0.082825

seq-04/frame-000624.color.png 0.100973 -0.733591 -0.655940 0.981236 -0.157984 -0.070554 -0.084752

seq-04/frame-000625.color.png 0.113089 -0.731344 -0.665601 0.981548 -0.154829 -0.073343 -0.084592

seq-04/frame-000626.color.png 0.133883 -0.724875 -0.684069 0.982125 -0.149619 -0.076891 -0.084123

seq-04/frame-000627.color.png 0.145534 -0.724322 -0.694564 0.982316 -0.147215 -0.077973 -0.085135

seq-04/frame-000628.color.png 0.170548 -0.716354 -0.712781 0.982835 -0.141323 -0.081795 -0.085536

seq-04/frame-000629.color.png 0.181500 -0.715686 -0.722876 0.982682 -0.140520 -0.084294 -0.086190

seq-04/frame-000630.color.png 0.203834 -0.709703 -0.743009 0.982817 -0.135105 -0.089211 -0.088337

seq-04/frame-000631.color.png 0.216314 -0.709745 -0.752282 0.982526 -0.134119 -0.092303 -0.089884

seq-04/frame-000632.color.png 0.236645 -0.707385 -0.769611 0.982491 -0.129521 -0.099311 -0.089539

seq-04/frame-000633.color.png 0.242005 -0.708943 -0.778011 0.982219 -0.129870 -0.101413 -0.089661

seq-04/frame-000634.color.png 0.257537 -0.712156 -0.796663 0.982321 -0.127306 -0.101306 -0.092304

seq-04/frame-000635.color.png 0.265747 -0.712835 -0.806556 0.982493 -0.126275 -0.099705 -0.093625

seq-04/frame-000636.color.png 0.269426 -0.716309 -0.828782 0.983188 -0.124065 -0.096373 -0.092766

seq-04/frame-000637.color.png 0.277522 -0.723222 -0.848622 0.983765 -0.121712 -0.095773 -0.090354

seq-04/frame-000638.color.png 0.279481 -0.724152 -0.860221 0.984354 -0.117798 -0.093331 -0.091678

seq-04/frame-000639.color.png 0.286821 -0.726666 -0.880425 0.985471 -0.111457 -0.088764 -0.092133

seq-04/frame-000640.color.png 0.289777 -0.728803 -0.890516 0.985928 -0.109329 -0.087942 -0.090571

seq-04/frame-000641.color.png 0.284518 -0.733034 -0.911748 0.986346 -0.107102 -0.081294 -0.094794

seq-04/frame-000642.color.png 0.283725 -0.737063 -0.922402 0.986426 -0.106738 -0.078243 -0.096915

seq-04/frame-000643.color.png 0.288101 -0.742798 -0.942540 0.986656 -0.102096 -0.079679 -0.098398

seq-04/frame-000644.color.png 0.286114 -0.744069 -0.951233 0.986648 -0.099910 -0.081716 -0.099049

seq-04/frame-000645.color.png 0.282147 -0.745325 -0.969355 0.986697 -0.094080 -0.081843 -0.104036

seq-04/frame-000646.color.png 0.282355 -0.746382 -0.976624 0.986953 -0.090899 -0.083537 -0.103087

seq-04/frame-000647.color.png 0.281202 -0.742621 -0.990206 0.987212 -0.085000 -0.089463 -0.100634

seq-04/frame-000648.color.png 0.282112 -0.743025 -0.996533 0.987092 -0.083961 -0.092068 -0.100335

seq-04/frame-000649.color.png 0.282209 -0.744058 -1.008856 0.986850 -0.081249 -0.097829 -0.099488

seq-04/frame-000650.color.png 0.279197 -0.746393 -1.019927 0.986878 -0.073646 -0.104876 -0.097942

seq-04/frame-000651.color.png 0.278000 -0.741783 -1.024490 0.986794 -0.071255 -0.107942 -0.097220

seq-04/frame-000652.color.png 0.274554 -0.742516 -1.033953 0.986074 -0.071845 -0.114088 -0.097076

seq-04/frame-000653.color.png 0.269661 -0.740462 -1.038998 0.985740 -0.071662 -0.117226 -0.096859

seq-04/frame-000654.color.png 0.269829 -0.740713 -1.046788 0.984700 -0.072512 -0.124775 -0.097376

seq-04/frame-000655.color.png 0.271413 -0.741983 -1.050854 0.984280 -0.072238 -0.128700 -0.096713

seq-04/frame-000656.color.png 0.272797 -0.739257 -1.059677 0.984400 -0.069376 -0.130316 -0.095411

seq-04/frame-000657.color.png 0.277411 -0.742211 -1.066359 0.983756 -0.071895 -0.134579 -0.094267

seq-04/frame-000658.color.png 0.283048 -0.743990 -1.067834 0.983410 -0.071102 -0.137718 -0.093941

seq-04/frame-000659.color.png 0.287598 -0.750116 -1.071312 0.983043 -0.070367 -0.142272 -0.091524

seq-04/frame-000660.color.png 0.293489 -0.746994 -1.072187 0.983092 -0.069008 -0.143265 -0.090467

seq-04/frame-000661.color.png 0.303245 -0.748299 -1.073583 0.982735 -0.069951 -0.146070 -0.089127

seq-04/frame-000662.color.png 0.308260 -0.747235 -1.073460 0.982697 -0.069151 -0.147790 -0.087316

seq-04/frame-000663.color.png 0.321739 -0.744434 -1.072578 0.982743 -0.069011 -0.147709 -0.087044

seq-04/frame-000664.color.png 0.336884 -0.741668 -1.069860 0.982836 -0.068778 -0.146312 -0.088532

seq-04/frame-000665.color.png 0.348493 -0.739565 -1.066098 0.982638 -0.067239 -0.148217 -0.088734

seq-04/frame-000666.color.png 0.362952 -0.740600 -1.058371 0.981751 -0.067490 -0.154357 -0.087888

seq-04/frame-000667.color.png 0.373709 -0.744920 -1.052610 0.981090 -0.068263 -0.157568 -0.088973

seq-04/frame-000668.color.png 0.393337 -0.744202 -1.042558 0.980155 -0.067983 -0.163084 -0.089549

seq-04/frame-000669.color.png 0.405720 -0.744012 -1.035617 0.979393 -0.068814 -0.166918 -0.090186

seq-04/frame-000670.color.png 0.425018 -0.748166 -1.023019 0.978459 -0.071037 -0.170402 -0.092064

seq-04/frame-000671.color.png 0.438522 -0.748016 -1.015235 0.977771 -0.071398 -0.173350 -0.093577

seq-04/frame-000672.color.png 0.460392 -0.747622 -0.999837 0.976374 -0.073122 -0.179398 -0.095415

seq-04/frame-000673.color.png 0.477022 -0.752109 -0.984745 0.975162 -0.076460 -0.182894 -0.098509

seq-04/frame-000674.color.png 0.486095 -0.750714 -0.976408 0.974338 -0.078294 -0.185272 -0.100745

seq-04/frame-000675.color.png 0.504941 -0.752271 -0.956336 0.971529 -0.082760 -0.194420 -0.106881

seq-04/frame-000676.color.png 0.509013 -0.755308 -0.945538 0.970080 -0.084495 -0.199032 -0.110141

seq-04/frame-000677.color.png 0.521896 -0.759501 -0.920165 0.966672 -0.086216 -0.211037 -0.116256

seq-04/frame-000678.color.png 0.529701 -0.759241 -0.894280 0.962082 -0.086526 -0.229312 -0.119441

seq-04/frame-000679.color.png 0.529981 -0.759511 -0.881656 0.960541 -0.087303 -0.235820 -0.118606

seq-04/frame-000680.color.png 0.527357 -0.760442 -0.854220 0.957018 -0.092767 -0.247136 -0.119888

seq-04/frame-000681.color.png 0.522713 -0.762458 -0.828454 0.954533 -0.092139 -0.255328 -0.122977

seq-04/frame-000682.color.png 0.518870 -0.762331 -0.814347 0.953111 -0.092212 -0.260798 -0.122468

seq-04/frame-000683.color.png 0.494895 -0.758846 -0.796242 0.949008 -0.094685 -0.275428 -0.120399

seq-04/frame-000684.color.png 0.477707 -0.759305 -0.768095 0.944108 -0.099107 -0.288012 -0.125796

seq-04/frame-000685.color.png 0.467065 -0.760780 -0.753545 0.941617 -0.103274 -0.293376 -0.128690

seq-04/frame-000686.color.png 0.440050 -0.765461 -0.729630 0.938058 -0.106996 -0.301879 -0.131929

seq-04/frame-000687.color.png 0.426166 -0.765015 -0.717758 0.936414 -0.106851 -0.306151 -0.133872

seq-04/frame-000688.color.png 0.393373 -0.765976 -0.694418 0.931819 -0.106006 -0.319172 -0.136171

seq-04/frame-000689.color.png 0.358472 -0.767141 -0.673240 0.927216 -0.104080 -0.332898 -0.136208

seq-04/frame-000690.color.png 0.340616 -0.766936 -0.664018 0.924847 -0.103610 -0.340090 -0.134902

seq-04/frame-000691.color.png 0.305254 -0.769311 -0.648336 0.920494 -0.098757 -0.354047 -0.132375

seq-04/frame-000692.color.png 0.287159 -0.772738 -0.635602 0.918515 -0.095051 -0.360707 -0.130849

seq-04/frame-000693.color.png 0.251408 -0.768574 -0.624187 0.915417 -0.089190 -0.371816 -0.125479

seq-04/frame-000694.color.png 0.232570 -0.772002 -0.613634 0.914706 -0.089161 -0.374285 -0.123326

seq-04/frame-000695.color.png 0.198290 -0.768265 -0.599251 0.914309 -0.088765 -0.375200 -0.123775

seq-04/frame-000696.color.png 0.182847 -0.766349 -0.592052 0.913446 -0.088339 -0.376333 -0.126969

seq-04/frame-000697.color.png 0.154984 -0.761633 -0.578399 0.911058 -0.084145 -0.382761 -0.127754

seq-04/frame-000698.color.png 0.140493 -0.759131 -0.571682 0.909559 -0.085640 -0.386718 -0.125507

seq-04/frame-000699.color.png 0.114074 -0.759145 -0.552978 0.904374 -0.087689 -0.397171 -0.128868

seq-04/frame-000700.color.png 0.100231 -0.758226 -0.544131 0.902588 -0.087651 -0.399264 -0.134811

seq-04/frame-000701.color.png 0.089150 -0.758666 -0.534997 0.901003 -0.088607 -0.400327 -0.141472

seq-04/frame-000702.color.png 0.070386 -0.754082 -0.517488 0.897038 -0.089458 -0.406884 -0.147305

seq-04/frame-000703.color.png 0.061806 -0.752989 -0.508250 0.894383 -0.090496 -0.411908 -0.148842

seq-04/frame-000704.color.png 0.043485 -0.752912 -0.489121 0.889761 -0.092727 -0.419260 -0.154535

seq-04/frame-000705.color.png 0.036689 -0.752603 -0.479925 0.887686 -0.094203 -0.422217 -0.157494

seq-04/frame-000706.color.png 0.022689 -0.752208 -0.459037 0.885782 -0.097006 -0.425045 -0.158901

seq-04/frame-000707.color.png 0.017839 -0.751701 -0.447921 0.884677 -0.097023 -0.426678 -0.160657

seq-04/frame-000708.color.png 0.013550 -0.753190 -0.436413 0.883935 -0.095539 -0.428360 -0.161156

seq-04/frame-000709.color.png 0.004247 -0.754914 -0.413529 0.882947 -0.093922 -0.432449 -0.156533

seq-04/frame-000710.color.png -0.000499 -0.758257 -0.402704 0.882111 -0.093402 -0.433887 -0.157577

seq-04/frame-000711.color.png -0.006170 -0.759689 -0.378580 0.881378 -0.093793 -0.434874 -0.158716

seq-04/frame-000712.color.png -0.007374 -0.762265 -0.367056 0.880023 -0.094942 -0.436820 -0.160202

seq-04/frame-000713.color.png -0.009680 -0.773927 -0.342402 0.880188 -0.093623 -0.436099 -0.162028

seq-04/frame-000714.color.png -0.009347 -0.775821 -0.331123 0.880797 -0.092162 -0.436163 -0.159360

seq-04/frame-000715.color.png -0.008803 -0.784253 -0.307332 0.881632 -0.090192 -0.434566 -0.160230

seq-04/frame-000716.color.png -0.007534 -0.786137 -0.295912 0.882845 -0.088311 -0.431902 -0.161796

seq-04/frame-000717.color.png -0.003137 -0.791798 -0.273266 0.884622 -0.087360 -0.428843 -0.160737

seq-04/frame-000718.color.png -0.001458 -0.795970 -0.261577 0.885874 -0.087004 -0.426409 -0.160514

seq-04/frame-000719.color.png 0.004295 -0.801517 -0.238307 0.888916 -0.086920 -0.421491 -0.156683

seq-04/frame-000720.color.png 0.008656 -0.806197 -0.216662 0.892055 -0.086376 -0.415433 -0.155320

seq-04/frame-000721.color.png 0.014069 -0.808071 -0.195498 0.895320 -0.087025 -0.410064 -0.150362

seq-04/frame-000722.color.png 0.016496 -0.808485 -0.184952 0.896612 -0.087937 -0.407690 -0.148575

seq-04/frame-000723.color.png 0.019120 -0.811513 -0.162850 0.899720 -0.091351 -0.401197 -0.145369

seq-04/frame-000724.color.png 0.022148 -0.806962 -0.141486 0.903956 -0.091260 -0.392599 -0.142593

seq-04/frame-000725.color.png 0.023513 -0.797665 -0.120666 0.908374 -0.089222 -0.384051 -0.139040

seq-04/frame-000726.color.png 0.023309 -0.801078 -0.107093 0.909446 -0.092129 -0.381499 -0.137150

seq-04/frame-000727.color.png 0.020358 -0.798376 -0.088545 0.913274 -0.093843 -0.371952 -0.136776

seq-04/frame-000728.color.png 0.017635 -0.798648 -0.069584 0.916261 -0.098862 -0.363751 -0.135312

seq-04/frame-000729.color.png 0.014791 -0.803844 -0.057336 0.917972 -0.101723 -0.358590 -0.135369

seq-04/frame-000730.color.png 0.010775 -0.804334 -0.040834 0.922277 -0.101261 -0.347960 -0.134190

seq-04/frame-000731.color.png 0.008708 -0.807231 -0.029213 0.923497 -0.102548 -0.344863 -0.132812

seq-04/frame-000732.color.png 0.001871 -0.807841 -0.017512 0.927167 -0.101917 -0.334701 -0.133720

seq-04/frame-000733.color.png 0.000940 -0.807000 -0.008915 0.928764 -0.102041 -0.330334 -0.133405

seq-04/frame-000734.color.png -0.003505 -0.815903 0.009255 0.930189 -0.106835 -0.325535 -0.131504

seq-04/frame-000735.color.png -0.008417 -0.823543 0.025315 0.933153 -0.110275 -0.314948 -0.133437

seq-04/frame-000736.color.png -0.009030 -0.823513 0.032745 0.935124 -0.109622 -0.309414 -0.133119

seq-04/frame-000737.color.png -0.009400 -0.826202 0.047751 0.936821 -0.106079 -0.307391 -0.128670

seq-04/frame-000738.color.png -0.012799 -0.828662 0.054572 0.937312 -0.105301 -0.306100 -0.128809

seq-04/frame-000739.color.png -0.016587 -0.833929 0.069001 0.938716 -0.104060 -0.300724 -0.132213

seq-04/frame-000740.color.png -0.016430 -0.831251 0.073815 0.940012 -0.100761 -0.298448 -0.130711

seq-04/frame-000741.color.png -0.018310 -0.837894 0.089161 0.941679 -0.096756 -0.295742 -0.127861

seq-04/frame-000742.color.png -0.018616 -0.842596 0.104320 0.943343 -0.092719 -0.292272 -0.126554

seq-04/frame-000743.color.png -0.018316 -0.844637 0.111886 0.944087 -0.091416 -0.291623 -0.123411

seq-04/frame-000744.color.png -0.018343 -0.846633 0.120010 0.944244 -0.092238 -0.291839 -0.121063

seq-04/frame-000745.color.png -0.018642 -0.850135 0.133961 0.944301 -0.096176 -0.289075 -0.124147

seq-04/frame-000746.color.png -0.013947 -0.850891 0.147981 0.944614 -0.096915 -0.287835 -0.124077

seq-04/frame-000747.color.png -0.012283 -0.852023 0.154647 0.944922 -0.096084 -0.287776 -0.122504

seq-04/frame-000748.color.png -0.006806 -0.851768 0.167864 0.945713 -0.091040 -0.288199 -0.119215

seq-04/frame-000749.color.png -0.003587 -0.851772 0.174918 0.945913 -0.088672 -0.289314 -0.116680

seq-04/frame-000750.color.png 0.000109 -0.853065 0.182843 0.945698 -0.087897 -0.290797 -0.115320

seq-04/frame-000751.color.png 0.007405 -0.855939 0.197185 0.945966 -0.088497 -0.288414 -0.118597

seq-04/frame-000752.color.png 0.020480 -0.857398 0.212111 0.946121 -0.088888 -0.287549 -0.119166

seq-04/frame-000753.color.png 0.027340 -0.857269 0.219297 0.946402 -0.088048 -0.287096 -0.118651

seq-04/frame-000754.color.png 0.043075 -0.860095 0.233772 0.945860 -0.087515 -0.287550 -0.122210

seq-04/frame-000755.color.png 0.051405 -0.860684 0.240401 0.945594 -0.086379 -0.287432 -0.125319

seq-04/frame-000756.color.png 0.072598 -0.862004 0.254249 0.944640 -0.081549 -0.290059 -0.129618

seq-04/frame-000757.color.png 0.082888 -0.862350 0.260976 0.944033 -0.078403 -0.292068 -0.131458

seq-04/frame-000758.color.png 0.106400 -0.867016 0.277634 0.942487 -0.076142 -0.296566 -0.133790

seq-04/frame-000759.color.png 0.117893 -0.868532 0.284962 0.940674 -0.075750 -0.300371 -0.138212

seq-04/frame-000760.color.png 0.140346 -0.874843 0.299890 0.936990 -0.077452 -0.307724 -0.145898

seq-04/frame-000761.color.png 0.151980 -0.876439 0.306393 0.935523 -0.076295 -0.310416 -0.150157

seq-04/frame-000762.color.png 0.177571 -0.878271 0.319964 0.933564 -0.069961 -0.317500 -0.150624

seq-04/frame-000763.color.png 0.190500 -0.880001 0.327665 0.932620 -0.067651 -0.322407 -0.147058

seq-04/frame-000764.color.png 0.212997 -0.885265 0.342523 0.930215 -0.069079 -0.328013 -0.149216

seq-04/frame-000765.color.png 0.226169 -0.885910 0.350786 0.929674 -0.069723 -0.327830 -0.152645

seq-04/frame-000766.color.png 0.255373 -0.887942 0.368856 0.929688 -0.072430 -0.328664 -0.149478

seq-04/frame-000767.color.png 0.267926 -0.889609 0.377525 0.928997 -0.074687 -0.330545 -0.148507

seq-04/frame-000768.color.png 0.291014 -0.888953 0.392198 0.929265 -0.074446 -0.328604 -0.151233

seq-04/frame-000769.color.png 0.304265 -0.888727 0.401470 0.929543 -0.074395 -0.328480 -0.149813

seq-04/frame-000770.color.png 0.325358 -0.889563 0.416358 0.929452 -0.077028 -0.330587 -0.144316

seq-04/frame-000771.color.png 0.339485 -0.893866 0.429593 0.929741 -0.086133 -0.326641 -0.146273

seq-04/frame-000772.color.png 0.347438 -0.894199 0.435757 0.930599 -0.090486 -0.322219 -0.147987

seq-04/frame-000773.color.png 0.363761 -0.896818 0.449032 0.931775 -0.098445 -0.317576 -0.145527

seq-04/frame-000774.color.png 0.371223 -0.897802 0.456093 0.932168 -0.099726 -0.316447 -0.144591

seq-04/frame-000775.color.png 0.385499 -0.898983 0.471446 0.932004 -0.102673 -0.316718 -0.142985

seq-04/frame-000776.color.png 0.390525 -0.899478 0.478171 0.931656 -0.105551 -0.316951 -0.142639

seq-04/frame-000777.color.png 0.402031 -0.900124 0.494424 0.931062 -0.111283 -0.315270 -0.145849

seq-04/frame-000778.color.png 0.407860 -0.900882 0.502610 0.930042 -0.114519 -0.316157 -0.147918

seq-04/frame-000779.color.png 0.419194 -0.902790 0.518630 0.928606 -0.117958 -0.317814 -0.150663

seq-04/frame-000780.color.png 0.430048 -0.905511 0.533159 0.927490 -0.119736 -0.318418 -0.154799

seq-04/frame-000781.color.png 0.437628 -0.907314 0.541473 0.927100 -0.119968 -0.318565 -0.156642

seq-04/frame-000782.color.png 0.454742 -0.910456 0.558160 0.925092 -0.121334 -0.321897 -0.160601

seq-04/frame-000783.color.png 0.462915 -0.912733 0.565172 0.923784 -0.121650 -0.324223 -0.163189

seq-04/frame-000784.color.png 0.481556 -0.916429 0.579310 0.921855 -0.121178 -0.328332 -0.166206

seq-04/frame-000785.color.png 0.491407 -0.917336 0.586193 0.921494 -0.119884 -0.330013 -0.165815

seq-04/frame-000786.color.png 0.510776 -0.919559 0.600900 0.919039 -0.120135 -0.337661 -0.163850

seq-04/frame-000787.color.png 0.519846 -0.920206 0.606596 0.918151 -0.118845 -0.339786 -0.165365

seq-04/frame-000788.color.png 0.540335 -0.920103 0.618733 0.917774 -0.117998 -0.340002 -0.167606

seq-04/frame-000789.color.png 0.550534 -0.920952 0.623690 0.918526 -0.117544 -0.338902 -0.166028

seq-04/frame-000790.color.png 0.571254 -0.922382 0.634905 0.918247 -0.115849 -0.342605 -0.161087

seq-04/frame-000791.color.png 0.590055 -0.923747 0.643971 0.917257 -0.113083 -0.346019 -0.161394

seq-04/frame-000792.color.png 0.600678 -0.925010 0.648968 0.916285 -0.111760 -0.349029 -0.161353

seq-04/frame-000793.color.png 0.618425 -0.928393 0.656615 0.913783 -0.108791 -0.356467 -0.161312

seq-04/frame-000794.color.png 0.628927 -0.927818 0.659727 0.912660 -0.106283 -0.359755 -0.162037

seq-04/frame-000795.color.png 0.638207 -0.929591 0.662563 0.911721 -0.104699 -0.361555 -0.164336

seq-04/frame-000796.color.png 0.661450 -0.932773 0.670019 0.908892 -0.100041 -0.368967 -0.166421

seq-04/frame-000797.color.png 0.685397 -0.932967 0.675979 0.905700 -0.096688 -0.376659 -0.168555

seq-04/frame-000798.color.png 0.697232 -0.933746 0.678453 0.904405 -0.095369 -0.378754 -0.171539

seq-04/frame-000799.color.png 0.723308 -0.939064 0.685069 0.899688 -0.095316 -0.389544 -0.172209

seq-04/frame-000800.color.png 0.737494 -0.937564 0.685913 0.897069 -0.094337 -0.394879 -0.174245

seq-04/frame-000801.color.png 0.764191 -0.942615 0.689486 0.891932 -0.094412 -0.402907 -0.182022

seq-04/frame-000802.color.png 0.793252 -0.945318 0.693672 0.885071 -0.094336 -0.419619 -0.177740

seq-04/frame-000803.color.png 0.806498 -0.946070 0.693798 0.882421 -0.092306 -0.424999 -0.179197

seq-04/frame-000804.color.png 0.832561 -0.950260 0.697454 0.875982 -0.091301 -0.438476 -0.178831

seq-04/frame-000805.color.png 0.844739 -0.951460 0.698434 0.872197 -0.090429 -0.446438 -0.178073

seq-04/frame-000806.color.png 0.868070 -0.951608 0.699700 0.865685 -0.087905 -0.457937 -0.181871

seq-04/frame-000807.color.png 0.890419 -0.951675 0.703387 0.860146 -0.087010 -0.469057 -0.180231

seq-04/frame-000808.color.png 0.900974 -0.950588 0.704887 0.857235 -0.086675 -0.474792 -0.179244

seq-04/frame-000809.color.png 0.919762 -0.949705 0.709045 0.852232 -0.087753 -0.483602 -0.179024

seq-04/frame-000810.color.png 0.937732 -0.950907 0.714097 0.846794 -0.087914 -0.492728 -0.179856

seq-04/frame-000811.color.png 0.946052 -0.950839 0.716285 0.844785 -0.086961 -0.496968 -0.178096

seq-04/frame-000812.color.png 0.961429 -0.948863 0.720995 0.839464 -0.086389 -0.506395 -0.176973

seq-04/frame-000813.color.png 0.976678 -0.944606 0.725971 0.834344 -0.088002 -0.512798 -0.181887

seq-04/frame-000814.color.png 0.983008 -0.945192 0.728466 0.831554 -0.089619 -0.515480 -0.186236

seq-04/frame-000815.color.png 0.997880 -0.950838 0.736816 0.825320 -0.090011 -0.523537 -0.191235

seq-04/frame-000816.color.png 1.012950 -0.946770 0.739192 0.818873 -0.089057 -0.534205 -0.189889

seq-04/frame-000817.color.png 1.029628 -0.940901 0.742257 0.814676 -0.084321 -0.538702 -0.197255

seq-04/frame-000818.color.png 1.037520 -0.942573 0.745773 0.810802 -0.084356 -0.543132 -0.201017

seq-04/frame-000819.color.png 1.057511 -0.942390 0.753047 0.803348 -0.082621 -0.554162 -0.201556

seq-04/frame-000820.color.png 1.077764 -0.943017 0.762202 0.795387 -0.083833 -0.566185 -0.199198

seq-04/frame-000821.color.png 1.096905 -0.944210 0.770548 0.791268 -0.083982 -0.571874 -0.199290

seq-04/frame-000822.color.png 1.118314 -0.943125 0.780191 0.786519 -0.084292 -0.580777 -0.192078

seq-04/frame-000823.color.png 1.137870 -0.941278 0.786645 0.784662 -0.083612 -0.584696 -0.188035

seq-04/frame-000824.color.png 1.146989 -0.939702 0.789883 0.784308 -0.084690 -0.585801 -0.185576

seq-04/frame-000825.color.png 1.164217 -0.941047 0.797681 0.782622 -0.087014 -0.587418 -0.186504

seq-04/frame-000826.color.png 1.183351 -0.944260 0.808684 0.779101 -0.087843 -0.593234 -0.182404

seq-04/frame-000827.color.png 1.201391 -0.938786 0.810025 0.775854 -0.087231 -0.598252 -0.180131

seq-04/frame-000828.color.png 1.218591 -0.938256 0.811654 0.774938 -0.086842 -0.599205 -0.181095

seq-04/frame-000829.color.png 1.236706 -0.937510 0.811923 0.771735 -0.084499 -0.603274 -0.182365

seq-04/frame-000830.color.png 1.254188 -0.934619 0.815203 0.764635 -0.085029 -0.612754 -0.180402

seq-04/frame-000831.color.png 1.270677 -0.928128 0.810055 0.760575 -0.086880 -0.616279 -0.184624

seq-04/frame-000832.color.png 1.286427 -0.925372 0.804518 0.756095 -0.091279 -0.620105 -0.188063

seq-04/frame-000833.color.png 1.302595 -0.922054 0.802690 0.753688 -0.090700 -0.623007 -0.188411

seq-04/frame-000834.color.png 1.317998 -0.917978 0.799047 0.752462 -0.090255 -0.623965 -0.190345

seq-04/frame-000835.color.png 1.334620 -0.912916 0.797815 0.750947 -0.089182 -0.625694 -0.191155

seq-04/frame-000836.color.png 1.350206 -0.906853 0.796594 0.748441 -0.090884 -0.628653 -0.190472

seq-04/frame-000837.color.png 1.363565 -0.900996 0.789881 0.746440 -0.092218 -0.628371 -0.198447

seq-04/frame-000838.color.png 1.377586 -0.899266 0.789730 0.745457 -0.091912 -0.628639 -0.201411

seq-04/frame-000839.color.png 1.390845 -0.894974 0.790265 0.741742 -0.092722 -0.632122 -0.203838

seq-04/frame-000840.color.png 1.405030 -0.894503 0.791149 0.741597 -0.092816 -0.632040 -0.204576

seq-04/frame-000841.color.png 1.419440 -0.894256 0.793384 0.741037 -0.092710 -0.633794 -0.201197

seq-04/frame-000842.color.png 1.432641 -0.890385 0.794551 0.742811 -0.092161 -0.633783 -0.194846

seq-04/frame-000843.color.png 1.444665 -0.885874 0.793384 0.743469 -0.091526 -0.633770 -0.192665

seq-04/frame-000844.color.png 1.457744 -0.879810 0.794009 0.745114 -0.092192 -0.632991 -0.188505

seq-04/frame-000845.color.png 1.463002 -0.873418 0.795823 0.744976 -0.094773 -0.633366 -0.186503

seq-04/frame-000846.color.png 1.466638 -0.868370 0.798035 0.742560 -0.098169 -0.635888 -0.185797

seq-04/frame-000847.color.png 1.468124 -0.859857 0.799024 0.740743 -0.102202 -0.638114 -0.183228

seq-04/frame-000848.color.png 1.468160 -0.851905 0.800746 0.737066 -0.107153 -0.641470 -0.183507

seq-04/frame-000849.color.png 1.465107 -0.843910 0.795927 0.735038 -0.112069 -0.642155 -0.186285

seq-04/frame-000850.color.png 1.462764 -0.839157 0.794797 0.733411 -0.116676 -0.642918 -0.187236

seq-04/frame-000851.color.png 1.460295 -0.833349 0.794237 0.731027 -0.120219 -0.645843 -0.184223

seq-04/frame-000852.color.png 1.456607 -0.825445 0.786462 0.729115 -0.124764 -0.647184 -0.184070

seq-04/frame-000853.color.png 1.452431 -0.819076 0.781972 0.727325 -0.130542 -0.647804 -0.184963

seq-04/frame-000854.color.png 1.449435 -0.812671 0.777336 0.725737 -0.136959 -0.647232 -0.188527

seq-04/frame-000855.color.png 1.446680 -0.810565 0.777338 0.724080 -0.140953 -0.647249 -0.191865

seq-04/frame-000856.color.png 1.444883 -0.808668 0.778052 0.722188 -0.145684 -0.647959 -0.193063

seq-04/frame-000857.color.png 1.442859 -0.803937 0.774617 0.721085 -0.148611 -0.647955 -0.194955

seq-04/frame-000858.color.png 1.440625 -0.800263 0.773054 0.720318 -0.152825 -0.647423 -0.196299

seq-04/frame-000859.color.png 1.439918 -0.794872 0.768973 0.720238 -0.156385 -0.646558 -0.196638

seq-04/frame-000860.color.png 1.439663 -0.791434 0.772017 0.719070 -0.160401 -0.646834 -0.196768

seq-04/frame-000861.color.png 1.438347 -0.786486 0.771853 0.719128 -0.164724 -0.645434 -0.197581

seq-04/frame-000862.color.png 1.437798 -0.785151 0.771244 0.719089 -0.167531 -0.644553 -0.198237

seq-04/frame-000863.color.png 1.436774 -0.779834 0.770894 0.718367 -0.172627 -0.643606 -0.199552

seq-04/frame-000864.color.png 1.435546 -0.777649 0.772481 0.718345 -0.177526 -0.641964 -0.200620

seq-04/frame-000865.color.png 1.433763 -0.772857 0.769479 0.718044 -0.182457 -0.641169 -0.199816

seq-04/frame-000866.color.png 1.433499 -0.767887 0.770846 0.717282 -0.186717 -0.640917 -0.199426

seq-04/frame-000867.color.png 1.431429 -0.763644 0.770864 0.715780 -0.192297 -0.640471 -0.200945

seq-04/frame-000868.color.png 1.428907 -0.761189 0.770231 0.715969 -0.196795 -0.639073 -0.200367

seq-04/frame-000869.color.png 1.428071 -0.757883 0.770592 0.715570 -0.200385 -0.639083 -0.198189

seq-04/frame-000870.color.png 1.428532 -0.753008 0.772600 0.715305 -0.203732 -0.638593 -0.197310

seq-04/frame-000871.color.png 1.427299 -0.751041 0.769761 0.715986 -0.205893 -0.637343 -0.196635

seq-04/frame-000872.color.png 1.426715 -0.748242 0.770935 0.715603 -0.209857 -0.636700 -0.195923

seq-04/frame-000873.color.png 1.426284 -0.746522 0.772345 0.714904 -0.213085 -0.636521 -0.195569

seq-04/frame-000874.color.png 1.426400 -0.741684 0.770271 0.715150 -0.216433 -0.635311 -0.194928

seq-04/frame-000875.color.png 1.424756 -0.738172 0.768623 0.715376 -0.220812 -0.633717 -0.194376

seq-04/frame-000876.color.png 1.424637 -0.736059 0.770455 0.714356 -0.222902 -0.634333 -0.193729

seq-04/frame-000877.color.png 1.425247 -0.731618 0.774729 0.713526 -0.226881 -0.634157 -0.192741

seq-04/frame-000878.color.png 1.424743 -0.725889 0.772728 0.713177 -0.231251 -0.632760 -0.193428

seq-04/frame-000879.color.png 1.422937 -0.723441 0.774637 0.711990 -0.236015 -0.632323 -0.193478

seq-04/frame-000880.color.png 1.422992 -0.721275 0.774668 0.711590 -0.237908 -0.632092 -0.193386

seq-04/frame-000881.color.png 1.421662 -0.718920 0.774235 0.710956 -0.241580 -0.631593 -0.192792

seq-04/frame-000882.color.png 1.421623 -0.713691 0.771988 0.710258 -0.245364 -0.631538 -0.190754

seq-04/frame-000883.color.png 1.420340 -0.708375 0.773688 0.710016 -0.249173 -0.629930 -0.192031

seq-04/frame-000884.color.png 1.417688 -0.707164 0.768591 0.710254 -0.252194 -0.628524 -0.191814

seq-04/frame-000885.color.png 1.417440 -0.701290 0.764158 0.710052 -0.256219 -0.627565 -0.190359

seq-04/frame-000886.color.png 1.413056 -0.695038 0.751199 0.711468 -0.260564 -0.624139 -0.190440

seq-04/frame-000887.color.png 1.410402 -0.693594 0.750975 0.709686 -0.265499 -0.623765 -0.191496

seq-04/frame-000888.color.png 1.410154 -0.693038 0.752866 0.708946 -0.267182 -0.623656 -0.192248

seq-04/frame-000889.color.png 1.405151 -0.689415 0.737516 0.712521 -0.270532 -0.618359 -0.191458

seq-04/frame-000890.color.png 1.400156 -0.684891 0.717844 0.718012 -0.273034 -0.611589 -0.189125

seq-04/frame-000891.color.png 1.399899 -0.685206 0.714445 0.718454 -0.274370 -0.610278 -0.189745

seq-04/frame-000892.color.png 1.398801 -0.682787 0.703465 0.722167 -0.275984 -0.604422 -0.192038

seq-04/frame-000893.color.png 1.401744 -0.687635 0.704523 0.720554 -0.278938 -0.602637 -0.199303

seq-04/frame-000894.color.png 1.399803 -0.691720 0.697499 0.723712 -0.281084 -0.597237 -0.201093

seq-04/frame-000895.color.png 1.404575 -0.696463 0.695892 0.724168 -0.281961 -0.593536 -0.209023

seq-04/frame-000896.color.png 1.418682 -0.716244 0.727588 0.716214 -0.284108 -0.595885 -0.226138

seq-04/frame-000897.color.png 1.423698 -0.734053 0.732362 0.715995 -0.285395 -0.590924 -0.237921

seq-04/frame-000898.color.png 1.424361 -0.742031 0.726151 0.718846 -0.284988 -0.585460 -0.243260

seq-04/frame-000899.color.png 1.429671 -0.757098 0.714770 0.724552 -0.281739 -0.575061 -0.254655

seq-04/frame-000900.color.png 1.431156 -0.764210 0.711069 0.726915 -0.281627 -0.570310 -0.258698

seq-04/frame-000901.color.png 1.434457 -0.774308 0.691932 0.732386 -0.283217 -0.559075 -0.265955

seq-04/frame-000902.color.png 1.435312 -0.781174 0.687603 0.735335 -0.284155 -0.552071 -0.271392

seq-04/frame-000903.color.png 1.417170 -0.791393 0.647038 0.743526 -0.288635 -0.535627 -0.277240

seq-04/frame-000904.color.png 1.436008 -0.803921 0.669367 0.739571 -0.289188 -0.537614 -0.283326

seq-04/frame-000905.color.png 1.445285 -0.818831 0.672335 0.740727 -0.286876 -0.532693 -0.291825

seq-04/frame-000906.color.png 1.445425 -0.826439 0.669080 0.743461 -0.285873 -0.527619 -0.295058

seq-04/frame-000907.color.png 1.449408 -0.835868 0.662650 0.749334 -0.281847 -0.518810 -0.299662

seq-04/frame-000908.color.png 1.446415 -0.844953 0.647707 0.752989 -0.280942 -0.509500 -0.307227

seq-04/frame-000909.color.png 1.454808 -0.853578 0.656951 0.752991 -0.279149 -0.506754 -0.313338

seq-04/frame-000910.color.png 1.452306 -0.870131 0.654932 0.757408 -0.276292 -0.497030 -0.320714

seq-04/frame-000911.color.png 1.452901 -0.878471 0.659918 0.758910 -0.273524 -0.495059 -0.322579

seq-04/frame-000912.color.png 1.460490 -0.888841 0.659516 0.763654 -0.267024 -0.491220 -0.322697

seq-04/frame-000913.color.png 1.450236 -0.893109 0.649157 0.767119 -0.265359 -0.486834 -0.322502

seq-04/frame-000914.color.png 1.449562 -0.901473 0.642591 0.772617 -0.260336 -0.481843 -0.320963

seq-04/frame-000915.color.png 1.438999 -0.910995 0.633315 0.781366 -0.257877 -0.473997 -0.313363

seq-04/frame-000916.color.png 1.448362 -0.916831 0.641823 0.783328 -0.255066 -0.475151 -0.308988

seq-04/frame-000917.color.png 1.458387 -0.925977 0.647416 0.788595 -0.250693 -0.476456 -0.296921

seq-04/frame-000918.color.png 1.458985 -0.939187 0.647954 0.800430 -0.245658 -0.471492 -0.276700

seq-04/frame-000919.color.png 1.482857 -0.941131 0.660986 0.805832 -0.238293 -0.478925 -0.253746

seq-04/frame-000920.color.png 1.499968 -0.937680 0.668038 0.813304 -0.231445 -0.481224 -0.230865

seq-04/frame-000921.color.png 1.502338 -0.937772 0.669833 0.815648 -0.230709 -0.482742 -0.219901

seq-04/frame-000922.color.png 1.512325 -0.933202 0.674516 0.821680 -0.228695 -0.485794 -0.190922

seq-04/frame-000923.color.png 1.516560 -0.928300 0.676397 0.826456 -0.229770 -0.489791 -0.155524

seq-04/frame-000924.color.png 1.534726 -0.920368 0.692049 0.825602 -0.230978 -0.501764 -0.114759

seq-04/frame-000925.color.png 1.534726 -0.920368 0.692049 0.825602 -0.230978 -0.501764 -0.114759

seq-04/frame-000926.color.png 1.534726 -0.920368 0.692049 0.825602 -0.230978 -0.501764 -0.114759

seq-04/frame-000927.color.png 1.534726 -0.920368 0.692049 0.825602 -0.230978 -0.501764 -0.114759

seq-04/frame-000928.color.png 1.534726 -0.920368 0.692049 0.825602 -0.230978 -0.501764 -0.114759

seq-04/frame-000929.color.png 1.534726 -0.920368 0.692049 0.825602 -0.230978 -0.501764 -0.114759

seq-04/frame-000930.color.png 1.534726 -0.920368 0.692049 0.825602 -0.230978 -0.501764 -0.114759

seq-04/frame-000931.color.png 1.534726 -0.920368 0.692049 0.825602 -0.230978 -0.501764 -0.114759

seq-04/frame-000932.color.png 1.534726 -0.920368 0.692049 0.825602 -0.230978 -0.501764 -0.114759

seq-04/frame-000933.color.png 1.510661 -0.745497 0.562322 0.853595 -0.161898 -0.484330 -0.102457

seq-04/frame-000934.color.png 1.537948 -0.737801 0.661184 0.840009 -0.157367 -0.515734 -0.059558

seq-04/frame-000935.color.png 1.537948 -0.737801 0.661184 0.840009 -0.157367 -0.515734 -0.059558

seq-04/frame-000936.color.png 1.537948 -0.737801 0.661184 0.840009 -0.157367 -0.515734 -0.059558

seq-04/frame-000937.color.png 1.537948 -0.737801 0.661184 0.840009 -0.157367 -0.515734 -0.059558

seq-04/frame-000938.color.png 1.537948 -0.737801 0.661184 0.840009 -0.157367 -0.515734 -0.059558

seq-04/frame-000939.color.png 1.537948 -0.737801 0.661184 0.840009 -0.157367 -0.515734 -0.059558

seq-04/frame-000940.color.png 1.537948 -0.737801 0.661184 0.840009 -0.157367 -0.515734 -0.059558

seq-04/frame-000941.color.png 1.537948 -0.737801 0.661184 0.840009 -0.157367 -0.515734 -0.059558

seq-04/frame-000942.color.png 1.537948 -0.737801 0.661184 0.840009 -0.157367 -0.515734 -0.059558

seq-04/frame-000943.color.png 1.537948 -0.737801 0.661184 0.840009 -0.157367 -0.515734 -0.059558

seq-04/frame-000944.color.png 1.556082 -0.866524 0.727577 0.815792 -0.232809 -0.526669 -0.052998

seq-04/frame-000945.color.png 1.553380 -0.867928 0.729830 0.815219 -0.232079 -0.527070 -0.060494

seq-04/frame-000946.color.png 1.551740 -0.869055 0.730258 0.814091 -0.230498 -0.528451 -0.069073

seq-04/frame-000947.color.png 1.549346 -0.864437 0.725639 0.813887 -0.227610 -0.529309 -0.074278

seq-04/frame-000948.color.png 1.547272 -0.865314 0.726880 0.813018 -0.227552 -0.529903 -0.079550

seq-04/frame-000949.color.png 1.544995 -0.863183 0.727406 0.811208 -0.227401 -0.532065 -0.083914

seq-04/frame-000950.color.png 1.543309 -0.861398 0.726895 0.810289 -0.225164 -0.533476 -0.089665

seq-04/frame-000951.color.png 1.540695 -0.860744 0.726629 0.809653 -0.226558 -0.533408 -0.092266

seq-04/frame-000952.color.png 1.537654 -0.858856 0.724409 0.807750 -0.224812 -0.535746 -0.099394

seq-04/frame-000953.color.png 1.533654 -0.859637 0.722964 0.806917 -0.224239 -0.535979 -0.105977

seq-04/frame-000954.color.png 1.530550 -0.854393 0.719320 0.805494 -0.218819 -0.538010 -0.117242

seq-04/frame-000955.color.png 1.526107 -0.857199 0.720813 0.803653 -0.219874 -0.538689 -0.124551

seq-04/frame-000956.color.png 1.522037 -0.855758 0.719347 0.801986 -0.213450 -0.541304 -0.134723

seq-04/frame-000957.color.png 1.519065 -0.854141 0.717783 0.800872 -0.208482 -0.542401 -0.144371

seq-04/frame-000958.color.png 1.515186 -0.851332 0.713849 0.799122 -0.202804 -0.544192 -0.155020

seq-04/frame-000959.color.png 1.509646 -0.856919 0.714180 0.796677 -0.197156 -0.546178 -0.167413

seq-04/frame-000960.color.png 1.508323 -0.854937 0.712373 0.795370 -0.186012 -0.548779 -0.177561

seq-04/frame-000961.color.png 1.505912 -0.852680 0.708747 0.794280 -0.179316 -0.549544 -0.186728

seq-04/frame-000962.color.png 1.503260 -0.853451 0.708663 0.793105 -0.173781 -0.549094 -0.197944

seq-04/frame-000963.color.png 1.500919 -0.852704 0.705941 0.792055 -0.167934 -0.549938 -0.204734

seq-04/frame-000964.color.png 1.497819 -0.852724 0.703772 0.790727 -0.161921 -0.549680 -0.215138

seq-04/frame-000965.color.png 1.496746 -0.851271 0.701269 0.789697 -0.152768 -0.549502 -0.225805

seq-04/frame-000966.color.png 1.495297 -0.849974 0.698520 0.788290 -0.146516 -0.548591 -0.236811

seq-04/frame-000967.color.png 1.492730 -0.848617 0.691944 0.786828 -0.139660 -0.546311 -0.250680

seq-04/frame-000968.color.png 1.491500 -0.849699 0.691583 0.786110 -0.135631 -0.543923 -0.260159

seq-04/frame-000969.color.png 1.489043 -0.849280 0.685871 0.784284 -0.129770 -0.541596 -0.273187

seq-04/frame-000970.color.png 1.486917 -0.848223 0.680757 0.782200 -0.121330 -0.537855 -0.289918

seq-04/frame-000971.color.png 1.484598 -0.849031 0.677435 0.781075 -0.114104 -0.533205 -0.304128

seq-04/frame-000972.color.png 1.485884 -0.849217 0.677347 0.777736 -0.106673 -0.532334 -0.316650

seq-04/frame-000973.color.png 1.483909 -0.847915 0.670842 0.775897 -0.098162 -0.526594 -0.333085

seq-04/frame-000974.color.png 1.482473 -0.850764 0.670191 0.775120 -0.092684 -0.521670 -0.344031

seq-04/frame-000975.color.png 1.482075 -0.851083 0.667368 0.773990 -0.086290 -0.517198 -0.354820

seq-04/frame-000976.color.png 1.482248 -0.849319 0.664420 0.773509 -0.080516 -0.512140 -0.364431

seq-04/frame-000977.color.png 1.478390 -0.851984 0.659837 0.773291 -0.077908 -0.503771 -0.376913

seq-04/frame-000978.color.png 1.473383 -0.852680 0.654726 0.772865 -0.075600 -0.496516 -0.387728

seq-04/frame-000979.color.png 1.473062 -0.851776 0.652353 0.771028 -0.071851 -0.491674 -0.398128

seq-04/frame-000980.color.png 1.469472 -0.852420 0.649805 0.769661 -0.070370 -0.487159 -0.406499

seq-04/frame-000981.color.png 1.467467 -0.851461 0.648418 0.768078 -0.069217 -0.484345 -0.413003

seq-04/frame-000982.color.png 1.464992 -0.852200 0.646577 0.764835 -0.068483 -0.479438 -0.424703

seq-04/frame-000983.color.png 1.462239 -0.853034 0.646157 0.764043 -0.068092 -0.476630 -0.429327

seq-04/frame-000984.color.png 1.461598 -0.853134 0.645696 0.761443 -0.066533 -0.474828 -0.436133

seq-04/frame-000985.color.png 1.460439 -0.851684 0.644586 0.759553 -0.065582 -0.471860 -0.442742

seq-04/frame-000986.color.png 1.461248 -0.852065 0.644900 0.756239 -0.066127 -0.469098 -0.451188

seq-04/frame-000987.color.png 1.458648 -0.851949 0.643386 0.754332 -0.067371 -0.465173 -0.458206

seq-04/frame-000988.color.png 1.457447 -0.851526 0.643357 0.752946 -0.067854 -0.462659 -0.462934

seq-04/frame-000989.color.png 1.459261 -0.852137 0.644742 0.750076 -0.068969 -0.458865 -0.471131

seq-04/frame-000990.color.png 1.454889 -0.852067 0.642734 0.748768 -0.071015 -0.455556 -0.476094

seq-04/frame-000991.color.png 1.456369 -0.851626 0.643599 0.746325 -0.071389 -0.455119 -0.480272

seq-04/frame-000992.color.png 1.455113 -0.851867 0.643720 0.743878 -0.072708 -0.451436 -0.487296

seq-04/frame-000993.color.png 1.453335 -0.852634 0.643837 0.742196 -0.074016 -0.449439 -0.491491

seq-04/frame-000994.color.png 1.450225 -0.853248 0.642056 0.741274 -0.074165 -0.447711 -0.494428

seq-04/frame-000995.color.png 1.450576 -0.853273 0.642642 0.740541 -0.074379 -0.447533 -0.495653

seq-04/frame-000996.color.png 1.449248 -0.853725 0.642273 0.740505 -0.074452 -0.445488 -0.497535

seq-04/frame-000997.color.png 1.446702 -0.854622 0.641152 0.741567 -0.073692 -0.445450 -0.496098

seq-04/frame-000998.color.png 1.439774 -0.857886 0.638117 0.742911 -0.071381 -0.446519 -0.493458

seq-04/frame-000999.color.png 1.428844 -0.859912 0.631757 0.747938 -0.064534 -0.454410 -0.479404

