seq1/frame00001.png 16.449079 -1.681277 36.673483 0.121933 0.992416 0.015382 0.002587

seq1/frame00002.png 16.455762 -1.665414 36.639230 0.120988 0.992532 0.015305 0.002800

seq1/frame00003.png 16.461486 -1.652832 36.611227 0.120904 0.992542 0.015289 0.003053

seq1/frame00004.png 16.459218 -1.656440 36.623627 0.119104 0.992742 0.015921 0.004917

seq1/frame00005.png 16.544251 -1.535676 36.377211 0.117223 0.992163 0.030738 0.030453

seq1/frame00006.png 15.600427 -1.363899 36.479629 0.090903 0.995831 0.007464 -0.001260

seq1/frame00007.png 15.617720 -1.555258 36.452237 0.131468 0.991302 0.003698 0.004673

seq1/frame00008.png 14.800775 -1.738916 36.266648 0.151102 0.987968 -0.020906 0.025485

seq1/frame00009.png 13.934896 -1.686917 36.067838 0.189079 0.980323 -0.043945 0.035857

seq1/frame00010.png 14.722588 -1.342000 36.221355 0.187983 0.979607 -0.010596 0.070140

seq1/frame00011.png 12.851903 -2.497243 35.482907 0.173268 0.981891 -0.000307 0.076598

seq1/frame00012.png 12.471006 -1.508666 35.732433 0.147331 0.987649 0.011878 0.051986

seq1/frame00013.png 12.312753 -1.641301 36.301874 0.135756 0.989079 0.002474 0.057325

seq1/frame00014.png 11.634615 -1.575187 35.698954 0.137841 0.988473 0.010780 0.061677

seq1/frame00015.png 10.574489 -1.450810 35.687589 0.103882 0.990284 0.013371 0.091476

seq1/frame00016.png 10.224071 -1.503654 35.752720 0.138653 0.986925 -0.014634 0.080878

seq1/frame00017.png 9.757732 -1.824339 35.818215 0.141980 0.985634 -0.008166 0.091103

seq1/frame00018.png 8.346152 -1.507808 35.220283 0.141203 0.984854 -0.026526 0.097061

seq1/frame00019.png 7.861891 -1.276922 35.482233 0.141286 0.982869 -0.042033 0.110635

seq1/frame00020.png 6.661319 -2.546440 35.633479 0.147327 0.981224 -0.047002 0.115258

seq1/frame00021.png 6.757405 -1.528559 35.659155 0.137984 0.977058 -0.036048 0.158174

seq1/frame00022.png 5.916620 -1.671594 35.257139 0.135660 0.970009 -0.011348 0.201370

seq1/frame00023.png 5.214730 -1.790244 35.343773 0.144554 0.973734 -0.009785 0.175645

seq1/frame00024.png 4.375552 -2.310436 35.747489 0.145729 0.976876 0.005662 0.156345

seq1/frame00025.png 4.151788 -1.879168 35.488856 0.137790 0.969563 -0.021462 0.201246

seq1/frame00026.png 3.580141 -1.675875 35.606569 0.137529 0.969504 0.000534 0.202847

seq1/frame00027.png 2.464642 -1.692744 35.034271 0.135657 0.971648 -0.025112 0.192009

seq1/frame00028.png 2.051810 -1.236675 35.176596 0.157058 0.961044 -0.008332 0.227284

seq1/frame00029.png 1.217823 -2.853762 34.425774 0.176474 0.950316 -0.009191 0.256267

seq1/frame00030.png 1.427016 -2.267864 34.399030 0.187254 0.952426 0.001991 0.240452

seq1/frame00031.png 0.557539 -2.915562 34.515504 0.188382 0.953305 0.001709 0.236047

seq1/frame00032.png -0.094059 -1.350385 34.140373 0.170920 0.956495 0.014901 0.235969

seq1/frame00033.png -0.934655 -1.387598 33.808122 0.155870 0.956325 0.005600 0.247217

seq1/frame00034.png -0.694037 -0.937827 33.507757 0.163844 0.946883 0.003260 0.276691

seq1/frame00035.png -1.746543 -1.656331 32.808987 0.187300 0.939483 -0.000388 0.286863

seq1/frame00036.png -1.944453 -1.555384 32.127530 0.189110 0.943063 -0.012660 0.273329

seq1/frame00037.png -2.192287 -1.802022 31.869701 0.205056 0.940475 0.002568 0.271022

seq1/frame00038.png -2.320095 -1.240070 31.126210 0.194037 0.947507 -0.020540 0.253294

seq1/frame00039.png -2.686206 -1.240390 30.547977 0.207828 0.942835 -0.013524 0.260168

seq1/frame00040.png -2.820008 -1.217821 30.254863 0.197762 0.940066 -0.012378 0.277512

seq1/frame00041.png -3.054198 -1.382064 29.484635 0.196561 0.945794 0.009722 0.258348

seq1/frame00042.png -3.169018 -1.040037 28.924576 0.189977 0.944064 -0.014156 0.269168

seq1/frame00043.png -3.099565 -0.776835 28.237316 0.199775 0.937189 -0.004459 0.285915

seq1/frame00044.png -2.906136 -1.195209 27.919037 0.183624 0.930453 0.001769 0.317074

seq1/frame00045.png -3.033403 -1.111667 26.910207 0.178884 0.935951 0.029437 0.301878

seq1/frame00046.png -2.996402 -0.870885 26.129860 0.172874 0.937017 0.035281 0.301443

seq1/frame00047.png -2.783171 -0.899404 25.718182 0.176792 0.937602 0.035368 0.297314

seq1/frame00048.png -2.678456 -0.984716 25.197860 0.186012 0.933498 0.031969 0.304893

seq1/frame00049.png -2.825670 -1.013409 24.347881 0.178889 0.934952 0.004126 0.306343

seq1/frame00050.png -2.806914 -0.617835 23.817351 0.159873 0.939009 0.026510 0.303314

seq1/frame00051.png -2.811303 -0.581775 23.257279 0.175578 0.937208 0.003940 0.301326

seq1/frame00052.png -2.913413 -0.539890 22.380230 0.180696 0.938188 0.008419 0.295094

seq1/frame00053.png -3.001863 -0.341281 21.912175 0.187136 0.929611 0.004324 0.317466

seq1/frame00054.png -3.045634 -0.154444 21.155389 0.191851 0.926192 0.007945 0.324498

seq1/frame00055.png -2.941380 -0.290812 20.594652 0.177048 0.922635 0.014417 0.342330

seq1/frame00056.png -2.723162 -0.288371 20.262082 0.188276 0.919987 0.012273 0.343548

seq1/frame00057.png -2.894924 -0.289591 19.444137 0.176236 0.913066 0.028615 0.366649

seq1/frame00058.png -2.711121 -0.324751 18.769137 0.182888 0.918467 0.023718 0.349869

seq1/frame00059.png -2.801836 -0.201382 18.037023 0.176708 0.921293 0.028369 0.345236

seq1/frame00060.png -2.763489 -0.043025 17.353352 0.195461 0.914577 0.005185 0.354001

seq1/frame00061.png -2.844014 -0.148184 17.000921 0.203717 0.903428 0.023444 0.376521

seq1/frame00062.png -2.882885 0.048503 15.993663 0.199829 0.895197 0.030848 0.397164

seq1/frame00063.png -2.815600 0.007669 15.558823 0.189447 0.895673 0.041543 0.400193

seq1/frame00064.png -2.824466 -0.319456 14.782638 0.197205 0.897357 0.008142 0.394708

seq1/frame00065.png -2.766967 0.298590 14.267315 0.190506 0.898467 0.016732 0.395203

seq1/frame00066.png -2.753131 0.126409 13.829018 0.188495 0.887674 0.010658 0.419988

seq1/frame00067.png -2.646629 0.269608 13.074570 0.189917 0.889360 0.020856 0.415375

seq1/frame00068.png -2.806400 0.301847 12.512788 0.182380 0.889641 0.038252 0.416909

seq1/frame00069.png -2.693613 0.453951 11.796088 0.207542 0.882764 0.050717 0.418429

seq1/frame00070.png -2.831093 0.416461 11.326665 0.232648 0.868266 0.057226 0.434412

seq1/frame00071.png -2.809597 0.504932 10.717779 0.255715 0.859486 0.039612 0.440822

seq1/frame00072.png -2.866576 0.536877 10.003119 0.254750 0.858553 0.048525 0.442305

seq1/frame00073.png -2.840033 0.646262 9.408510 0.238612 0.863980 0.060131 0.439304

seq1/frame00074.png -2.869730 0.685152 8.839128 0.248532 0.859173 0.067155 0.442203

seq1/frame00075.png -2.766950 0.771964 8.250832 0.262513 0.849067 0.052663 0.455409

seq1/frame00076.png -2.538956 0.882712 7.690223 0.264708 0.821910 0.062205 0.500524

seq1/frame00077.png -2.330675 0.825446 7.128177 0.290197 0.824940 0.069850 0.479980

seq1/frame00078.png -2.034985 0.918141 6.707290 0.316645 0.835037 0.074620 0.443713

seq1/frame00079.png -1.724352 0.963566 6.426109 0.270559 0.826060 0.059697 0.490774

seq1/frame00080.png -1.329098 0.859242 5.892420 0.315811 0.810294 0.077079 0.487592

seq1/frame00081.png -1.042638 1.006090 5.489288 0.333770 0.803772 0.073915 0.486913

seq1/frame00082.png -0.779045 0.679885 5.232972 0.409804 0.807464 0.098550 0.412735

seq1/frame00083.png -0.386564 0.582217 5.078600 0.394307 0.803372 0.090524 0.436945

seq1/frame00084.png 0.202735 0.620548 4.897343 0.363772 0.816028 0.088925 0.440296

seq1/frame00085.png 0.812696 0.704957 4.804591 0.395353 0.834190 0.085338 0.374887

seq1/frame00086.png 1.412587 0.698348 4.990224 0.401895 0.818337 0.104089 0.397455

seq1/frame00087.png 2.127116 0.526181 4.858780 0.429675 0.805978 0.087423 0.397663

seq1/frame00088.png 2.694385 0.602526 4.899381 0.413662 0.817392 0.104793 0.387004

seq1/frame00089.png 3.432128 0.651243 4.728122 0.437987 0.806267 0.091784 0.386881

seq1/frame00090.png 4.083592 0.551669 4.722118 0.460918 0.787776 0.105557 0.394742

seq1/frame00091.png 4.740084 0.604927 4.605476 0.472135 0.791452 0.098721 0.375428

seq1/frame00092.png 5.363012 0.573705 4.693397 0.474892 0.808513 0.086256 0.336666

seq1/frame00093.png 5.979730 0.572767 4.742484 0.470075 0.826922 0.064792 0.301715

seq1/frame00094.png 6.587009 0.602257 4.919437 0.473463 0.835381 0.068882 0.270606

seq1/frame00095.png 7.217957 0.542885 4.995027 0.482015 0.822928 0.077462 0.290603

seq1/frame00096.png 7.883789 0.616998 5.016715 0.497980 0.821809 0.076064 0.266196

seq1/frame00097.png 8.538472 0.607118 5.031225 0.515520 0.816356 0.063613 0.252499

seq1/frame00098.png 9.235741 0.585453 4.959661 0.507445 0.828380 0.055143 0.230751

seq1/frame00099.png 9.915886 0.619381 4.918882 0.482966 0.845413 0.045947 0.223404

seq1/frame00100.png 10.525467 0.558027 5.000852 0.468425 0.862184 0.028743 0.190765

seq1/frame00101.png 11.167742 0.575843 5.112905 0.424359 0.888339 0.032605 0.172366

seq1/frame00102.png 11.690235 0.505624 5.466168 0.413648 0.900273 0.012262 0.135107

seq1/frame00103.png 12.124981 0.540428 5.925113 0.468513 0.865093 0.051575 0.171611

seq1/frame00104.png 12.493714 0.480632 6.376069 0.507787 0.840859 0.073721 0.172260

seq1/frame00105.png 12.837816 0.448898 6.803058 0.470830 0.865452 0.086928 0.147497

seq1/frame00106.png 13.107963 0.359386 7.318706 0.474306 0.863367 0.096103 0.142814

seq1/frame00107.png 13.431738 0.300000 8.030668 0.443143 0.887987 0.092466 0.080951

seq1/frame00108.png 13.726360 0.262887 8.600344 0.408032 0.907451 0.085730 0.051897

seq1/frame00109.png 13.813532 0.352810 9.257725 0.366541 0.927604 0.066299 0.028348

seq1/frame00110.png 13.933151 0.371045 9.838725 0.364577 0.930740 0.026355 0.010551

seq1/frame00111.png 13.975166 0.238403 10.404559 0.394780 0.917248 0.051840 0.010866

seq1/frame00112.png 14.471710 -0.093460 10.886530 0.408985 0.910545 0.057907 -0.016902

seq1/frame00113.png 14.590329 0.014813 11.633937 0.404090 0.912786 0.058072 -0.012656

seq1/frame00114.png 14.655650 0.045691 12.207182 0.353379 0.932975 0.062457 -0.027925

seq1/frame00115.png 14.895792 0.070122 12.786927 0.391587 0.916313 0.065309 -0.052570

seq1/frame00116.png 15.140421 0.011711 13.552510 0.402152 0.914488 0.041627 -0.015919

seq1/frame00117.png 15.193438 -0.080470 14.006971 0.399076 0.915208 0.047631 -0.029400

seq1/frame00118.png 15.475502 -0.133399 14.600408 0.326594 0.942422 0.039110 -0.060403

seq1/frame00119.png 15.468557 -0.019261 15.204155 0.295638 0.952438 0.042155 -0.060692

seq1/frame00120.png 15.575689 -0.158713 15.942258 0.282228 0.953537 0.046464 -0.094636

seq1/frame00121.png 16.065284 0.035944 16.496521 0.310349 0.950183 0.024913 -0.014660

seq1/frame00122.png 15.979813 -0.509677 16.901063 0.310077 0.949592 -0.006978 0.045602

seq1/frame00123.png 15.806978 -0.866273 17.088786 0.320703 0.946724 0.005531 0.028856

seq1/frame00124.png 15.623807 -0.476929 17.927436 0.327036 0.943824 -0.024610 0.040482

seq1/frame00125.png 15.760733 -0.527863 18.825976 0.307033 0.950037 -0.016723 0.053673

seq1/frame00126.png 15.508893 -0.803783 19.385045 0.310435 0.950376 -0.020246 -0.002577

seq1/frame00127.png 16.020802 -0.468284 19.859379 0.281362 0.959412 -0.018200 -0.005663

seq1/frame00128.png 15.845706 -0.275843 20.573770 0.275198 0.960852 -0.020759 -0.024473

seq1/frame00129.png 15.790746 -0.147731 21.099803 0.241427 0.968316 -0.047291 -0.042909

seq1/frame00130.png 16.052101 -0.379555 21.552955 0.230713 0.970440 -0.049305 -0.050860

seq1/frame00131.png 16.412543 -0.075532 22.043990 0.216591 0.973489 -0.038560 -0.062614

seq1/frame00132.png 16.079307 -0.244912 22.695760 0.225836 0.974107 0.008363 0.006640

seq1/frame00133.png 15.975871 -0.879144 23.131289 0.225742 0.973801 0.014322 -0.023396

seq1/frame00134.png 16.105879 -0.850537 23.685800 0.233123 0.972109 0.011087 -0.023109

seq1/frame00135.png 15.776249 -0.973864 24.417030 0.244082 0.966975 -0.000188 -0.073366

seq1/frame00136.png 15.819469 -1.531503 24.810218 0.238203 0.968882 0.012051 -0.066193

seq1/frame00137.png 15.856782 -0.771586 25.390119 0.218925 0.974438 -0.000481 -0.050418

seq1/frame00138.png 15.820367 -0.635623 26.117979 0.230969 0.971461 -0.003078 -0.053929

seq1/frame00139.png 15.654754 -0.426968 26.593459 0.213440 0.976069 -0.004793 -0.041351

seq1/frame00140.png 15.667959 -0.300768 27.096616 0.208151 0.976104 -0.012934 -0.061041

seq1/frame00141.png 15.788612 -0.538557 27.406630 0.204048 0.978830 -0.001836 -0.015880

seq1/frame00142.png 15.670066 -1.206928 27.815242 0.221575 0.974274 -0.017377 -0.037328

seq1/frame00143.png 15.818841 -1.257648 28.618093 0.248879 0.968238 -0.004052 -0.023624

seq1/frame00144.png 15.795479 -1.656056 28.976618 0.240572 0.969730 -0.009039 -0.040844

seq1/frame00145.png 15.797961 -1.202039 29.728327 0.246833 0.967602 0.011010 -0.051944

seq1/frame00146.png 16.271694 -2.079060 29.792180 0.231126 0.970354 -0.002727 -0.070622

seq1/frame00147.png 16.434019 -1.043562 30.399710 0.214420 0.976396 -0.025930 0.001503

seq1/frame00148.png 16.128810 -0.840190 31.014540 0.215695 0.976210 -0.014456 -0.016732

seq1/frame00149.png 16.050532 -1.771786 31.631425 0.220803 0.972874 0.000677 -0.069000

seq1/frame00150.png 17.342964 -2.675642 31.238488 0.211157 0.970244 0.001801 -0.118471

seq1/frame00151.png 16.747307 -1.942482 32.728356 0.170270 0.978445 0.005390 -0.116728

seq1/frame00152.png 18.033282 -1.905780 32.695134 0.204433 0.973958 0.016059 -0.096722

seq1/frame00153.png 17.452092 -1.190690 33.892744 0.225017 0.972731 0.042768 -0.036493

seq1/frame00154.png 18.587397 -1.341427 33.991042 0.216416 0.967848 0.003054 -0.128164

seq1/frame00155.png 18.546825 -1.290518 34.197812 0.223631 0.968373 -0.000600 -0.110647

seq1/frame00156.png 19.004977 -1.299016 34.654286 0.195708 0.969006 -0.012102 -0.150262

seq1/frame00157.png 20.027424 -1.282228 34.979914 0.204334 0.968493 -0.007661 -0.142160

seq1/frame00158.png 20.080393 -1.724732 35.596924 0.196978 0.968056 -0.000501 -0.155134

seq1/frame00159.png 21.426718 -1.502955 35.207303 0.201884 0.967861 -0.025248 -0.147822

seq1/frame00160.png 21.320003 -1.323872 35.165987 0.214581 0.967100 -0.031916 -0.132867

seq1/frame00161.png 22.501639 -1.708839 35.154826 0.191488 0.968250 -0.030518 -0.157773

seq1/frame00162.png 22.941051 -1.505569 34.780569 0.178249 0.978454 -0.025739 -0.100957

seq1/frame00163.png 23.606410 -1.716565 35.183734 0.167657 0.980279 -0.000048 -0.104614

seq1/frame00164.png 24.058982 -1.462733 34.750439 0.175089 0.978231 -0.028296 -0.107738

seq1/frame00165.png 24.351753 -1.450778 34.900693 0.178111 0.970373 -0.035662 -0.159311

seq1/frame00166.png 25.113850 -1.499432 34.860176 0.170306 0.968213 -0.022130 -0.181850

seq1/frame00167.png 25.152663 -1.512236 34.856633 0.193832 0.963060 -0.020618 -0.185792

seq1/frame00168.png 26.331426 -1.558452 34.831044 0.211273 0.953248 -0.007475 -0.215930

seq1/frame00169.png 26.779783 -1.577380 34.841734 0.220093 0.953260 -0.039775 -0.203154

seq1/frame00170.png 27.778968 -1.427115 34.612408 0.222050 0.945808 -0.015774 -0.236417

seq1/frame00171.png 27.405155 -1.179185 34.520200 0.241338 0.931379 0.001549 -0.272558

seq1/frame00172.png 28.662251 -1.598478 34.369431 0.254088 0.931079 0.012049 -0.261507

seq1/frame00173.png 29.414154 -1.217006 34.166796 0.266854 0.946433 0.014424 -0.181235

seq1/frame00174.png 29.324892 -1.406817 34.442647 0.289455 0.943872 0.028220 -0.156605

seq1/frame00175.png 29.724085 -1.093847 34.000240 0.278485 0.938649 0.034476 -0.200490

seq1/frame00176.png 30.087630 -1.916328 34.034084 0.274430 0.930371 0.003019 -0.243083

seq1/frame00177.png 30.306588 -1.246557 33.569026 0.208114 0.950457 -0.007906 -0.230777

seq1/frame00178.png 30.474599 -1.284658 32.905033 0.214516 0.951137 0.002692 -0.222067

seq1/frame00179.png 30.634335 -1.085301 32.411771 0.208670 0.952601 0.002644 -0.221361

seq1/frame00180.png 31.113366 -0.282375 31.712073 0.218073 0.950543 0.017406 -0.220474

seq1/frame00181.png 30.969457 -0.368917 31.252993 0.220673 0.947282 0.001062 -0.232292

seq1/frame00182.png 30.841418 -0.319729 30.985473 0.215310 0.941820 -0.005424 -0.258046

seq1/frame00183.png 30.667282 -0.696854 30.086035 0.213509 0.944643 -0.001721 -0.249119

seq1/frame00184.png 30.444702 -0.593381 29.879990 0.181139 0.947341 0.014047 -0.263698

seq1/frame00185.png 30.314838 -0.767945 28.978001 0.178855 0.951344 -0.003285 -0.250887

seq1/frame00186.png 30.318407 -0.650238 28.068361 0.210569 0.943316 -0.013736 -0.256178

seq1/frame00187.png 30.140351 -0.306400 27.670750 0.207632 0.946032 0.001922 -0.248814

seq1/frame00188.png 30.111224 -0.135055 27.235177 0.194990 0.944230 -0.008833 -0.265199

seq1/frame00189.png 30.145028 -0.081734 26.703004 0.192735 0.942882 0.004757 -0.271671

seq1/frame00190.png 29.991637 0.063451 26.132393 0.190148 0.946486 0.003094 -0.260766

seq1/frame00191.png 29.694291 -0.388273 25.500866 0.211610 0.941864 -0.012796 -0.260671

seq1/frame00192.png 29.505474 -0.259557 24.987089 0.184698 0.948481 -0.002751 -0.257417

seq1/frame00193.png 29.700624 -0.534046 24.251023 0.224786 0.930949 -0.007468 -0.287661

seq1/frame00194.png 29.387951 0.055482 24.014256 0.207572 0.939477 -0.006423 -0.272500

seq1/frame00195.png 29.776394 0.133803 22.996907 0.208930 0.932235 -0.021886 -0.294629

seq1/frame00196.png 29.674628 0.453312 23.087798 0.207075 0.931708 -0.020149 -0.297714

seq1/frame00197.png 29.667577 0.115295 22.147111 0.228808 0.922058 -0.019295 -0.311582

seq1/frame00198.png 29.770718 0.146725 21.448293 0.213214 0.921516 -0.026631 -0.323479

seq1/frame00199.png 29.565526 0.011269 20.975809 0.213330 0.922936 -0.034119 -0.318616

seq1/frame00200.png 29.575974 0.280174 20.284722 0.222760 0.922477 -0.027667 -0.314084

seq1/frame00201.png 29.564495 0.297240 19.703521 0.232413 0.925150 -0.029798 -0.298652

seq1/frame00202.png 29.688442 0.239643 19.000652 0.239347 0.920577 -0.023456 -0.307733

seq1/frame00203.png 29.380510 0.605642 18.411361 0.219080 0.937368 -0.016070 -0.270346

seq1/frame00204.png 29.744344 0.514192 17.905954 0.253937 0.921170 -0.048108 -0.290943

seq1/frame00205.png 29.531994 0.425890 17.275293 0.248852 0.925064 -0.056620 -0.281290

seq1/frame00206.png 29.530131 0.652917 16.744544 0.260428 0.918724 -0.060921 -0.290538

seq1/frame00207.png 29.667957 0.446176 16.373606 0.291357 0.887254 -0.062515 -0.352111

seq1/frame00208.png 29.752354 0.369602 15.448545 0.264531 0.890654 -0.022952 -0.369097

seq1/frame00209.png 29.984296 0.491159 14.965572 0.273611 0.899910 -0.031823 -0.338063

seq1/frame00210.png 30.199849 0.690204 14.319405 0.275590 0.911922 -0.042342 -0.301090

seq1/frame00211.png 30.482262 0.835687 13.908002 0.278245 0.911145 -0.045794 -0.300495

seq1/frame00212.png 30.566641 0.900665 13.102690 0.264056 0.909270 -0.047300 -0.318222

seq1/frame00213.png 30.851034 0.980626 12.683695 0.309263 0.889869 -0.061909 -0.329631

seq1/frame00214.png 30.919053 0.817813 11.932572 0.310594 0.870543 -0.068047 -0.375574

seq1/frame00215.png 30.836810 0.904961 11.288735 0.309653 0.870753 -0.072003 -0.375125

seq1/frame00216.png 30.882998 0.994118 10.611912 0.281229 0.864986 -0.067852 -0.410008

seq1/frame00217.png 30.907072 1.035105 9.907993 0.290876 0.874371 -0.061500 -0.383515

seq1/frame00218.png 31.054665 1.010201 9.307880 0.275573 0.871444 -0.079851 -0.397831

seq1/frame00219.png 31.230809 1.188673 8.636312 0.323425 0.865210 -0.088858 -0.372709

seq1/frame00220.png 31.480657 1.106473 8.154997 0.315599 0.850841 -0.058420 -0.415998

seq1/frame00221.png 31.706423 1.419441 7.501270 0.268696 0.853323 -0.048045 -0.444222

seq1/frame00222.png 32.081911 1.435553 7.034624 0.274447 0.832720 -0.059703 -0.477171

seq1/frame00223.png 32.276440 1.397215 6.381721 0.262685 0.824038 -0.046885 -0.499760

seq1/frame00224.png 32.530177 1.612174 5.807745 0.247823 0.826085 -0.065393 -0.501888

seq1/frame00225.png 32.632923 1.603266 5.219862 0.250004 0.807454 -0.074611 -0.529102

seq1/frame00226.png 32.691392 1.675486 4.497713 0.301198 0.805656 -0.104784 -0.499219

seq1/frame00227.png 32.803484 1.590449 4.021233 0.303051 0.786007 -0.120714 -0.525149

seq1/frame00228.png 32.626357 1.769448 3.348902 0.278714 0.783490 -0.118977 -0.542501

seq1/frame00229.png 32.424466 1.746310 2.857794 0.268107 0.736041 -0.122499 -0.609390

seq1/frame00230.png 31.997434 1.720328 2.632225 0.273679 0.719604 -0.126762 -0.625460

seq1/frame00231.png 31.500525 1.741260 2.687499 0.245069 0.754602 -0.143361 -0.591578

seq1/frame00232.png 31.028150 1.750160 2.949467 0.257113 0.774955 -0.132864 -0.561858

seq1/frame00233.png 30.621570 1.680317 3.177014 0.266797 0.754064 -0.145454 -0.582280

seq1/frame00234.png 30.215603 1.416863 3.325265 0.313089 0.767124 -0.169520 -0.533627

seq1/frame00235.png 29.828994 1.316819 3.386794 0.328051 0.735128 -0.205893 -0.556397

seq1/frame00236.png 29.260806 1.146960 3.398565 0.329760 0.745237 -0.177329 -0.551756

seq1/frame00237.png 28.731216 1.222008 3.500767 0.288730 0.755766 -0.181019 -0.559182

seq1/frame00238.png 28.314406 1.094232 3.820168 0.312749 0.766858 -0.190271 -0.527175

seq1/frame00239.png 27.805771 1.074654 4.117380 0.341843 0.760904 -0.178698 -0.521762

seq1/frame00240.png 27.377761 0.962483 4.532393 0.354605 0.770395 -0.148844 -0.508519

seq1/frame00241.png 26.904337 1.009641 4.857626 0.327879 0.771863 -0.156906 -0.521635

seq1/frame00242.png 26.285124 0.982319 4.933173 0.304768 0.800291 -0.144675 -0.495701

seq1/frame00243.png 25.652161 0.878658 5.106748 0.236304 0.820237 -0.102474 -0.510754

seq1/frame00244.png 25.009278 0.915299 5.059084 0.185250 0.826041 -0.059750 -0.528932

seq1/frame00245.png 24.339815 0.893462 5.051921 0.190485 0.844484 -0.051864 -0.497868

seq1/frame00246.png 23.712193 0.885902 4.997303 0.178663 0.839938 -0.051259 -0.509859

seq1/frame00247.png 23.121212 0.832910 5.030787 0.160266 0.853446 -0.044663 -0.493912

seq1/frame00248.png 22.475250 0.828998 4.970105 0.139574 0.856835 -0.039585 -0.494758

seq1/frame00249.png 21.833695 0.760592 4.934379 0.123813 0.854341 -0.017357 -0.504451

seq1/frame00250.png 21.264264 0.814696 4.867809 0.079736 0.859212 -0.041867 -0.503630

seq1/frame00251.png 20.638210 0.774211 4.857921 0.106719 0.862838 -0.031781 -0.493063

seq1/frame00252.png 20.050713 0.743249 4.896384 0.098121 0.901732 -0.000670 -0.421012

seq1/frame00253.png 19.509937 0.741054 4.946510 0.120889 0.901979 0.022932 -0.413877

seq1/frame00254.png 19.084260 0.714898 5.180196 0.187643 0.944463 0.012232 -0.269501

seq1/frame00255.png 18.432770 0.688885 5.583190 0.263751 0.946351 0.014543 -0.186129

seq1/frame00256.png 18.393350 0.578559 6.066560 0.280088 0.941843 0.023926 -0.184146

seq1/frame00257.png 18.089048 0.537662 6.595360 0.251742 0.943250 0.008455 -0.216413

seq1/frame00258.png 17.951659 0.381234 7.104959 0.241059 0.939190 -0.003940 -0.244534

seq1/frame00259.png 17.792261 0.376512 7.764114 0.203668 0.952070 -0.008417 -0.228059

seq1/frame00260.png 17.579379 0.367216 8.236651 0.181495 0.965996 -0.001759 -0.184143

seq1/frame00261.png 17.432300 0.359789 8.808793 0.175597 0.976917 0.031136 -0.117598

seq1/frame00262.png 17.140476 0.444565 9.330494 0.161660 0.978493 0.018452 -0.126796

seq1/frame00263.png 16.993636 0.309403 9.920213 0.169905 0.974922 0.038689 -0.138430

seq1/frame00264.png 16.914672 0.397441 10.590293 0.225484 0.960791 -0.000219 -0.161362

seq1/frame00265.png 16.677463 0.063356 11.202046 0.187904 0.967944 -0.010272 -0.166347

seq1/frame00266.png 16.632967 0.010674 11.700432 0.155738 0.978220 -0.011922 -0.136712

seq1/frame00267.png 16.536982 0.018395 12.220531 0.139490 0.989236 0.010942 -0.042839

seq1/frame00268.png 16.486226 0.054385 12.811279 0.112147 0.992983 -0.003920 -0.037320

seq1/frame00269.png 16.669625 -0.065760 13.337742 0.110956 0.993656 0.014538 0.011185

seq1/frame00270.png 16.466566 0.054898 13.988046 0.095402 0.995069 0.003846 -0.026853

seq1/frame00271.png 16.501960 -0.180857 14.565107 0.117835 0.992280 0.037819 -0.008066

seq1/frame00272.png 16.571940 0.002123 15.149107 0.090529 0.995639 0.021939 -0.005046

seq1/frame00273.png 16.545154 -0.187730 15.722286 0.091470 0.993483 0.038010 0.056392

seq1/frame00274.png 16.393583 -0.178884 16.314679 0.072003 0.996906 0.013031 0.028720

seq1/frame00275.png 16.394644 -0.258303 16.930113 0.060162 0.996699 0.013435 0.052822

seq1/frame00276.png 16.221956 -0.188057 17.500219 0.060694 0.996333 0.010847 0.059328

seq1/frame00277.png 16.368171 -0.317254 18.062137 0.056284 0.996498 0.016248 0.059657

seq1/frame00278.png 16.322150 -0.334300 18.667325 0.047080 0.996216 0.027727 0.067590

seq1/frame00279.png 16.364216 -0.354757 19.212937 0.047835 0.995047 0.040653 0.077076

seq1/frame00280.png 16.319405 -0.397263 19.868766 0.063730 0.993758 0.036719 0.083878

seq1/frame00281.png 16.289500 -0.441489 20.422423 0.043442 0.997641 0.051983 0.011123

seq1/frame00282.png 16.150531 -0.508950 21.011050 0.041702 0.996404 0.064452 0.035859

seq1/frame00283.png 16.068330 -0.563524 21.536545 0.022544 0.998173 0.050921 0.023426

seq1/frame00284.png 15.988317 -0.573688 22.058867 0.074440 0.995416 0.015991 0.057882

seq1/frame00285.png 16.002243 -0.531488 22.638411 0.068474 0.996188 0.016182 0.051571

seq1/frame00286.png 15.808551 -0.843187 23.341480 0.101355 0.994294 0.022688 0.024310

seq1/frame00287.png 16.322741 -0.450017 23.722970 0.144339 0.988264 0.046335 0.018818

seq1/frame00288.png 16.135954 -1.303739 24.405344 0.199932 0.979056 0.037666 -0.007676

seq1/frame00289.png 16.563278 -1.110487 24.886276 0.156337 0.986134 0.022880 -0.050746

seq1/frame00290.png 16.239828 -1.019444 25.364384 0.147607 0.988200 -0.031271 -0.026373

seq1/frame00291.png 15.519253 -0.533567 25.984890 0.136234 0.989650 -0.033126 -0.030602

seq1/frame00292.png 15.291160 -0.675990 26.546412 0.133885 0.987222 -0.040480 -0.076343

seq1/frame00293.png 15.672247 -0.838636 27.188190 0.131094 0.982908 -0.062618 -0.113074

seq1/frame00294.png 15.920003 -1.485249 27.415554 0.125226 0.986621 -0.013858 -0.103467

seq1/frame00295.png 15.189888 -0.968455 28.231508 0.093468 0.990396 -0.012595 0.101097

seq1/frame00296.png 15.082790 -0.949320 28.437685 0.074342 0.995960 -0.002855 0.050284

seq1/frame00297.png 14.534707 -0.593607 28.807865 0.078013 0.996101 -0.011560 0.039534

seq1/frame00298.png 14.717244 -0.623679 29.460028 0.081280 0.996389 -0.005341 0.023937

seq1/frame00299.png 15.143508 -0.898902 30.124750 0.104239 0.994207 0.012699 -0.022906

seq1/frame00300.png 15.119705 -0.889446 30.342598 0.089916 0.995878 0.010402 -0.005762

seq1/frame00301.png 15.201516 -0.929216 30.717998 0.107781 0.993547 0.015932 -0.031517

