seq2/frame00001.png 26.484311 -0.687372 32.291881 0.152811 0.977010 -0.002068 -0.148650

seq2/frame00002.png 26.830778 -1.576793 31.714372 0.166849 0.974079 0.002450 -0.152727

seq2/frame00003.png 26.349628 -0.966496 32.145227 0.156144 0.977016 -0.005990 -0.144995

seq2/frame00004.png 26.686620 -1.160958 31.818174 0.162515 0.976390 -0.011154 -0.141871

seq2/frame00005.png 26.031332 -1.127885 31.752172 0.160213 0.981640 -0.002379 -0.103482

seq2/frame00006.png 25.736939 -0.855528 31.229369 0.147647 0.980563 0.001827 -0.129199

seq2/frame00007.png 25.261614 -0.802456 31.102930 0.157085 0.976687 -0.021328 -0.144746

seq2/frame00008.png 25.226828 -1.528862 30.589477 0.177705 0.976288 -0.017337 -0.122405

seq2/frame00009.png 24.369365 -1.198788 30.210769 0.178279 0.979510 -0.023255 -0.090754

seq2/frame00010.png 23.292570 -0.829921 30.620867 0.147893 0.980794 -0.029609 -0.123667

seq2/frame00011.png 23.078708 -0.798712 30.297943 0.153999 0.981662 0.007172 -0.112129

seq2/frame00012.png 22.539689 -0.795820 30.132953 0.148183 0.982539 0.001250 -0.112500

seq2/frame00013.png 22.015099 -0.882880 30.027331 0.157460 0.979332 0.002473 -0.126923

seq2/frame00014.png 20.978292 -0.838805 30.061243 0.171122 0.981196 0.003542 -0.089217

seq2/frame00015.png 20.998092 -0.897263 29.954452 0.193729 0.979430 0.015187 -0.054359

seq2/frame00016.png 19.869941 -1.083303 30.204535 0.171002 0.984984 0.020228 -0.012511

seq2/frame00017.png 18.009686 -0.862237 30.304600 0.173964 0.983711 -0.033562 0.030367

seq2/frame00018.png 18.323570 -1.418737 30.202523 0.165465 0.985478 -0.022656 0.030668

seq2/frame00019.png 17.840697 -1.776542 29.728272 0.153763 0.986521 -0.015533 0.053781

seq2/frame00020.png 16.966136 -1.183408 30.010267 0.121619 0.988538 0.011990 0.088648

seq2/frame00021.png 16.272979 -0.792890 29.967734 0.122421 0.990675 -0.014842 0.057925

seq2/frame00022.png 15.549686 -1.262974 29.865694 0.139734 0.987942 -0.009518 0.065990

seq2/frame00023.png 14.724044 -0.946093 29.894528 0.118028 0.990719 0.001056 0.067416

seq2/frame00024.png 14.182388 -0.960737 29.640403 0.131687 0.989221 -0.006260 0.063724

seq2/frame00025.png 13.878386 -1.031139 29.839280 0.132753 0.985587 0.004618 0.104759

seq2/frame00026.png 12.841660 -1.317040 30.018316 0.159158 0.981117 0.002860 0.109861

seq2/frame00027.png 12.347469 -1.362234 30.284768 0.131281 0.980883 0.001403 0.143637

seq2/frame00028.png 11.704074 -1.294892 30.317440 0.127472 0.984791 -0.017584 0.116743

seq2/frame00029.png 10.837825 -1.106267 30.035756 0.113964 0.983572 0.001772 0.139983

seq2/frame00030.png 9.751745 -1.858874 29.776139 0.151836 0.983869 0.004396 0.094493

seq2/frame00031.png 10.139661 -1.816098 30.377415 0.173733 0.982142 0.022005 0.068769

seq2/frame00032.png 8.518185 -1.801410 30.312289 0.162223 0.978789 0.008820 0.124810

seq2/frame00033.png 8.464176 -1.278771 30.355661 0.182294 0.975280 0.007996 0.124637

seq2/frame00034.png 7.123453 -1.299548 30.273756 0.172523 0.971496 0.014063 0.161966

seq2/frame00035.png 6.288554 -1.171808 29.913656 0.185346 0.972158 0.027369 0.140738

seq2/frame00036.png 5.763700 -1.651647 30.044081 0.190948 0.966631 0.021997 0.169349

seq2/frame00037.png 5.346438 -1.023274 29.795270 0.179264 0.957273 0.016823 0.226295

seq2/frame00038.png 5.180594 -1.707611 29.730457 0.187258 0.948348 0.039006 0.253078

seq2/frame00039.png 4.421193 -1.527958 29.289221 0.161456 0.946366 0.020876 0.279081

seq2/frame00040.png 3.740371 -0.698119 29.252051 0.144173 0.972577 0.013082 0.182035

seq2/frame00041.png 3.086060 -1.357109 28.374523 0.143901 0.975432 -0.006346 0.166686

seq2/frame00042.png 3.280591 -1.062671 28.160425 0.147564 0.979777 0.013531 0.134460

seq2/frame00043.png 3.803051 -1.031573 27.736648 0.126925 0.981863 0.023026 0.138943

seq2/frame00044.png 4.419240 -0.922061 27.733317 0.145289 0.980436 0.065496 0.115525

seq2/frame00045.png 4.757382 -1.483158 27.337455 0.151351 0.973727 0.090748 0.143919

seq2/frame00046.png 5.121146 -1.327221 27.188865 0.172319 0.970119 0.048302 0.163837

seq2/frame00047.png 6.297361 -1.230203 27.042466 0.158845 0.972656 0.043249 0.163826

seq2/frame00048.png 6.839455 -0.891329 26.852424 0.138495 0.977861 -0.005356 0.156775

seq2/frame00049.png 7.339684 -0.824188 26.601099 0.123558 0.980890 0.025037 0.148193

seq2/frame00050.png 8.523459 -0.790804 26.641025 0.128084 0.973405 0.042608 0.185097

seq2/frame00051.png 8.545735 -0.844187 26.243895 0.145970 0.969896 0.051272 0.188060

seq2/frame00052.png 9.378329 -0.737079 26.227078 0.157856 0.969595 0.031991 0.184239

seq2/frame00053.png 10.210667 -0.991485 26.608072 0.174588 0.964280 0.052322 0.192211

seq2/frame00054.png 10.461110 -0.734381 25.825936 0.166129 0.963924 0.059616 0.199242

seq2/frame00055.png 10.856389 -1.306214 25.796285 0.208365 0.957906 0.030212 0.195158

seq2/frame00056.png 12.274069 -0.763423 26.467463 0.165710 0.973650 0.040167 0.151434

seq2/frame00057.png 12.294421 -0.841412 25.672429 0.182064 0.967549 0.050505 0.167781

seq2/frame00058.png 12.672507 -0.825399 25.419038 0.169523 0.971710 0.085105 0.140710

seq2/frame00059.png 13.635091 -0.547367 25.601411 0.190620 0.969879 0.041398 0.145891

seq2/frame00060.png 14.447223 -0.415791 25.242620 0.153027 0.972199 0.050594 0.169858

seq2/frame00061.png 14.921689 -0.997940 25.473858 0.165682 0.966390 -0.019890 0.195563

seq2/frame00062.png 15.138858 -0.265483 25.874903 0.131406 0.989164 0.010347 0.064655

seq2/frame00063.png 16.082809 -0.831515 25.876477 0.166959 0.985832 0.015409 -0.004709

seq2/frame00064.png 16.929005 -0.895446 25.859556 0.169153 0.983743 -0.013187 -0.058842

seq2/frame00065.png 17.804657 -0.763181 26.012454 0.211854 0.972199 -0.000566 -0.099728

seq2/frame00066.png 18.635752 -0.753447 25.947947 0.215871 0.967834 -0.023196 -0.127117

seq2/frame00067.png 19.114584 -0.537692 25.648015 0.197657 0.961425 -0.019662 -0.190281

seq2/frame00068.png 19.944239 -0.814228 25.423152 0.208048 0.962859 -0.022622 -0.170608

seq2/frame00069.png 20.503445 -0.830752 25.453774 0.197703 0.967515 -0.013780 -0.156966

seq2/frame00070.png 21.319293 -0.886487 25.451973 0.203809 0.966879 -0.017698 -0.152623

seq2/frame00071.png 21.568186 -0.795096 25.435136 0.183161 0.967260 -0.011115 -0.175317

seq2/frame00072.png 22.605444 -0.688063 25.218509 0.163154 0.972064 -0.024001 -0.167023

seq2/frame00073.png 23.150731 -0.790851 25.390398 0.156168 0.977090 -0.040753 -0.138727

seq2/frame00074.png 23.814519 -0.508266 24.781673 0.152478 0.977520 -0.011557 -0.145161

seq2/frame00075.png 24.658535 -0.228373 25.203017 0.152648 0.976317 -0.005489 -0.153208

seq2/frame00076.png 24.829025 0.097530 25.352171 0.135049 0.969300 -0.022736 -0.204213

seq2/frame00077.png 25.809153 -0.370134 24.776618 0.152043 0.964105 -0.034984 -0.214851

seq2/frame00078.png 26.409204 -1.007919 23.861023 0.138935 0.962349 -0.020157 -0.232753

seq2/frame00079.png 26.637978 0.018232 24.178247 0.103319 0.974893 -0.026029 -0.195528

seq2/frame00080.png 27.018409 -0.313707 24.087549 0.162221 0.956065 -0.028529 -0.242509

seq2/frame00081.png 27.174162 -0.165719 23.670316 0.170614 0.962325 -0.007302 -0.211584

seq2/frame00082.png 27.349345 0.064265 23.014158 0.185085 0.959683 -0.001872 -0.211539

seq2/frame00083.png 27.183845 -0.558494 22.254818 0.198057 0.955990 0.004371 -0.216421

seq2/frame00084.png 26.583925 -0.301706 21.957761 0.179696 0.967014 -0.008340 -0.180342

seq2/frame00085.png 26.045947 -0.274248 21.648459 0.180412 0.967957 -0.001028 -0.174672

seq2/frame00086.png 25.261724 -0.454999 21.631674 0.190446 0.966666 -0.018380 -0.170144

seq2/frame00087.png 24.760238 -0.341318 21.205421 0.182128 0.968379 -0.024721 -0.168704

seq2/frame00088.png 24.324229 -0.368694 21.075402 0.192104 0.973618 -0.005269 -0.123030

seq2/frame00091.png 21.849286 -1.178707 20.437479 0.228870 0.965120 -0.039333 -0.120895

seq2/frame00092.png 21.617948 -0.435914 20.473544 0.223814 0.961737 -0.022042 -0.156475

seq2/frame00093.png 21.009684 -0.451479 20.136391 0.216521 0.964599 0.009234 -0.150274

seq2/frame00094.png 20.402154 -0.542734 19.578028 0.224965 0.965228 -0.012175 -0.132577

seq2/frame00095.png 19.548775 -0.449714 19.721858 0.220152 0.966121 -0.019673 -0.133251

seq2/frame00096.png 19.047354 -0.377335 19.524673 0.226217 0.959966 -0.037888 -0.160798

seq2/frame00097.png 18.431483 -0.320751 19.308555 0.194458 0.971968 -0.030071 -0.128689

seq2/frame00098.png 17.752779 -0.386589 19.212761 0.195985 0.973707 -0.020209 -0.114348

seq2/frame00099.png 17.049215 -0.367883 19.278317 0.194041 0.977137 0.005777 -0.086707

seq2/frame00100.png 16.386485 -0.419405 19.231414 0.206633 0.976910 0.024813 -0.048302

seq2/frame00101.png 15.624587 -0.307646 19.160847 0.212427 0.976101 0.028724 -0.035721

seq2/frame00102.png 15.223068 -0.364541 19.255903 0.271723 0.962036 0.001418 0.025515

seq2/frame00105.png 12.876478 -0.288807 18.880476 0.261724 0.965031 0.003263 -0.014309

seq2/frame00106.png 12.304424 -0.414259 18.929794 0.282572 0.959095 0.013109 -0.010814

seq2/frame00107.png 11.760963 -0.447684 18.710563 0.286506 0.957973 0.011847 -0.007872

seq2/frame00108.png 11.067480 -0.439817 18.724741 0.294243 0.954195 -0.013751 0.052377

seq2/frame00109.png 10.123090 -0.558263 18.652725 0.303773 0.951326 -0.011796 0.050616

seq2/frame00110.png 9.671630 -0.455201 18.681509 0.284968 0.954895 -0.026115 0.079296

seq2/frame00111.png 8.467343 -0.267607 18.411963 0.280908 0.956948 -0.015447 0.071437

seq2/frame00112.png 8.362102 -0.765745 18.277167 0.321165 0.946593 0.004456 0.028202

seq2/frame00113.png 7.611943 -0.334173 18.471124 0.300073 0.950865 -0.004122 0.076118

seq2/frame00114.png 6.883448 -0.174623 18.130860 0.277346 0.959243 -0.011326 0.052950

seq2/frame00115.png 6.304954 -0.142305 17.996431 0.278213 0.953234 -0.007693 0.117823

seq2/frame00116.png 5.488287 0.100498 17.846148 0.255130 0.957036 0.004742 0.137729

seq2/frame00117.png 5.131243 -0.464105 17.541427 0.278322 0.945869 -0.013296 0.166411

seq2/frame00118.png 4.867978 -0.317144 17.430873 0.253855 0.961668 -0.001115 0.103684

seq2/frame00119.png 4.065178 -0.034929 17.310461 0.261483 0.948918 0.017804 0.175684

seq2/frame00120.png 3.474689 -0.143000 16.646465 0.248832 0.949011 0.017203 0.192784

seq2/frame00121.png 3.856009 0.393928 16.954998 0.262408 0.915110 0.039293 0.303597

seq2/frame00122.png 3.996450 -0.021129 16.228756 0.241413 0.903377 0.045833 0.351467

seq2/frame00123.png 4.423655 -0.014871 15.970315 0.216858 0.909684 0.051423 0.350433

seq2/frame00124.png 4.829613 -0.202718 15.381130 0.273504 0.901942 0.058584 0.329035

seq2/frame00125.png 5.428673 -0.396368 15.601920 0.279576 0.928851 0.015921 0.242527

seq2/frame00126.png 5.898230 -0.056723 15.612777 0.272295 0.948844 0.013753 0.159250

seq2/frame00127.png 6.659187 0.037595 15.612308 0.263642 0.953837 -0.006792 0.143676

seq2/frame00128.png 7.202857 0.147749 15.499182 0.286323 0.951020 -0.027074 0.113344

seq2/frame00129.png 7.882036 -0.043658 15.228471 0.302615 0.945299 -0.003989 0.121725

seq2/frame00130.png 8.429034 -0.052309 15.096213 0.312161 0.944086 -0.007397 0.105842

seq2/frame00131.png 9.251044 -0.475753 15.195819 0.293636 0.949945 -0.003158 0.106645

seq2/frame00132.png 9.680862 -0.345714 15.212636 0.279556 0.955052 -0.010433 0.098057

seq2/frame00133.png 10.794724 -0.197225 15.314876 0.279979 0.958684 -0.001535 0.050337

seq2/frame00134.png 11.194298 -0.182437 15.287221 0.280877 0.956334 -0.005709 0.080632

seq2/frame00135.png 11.802726 -0.366459 15.226173 0.268664 0.961340 -0.016005 0.058215

seq2/frame00136.png 12.347481 -0.435867 14.917328 0.270852 0.957843 -0.019959 0.093684

seq2/frame00137.png 13.216130 -0.323055 15.336510 0.260101 0.965163 -0.007120 0.027516

seq2/frame00138.png 13.894181 -0.200469 15.397319 0.277946 0.960310 -0.017319 -0.015836

seq2/frame00139.png 14.620500 -0.054382 15.399901 0.265682 0.960653 -0.033785 -0.073601

seq2/frame00140.png 15.396720 0.005582 15.115881 0.243030 0.968023 -0.024959 -0.056964

seq2/frame00141.png 15.858839 -0.158009 15.066100 0.218313 0.971484 -0.018450 -0.090647

seq2/frame00142.png 16.598652 -0.075956 14.883449 0.246895 0.965303 -0.007730 -0.084691

seq2/frame00143.png 17.275728 -0.113936 15.104116 0.319677 0.941439 -0.000095 -0.107233

seq2/frame00144.png 17.883742 -0.186800 14.977230 0.341184 0.935593 0.005946 -0.090680

seq2/frame00145.png 18.512631 -0.312382 14.955737 0.341768 0.928468 -0.000941 -0.145402

seq2/frame00146.png 19.392957 -0.058047 14.844718 0.294411 0.937612 -0.009329 -0.184715

seq2/frame00147.png 19.842711 -0.250086 15.032395 0.283627 0.938647 -0.018191 -0.195363

seq2/frame00148.png 20.697349 -0.156832 14.624490 0.254774 0.941535 -0.039375 -0.216912

seq2/frame00149.png 21.369976 -0.038701 14.527334 0.259444 0.949788 -0.039291 -0.170435

seq2/frame00150.png 22.061016 0.058887 14.535918 0.247977 0.938096 -0.049460 -0.236723

seq2/frame00151.png 22.795244 0.306966 14.290776 0.229821 0.948988 -0.046421 -0.210831

seq2/frame00152.png 23.334939 0.256175 14.288820 0.229156 0.934183 -0.076293 -0.262618

seq2/frame00153.png 23.912220 0.215214 13.812684 0.216146 0.929481 -0.060819 -0.292654

seq2/frame00154.png 24.557623 0.286604 13.653164 0.245431 0.923856 -0.058674 -0.287769

seq2/frame00155.png 25.051744 0.385554 13.411188 0.238222 0.928467 -0.049555 -0.280613

seq2/frame00156.png 25.567830 0.393019 13.048556 0.245041 0.923969 -0.041034 -0.290780

seq2/frame00157.png 26.115538 0.470603 12.842505 0.244923 0.914590 -0.045768 -0.318503

seq2/frame00158.png 26.445497 0.658600 12.448550 0.244630 0.921188 -0.043536 -0.299456

seq2/frame00159.png 26.858282 0.395272 11.961045 0.262398 0.902648 -0.022396 -0.340400

seq2/frame00160.png 27.019110 0.535642 11.779265 0.265796 0.904044 -0.038702 -0.332504

seq2/frame00161.png 27.286258 0.743218 11.461329 0.272439 0.887989 -0.053538 -0.366587

