seq3/frame00001.png 27.175986 0.572881 10.570591 0.303228 0.871175 -0.045708 -0.383429

seq3/frame00002.png 27.061332 0.421417 10.720645 0.299005 0.875789 -0.047128 -0.375990

seq3/frame00003.png 27.091323 0.617235 10.655358 0.284295 0.878957 -0.053069 -0.379201

seq3/frame00004.png 27.155990 0.838295 10.837068 0.243009 0.876886 -0.052201 -0.411452

seq3/frame00005.png 27.224612 0.908715 11.236753 0.233424 0.876348 -0.066774 -0.416016

seq3/frame00006.png 27.311072 0.497686 11.774232 0.244202 0.881542 -0.071266 -0.397707

seq3/frame00007.png 27.205612 1.032799 12.263195 0.217464 0.916078 -0.036904 -0.334885

seq3/frame00008.png 27.184310 0.450194 13.014646 0.243857 0.903840 -0.015983 -0.351214

seq3/frame00009.png 27.098618 0.606199 13.632651 0.275681 0.914721 -0.058152 -0.289662

seq3/frame00010.png 26.911738 0.571720 14.331114 0.248256 0.899926 -0.057572 -0.353818

seq3/frame00011.png 26.701745 0.399127 14.996136 0.229114 0.905519 -0.055792 -0.352746

seq3/frame00012.png 26.524409 0.522408 15.806786 0.211192 0.892770 -0.070114 -0.391720

seq3/frame00013.png 26.510446 0.480137 16.281417 0.202966 0.907695 -0.079419 -0.358589

seq3/frame00014.png 26.431509 0.107961 16.695915 0.206972 0.900761 -0.086797 -0.371832

seq3/frame00015.png 26.462461 0.016131 17.637701 0.209822 0.933520 -0.079763 -0.279558

seq3/frame00016.png 26.285544 0.117804 18.614949 0.189630 0.930552 -0.069353 -0.305455

seq3/frame00017.png 26.212704 -0.279873 19.227416 0.197416 0.946734 -0.060588 -0.247084

seq3/frame00018.png 25.857177 0.814151 20.723614 0.162874 0.950456 -0.065220 -0.256615

seq3/frame00019.png 25.875755 -0.453039 20.960514 0.201091 0.948127 -0.037822 -0.243283

seq3/frame00020.png 25.632002 -0.582586 21.416991 0.195987 0.961151 -0.051052 -0.187540

seq3/frame00021.png 25.677623 0.035771 22.028816 0.167711 0.966728 -0.043156 -0.188273

seq3/frame00022.png 24.846053 -0.055404 22.904406 0.144473 0.976115 -0.004345 -0.162196

seq3/frame00023.png 24.726183 -0.164817 23.205997 0.167142 0.954849 0.004370 -0.245577

seq3/frame00024.png 24.288722 -0.399372 23.716909 0.171046 0.955530 0.010637 -0.239986

seq3/frame00025.png 24.126136 0.193185 24.440560 0.184515 0.944769 -0.019930 -0.270127

seq3/frame00026.png 23.669368 -0.373947 24.765001 0.203079 0.955613 -0.007291 -0.213329

seq3/frame00027.png 23.359156 -0.549155 25.112358 0.217428 0.951641 0.001350 -0.217030

seq3/frame00028.png 23.254282 -0.560131 25.874327 0.182617 0.974569 0.028429 -0.126723

seq3/frame00030.png 22.065576 -0.736919 27.760542 0.255916 0.957699 -0.006366 -0.131450

seq3/frame00031.png 22.105576 -0.958055 28.058579 0.229906 0.963383 0.011089 -0.137524

seq3/frame00032.png 21.854448 -1.344271 28.449423 0.218537 0.975153 0.002181 -0.036246

seq3/frame00033.png 21.380876 0.201128 28.419832 0.179447 0.980155 0.002412 0.084195

seq3/frame00034.png 20.094862 -1.063477 27.946038 0.208274 0.976989 0.030182 0.034701

seq3/frame00035.png 19.159822 0.224642 28.747016 0.183456 0.978619 0.003929 -0.092918

seq3/frame00036.png 19.098761 -0.844269 28.311594 0.248000 0.957778 -0.004833 -0.145378

seq3/frame00037.png 18.912120 -1.276050 28.185126 0.218695 0.968905 0.005014 -0.115630

seq3/frame00038.png 18.229195 -1.181660 28.576309 0.189918 0.978841 -0.018351 -0.073926

seq3/frame00039.png 17.531625 -1.304373 29.155455 0.218643 0.975491 0.000536 -0.024729

seq3/frame00040.png 16.599895 -0.705429 29.352361 0.195671 0.977858 -0.004340 -0.074082

seq3/frame00041.png 16.368095 -1.591580 29.529237 0.229471 0.969453 0.021664 -0.083867

seq3/frame00042.png 15.764487 -1.471792 29.757291 0.204178 0.975236 0.000406 -0.085001

seq3/frame00043.png 15.440560 -1.511004 29.964845 0.212175 0.976960 0.003358 -0.022804

seq3/frame00044.png 14.094538 -1.491821 29.818788 0.182076 0.980315 0.016116 0.074637

seq3/frame00046.png 12.920224 -1.607168 29.760545 0.188700 0.981679 0.024167 0.010661

seq3/frame00047.png 12.548911 -1.263362 29.974754 0.179858 0.981474 0.032390 0.057541

seq3/frame00048.png 11.585523 -1.164955 29.813422 0.158262 0.981073 0.021776 0.109430

seq3/frame00049.png 11.144491 -1.135253 29.749162 0.185450 0.972793 0.025106 0.136575

seq3/frame00050.png 10.270317 -0.908322 30.050835 0.183650 0.968256 0.059537 0.158770

seq3/frame00051.png 9.644020 -1.220684 29.817004 0.184723 0.969293 0.050528 0.154260

seq3/frame00052.png 8.661244 -1.331252 29.850810 0.201001 0.967627 0.027622 0.150115

seq3/frame00053.png 7.997800 -1.314072 29.358931 0.194683 0.973296 0.001923 0.121609

seq3/frame00054.png 7.772862 -1.056674 29.608127 0.200139 0.974117 0.023290 0.102458

seq3/frame00055.png 6.944014 -1.071915 29.219043 0.192651 0.960991 0.027024 0.196602

seq3/frame00056.png 6.745217 -1.307477 28.719899 0.196490 0.965699 0.025576 0.167818

seq3/frame00057.png 5.623405 -1.158139 28.398798 0.181356 0.971290 0.009582 0.153669

seq3/frame00058.png 5.436170 -1.413737 27.693035 0.190155 0.972759 0.005324 0.132485

seq3/frame00059.png 5.510411 -1.095567 27.715119 0.208059 0.968335 0.011961 0.137465

seq3/frame00060.png 5.347218 -1.158854 26.955227 0.197595 0.970409 0.016872 0.137761

seq3/frame00061.png 5.258573 -0.571372 26.559279 0.174017 0.972517 0.031483 0.151451

seq3/frame00062.png 5.133774 -0.852818 25.804976 0.161692 0.968828 0.022080 0.186391

seq3/frame00063.png 5.232184 -0.781044 25.209787 0.177484 0.967224 0.021442 0.180324

seq3/frame00064.png 5.464141 -0.901319 24.480353 0.178891 0.967701 0.021296 0.176349

seq3/frame00065.png 5.133029 -0.514123 24.041561 0.236331 0.962531 0.008922 0.132672

seq3/frame00066.png 5.713313 -1.100935 23.070176 0.264847 0.954925 0.007863 0.133836

seq3/frame00067.png 5.587749 -0.410998 22.686960 0.245537 0.955888 0.016917 0.160324

seq3/frame00068.png 6.076223 -0.743038 22.090868 0.272398 0.947438 0.022431 0.166304

seq3/frame00069.png 6.043621 -0.439987 21.633110 0.262012 0.953420 0.014138 0.148798

seq3/frame00070.png 6.044009 -0.470638 20.838729 0.263181 0.955264 0.015464 0.134044

seq3/frame00071.png 6.034752 -0.477529 20.080194 0.245611 0.957564 0.003951 0.150767

seq3/frame00072.png 6.245773 -0.382448 19.445241 0.244467 0.958383 0.022232 0.145749

seq3/frame00073.png 6.349098 -0.456330 18.757053 0.249304 0.956001 0.015051 0.153895

seq3/frame00074.png 6.253869 -0.181426 18.115137 0.260707 0.956908 0.012443 0.127295

seq3/frame00075.png 6.393372 -0.435354 17.425700 0.293983 0.945293 0.017003 0.140379

seq3/frame00076.png 6.359423 -0.154689 17.018201 0.303090 0.940702 0.008457 0.152132

seq3/frame00077.png 6.517436 -0.188486 16.343628 0.295980 0.938220 0.030344 0.176688

seq3/frame00078.png 6.298719 -0.180723 15.687353 0.267891 0.944522 0.022190 0.188733

seq3/frame00079.png 6.010900 0.173679 14.963723 0.242072 0.951630 0.026605 0.187331

seq3/frame00080.png 6.005736 0.094775 14.345881 0.236330 0.947711 0.033678 0.211796

seq3/frame00081.png 6.074838 -0.040179 13.674172 0.243818 0.948520 0.035629 0.198982

seq3/frame00082.png 5.932929 0.181405 12.989956 0.224413 0.947999 0.039686 0.222174

seq3/frame00083.png 6.024381 0.168385 12.489250 0.203196 0.952198 0.042320 0.224142

seq3/frame00084.png 5.932562 0.173304 11.844427 0.206362 0.940596 0.030932 0.267836

seq3/frame00085.png 5.845952 0.242646 11.252364 0.205775 0.935613 0.012264 0.286592

seq3/frame00086.png 5.781261 0.285579 10.661914 0.196844 0.934068 0.023870 0.296984

seq3/frame00087.png 5.856405 0.236398 10.209917 0.174692 0.929715 0.019302 0.323637

