seq5/frame00001.png 5.893022 0.424321 10.598625 0.317684 0.896890 0.042495 0.304729

seq5/frame00002.png 5.928811 0.426476 10.581886 0.317156 0.897417 0.042335 0.303747

seq5/frame00003.png 5.934649 0.385027 10.640570 0.315519 0.897994 0.046356 0.303160

seq5/frame00004.png 5.822617 0.820733 10.901607 0.314460 0.892461 0.111340 0.303696

seq5/frame00005.png 6.348400 0.246320 11.139074 0.342820 0.880788 0.139858 0.295173

seq5/frame00006.png 6.826447 0.025408 11.591156 0.293398 0.893017 0.167621 0.297223

seq5/frame00007.png 6.901448 0.401115 12.169590 0.286690 0.881871 0.179391 0.328529

seq5/frame00008.png 7.210011 0.335551 12.415627 0.287206 0.889469 0.157078 0.318880

seq5/frame00009.png 7.675138 0.125863 13.085030 0.284370 0.914356 0.121349 0.261460

seq5/frame00010.png 8.077697 0.253489 13.554936 0.263213 0.901750 0.115707 0.322765

seq5/frame00011.png 8.603803 -0.152272 13.726421 0.267265 0.914681 0.096830 0.287317

seq5/frame00012.png 9.076780 -0.081623 14.012009 0.267279 0.921081 0.087470 0.269298

seq5/frame00013.png 9.707683 -0.190253 14.399654 0.288818 0.922075 0.059112 0.250735

seq5/frame00014.png 10.468728 -0.236068 14.437323 0.290324 0.925780 0.077605 0.229393

seq5/frame00015.png 10.886302 -0.417892 14.476637 0.313148 0.932155 0.062895 0.170496

seq5/frame00016.png 11.899816 -0.254244 14.803637 0.288279 0.945867 0.018079 0.148000

seq5/frame00017.png 12.403902 -0.800312 14.001937 0.310683 0.945345 -0.018590 0.097228

seq5/frame00018.png 13.098883 -0.149039 14.560093 0.284399 0.958320 -0.003698 0.026963

seq5/frame00019.png 13.915008 0.185604 14.583253 0.302449 0.952954 -0.001842 0.019988

seq5/frame00020.png 14.629404 0.267303 14.565278 0.320959 0.947022 0.008418 -0.008018

seq5/frame00021.png 15.263436 -0.029096 14.247832 0.349584 0.936663 0.014762 0.015357

seq5/frame00022.png 15.897505 -0.123027 14.164178 0.308611 0.949573 -0.011860 -0.054126

seq5/frame00023.png 16.640382 0.033863 14.125591 0.295285 0.952352 0.003823 -0.076280

seq5/frame00024.png 17.325428 -0.008663 14.080800 0.281790 0.951756 0.001866 -0.121454

seq5/frame00025.png 18.141374 -0.047138 13.849504 0.299035 0.943023 -0.013540 -0.145267

seq5/frame00026.png 18.805882 -0.225792 13.745496 0.295703 0.941228 -0.025601 -0.161227

seq5/frame00027.png 19.656083 0.172300 13.617397 0.292211 0.929877 -0.039178 -0.220012

seq5/frame00028.png 20.258597 -0.037836 13.606975 0.282550 0.922418 -0.020160 -0.262498

seq5/frame00029.png 20.970679 0.048619 13.426121 0.271532 0.932843 -0.017931 -0.236120

seq5/frame00030.png 21.700764 0.148514 13.482477 0.269901 0.946960 -0.017720 -0.173510

seq5/frame00031.png 22.202879 0.319539 13.514942 0.260853 0.956841 -0.017674 -0.126880

seq5/frame00032.png 22.522312 0.202946 13.671695 0.266176 0.948688 -0.013939 -0.170135

seq5/frame00033.png 22.597733 0.298015 14.268671 0.261169 0.941619 -0.018728 -0.211645

seq5/frame00034.png 22.491011 0.217237 14.678489 0.217213 0.943247 -0.070719 -0.241046

seq5/frame00035.png 22.102406 0.087146 14.628321 0.222305 0.939259 -0.064566 -0.253387

seq5/frame00036.png 21.796416 0.253396 15.368005 0.249246 0.944360 -0.019715 -0.213709

seq5/frame00037.png 20.989616 0.296105 15.936197 0.256955 0.940742 -0.004434 -0.221267

seq5/frame00038.png 20.353147 -0.298202 15.896764 0.278388 0.942807 -0.006753 -0.183221

seq5/frame00039.png 19.735298 -0.358784 16.041071 0.267074 0.960367 -0.040252 -0.068894

seq5/frame00040.png 18.795114 -0.317503 17.244630 0.247137 0.965058 -0.086411 -0.010904

seq5/frame00041.png 18.360481 -0.187462 17.059815 0.203437 0.976548 -0.056706 -0.041864

seq5/frame00042.png 17.659398 -0.702800 17.748147 0.236369 0.970315 -0.040737 -0.030962

seq5/frame00043.png 17.285027 -0.343777 18.244240 0.233977 0.972180 -0.000674 -0.010944

seq5/frame00044.png 16.970667 -0.132510 18.724387 0.260869 0.965283 0.001375 -0.013227

seq5/frame00045.png 16.731455 -0.399863 19.279449 0.258381 0.965996 -0.002648 -0.009136

seq5/frame00046.png 15.860211 -0.359987 19.639553 0.247167 0.968463 -0.028656 -0.012930

seq5/frame00047.png 15.516540 -0.238973 20.205279 0.227869 0.972121 -0.009424 0.054481

seq5/frame00048.png 14.847957 -0.244326 20.578298 0.238471 0.970416 0.006426 0.037176

seq5/frame00049.png 14.434590 -0.454972 21.109513 0.232189 0.972036 0.022071 0.027325

seq5/frame00050.png 13.982050 -0.385039 21.660771 0.216250 0.976162 0.004731 0.017919

seq5/frame00051.png 13.547537 -0.317596 22.227565 0.215073 0.974558 0.016124 0.060994

seq5/frame00052.png 13.078064 -0.592968 22.765103 0.214712 0.974738 0.006566 0.061163

seq5/frame00053.png 12.618316 -0.631865 23.459267 0.210899 0.973678 0.021401 0.083754

seq5/frame00054.png 11.858277 -0.600931 23.825159 0.208107 0.969214 -0.002875 0.131558

seq5/frame00055.png 11.292011 -0.968105 23.960947 0.239522 0.962508 0.015906 0.126310

seq5/frame00056.png 10.628938 -1.607378 24.510477 0.266300 0.956440 0.029951 0.115802

seq5/frame00057.png 9.965563 -1.680429 25.423538 0.273537 0.958635 -0.015285 0.077221

seq5/frame00058.png 9.772241 -1.607988 25.931601 0.233664 0.968765 -0.036773 0.074451

seq5/frame00059.png 8.807320 -1.072489 26.178186 0.238620 0.963934 -0.024246 0.115339

seq5/frame00060.png 8.224422 -0.799224 26.925369 0.238210 0.958368 0.016063 0.156615

seq5/frame00061.png 7.420129 -0.914173 26.722339 0.231025 0.956168 -0.003066 0.179891

seq5/frame00062.png 6.953656 -0.924483 26.967147 0.227033 0.956383 0.025171 0.182081

seq5/frame00063.png 5.918311 -1.097315 26.949790 0.217487 0.957252 0.016037 0.190030

seq5/frame00064.png 5.390966 -0.994560 27.625266 0.208506 0.964654 0.004438 0.161082

seq5/frame00065.png 5.100722 -1.506548 27.675992 0.186439 0.977146 -0.021008 0.099930

seq5/frame00066.png 4.194420 -1.231019 27.920207 0.180879 0.976763 -0.022516 0.112741

seq5/frame00067.png 4.479221 -0.652423 28.293379 0.156256 0.984226 -0.018190 0.080944

seq5/frame00068.png 2.510704 -1.022034 28.184737 0.178644 0.977373 -0.037596 0.106842

