seq6/frame00001.png 2.292031 -1.296775 27.086615 0.159628 0.967997 -0.010220 0.193384

seq6/frame00002.png 2.406873 -0.993044 27.362300 0.153596 0.970122 -0.008593 0.187610

seq6/frame00003.png 2.329283 -1.128812 27.133069 0.156489 0.969529 -0.011905 0.188101

seq6/frame00004.png 2.255175 -1.169438 26.592068 0.160791 0.973906 -0.030221 0.157293

seq6/frame00005.png 2.612253 -0.401585 26.497975 0.156191 0.977102 -0.010092 0.144131

seq6/frame00006.png 2.155907 -0.930372 25.953205 0.180806 0.967154 -0.009648 0.178410

seq6/frame00007.png 2.007523 -0.433598 25.274881 0.196909 0.964980 0.008776 0.173099

seq6/frame00008.png 1.952977 -0.948119 24.500101 0.187833 0.961119 0.021812 0.201228

seq6/frame00009.png 2.064826 -0.878479 23.913006 0.191150 0.959122 0.004310 0.208635

seq6/frame00010.png 1.842740 -0.591118 23.302850 0.191022 0.956721 0.011109 0.219254

seq6/frame00011.png 1.941264 -0.803096 22.302933 0.212075 0.952958 0.007635 0.216421

seq6/frame00012.png 1.758826 -0.470646 21.751891 0.217856 0.951669 0.006351 0.216389

seq6/frame00013.png 1.278603 -0.071593 20.775657 0.210228 0.953277 -0.009160 0.216756

seq6/frame00014.png 1.508255 -0.839221 20.158176 0.228628 0.954991 0.010613 0.188701

seq6/frame00015.png 1.864527 -0.027973 20.066436 0.222836 0.960749 -0.006512 0.165117

seq6/frame00016.png 1.956475 -0.277084 19.407537 0.263795 0.955513 -0.004399 0.131859

seq6/frame00017.png 2.701044 0.084910 19.174380 0.237737 0.966346 -0.004849 0.098151

seq6/frame00018.png 3.464620 -0.150091 18.868037 0.266028 0.962581 0.010507 0.050566

seq6/frame00019.png 4.229203 -0.261470 18.809461 0.271319 0.956850 0.020421 0.102013

seq6/frame00020.png 4.944041 -0.588814 18.571113 0.282070 0.956928 0.049655 0.047532

seq6/frame00021.png 5.594452 -0.403050 18.881844 0.253758 0.963724 0.018837 0.080546

seq6/frame00022.png 5.860567 -0.241000 19.484010 0.265162 0.959818 0.032632 0.085869

seq6/frame00023.png 7.194206 -0.371805 19.548418 0.255181 0.959259 0.036708 0.115578

seq6/frame00024.png 7.263314 -0.659456 20.054718 0.256694 0.949466 0.035180 0.177158

seq6/frame00025.png 7.981928 -0.398407 20.331945 0.243538 0.957773 0.056539 0.141996

seq6/frame00026.png 8.606142 -0.539054 21.125862 0.253555 0.954074 0.050973 0.151176

seq6/frame00027.png 9.407411 -0.485695 21.195244 0.248059 0.954610 0.051846 0.156520

seq6/frame00028.png 10.102229 -0.575248 21.312950 0.238061 0.960997 0.028197 0.137903

seq6/frame00029.png 10.873335 -0.514161 21.261276 0.202743 0.968291 0.021525 0.144376

seq6/frame00030.png 11.450765 -0.612026 21.282837 0.209395 0.960653 0.040594 0.177908

seq6/frame00031.png 11.763297 -0.287704 20.836724 0.199339 0.973313 0.030082 0.109640

seq6/frame00032.png 12.640418 -0.606896 20.408692 0.228017 0.970332 0.005602 0.080208

seq6/frame00033.png 12.991860 -0.720468 19.771773 0.221798 0.974871 0.005852 -0.019957

seq6/frame00034.png 13.381693 -0.207262 19.296307 0.201132 0.978519 0.003584 -0.045089

seq6/frame00035.png 13.903302 -0.399338 18.500353 0.247348 0.966424 0.003531 -0.069504

seq6/frame00036.png 14.099291 -0.256830 17.937457 0.263938 0.963737 0.002357 -0.039281

seq6/frame00037.png 14.119973 -0.363760 17.192109 0.276995 0.959266 -0.012614 -0.054075

seq6/frame00038.png 14.681817 -0.285080 16.672043 0.285818 0.957128 -0.009890 -0.045996

seq6/frame00039.png 14.970786 -0.441712 15.785749 0.275566 0.961129 -0.006023 0.016084

seq6/frame00040.png 15.162673 -0.296279 15.139837 0.309811 0.949837 0.038419 0.018735

seq6/frame00041.png 15.488726 -0.084112 14.803266 0.333947 0.941498 0.045055 -0.005585

seq6/frame00042.png 15.858336 -0.068719 14.199424 0.338465 0.939343 0.033985 -0.043833

seq6/frame00043.png 16.269278 -0.187167 13.709336 0.282057 0.956328 0.011606 -0.075799

seq6/frame00044.png 16.897508 -0.215494 13.595639 0.223226 0.965105 0.023374 -0.134893

seq6/frame00045.png 17.513041 -0.188406 13.433200 0.219592 0.971699 0.016974 -0.085393

seq6/frame00046.png 18.109800 0.123878 13.619308 0.190917 0.976718 0.023838 -0.094896

seq6/frame00047.png 18.790075 0.094066 13.753461 0.190988 0.971932 0.035077 -0.132825

seq6/frame00048.png 19.448119 -0.108173 14.154308 0.198730 0.973723 0.036104 -0.105193

seq6/frame00049.png 20.323653 -0.015770 14.302811 0.191429 0.980841 0.027043 -0.023948

seq6/frame00050.png 20.696754 -0.082163 14.910617 0.161073 0.986125 0.034051 0.021301

seq6/frame00051.png 21.146361 0.240935 15.300765 0.138539 0.989821 0.021536 0.024433

seq6/frame00052.png 21.664150 0.155684 15.895349 0.141684 0.989282 0.018289 0.030205

seq6/frame00053.png 22.075259 0.017832 16.415553 0.181438 0.983228 0.003764 0.018110

seq6/frame00054.png 22.322810 0.395058 16.954548 0.200035 0.972869 0.049776 -0.105044

seq6/frame00055.png 22.429172 -0.104609 17.524965 0.171211 0.956088 0.048323 -0.232910

seq6/frame00056.png 22.423972 0.052218 18.362871 0.127829 0.942779 0.005756 -0.307887

seq6/frame00057.png 22.345188 -0.195956 18.744622 0.120065 0.939144 -0.030507 -0.320409

seq6/frame00058.png 21.672122 -0.254401 19.056209 0.095763 0.935744 -0.048304 -0.335975

seq6/frame00059.png 21.344524 -1.127797 19.754882 0.183929 0.938686 0.002431 -0.291605

seq6/frame00060.png 20.776610 -0.384344 20.378741 0.161592 0.957615 -0.010179 -0.238240

seq6/frame00061.png 20.123726 -0.421485 20.921106 0.143221 0.976222 0.005216 -0.162641

seq6/frame00062.png 19.602733 -0.602186 21.366859 0.150061 0.973826 -0.037068 -0.166648

seq6/frame00063.png 19.325899 -0.529009 21.649763 0.141863 0.979234 -0.050942 -0.135571

seq6/frame00064.png 18.820666 -0.467112 22.258912 0.130669 0.968162 -0.094068 -0.191677

seq6/frame00065.png 18.050940 -0.629647 23.462510 0.117465 0.969684 -0.057592 -0.206391

seq6/frame00066.png 17.993437 -0.566381 23.512953 0.131559 0.975589 -0.050926 -0.168298

seq6/frame00067.png 17.916469 -0.666078 23.833324 0.188763 0.976147 0.008959 -0.106893

seq6/frame00068.png 17.153490 -0.667574 24.459978 0.166717 0.982683 -0.011095 -0.080101

seq6/frame00069.png 16.488115 -0.853439 25.120269 0.190315 0.977167 -0.017634 -0.092807

seq6/frame00070.png 16.337942 -1.015289 25.484334 0.186500 0.960440 -0.054738 -0.199441

seq6/frame00071.png 16.480893 -0.764233 26.175523 0.178071 0.966317 -0.072896 -0.170903

seq6/frame00072.png 16.003211 -0.645732 26.799255 0.185648 0.968165 -0.068063 -0.153491

seq6/frame00073.png 17.103048 -0.887072 27.216779 0.208285 0.966418 -0.065616 -0.135458

seq6/frame00074.png 16.139480 -0.552594 28.055383 0.206472 0.976964 -0.050528 -0.018935

seq6/frame00075.png 16.629086 -0.382873 28.679880 0.186741 0.977693 -0.048508 -0.083016

seq6/frame00076.png 17.428370 -0.569734 28.740219 0.188287 0.978263 -0.049627 -0.071319

seq6/frame00077.png 17.459343 -1.145055 29.346336 0.193048 0.973946 -0.033973 -0.114050

seq6/frame00078.png 18.571927 -1.517440 29.004798 0.193087 0.974917 -0.025968 -0.107611

seq6/frame00079.png 17.500171 -0.695272 31.498462 0.198076 0.974891 -0.039583 -0.093738

seq6/frame00080.png 18.922804 -2.111419 30.070285 0.207935 0.958333 -0.032463 -0.193151

seq6/frame00081.png 20.303300 -1.349700 30.251530 0.241642 0.957832 -0.042006 -0.149677

seq6/frame00082.png 21.042274 -1.353357 30.611382 0.226793 0.967144 -0.017709 -0.113504

seq6/frame00083.png 21.673420 -1.290434 30.424863 0.219139 0.968999 -0.004141 -0.114029

seq6/frame00084.png 21.928837 -1.051895 31.242051 0.201588 0.959096 -0.006794 -0.198622

seq6/frame00085.png 23.294657 -0.907661 30.790077 0.221962 0.948805 0.007732 -0.224591

seq6/frame00086.png 23.231633 -1.676830 30.695724 0.224644 0.948904 0.014818 -0.221127

seq6/frame00087.png 23.876085 -1.189212 30.699495 0.184015 0.978585 0.019949 -0.090061

