seq7/frame00001.png 24.103606 -1.093384 31.706306 0.179555 0.971938 0.002128 -0.151963

seq7/frame00002.png 24.125482 -1.128040 31.662531 0.179221 0.972075 -0.002377 -0.151473

seq7/frame00003.png 24.087489 -1.108329 31.658204 0.178264 0.972362 -0.007097 -0.150613

seq7/frame00004.png 23.700088 -0.904335 31.665868 0.177203 0.970354 -0.059204 -0.153319

seq7/frame00005.png 23.089741 -1.058270 31.734515 0.164865 0.969789 -0.054969 -0.171191

seq7/frame00006.png 22.530724 -0.927530 31.999675 0.169662 0.969253 -0.054622 -0.169647

seq7/frame00007.png 22.231606 -0.899725 31.759712 0.156803 0.963949 -0.051417 -0.208737

seq7/frame00008.png 21.111396 -1.089364 32.192835 0.146001 0.969543 -0.055124 -0.188764

seq7/frame00009.png 20.333911 -1.054662 32.210357 0.146168 0.966477 -0.085902 -0.192814

seq7/frame00010.png 19.865158 -1.087484 32.429644 0.144076 0.968488 -0.081674 -0.186016

seq7/frame00011.png 19.270245 -1.157248 32.545331 0.127017 0.959159 -0.101302 -0.231557

seq7/frame00012.png 19.147913 -1.201880 32.596443 0.164327 0.971323 -0.069758 -0.157039

seq7/frame00013.png 17.246255 -1.551464 33.359287 0.205110 0.976295 -0.020429 -0.066032

seq7/frame00014.png 17.742823 -1.509236 33.708887 0.205338 0.974957 0.004741 -0.085283

seq7/frame00015.png 16.690751 0.348335 34.371698 0.185722 0.979382 -0.027313 -0.074641

seq7/frame00016.png 17.115179 -1.402921 34.173587 0.192837 0.980924 -0.021321 -0.012117

seq7/frame00017.png 15.006471 -1.601711 34.376692 0.172631 0.982790 -0.005248 -0.065538

seq7/frame00018.png 14.244359 -1.555955 34.704719 0.188279 0.980761 -0.013681 -0.049722

seq7/frame00019.png 14.275592 -1.667145 35.050390 0.177648 0.982663 -0.012872 -0.051462

seq7/frame00020.png 14.005735 -1.260107 35.362908 0.164545 0.984894 -0.019856 -0.050153

seq7/frame00021.png 13.406443 -1.465552 35.596164 0.161033 0.986872 -0.006475 -0.010481

seq7/frame00022.png 10.665312 -3.020267 34.385085 0.187337 0.981696 -0.028810 -0.018665

seq7/frame00023.png 12.309415 -1.874142 35.988912 0.173626 0.984459 0.009067 -0.024737

seq7/frame00024.png 11.238610 -2.118872 36.073434 0.195271 0.980165 -0.007303 -0.033041

seq7/frame00025.png 10.675896 -1.908757 36.329437 0.190520 0.981296 -0.006311 -0.026845

seq7/frame00026.png 8.656973 -1.273411 36.804469 0.182052 0.982350 -0.026469 -0.033845

seq7/frame00027.png 8.982162 -2.524397 36.286915 0.211902 0.976809 -0.021580 -0.021801

seq7/frame00028.png 9.094026 -2.648152 36.457658 0.209162 0.976775 -0.027951 0.037150

seq7/frame00029.png 8.109103 -3.048041 35.888424 0.219581 0.975041 -0.019708 0.026290

seq7/frame00030.png 7.213342 -1.563231 36.696841 0.212115 0.975319 -0.023761 0.056532

seq7/frame00031.png 7.237737 -2.809714 36.326991 0.213745 0.975645 -0.012344 0.047722

seq7/frame00032.png 5.741285 -1.797091 37.571190 0.185986 0.972729 -0.003029 0.138561

seq7/frame00033.png 4.603807 -2.241403 37.549486 0.189393 0.980343 0.004182 0.055137

seq7/frame00034.png 4.144103 -1.912785 38.102279 0.181476 0.981376 -0.009478 0.062270

seq7/frame00035.png 3.517232 -1.559953 38.531746 0.158117 0.986756 -0.014269 0.033291

seq7/frame00036.png 2.501300 -1.136133 39.019861 0.132563 0.988065 -0.005764 0.078239

seq7/frame00037.png 4.876441 -2.606806 38.713177 0.167135 0.981078 0.003344 0.097671

seq7/frame00038.png 4.619661 -1.939654 38.793105 0.169747 0.982394 0.007167 0.077692

seq7/frame00039.png 4.469203 -2.432464 39.735589 0.198297 0.976426 -0.024393 0.081706

seq7/frame00040.png 5.376072 -2.801012 38.980310 0.195564 0.980067 -0.002711 -0.034881

seq7/frame00041.png 6.543965 -2.624136 38.712438 0.215535 0.975667 0.001968 -0.040181

seq7/frame00042.png 7.092441 -2.306263 39.348688 0.206611 0.976588 0.004184 -0.059754

seq7/frame00043.png 7.982512 -3.674299 38.050973 0.219939 0.973564 -0.009224 -0.060944

seq7/frame00044.png 8.264466 -2.553504 38.783574 0.225376 0.972796 0.001641 -0.053584

seq7/frame00045.png 9.323659 -2.260249 38.776034 0.230578 0.972280 0.011256 -0.037124

seq7/frame00046.png 9.498174 -1.563952 39.218907 0.224858 0.973179 0.036573 -0.031990

seq7/frame00047.png 10.908645 -2.260293 39.028357 0.248398 0.968006 0.012690 -0.033209

seq7/frame00048.png 11.767395 -2.233356 39.257197 0.246620 0.968539 0.032526 -0.007210

seq7/frame00049.png 12.390620 -2.272335 38.704278 0.237115 0.970776 0.029882 -0.021860

seq7/frame00050.png 13.116138 -2.283728 39.190136 0.246977 0.967227 0.041030 -0.042322

seq7/frame00051.png 14.368533 -2.356805 39.145267 0.249868 0.965765 0.025888 -0.064753

seq7/frame00052.png 14.602225 -2.365094 38.988819 0.257659 0.964741 0.024567 -0.047781

seq7/frame00053.png 15.348290 -2.176004 38.635352 0.244154 0.965303 0.033811 -0.086225

seq7/frame00054.png 15.577491 -2.340501 38.954279 0.249272 0.962998 0.005330 -0.102322

seq7/frame00055.png 16.971186 -2.119046 38.618828 0.232327 0.960780 -0.000198 -0.151413

seq7/frame00056.png 17.629175 -1.775910 38.014361 0.234181 0.968182 -0.000105 -0.088217

seq7/frame00057.png 18.378214 -1.884861 38.387895 0.219521 0.970640 -0.003893 -0.098251

seq7/frame00058.png 18.594560 -1.747933 38.490178 0.220396 0.973523 0.011270 -0.059600

seq7/frame00059.png 19.173916 -1.941670 38.371703 0.205601 0.972763 -0.005637 -0.106909

seq7/frame00060.png 20.740126 -1.782828 38.276131 0.199416 0.977316 -0.001722 -0.071297

seq7/frame00061.png 20.870530 -1.943558 38.013226 0.199655 0.975652 -0.002366 -0.090755

seq7/frame00062.png 21.682298 -1.605341 37.919193 0.227102 0.970702 0.003473 -0.078425

seq7/frame00063.png 22.160621 -2.100760 37.429755 0.233662 0.969111 0.009735 -0.078306

seq7/frame00064.png 22.410148 -2.281072 37.729236 0.213901 0.975284 0.005381 -0.055120

seq7/frame00065.png 23.320561 -2.032353 37.317260 0.245511 0.966640 0.009794 -0.072354

seq7/frame00066.png 24.354054 -1.916290 37.445814 0.237480 0.963654 0.011076 -0.121870

seq7/frame00067.png 25.209463 -2.095540 37.276321 0.249203 0.959647 -0.000591 -0.130285

seq7/frame00068.png 25.309510 -1.921202 37.133530 0.239089 0.962392 -0.001226 -0.128980

seq7/frame00069.png 25.474283 -1.854388 37.009991 0.232273 0.960667 -0.022591 -0.150522

seq7/frame00070.png 26.841810 -1.706170 36.903119 0.199913 0.963508 -0.001504 -0.178004

seq7/frame00071.png 27.635850 -1.514175 36.257018 0.146633 0.979224 0.011522 -0.139595

seq7/frame00072.png 27.666969 -1.681390 36.243298 0.146398 0.981587 0.006031 -0.122550

seq7/frame00073.png 27.458518 -1.498486 35.702348 0.151538 0.981743 0.012917 -0.114236

seq7/frame00074.png 26.893595 -0.797166 35.518121 0.152263 0.980253 0.001710 -0.126160

seq7/frame00075.png 26.317977 -1.363682 35.284480 0.154760 0.977697 0.002816 -0.141951

seq7/frame00076.png 26.691092 -1.484855 34.769542 0.153816 0.971915 -0.002244 -0.178094

