seq9/frame00001.png -14.830566 0.101748 13.257996 0.141279 0.850277 0.057773 0.503718

seq9/frame00002.png -14.836994 0.195603 13.300664 0.139012 0.845149 0.062195 0.512377

seq9/frame00003.png -14.844808 0.197716 13.373711 0.139977 0.839894 0.062822 0.520613

seq9/frame00004.png -14.649637 -0.284695 13.470156 0.156340 0.824373 0.058279 0.540898

seq9/frame00005.png -14.175427 -0.178097 13.673070 0.150721 0.837142 0.048740 0.523547

seq9/frame00006.png -13.864563 -0.259767 14.141141 0.161140 0.871849 0.077046 0.456044

seq9/frame00007.png -13.494946 -0.069877 14.611868 0.173927 0.882630 0.091849 0.426941

seq9/frame00008.png -13.236337 -0.280033 15.246382 0.190518 0.884429 0.105952 0.412629

seq9/frame00009.png -13.134006 0.380947 16.132162 0.177196 0.884598 0.106723 0.417968

seq9/frame00010.png -13.001542 -0.643943 17.100811 0.186485 0.875934 0.079066 0.437848

seq9/frame00011.png -12.910713 -0.215298 17.156812 0.149573 0.865914 0.084566 0.469754

seq9/frame00012.png -12.729435 -0.660906 17.518447 0.184826 0.861322 0.072368 0.467682

seq9/frame00013.png -12.842004 -0.525482 18.447665 0.176914 0.859527 0.095709 0.469845

seq9/frame00014.png -12.724161 -0.566894 18.950602 0.188797 0.850799 0.095696 0.480977

seq9/frame00015.png -12.763829 -0.412788 20.011107 0.177519 0.857764 0.089359 0.474071

seq9/frame00016.png -12.658769 -0.554286 20.394142 0.179527 0.851191 0.088155 0.485255

seq9/frame00017.png -12.828984 -1.103863 21.023430 0.188907 0.859392 0.064188 0.470787

seq9/frame00018.png -12.750779 -0.917825 21.812288 0.176369 0.888727 0.045446 0.420705

seq9/frame00019.png -12.759004 -0.795255 22.447157 0.136485 0.902011 0.035057 0.408066

seq9/frame00020.png -12.614281 -0.879375 23.234032 0.126496 0.904359 0.022059 0.406998

seq9/frame00021.png -12.862067 -1.109184 23.770828 0.159007 0.901444 0.029549 0.401551

seq9/frame00022.png -12.420576 -1.314559 24.363562 0.169545 0.882297 0.055879 0.435528

seq9/frame00023.png -12.446404 -1.084008 25.850700 0.173283 0.880051 0.077739 0.435248

seq9/frame00024.png -12.223556 -1.820163 26.036276 0.146818 0.898081 0.074172 0.407914

seq9/frame00025.png -12.581593 -1.548439 27.758631 0.151054 0.884520 0.073021 0.435287

seq9/frame00026.png -12.537718 -1.435886 27.715308 0.127669 0.867085 0.082963 0.474321

seq9/frame00027.png -12.809182 -1.382800 27.933346 0.151293 0.842098 0.078607 0.511667

seq9/frame00028.png -12.874745 -0.696093 29.048253 0.130454 0.850654 0.077633 0.503332

seq9/frame00029.png -12.798735 -1.653903 29.619792 0.155585 0.844631 0.066057 0.507965

seq9/frame00030.png -12.301180 -1.776405 30.015298 0.139390 0.884923 0.045581 0.442045

seq9/frame00031.png -12.536346 -0.922185 30.375381 0.123308 0.877205 0.038967 0.462373

seq9/frame00032.png -11.909933 -1.819504 31.630966 0.131225 0.887210 0.040082 0.440490

seq9/frame00033.png -12.074943 -1.403420 31.895694 0.125824 0.883491 0.032214 0.450083

seq9/frame00034.png -11.487082 -2.876343 31.883914 0.140205 0.899150 0.019767 0.414103

seq9/frame00035.png -10.835790 -1.782774 32.779512 0.121790 0.922338 0.033073 0.365194

seq9/frame00036.png -10.855057 -1.646085 33.171332 0.127299 0.934685 0.033457 0.330213

seq9/frame00037.png -10.092765 -2.679743 32.994892 0.144817 0.947057 0.035050 0.284400

seq9/frame00038.png -9.271548 -1.982984 34.128332 0.163487 0.935529 0.032206 0.311481

seq9/frame00039.png -9.153475 -2.668090 33.459999 0.148445 0.940480 0.026927 0.304528

seq9/frame00040.png -7.908253 -1.747485 34.440088 0.155251 0.936837 0.023609 0.312531

seq9/frame00041.png -7.618482 -1.656523 35.089071 0.121378 0.936308 0.028439 0.328307

seq9/frame00042.png -7.209825 -2.145344 35.184793 0.152980 0.930062 0.029134 0.332767

seq9/frame00043.png -6.962424 -1.623081 35.592884 0.126543 0.934135 0.034089 0.331987

seq9/frame00044.png -6.203306 -1.919762 35.941866 0.131909 0.930657 0.007651 0.341203

seq9/frame00045.png -5.264545 -0.407390 37.776278 0.093219 0.916871 0.019310 0.387666

seq9/frame00046.png -5.347647 -2.871578 35.807727 0.137375 0.880795 0.017569 0.452791

seq9/frame00047.png -5.124586 -2.489990 38.575852 0.137531 0.927302 0.031311 0.346722

seq9/frame00048.png -5.571425 -2.929407 38.706482 0.129114 0.934129 0.018118 0.332271

seq9/frame00049.png -4.903739 -2.409541 40.645680 0.102868 0.937746 0.009537 0.331602

seq9/frame00050.png -5.172016 -2.551807 40.793938 0.082836 0.923201 -0.001707 0.375280

seq9/frame00051.png -5.495802 -2.629286 40.406907 0.112353 0.910981 0.008509 0.396760

seq9/frame00052.png -6.132309 -3.443295 40.678719 0.099061 0.934110 0.003769 0.342944

seq9/frame00053.png -5.500054 -2.554793 41.779781 0.121680 0.948442 0.017411 0.292145

seq9/frame00054.png -5.989963 -3.151027 41.776304 0.122563 0.966017 0.004980 0.227518

seq9/frame00055.png -5.170766 -2.122067 42.083651 0.112849 0.965816 -0.007805 0.233246

seq9/frame00056.png -4.395589 -3.290119 42.094263 0.115966 0.969173 -0.007531 0.217252

seq9/frame00057.png -3.202409 -2.337823 42.403391 0.097892 0.969809 -0.009226 0.223166

seq9/frame00058.png -3.009630 -3.144214 41.728442 0.123171 0.965817 -0.008135 0.227950

seq9/frame00059.png -3.050346 -3.195717 40.617450 0.136947 0.964774 -0.011498 0.224333

seq9/frame00060.png -2.716949 -3.159698 40.140468 0.139870 0.958798 -0.012724 0.246943

seq9/frame00061.png -2.223571 -3.110673 39.517307 0.138195 0.961581 -0.017388 0.236562

seq9/frame00062.png -1.701889 -2.976713 39.559225 0.136871 0.960425 -0.022446 0.241551

seq9/frame00063.png -1.977658 -2.375253 38.893512 0.149058 0.962573 -0.002460 0.226339

seq9/frame00064.png -1.270495 -2.183549 38.611784 0.134717 0.959923 -0.024670 0.244522

seq9/frame00065.png -0.520013 -2.393242 38.449926 0.134060 0.964335 -0.011149 0.227953

seq9/frame00066.png -0.207949 -2.209505 37.209124 0.146171 0.960397 -0.011434 0.236943

seq9/frame00067.png -0.258399 -1.711144 37.525114 0.143030 0.960603 -0.000923 0.238293

seq9/frame00068.png 0.814627 -1.929327 36.596515 0.138354 0.966196 -0.001844 0.217532

seq9/frame00069.png 1.545811 -2.389773 36.722866 0.140203 0.964611 -0.000809 0.223312

seq9/frame00070.png 1.480826 -1.454444 36.444683 0.121869 0.964877 0.011836 0.232422

seq9/frame00071.png 2.133274 -2.353501 35.969694 0.125970 0.975390 -0.002293 0.180946

seq9/frame00072.png 3.134115 -1.819556 35.883463 0.115474 0.970274 0.016592 0.212034

seq9/frame00073.png 4.027988 -2.100181 36.170316 0.129247 0.971630 -0.000099 0.198064

seq9/frame00074.png 4.425182 -1.892873 36.154428 0.108122 0.977701 0.007390 0.179875

seq9/frame00075.png 5.162625 -1.853102 35.623089 0.109722 0.974418 -0.005766 0.196057

seq9/frame00076.png 5.649071 -1.769510 35.516383 0.100957 0.980836 -0.001180 0.166637

seq9/frame00077.png 6.604420 -1.836750 35.548710 0.105073 0.973498 -0.009276 0.202915

seq9/frame00078.png 7.254604 -1.768029 35.329308 0.099116 0.983198 0.019136 0.152091

seq9/frame00079.png 8.394974 -1.765207 35.072850 0.114345 0.978993 0.023394 0.167185

seq9/frame00080.png 8.541208 -1.743462 35.074291 0.121407 0.981419 0.006721 0.148434

seq9/frame00081.png 9.259050 -1.710977 34.672559 0.132524 0.978769 0.016430 0.155493

seq9/frame00082.png 9.782076 -1.684433 34.551347 0.125758 0.986369 0.009345 0.105702

seq9/frame00083.png 10.754540 -1.642462 34.256547 0.122013 0.987012 0.008585 0.104149

seq9/frame00084.png 11.076877 -1.664951 34.025069 0.109915 0.989163 -0.000583 0.097344

seq9/frame00085.png 11.770392 -1.573918 33.821519 0.106407 0.990266 0.007811 0.089381

seq9/frame00086.png 12.419709 -1.533698 33.487502 0.099731 0.991052 0.008612 0.088294

seq9/frame00087.png 12.770581 -1.621450 32.823558 0.126224 0.988802 0.023877 0.075950

seq9/frame00088.png 12.280502 -1.584624 31.768747 0.142631 0.986131 0.015506 0.083441

seq9/frame00089.png 13.117151 -1.205399 31.673212 0.148823 0.988345 0.016679 0.027348

seq9/frame00090.png 13.383585 -1.835876 30.920556 0.193593 0.980548 0.009037 0.031088

seq9/frame00092.png 13.717235 -1.191227 29.634857 0.161990 0.986785 -0.003668 -0.001411

seq9/frame00093.png 14.159322 -1.286292 29.087474 0.155516 0.987127 -0.003800 -0.037152

seq9/frame00094.png 14.317018 -1.207121 28.436219 0.149057 0.988537 -0.002805 -0.023841

seq9/frame00095.png 14.706500 -0.880340 27.870087 0.157013 0.986379 -0.007548 -0.048444

seq9/frame00096.png 15.076815 -0.703190 26.952740 0.138503 0.988274 -0.008678 -0.063687

seq9/frame00097.png 15.036774 -0.832112 26.513782 0.148335 0.983907 -0.006400 -0.099416

seq9/frame00098.png 15.196645 -0.875578 25.816654 0.141922 0.986127 -0.013989 -0.084945

seq9/frame00099.png 15.597471 -0.477314 25.212989 0.152968 0.984358 -0.010609 -0.086758

seq9/frame00100.png 16.395406 -0.866903 24.318228 0.201469 0.977430 0.010419 -0.062702

seq9/frame00101.png 16.046544 -0.732689 23.972390 0.216718 0.974108 0.002824 -0.064337

seq9/frame00102.png 16.185642 -1.069483 23.228379 0.234754 0.971182 0.001089 -0.041176

seq9/frame00103.png 16.566540 -0.765675 22.723717 0.249037 0.967477 -0.006063 -0.043959

seq9/frame00104.png 16.576400 -0.766118 22.093348 0.239526 0.967110 -0.004534 -0.085466

seq9/frame00105.png 16.863238 -0.692283 21.473041 0.233449 0.968356 -0.021167 -0.085678

seq9/frame00106.png 17.027216 -0.598948 20.758691 0.231510 0.967887 -0.009196 -0.097536

seq9/frame00107.png 17.403972 -0.773034 20.160972 0.226666 0.969914 -0.016012 -0.087362

seq9/frame00108.png 17.790923 -0.540883 19.620473 0.224064 0.969584 0.014425 -0.097443

seq9/frame00109.png 18.097819 -0.393473 18.890360 0.225690 0.970641 -0.005759 -0.082992

seq9/frame00110.png 18.183756 -0.265849 18.356252 0.224961 0.967704 0.000576 -0.113756

seq9/frame00111.png 18.647613 -0.240093 17.880010 0.212089 0.969739 -0.017117 -0.119713

seq9/frame00112.png 18.921151 -0.424560 17.268535 0.207331 0.962717 -0.006093 -0.173646

seq9/frame00113.png 19.292573 -0.078454 16.441807 0.198423 0.961119 -0.023580 -0.190585

seq9/frame00114.png 19.522140 -0.046597 15.799256 0.198005 0.954884 -0.028705 -0.219470

seq9/frame00115.png 19.742231 -0.177876 15.060580 0.206209 0.955814 -0.031699 -0.207107

seq9/frame00116.png 19.977990 -0.028994 14.449845 0.203285 0.945141 -0.031310 -0.253778

seq9/frame00117.png 20.443608 -0.159408 13.653707 0.199001 0.955201 -0.024241 -0.217721

seq9/frame00118.png 20.687922 0.064419 13.184101 0.221868 0.958360 -0.029371 -0.177364

seq9/frame00119.png 21.185075 0.252033 12.613462 0.257933 0.951930 0.002181 -0.165213

seq9/frame00120.png 21.453490 0.223128 12.072286 0.276317 0.949372 -0.003118 -0.149436

seq9/frame00121.png 21.798210 0.271722 11.472114 0.277475 0.946454 -0.004459 -0.164964

seq9/frame00122.png 22.000974 0.509776 11.130887 0.321545 0.936535 -0.010651 -0.139273

