-0.317462 -0.168207 0.260959 0.970739 -0.150341 -0.0972846 0.0548802
-0.447049 -0.140037 0.211026 0.974199 -0.0978101 -0.0540014 0.065286
-0.18351 -0.0749099 0.11029 0.982006 -0.106907 -0.051747 0.0189726
-0.0361111 -0.0963444 0.104779 0.965719 -0.11362 -0.128275 0.00257907
-0.220803 -0.163803 0.209731 0.966714 -0.145854 -0.0915532 0.0456239
-0.451084 -0.129912 0.199592 0.97535 -0.0895861 -0.0531325 0.0648924
0.866499 -0.308307 0.0409122 0.924253 -0.209797 -0.243902 -0.137275
-0.460715 -0.166776 0.246291 0.973848 -0.116526 -0.0485433 0.0713783
-0.391331 -0.169638 0.282238 0.961434 -0.144314 -0.0563904 0.072244
-0.228492 -0.0948156 0.14419 0.975907 -0.0990754 0.110556 0.103174
0.631291 -0.111574 -0.102483 0.973798 -0.0342195 0.144683 0.134369
0.220371 -0.0874368 0.201114 0.908633 -0.0691145 0.362177 0.16111
-0.173061 -0.141554 0.17726 0.965294 -0.138995 -0.0936009 0.0309501
-0.297686 -0.0429858 0.0688803 0.981888 -0.0657276 -0.125624 0.0203019
0.367504 -0.205201 -0.00785024 0.951549 -0.15314 0.0282805 -0.0111349
0.864683 -0.233363 0.021957 0.921781 -0.155226 -0.255807 -0.126874
0.807168 -0.442856 0.0530923 0.941573 -0.275238 -0.122154 -0.092278
0.126025 -0.00448639 -0.0180148 0.977794 -0.0925058 0.128701 0.0558875
0.45409 -0.23415 0.107328 0.939715 -0.189381 0.12301 0.0599271
-0.166332 -0.0045641 0.0688177 0.993684 -0.0421936 -0.000769339 0.00696335
0.274922 -0.0410663 0.169568 0.9189 -0.0546163 0.359303 0.151323
-0.0699123 -0.0779292 0.0952167 0.972644 -0.0989186 -0.119315 0.0064559
-0.203853 -0.162464 0.206003 0.963887 -0.148252 -0.0936496 0.0407934
0.225498 0.110072 -0.0141203 0.965599 -0.0528785 0.239067 0.0797651
0.154885 -0.0407465 0.0566307 0.954581 -0.0636267 0.0337613 -0.00866706
0.362223 -0.0707778 -0.0913579 0.989478 -0.0579046 0.117169 0.0666283
0.184204 -0.056585 0.135407 0.9246 -0.0562426 0.249287 0.0929213
-0.181385 -0.00467677 0.0147309 0.997524 -0.0556426 -0.0385622 -0.000839845
0.191045 -0.105247 0.217854 0.917778 -0.0735002 0.34624 0.161238
0.376377 -0.08429 -0.0921278 0.988812 -0.055038 0.120377 0.0749519
-0.375462 -0.181057 0.26956 0.971357 -0.13365 -0.0366805 0.0845981
0.320006 -0.112157 0.116895 0.908225 -0.0808468 0.350782 0.179168
-0.140819 -0.0520122 0.0811467 0.97494 -0.109887 -0.00304407 0.0376728
0.014153 0.297809 -0.149008 0.974734 -0.0213174 0.0583245 -0.00121107
0.284222 -0.111228 -0.0310569 0.980516 -0.0833088 0.12508 0.0632234
0.0148929 0.041827 -0.00457753 0.97614 -0.0445259 -0.0588624 -0.0151887
-0.186157 -0.149433 0.192344 0.971021 -0.139676 -0.118208 0.0341005
0.0895828 -0.00278451 0.11571 0.940127 -0.0535534 0.252077 0.0993307
-0.146629 -0.0594692 0.0827458 0.979427 -0.0884073 -0.085489 0.00884183
0.24455 -0.125528 0.141984 0.928328 -0.102239 0.301882 0.169882
0.157037 -0.0373275 0.062501 0.951075 -0.060775 0.0303238 -0.009628
-0.348585 -0.168633 0.272929 0.963032 -0.152318 -0.0837537 0.0600438
-0.579149 -0.198033 0.322307 0.963577 -0.110474 0.12804 0.169858
0.188853 -0.0983868 0.217233 0.912358 -0.067398 0.357322 0.164609
-0.068252 -0.0758328 0.09223 0.972647 -0.0974143 -0.118397 0.00579894
0.247426 -0.0876666 0.194056 0.902993 -0.069303 0.370635 0.167261
0.179866 -0.0809848 0.214247 0.895447 -0.062876 0.36351 0.164192
-0.438819 -0.210901 0.305826 0.974874 -0.130083 0.0289589 0.118885
0.539204 -0.284726 -0.0532223 0.965264 -0.160069 0.0164586 0.00285454
0.128616 -0.0496537 0.128386 0.944109 -0.0500272 0.19452 0.0729009
-0.0554971 -0.192006 0.212532 0.965096 -0.178091 0.10733 0.166853
0.000914676 -0.0038092 0.144492 0.937841 -0.0493111 0.259023 0.110385
-0.18849 -0.103476 0.117122 0.988636 -0.0907914 -0.0613516 0.0298879
-0.143234 -0.154797 0.178028 0.969704 -0.141217 -0.103183 0.0315585
-0.157448 -0.0152116 0.018643 0.997547 -0.0537752 -0.0405276 0.00111545
-0.128238 0.290343 -0.137469 0.985879 -0.00479923 -0.0361784 -0.0308889
0.616425 -0.113104 -0.0956094 0.972356 -0.0337837 0.151561 0.137567
0.310738 0.10452 -0.112643 0.979379 -0.0723192 0.19069 0.0626853
-0.305002 -0.0394031 0.0760229 0.981808 -0.0627591 -0.116847 0.0203872
-0.098387 -0.048752 0.067489 0.982882 -0.096459 0.0873732 0.0675262
0.0754154 -0.0256115 0.156023 0.943983 -0.0357748 0.212644 0.0753572
0.279796 -0.0450648 0.176908 0.917141 -0.0533403 0.364867 0.153028
0.140538 0.0234149 0.106298 0.926933 -0.0612876 0.288315 0.111473
0.0637587 -0.0487372 0.0774998 0.958649 -0.0615115 0.0752715 0.0119148
0.149167 -0.00791103 0.0451279 0.955578 -0.0592048 0.0293908 -0.0133393
0.855972 -0.216955 0.0226423 0.917096 -0.142082 -0.256862 -0.122916
0.590128 -0.106922 -0.113752 0.982047 -0.0410348 0.132797 0.112447
0.578257 -0.107464 -0.0733336 0.96114 -0.0290994 0.185546 0.159635
-0.196591 -0.0788698 0.117683 0.980844 -0.104826 -0.0611151 0.0217728
0.372654 -0.228885 -0.00846815 0.958584 -0.154366 0.0344612 0.00115452
-0.248657 -0.133701 0.169275 0.983842 -0.104908 -0.0575703 0.0462791
0.117983 -0.010738 -0.00789642 0.975184 -0.0948737 0.13823 0.065856
-0.144129 -0.0525323 0.0796978 0.982156 -0.102162 -0.0306428 0.0154599
-0.149992 -0.0529094 0.0533429 0.995432 -0.0625588 -0.0485718 0.010926
-0.192304 -0.104338 0.133598 0.977654 -0.101972 -0.120061 0.0304119
-0.185262 -0.17078 0.227295 0.959895 -0.155774 -0.109816 0.0397613
-0.198862 0.0647482 -0.0216801 0.996306 -0.0520023 -0.0331689 -0.011711
-0.0945723 -0.192629 0.230388 0.96225 -0.183541 0.0960345 0.173529
-0.460121 -0.136639 0.210413 0.976031 -0.0945517 -0.0520842 0.0657011
-0.334465 -0.0495006 0.0778492 0.977579 -0.0579684 -0.0934092 0.0354429
-0.286808 -0.160689 0.246131 0.971799 -0.150249 -0.110273 0.0487745
-0.0299328 0.308448 -0.160605 0.97267 -0.0173058 0.0127402 -0.0181583
-0.182235 0.00393353 0.044646 0.991232 -0.0486935 -0.0284739 0.0019874
0.260435 -0.0781072 0.202261 0.895654 -0.056049 0.388053 0.169016
0.23597 -0.118016 0.110377 0.939588 -0.112571 0.257401 0.14405
0.297337 -0.0630949 -0.069553 0.989342 -0.0673466 0.105339 0.0488551
0.218206 0.0850742 0.052994 0.956582 -0.0477229 0.274387 0.0961249
-0.18866 -0.117937 0.153462 0.97618 -0.111875 -0.132402 0.0319917
0.422527 -0.252372 -0.014885 0.952927 -0.161076 0.0241458 -0.00895587
-0.2492 -0.141964 0.195233 0.967038 -0.127252 -0.0926676 0.0441373
0.470145 -0.110965 -0.0300264 0.956072 -0.0284122 0.173695 0.155937
-0.156289 -0.112503 0.127167 0.978965 -0.103188 0.106859 0.0993283
0.0938347 -0.0253518 0.151936 0.943122 -0.0383414 0.215336 0.0758636
0.185754 -0.116822 0.198265 0.928943 -0.0904641 0.318146 0.162756
-0.19911 -0.0913713 0.107213 0.989395 -0.0861114 -0.0591403 0.0269713
-0.131081 -0.189731 0.237469 0.958813 -0.181488 0.089818 0.171304
-0.124488 -0.0958808 0.118295 0.969387 -0.114262 -0.108992 0.0131543
0.725066 -0.190801 -0.011971 0.922978 -0.125143 -0.172901 -0.0739813
0.217099 0.10811 0.000857679 0.96349 -0.0515742 0.247096 0.0833849
0.3197 -0.108929 0.124011 0.906096 -0.0820143 0.3551 0.177337
0.284037 -0.08549 0.188862 0.910262 -0.071624 0.373462 0.167401
-0.150638 -0.0546791 0.0843769 0.9815 -0.101517 -0.037624 0.0155593
-0.47391 -0.169534 0.253119 0.97281 -0.115096 -0.0419264 0.0750437
0.829062 -0.20997 0.023512 0.911285 -0.137085 -0.245546 -0.116
-0.0495986 -0.186915 0.206635 0.965492 -0.174314 0.113938 0.164626
0.288246 -0.121158 -0.0298833 0.979803 -0.0912971 0.120653 0.0628449
0.240505 -0.101091 0.113496 0.943611 -0.119898 0.2523 0.139524
-0.352185 -0.10204 0.143618 0.975827 -0.0803107 -0.0800901 0.0518618
-0.0496597 -0.171475 0.200174 0.962167 -0.166299 0.141226 0.168395
-0.544787 -0.202019 0.31994 0.965637 -0.113201 0.115103 0.163124
0.207103 -0.127904 0.146457 0.940879 -0.120234 0.262925 0.160202
-0.664236 -0.182697 0.339586 0.964039 -0.126236 0.105993 0.166181
0.29531 -0.0745966 0.187003 0.911494 -0.0663949 0.375108 0.163269
0.0450674 0.282928 -0.13361 0.972616 -0.0296756 0.109528 0.0195399
0.300153 -0.127121 0.100829 0.94453 -0.135158 0.222325 0.119409
-0.186373 0.00382349 0.0464452 0.991605 -0.0474507 -0.0288057 0.00167445
-0.18595 -0.115452 0.147979 0.976889 -0.109254 -0.127773 0.031944
-0.0696453 -0.0964332 0.110692 0.967095 -0.115547 -0.124118 0.00603455
0.188603 -0.100764 0.218528 0.914853 -0.0695629 0.352966 0.162947
-0.0839017 -0.0125242 0.0665538 0.991665 -0.0512391 0.0536252 0.0154433
0.246781 -0.102117 0.115903 0.942884 -0.117709 0.258426 0.141166
0.232467 -0.0124659 0.129576 0.933841 -0.0567005 0.320964 0.132698
0.306435 0.0986918 -0.120393 0.97845 -0.0806382 0.190517 0.068157
0.551145 -0.208007 -0.0877048 0.983127 -0.115911 0.0258319 0.0241568
0.270468 0.147468 -0.14218 0.971292 -0.103828 0.210365 0.0828608
-0.18493 -0.115178 0.141912 0.975077 -0.107445 -0.0973468 0.0348959
-0.0222445 -0.0949929 0.100634 0.967764 -0.110329 -0.127344 0.00329975
0.35878 -0.0711857 -0.0875164 0.990207 -0.0560543 0.11635 0.0654474
-0.153032 -0.0018022 0.0509662 0.992333 -0.045629 -0.00818758 0.00703269
0.0309448 -0.0565446 0.158488 0.937255 -0.074545 0.255184 0.127326
-0.0956052 -0.0025618 0.0592833 0.993803 -0.0481411 0.0390486 0.0116924
0.473635 -0.112884 -0.0294689 0.957263 -0.030195 0.164842 0.152856
-0.169242 -0.102508 0.124459 0.977611 -0.0986199 -0.110065 0.0303836
-0.00919971 0.0189981 0.13176 0.938818 -0.044144 0.255324 0.104936
-0.208443 -0.0826459 0.13074 0.976022 -0.0982495 0.114181 0.099364
-0.0083294 -0.160638 0.18593 0.961463 -0.161739 0.155326 0.166772
-0.178161 -0.0690394 0.105979 0.980245 -0.10617 -0.0495066 0.019632
0.474517 -0.111117 -0.0355798 0.960124 -0.0291197 0.144956 0.146464
-0.313975 -0.0548622 0.0972878 0.981796 -0.0726992 -0.1196 0.0236585
0.313855 -0.136832 -0.0245136 0.973262 -0.0965658 0.131884 0.0680653
0.791899 -0.4344 0.0522827 0.934795 -0.270752 -0.109405 -0.0857556
0.141226 -0.121321 0.161259 0.950166 -0.124258 0.247152 0.157667
-0.202775 -0.165701 0.220881 0.96233 -0.151369 -0.104549 0.0422561
-0.191775 -0.0785338 0.111512 0.982618 -0.101986 -0.0630187 0.0220519
0.777476 -0.424661 0.0547652 0.929979 -0.267167 -0.100995 -0.0801739
0.279022 -0.0857721 0.186166 0.913904 -0.0756474 0.365557 0.165203
0.0911983 -0.0207673 0.00174885 0.977446 -0.0971747 0.125114 0.0630236
0.760848 -0.181343 -0.00401314 0.920941 -0.122131 -0.203521 -0.0878937
-0.108026 -0.0170535 0.0851811 0.991978 -0.0480175 0.0555381 0.0144495
-0.242624 -0.149592 0.19689 0.966713 -0.135075 -0.090352 0.0454106
-0.167022 0.227073 -0.103731 0.99021 -0.0166876 -0.0388114 -0.0292134
-0.11807 -0.0939304 0.104019 0.975394 -0.11212 -0.0966711 0.0136249
-0.318774 0.00227008 0.0191737 0.983505 -0.0313781 -0.0956626 0.0170164
0.210374 0.0918347 -0.008662 0.944583 -0.0902509 0.268567 0.106292
-0.296934 -0.0329468 0.0548994 0.982243 -0.0600314 -0.123025 0.0191423
0.0120934 -0.0117344 0.148583 0.937141 -0.0497188 0.261739 0.112014
0.298919 -0.115388 0.073225 0.922771 -0.0646277 0.304551 0.175378
-0.0438826 -0.172399 0.199499 0.96236 -0.166665 0.140283 0.167747
0.281523 -0.114485 0.16082 0.921473 -0.0973954 0.341414 0.167985
-0.182302 -0.110852 0.143646 0.97533 -0.108415 -0.140328 0.0292379
0.569311 -0.10647 -0.109328 0.982967 -0.0421191 0.129939 0.1081
-0.238117 -0.149816 0.197978 0.965663 -0.136968 -0.0936269 0.0448832
0.185778 -0.0441084 0.161516 0.908347 -0.0502175 0.315255 0.121574
-0.0790972 -0.0629971 0.0827307 0.964061 -0.100619 -0.0762975 0.00584703
-0.405029 -0.175439 0.252153 0.971174 -0.131533 -0.0591547 0.0681858
-0.318142 -0.0497869 0.0942456 0.981333 -0.0689027 -0.115869 0.0234194
-0.12937 -0.110781 0.113284 0.980841 -0.103793 0.100951 0.092058
0.2396 -0.0185224 0.150244 0.926468 -0.0517065 0.336413 0.137636
-0.218743 -0.165438 0.226561 0.960053 -0.151576 -0.101366 0.0437255
-0.156259 -0.120334 0.154476 0.973355 -0.115075 -0.150457 0.0287341
0.256675 -0.0313293 0.162892 0.920663 -0.0517204 0.351981 0.147063
-0.679158 -0.177961 0.32194 0.955913 -0.0992816 0.164589 0.188553
0.296242 -0.0713056 0.182363 0.912645 -0.0644397 0.372867 0.16244
0.788018 -0.196192 0.00413884 0.917178 -0.131874 -0.215937 -0.0985747
-0.219154 -0.089619 0.138374 0.975676 -0.0982892 0.113645 0.102046
-0.469669 -0.154141 0.235352 0.974538 -0.105352 -0.0488687 0.0692115
0.622471 -0.241245 -0.0424348 0.943737 -0.143039 -0.0574367 -0.0275292
-0.235315 -0.0947972 0.146287 0.97542 -0.100104 0.111036 0.104832
0.022772 -0.0469726 0.172949 0.934832 -0.062935 0.267537 0.12472
0.601791 -0.146849 -0.108747 0.990427 -0.0768488 0.0329731 0.0529596
-0.240417 -0.128952 0.161762 0.983621 -0.105797 -0.0612375 0.0444218
0.299535 -0.116565 0.114924 0.91953 -0.0804684 0.329042 0.173133
0.0448989 -0.07355 0.182477 0.929495 -0.0684876 0.272166 0.132257
0.206484 -0.0784977 0.19944 0.906024 -0.0654867 0.360112 0.159255
0.146872 -0.124475 0.166378 0.948982 -0.123632 0.251341 0.1586
0.212097 -0.0973104 0.202181 0.903734 -0.079114 0.357017 0.168065
0.184518 -0.0346672 0.180188 0.897832 -0.0423259 0.33594 0.127067
-0.191572 0.0238562 -0.00364642 0.99714 -0.0555052 -0.0372356 -0.00543056
0.210038 0.0639863 0.0800908 0.95204 -0.0459203 0.285277 0.10268
0.181191 -0.0421093 0.164949 0.907679 -0.0489336 0.316169 0.120548
-0.151318 -0.0245621 0.0280831 0.997412 -0.0539288 -0.0426271 0.00314663
-0.330902 -0.171956 0.245701 0.973707 -0.129262 -0.0558242 0.0703932
-0.292133 -0.160252 0.24667 0.971319 -0.149702 -0.109216 0.0493861
-0.0612832 -0.0767394 0.0925547 0.972999 -0.0975739 -0.120852 0.00515426
-0.0121137 0.0193034 0.132876 0.940284 -0.0433891 0.253967 0.103833
-0.731036 -0.182111 0.331183 0.958251 -0.106117 0.16175 0.192548
0.414413 -0.25016 -0.0153698 0.954744 -0.159707 0.0267114 -0.00704955
-0.0230867 0.0275316 0.00174064 0.978798 -0.0503861 -0.0538122 -0.0101607
0.0474474 -0.0324704 0.0190423 0.978776 -0.0980235 0.125361 0.0724786
0.255861 0.165464 -0.145696 0.969078 -0.107775 0.217093 0.0856779
0.189739 -0.130388 0.142448 0.944791 -0.124413 0.247788 0.156977
0.152581 -0.0466627 0.0626452 0.951154 -0.0649542 0.0384001 -0.00621209
0.246264 -0.121407 0.147312 0.939479 -0.113988 0.285502 0.156699
-0.0843865 -0.190288 0.224968 0.963219 -0.181581 0.0998796 0.171496
-0.129518 -0.0471362 0.0727492 0.977968 -0.103796 -0.0179314 0.0212111
0.247757 -0.123115 0.129187 0.928293 -0.0939902 0.30306 0.170956
0.178359 -0.0640319 0.222232 0.894471 -0.0450069 0.373629 0.156253
0.420655 -0.251941 -0.0088843 0.949909 -0.160846 0.0215339 -0.0110619
0.453515 -0.0969897 -0.0952552 0.986946 -0.0495797 0.11965 0.0852852
-0.180248 -0.0982555 0.127386 0.974128 -0.101819 -0.146116 0.0254372
-0.320464 -0.00615809 0.0286485 0.983108 -0.0337784 -0.0927984 0.0201922
0.402872 -0.24289 -0.0094916 0.953541 -0.159354 0.0241058 -0.00815895
-0.451588 -0.16156 0.288267 0.964558 -0.135476 -0.0163281 0.0914596
0.55433 -0.168416 -0.0971278 0.987931 -0.0954867 0.0263256 0.0338553
0.278649 -0.0412832 0.172907 0.918665 -0.0548569 0.360634 0.150861
0.147856 0.0271716 0.0946169 0.928035 -0.0662383 0.286653 0.112203
0.131757 -0.0873198 0.0346243 0.959871 -0.0912555 0.0709776 0.0117454
0.120167 -0.0297572 0.106386 0.954527 -0.0533063 0.181449 0.0648975
-0.271404 -0.0533061 0.0773127 0.979972 -0.0741372 -0.132922 0.0215774
-0.225901 -0.155361 0.196925 0.968678 -0.137872 -0.0880052 0.0453749
-0.265333 -0.154487 0.233908 0.970616 -0.146045 -0.119989 0.0446325
-0.196929 0.0805926 -0.0305234 0.995405 -0.0499968 -0.0319449 -0.0134301
0.0897816 -0.0784479 0.046966 0.963332 -0.084617 0.0770767 0.0166965
0.13259 -0.0275489 0.167425 0.912663 -0.039293 0.297248 0.11151
0.133106 -0.0219781 -0.0298029 0.981861 -0.0898322 0.103255 0.0415019
-0.177266 -0.00154596 0.0109618 0.997358 -0.0573312 -0.0378391 -0.00100715
-0.319982 0.000510425 0.0237905 0.98369 -0.0330203 -0.0969078 0.016846
0.284079 -0.0866733 0.190178 0.904985 -0.0707728 0.37955 0.170029
-0.0322182 0.0092026 0.14417 0.940474 -0.044099 0.251326 0.105227
-0.221907 -0.13099 0.170278 0.971946 -0.120235 -0.0913881 0.0395246
0.666644 -0.191296 -0.0304996 0.931105 -0.123297 -0.118683 -0.0505797
0.867473 -0.24462 0.0251141 0.922897 -0.163177 -0.256876 -0.129866
-0.203339 -0.12511 0.156695 0.973504 -0.116035 -0.0946963 0.0366939
-0.395652 -0.186985 0.27754 0.972412 -0.130348 -0.0148243 0.0972254
0.0608095 -0.0122437 0.125355 0.940473 -0.0547502 0.248884 0.102047
0.0597651 0.279381 -0.128886 0.970605 -0.0363503 0.142618 0.0339696
-0.402025 -0.213408 0.285377 0.974975 -0.125942 0.048626 0.124997
0.813038 -0.438003 0.0660472 0.942315 -0.276759 -0.143527 -0.0992314
0.308109 0.101344 -0.119644 0.979029 -0.0776024 0.189782 0.0658854
-0.353333 -0.0942416 0.134477 0.975465 -0.0786543 -0.0830976 0.0510027
0.465445 -0.0972735 -0.0968795 0.986497 -0.0479952 0.121421 0.0888244
0.255228 -0.0806573 0.199025 0.897815 -0.0589975 0.382487 0.168052
0.206071 0.0746397 0.0684321 0.953703 -0.0464487 0.279226 0.099299
0.755834 -0.417292 0.0533337 0.928704 -0.261137 -0.0826748 -0.0703018
-0.17998 -0.167713 0.217603 0.959884 -0.154717 -0.104795 0.0373224
-0.0844019 0.296976 -0.151495 0.97737 -0.0149062 -0.0135583 -0.0250039
0.230984 -0.0336407 -0.0564266 0.988725 -0.0663834 0.114494 0.0514941
-0.152764 -0.119944 0.129738 0.978643 -0.105809 0.106586 0.101588
-0.0710691 -0.00714961 0.0507313 0.99129 -0.0529213 0.0488075 0.0155926
0.862869 -0.338345 0.0474555 0.926306 -0.227313 -0.229759 -0.134524
-0.209247 -0.166544 0.218905 0.962361 -0.152076 -0.0973278 0.0430102
0.212036 -0.0933008 0.21153 0.910632 -0.070104 0.359366 0.161904
0.278474 -0.0496637 -0.0672535 0.988698 -0.0645066 0.11093 0.0487263
0.63694 -0.128534 -0.110788 0.985488 -0.0580785 0.0701001 0.0850204
-0.224181 -0.0509959 0.0996778 0.982139 -0.082824 -0.0728219 0.01292
0.281569 -0.0860412 0.187672 0.911542 -0.0729918 0.370445 0.166707
0.129902 -0.123694 0.16147 0.95144 -0.12648 0.240307 0.158033
0.168927 -0.024206 -0.0386248 0.982901 -0.088718 0.107497 0.040992
-0.213544 -0.161746 0.220643 0.959388 -0.149686 -0.101877 0.0426689
-0.391478 -0.170775 0.247291 0.970884 -0.12936 -0.0612875 0.0659661
0.50747 -0.116499 -0.0427561 0.957998 -0.0316455 0.176482 0.160504
0.04482 -0.0721467 0.18047 0.929701 -0.0697301 0.270893 0.131512
-0.133482 -0.15717 0.173741 0.968947 -0.145699 -0.102598 0.025962
0.182716 -0.0834413 0.21695 0.895972 -0.065191 0.36405 0.164935
0.0375521 0.00544063 0.0597599 0.963527 -0.0723847 0.16433 0.068817
-0.135285 -0.0540279 0.0811504 0.977552 -0.105784 -0.0249902 0.0199519
0.548905 -0.227823 -0.0807691 0.98151 -0.125541 0.0246364 0.0202654
0.142193 -0.0464782 0.123822 0.943404 -0.0509382 0.19617 0.0723442
0.39412 -0.189131 0.108188 0.942707 -0.165533 0.173234 0.089342
-0.0525087 -0.190738 0.211668 0.965117 -0.178596 0.107098 0.167038
-0.415743 -0.137824 0.197546 0.9759 -0.0959142 -0.0621068 0.0641645
-7.69384e-05 0.0581377 -0.0244985 0.986001 -0.0490321 -0.0326566 -0.0130757
0.187932 -0.034702 0.178655 0.898202 -0.0435859 0.336376 0.126993
0.493721 -0.109828 -0.0386605 0.95619 -0.0288772 0.179591 0.157293
0.213498 0.0430573 0.105167 0.945307 -0.0475141 0.299166 0.110417
-0.379754 -0.160802 0.234573 0.970409 -0.124671 -0.06334 0.0633481
-0.0479928 -0.091329 0.101494 0.97102 -0.106365 -0.126366 0.00786212
0.381257 -0.240483 -0.0111167 0.962109 -0.156548 0.0335682 0.00208
-0.147016 -0.120242 0.152573 0.973352 -0.114802 -0.150433 0.0280711
-0.735053 -0.186281 0.338819 0.959433 -0.112405 0.153189 0.190463
-0.664795 -0.181192 0.321949 0.957691 -0.103681 0.154437 0.18452
-0.0616391 -0.00995145 0.0500248 0.991305 -0.0544784 0.0538607 0.0167712
0.110201 0.000623059 0.0517549 0.960543 -0.0535383 0.0371814 -0.00970365
-0.195506 -0.127828 0.169177 0.966352 -0.125102 -0.0971967 0.0323196
-0.203909 -0.167422 0.211151 0.964819 -0.150094 -0.0923263 0.043191
0.304567 0.0990309 -0.121757 0.977788 -0.0838056 0.19175 0.0705302
-0.124737 -0.162374 0.177147 0.967658 -0.145692 -0.0971434 0.0291647
0.145406 0.182275 -0.102261 0.958432 -0.0934953 0.231616 0.0908761
0.306601 -0.1262 -0.0316402 0.979232 -0.0893869 0.125279 0.0622456
-0.18607 -0.132926 0.169788 0.966352 -0.123208 -0.0938097 0.0359425
0.19964 -0.0956684 0.208784 0.902027 -0.0769296 0.357384 0.167374
0.610486 -0.110002 -0.090775 0.968651 -0.0314027 0.165256 0.146259
-0.161584 -0.0108809 0.0149973 0.99755 -0.054274 -0.0402278 0.000161996
0.693349 -0.206508 -0.0243559 0.92918 -0.130309 -0.13311 -0.0585414
-0.0782089 -0.188279 0.220111 0.96392 -0.179323 0.103554 0.168538
0.215196 0.104109 0.0185754 0.961295 -0.050434 0.257115 0.087891
0.209173 0.198387 -0.126787 0.962661 -0.10148 0.240305 0.0927451
-0.0555767 -0.191638 0.21201 0.965189 -0.177339 0.108293 0.166524
-0.217225 -0.0963654 0.160472 0.966723 -0.137013 0.030567 0.095732
0.320863 -0.137493 -0.0264455 0.972843 -0.0968896 0.132838 0.0658827
-0.181283 0.00807933 0.0047744 0.997272 -0.0570399 -0.0379517 -0.00294283
-0.132124 0.279983 -0.130256 0.990565 -0.00298637 -0.0381839 -0.031134
-0.206648 -0.161447 0.218671 0.969145 -0.147249 -0.116316 0.0411931
-0.315548 0.00715042 0.025292 0.984476 -0.0307541 -0.0944018 0.0137285
0.483109 -0.256258 0.105302 0.936685 -0.199376 0.0967597 0.0453005
-0.157827 -0.070158 0.105072 0.97905 -0.100355 0.0999709 0.0856991
0.195666 -0.0227745 -0.0475252 0.984948 -0.083312 0.113182 0.0449893
0.182909 -0.0425625 0.15415 0.914221 -0.0517517 0.304849 0.11643
0.188507 -0.119128 0.197724 0.929707 -0.0939505 0.316513 0.16295
-0.147472 -0.110873 0.143601 0.962127 -0.117497 -0.0894803 0.0250016
0.251972 -0.106511 0.124054 0.942368 -0.115424 0.268648 0.14575
-0.285006 -0.161885 0.247091 0.971841 -0.150971 -0.110857 0.0484842
0.183292 -0.127023 0.181047 0.939639 -0.111608 0.286935 0.161215
-0.195609 -0.102336 0.136319 0.97651 -0.103412 -0.13469 0.0271354
0.0922301 -0.0967988 0.0586667 0.960765 -0.0891712 0.0665522 0.0138911
0.0993638 -0.0799969 0.0603134 0.960677 -0.0800454 0.0700753 0.0116167
0.21983 -0.0525253 0.151856 0.90312 -0.0573644 0.322347 0.126949
0.291757 -0.0788238 0.187662 0.912442 -0.0710265 0.372355 0.163855
-0.159903 0.244684 -0.112832 0.989057 -0.00943263 -0.0431647 -0.0307114
0.204964 0.112292 -0.0330216 0.949363 -0.0937485 0.258727 0.10278
0.57422 -0.115636 -0.0711529 0.968417 -0.0321545 0.136735 0.146447
0.768741 -0.420584 0.0555878 0.928533 -0.265243 -0.0943984 -0.0763769
0.0796562 -0.0305045 0.127286 0.934842 -0.0750682 0.253882 0.118025
0.29263 -0.0643711 0.183193 0.912694 -0.0592673 0.373977 0.160979
0.1595 -0.0376256 0.0520618 0.954849 -0.0641147 0.0344547 -0.00889774
-0.344346 -0.176042 0.25339 0.973573 -0.130493 -0.0520628 0.0729119
-0.410448 -0.140139 0.201308 0.976436 -0.0992629 -0.0645043 0.0642055
-0.160079 0.259569 -0.119355 0.988981 -0.00401302 -0.0473539 -0.0320739
-0.306368 -0.0576621 0.0989546 0.981357 -0.0747534 -0.121302 0.0240777
0.317693 -0.107174 0.133903 0.906521 -0.0831852 0.362453 0.17794
-0.138364 -0.0633207 0.0929591 0.979391 -0.100629 0.0968744 0.0825812
0.416872 -0.0933486 -0.093785 0.987874 -0.0524635 0.118425 0.0792184
-0.0530623 -0.0181886 0.0314727 0.984663 -0.0938312 0.0793525 0.05249
-0.161624 -0.0753982 0.109377 0.979226 -0.0944017 0.109846 0.0884309
-0.178935 -0.0748778 0.110016 0.979206 -0.10635 -0.0565366 0.019087
-0.621029 -0.189405 0.32308 0.960883 -0.108545 0.139871 0.177585
-0.57712 -0.17888 0.327889 0.967078 -0.133497 0.0542283 0.135569
0.848766 -0.21485 0.0235308 0.916424 -0.140683 -0.254428 -0.121284
0.0953372 0.253498 -0.110182 0.964673 -0.0584161 0.210508 0.0676015
-0.690939 -0.185963 0.340069 0.962793 -0.122014 0.125643 0.178057
0.303137 0.104134 -0.118181 0.979255 -0.0757637 0.189655 0.0647953
0.228993 -0.0624815 0.0975465 0.934469 -0.0713293 0.230616 0.0843732
0.305898 0.103563 -0.116152 0.97934 -0.0747027 0.189728 0.0639569
0.0727288 -0.0572254 0.0712467 0.958795 -0.0667875 0.0750581 0.0125437
0.0405629 -0.0740544 0.182378 0.92951 -0.0694471 0.271377 0.132703
0.276921 -0.0843076 0.19343 0.900144 -0.0658118 0.382751 0.170049
-0.491746 -0.165335 0.30056 0.965872 -0.13437 0.0032605 0.102531
-0.294253 -0.0584034 0.0983435 0.981217 -0.0749604 -0.122261 0.0235641
0.258807 -0.12036 0.0218052 0.965948 -0.0989993 0.172617 0.0970469
-0.169285 -0.0822077 0.105469 0.980529 -0.10309 -0.0707126 0.0202652
0.0723379 0.275901 -0.123258 0.967144 -0.0445439 0.175976 0.0494006
-0.175663 -0.148623 0.184734 0.971003 -0.138765 -0.111786 0.0338492
-0.0714547 -0.189299 0.217721 0.964013 -0.179488 0.103867 0.168117
-0.0437665 0.0074258 0.0205585 0.972489 -0.0622052 -0.0597436 -0.00709414
0.242961 -0.0168047 0.156411 0.924503 -0.0495401 0.341346 0.138658
0.649426 -0.206156 -0.0383234 0.936616 -0.128425 -0.0938955 -0.0409183
0.228481 -0.0874459 0.200069 0.910683 -0.0706909 0.360249 0.159798
0.03851 -0.0531188 0.159011 0.9373 -0.0730428 0.259193 0.127408
0.0271748 -0.0236403 0.151787 0.936426 -0.0532127 0.261916 0.113673
-0.2235 -0.0567329 0.107567 0.981703 -0.0856113 -0.0710146 0.0165821
0.487488 -0.114807 -0.0324917 0.955248 -0.030775 0.178576 0.159124
-0.385761 -0.127074 0.180128 0.97604 -0.0911849 -0.0702019 0.0610789
0.326045 -0.077948 -0.073022 0.989494 -0.0676767 0.101779 0.0510786
0.182911 -0.126753 0.183601 0.938552 -0.109917 0.290578 0.16164
0.284 -0.0865523 0.188909 0.908619 -0.0715805 0.375207 0.168514
0.484708 -0.0986155 -0.0985457 0.986028 -0.0461525 0.122212 0.093171
-0.015493 -0.0695552 0.0485555 0.983453 -0.0982918 0.106911 0.0745357
0.288601 -0.114154 -0.0350664 0.980703 -0.0856314 0.121486 0.0609239
0.516778 -0.10723 -0.0473214 0.957757 -0.0285249 0.179951 0.15795
0.617331 -0.110323 -0.108464 0.978131 -0.036634 0.135238 0.124681
0.283441 -0.0861685 0.190442 0.90644 -0.070333 0.37845 0.169579
-0.193653 -0.14869 0.193212 0.967758 -0.139591 -0.112718 0.0347574
-0.208925 -0.124889 0.147142 0.985384 -0.102254 -0.0641342 0.0388938
-0.17147 -0.161636 0.208398 0.961166 -0.150235 -0.107002 0.0365834
0.146344 -0.0400284 0.122318 0.941859 -0.0496541 0.199742 0.0716873
-0.536373 -0.175294 0.317379 0.968338 -0.135378 0.0277204 0.11971
0.242447 0.126535 -0.046292 0.972527 -0.0557505 0.222056 0.0694388
-0.31319 -0.156074 0.21922 0.969306 -0.130579 -0.0754423 0.0537226
0.161458 -0.126224 0.173851 0.944477 -0.11646 0.269659 0.160167
0.537732 -0.105531 -0.104489 0.984697 -0.0437415 0.125425 0.101494
0.226174 -0.123599 0.145786 0.936386 -0.115045 0.279831 0.161509
0.516302 -0.102088 -0.101962 0.985293 -0.0443498 0.123482 0.0983603
-0.317509 -0.172191 0.242068 0.974887 -0.129543 -0.0574015 0.0686001
-0.22967 -0.15132 0.19488 0.966441 -0.136117 -0.0894872 0.045195
0.117558 -0.13026 0.166952 0.951935 -0.130077 0.234659 0.160451
-0.326211 -0.0424412 0.0682254 0.979166 -0.0531317 -0.0937401 0.032256
-0.174607 -0.16612 0.21571 0.959806 -0.154049 -0.106827 0.0360887
0.252599 -0.120267 0.115368 0.928894 -0.0852068 0.302724 0.171725
-0.226351 -0.137728 0.183778 0.966781 -0.124166 -0.0924875 0.0411113
-0.333878 -0.17471 0.269786 0.965216 -0.151625 -0.0787321 0.0611479
-0.189707 -0.162181 0.226975 0.957435 -0.168833 0.0684853 0.149875
-0.159888 -0.0599738 0.0930521 0.979735 -0.103986 -0.0452927 0.0165493
-0.323857 -0.169939 0.262684 0.965571 -0.148594 -0.0837418 0.0597783
0.213657 0.181275 -0.108691 0.960085 -0.10157 0.246024 0.0955711
0.861236 -0.223868 0.0219455 0.919948 -0.147559 -0.256776 -0.124757
0.628253 -0.132564 -0.109395 0.986995 -0.0611634 0.0634423 0.0795103
-0.146253 -0.0658648 0.102363 0.971495 -0.123043 0.0275424 0.0681955
-0.733118 -0.182922 0.333565 0.958606 -0.107855 0.159032 0.191677
0.0994102 -0.102544 0.0580218 0.959044 -0.0924224 0.0636019 0.0134091
0.190479 -0.121506 0.193583 0.932365 -0.0987558 0.310033 0.162277
-0.32939 -0.0164267 0.0428794 0.979616 -0.0405628 -0.0921906 0.0249847
0.125433 -0.0323503 0.0956355 0.95959 -0.0588631 0.170148 0.0624887
0.126683 -0.0360064 0.117436 0.946193 -0.0465895 0.189396 0.0693488
0.238785 -0.0202134 0.137698 0.930132 -0.0562747 0.328384 0.136697
-0.189567 -0.156016 0.202023 0.968498 -0.143548 -0.111902 0.037709
0.82068 -0.432496 0.0665894 0.937929 -0.276863 -0.144959 -0.100512
0.179773 -0.0625862 0.219094 0.89307 -0.0435227 0.370075 0.155675
0.520015 -0.107562 -0.0474495 0.957691 -0.0289023 0.179752 0.157386
0.79565 -0.444462 0.0615199 0.946698 -0.273106 -0.136586 -0.0950141
-0.373293 -0.172242 0.24279 0.970947 -0.129728 -0.0623261 0.0654885
0.208661 -0.04552 0.15245 0.905921 -0.0548365 0.319915 0.124839
0.545171 -0.115863 -0.0593631 0.962219 -0.0314437 0.16369 0.157546
-0.325074 -0.023214 0.0481064 0.979573 -0.0434363 -0.092599 0.0267491
0.174353 -0.057788 0.225355 0.892717 -0.0384871 0.374168 0.153639
0.104823 -0.0228982 -0.00629447 0.976503 -0.0941755 0.125031 0.0613673
0.397071 -0.240658 -0.00890594 0.953268 -0.158087 0.0262382 -0.00687699
0.272393 -0.113779 0.159655 0.924466 -0.0988887 0.333733 0.165206
-0.327459 -0.16273 0.2599 0.970758 -0.148505 -0.10018 0.0544856
-0.432589 -0.216035 0.307055 0.975701 -0.130264 0.0425136 0.12708
0.0145117 -0.0237836 0.156932 0.936753 -0.059513 0.264282 0.119103
-0.42224 -0.214384 0.288647 0.975044 -0.125232 0.0572769 0.12664
-0.00216323 0.0109726 0.0566808 0.973133 -0.0453984 0.0583269 0.00498794
-0.322369 -0.152628 0.219744 0.968886 -0.128514 -0.0740232 0.0547745
0.0717233 -0.0448669 0.131776 0.936744 -0.0802887 0.248386 0.121457
-0.0361405 -0.171522 0.195987 0.963208 -0.166167 0.139602 0.166095
0.191204 -0.0923748 0.219732 0.908934 -0.0629971 0.363976 0.163892
-0.165421 -0.0470155 0.0783094 0.979198 -0.0820939 -0.0750066 0.0124451
0.745464 -0.407759 0.0563867 0.926518 -0.258742 -0.074779 -0.0650976
-0.188808 -0.0862359 0.126558 0.976545 -0.102836 0.109563 0.100697
0.144969 -0.0585016 0.0625385 0.95467 -0.0711387 0.0513338 -0.000884292
0.213232 0.177147 -0.105427 0.959486 -0.102126 0.246279 0.0960277
-0.170699 0.158751 -0.0726572 0.991749 -0.036013 -0.0316934 -0.0222351
-0.192943 -0.00486976 0.0874662 0.994979 -0.0381059 0.00275559 0.00518671
0.195591 -0.0345533 0.151103 0.909148 -0.0519158 0.311369 0.117679
0.214353 -0.0462993 0.147002 0.906918 -0.0568002 0.315616 0.123264
-0.171942 -0.167915 0.216504 0.959401 -0.155224 -0.106053 0.0355975
0.347454 -0.0761247 -0.0820877 0.991023 -0.0607458 0.109114 0.0589358
0.0550848 -0.0698236 0.167563 0.931987 -0.0746265 0.263622 0.130416
-0.1941 0.00274059 0.0611209 0.99232 -0.0462936 -0.021002 0.00135702
-0.197038 -0.0885564 0.116361 0.976028 -0.0955778 -0.141384 0.0246056
-0.376479 -0.183418 0.270711 0.971726 -0.13247 -0.0287279 0.0886933
-0.205779 -0.147006 0.217666 0.954031 -0.161374 0.0512461 0.13437
0.0196655 -0.0408473 0.171227 0.934388 -0.0618967 0.269607 0.124235
0.320575 -0.111547 0.116828 0.908394 -0.081237 0.349917 0.178304
0.642441 -0.128369 -0.105438 0.985065 -0.05225 0.0703062 0.0926776
0.600354 -0.117212 -0.082178 0.976483 -0.0352786 0.106157 0.130073
-0.373644 -0.170275 0.280517 0.96078 -0.149866 -0.0701875 0.0664824
0.611678 -0.342651 0.0896905 0.926509 -0.236781 -0.0085615 -0.0172152
0.266306 -0.111361 0.154 0.927143 -0.101157 0.324159 0.162653
-0.230676 -0.165009 0.223378 0.963398 -0.151315 -0.098884 0.0438907
-0.336498 -0.161401 0.262608 0.969212 -0.147693 -0.0994148 0.055042
0.0989886 -0.0971238 0.0614055 0.959206 -0.0878917 0.0676609 0.0128769
0.258755 -0.12052 0.108842 0.929027 -0.0835847 0.301021 0.171413
0.349746 -0.0701582 -0.0843928 0.990631 -0.0547547 0.116938 0.0650798
0.617717 -0.109306 -0.111303 0.978899 -0.0373328 0.132842 0.122135
-0.156864 -0.177168 0.232994 0.958218 -0.177278 0.0803492 0.163924
0.0831453 -0.0286147 0.143499 0.946962 -0.038676 0.203052 0.0728218
-0.218216 -0.0998032 0.143236 0.976366 -0.102575 0.107882 0.103306
-0.279074 -0.154205 0.203098 0.981574 -0.115792 -0.0567895 0.0559947
0.802584 -0.438491 0.0618991 0.947517 -0.272292 -0.143234 -0.0973265
-0.0930023 -0.100482 0.111292 0.972845 -0.114423 -0.109444 0.0120565
-0.411573 -0.147802 0.211797 0.975494 -0.103161 -0.0622813 0.0663224
0.212222 0.159082 -0.0891607 0.958059 -0.101919 0.249738 0.0982942
-0.224899 -0.117854 0.152662 0.975121 -0.107518 -0.0960157 0.0385346
-0.0508503 -0.098861 0.109328 0.969996 -0.111153 -0.127448 0.0100313
0.803851 -0.441729 0.0523063 0.939773 -0.273903 -0.116666 -0.0897493
0.123903 -0.00479204 0.133396 0.926308 -0.0478564 0.28033 0.106506
0.296676 -0.116384 0.0791743 0.92281 -0.0636837 0.308078 0.175364
0.6153 -0.139736 -0.10915 0.989077 -0.0687099 0.0478516 0.0663256
0.704358 -0.387116 0.0658519 0.924338 -0.251635 -0.0559454 -0.050761
0.80837 -0.441921 0.0547945 0.941723 -0.275729 -0.125496 -0.093517
-0.403963 -0.217847 0.293938 0.975916 -0.128631 0.0434273 0.124612
0.301051 -0.11382 0.0923775 0.921708 -0.0676882 0.319408 0.174606
0.828463 -0.418113 0.0593967 0.943806 -0.268109 -0.165723 -0.108312
0.541119 -0.108505 -0.0585108 0.957039 -0.0291167 0.192672 0.163703
0.125318 -5.78542e-05 -0.0192605 0.977667 -0.0911429 0.130166 0.0554063
0.221414 0.108189 -0.00820138 0.964715 -0.0523754 0.242236 0.0812544
0.0611621 -0.145574 0.181804 0.954077 -0.139058 0.215013 0.166843
0.170845 -0.126704 0.176362 0.943267 -0.115386 0.274367 0.160116
-0.4026 -0.213345 0.283557 0.974249 -0.125325 0.0497233 0.122935
0.202087 0.0570742 0.039398 0.934514 -0.0817959 0.28373 0.11224
0.513427 -0.107404 -0.0468295 0.957741 -0.0282656 0.180073 0.158395
-0.0732833 -0.0287243 0.054566 0.964659 -0.0811818 -0.0608618 -0.00153576
-0.182214 -0.121 0.160745 0.962994 -0.123338 -0.0944147 0.0298862
0.250829 -0.115015 0.138582 0.940304 -0.114125 0.280193 0.153075
-0.146226 -0.000900026 0.0630479 0.994372 -0.04352 0.00886225 0.00681318
-0.159165 -0.0230921 0.0284281 0.997446 -0.0521088 -0.0438793 0.00313434
-0.206913 -0.163881 0.220117 0.96061 -0.151443 -0.10169 0.0414933
-0.126544 -0.10722 0.119533 0.973651 -0.120416 -0.0979528 0.0180155
-0.180132 -0.00753402 0.0168688 0.997508 -0.0546013 -0.0393724 -0.000474983
-0.149425 -0.0342127 0.0365397 0.996531 -0.055336 -0.0454526 0.00598823
-0.418423 -0.167019 0.241623 0.971356 -0.120119 -0.0547653 0.0695752
-0.238369 -0.12324 0.15425 0.984346 -0.100888 -0.0575187 0.0425354
0.228703 -0.00214489 0.128127 0.936576 -0.0542161 0.317388 0.128281
-0.0703378 -0.108833 0.120897 0.969517 -0.117912 -0.12193 0.0126123
-0.231296 -0.0679058 0.119635 0.980957 -0.0922268 -0.0791027 0.0174177
-0.447906 -0.136263 0.204415 0.975312 -0.0948213 -0.0576011 0.0655271
-0.0916739 -0.107017 0.121776 0.969478 -0.121623 -0.11785 0.00729737
-0.228738 -0.0939803 0.143502 0.976139 -0.0990109 0.109123 0.101916
-0.134316 -0.0980192 0.130598 0.961021 -0.112693 -0.0884439 0.0202511
-0.211921 -0.165906 0.225504 0.960595 -0.151698 -0.102307 0.0438727
0.226957 -0.0530917 0.149386 0.90238 -0.0575331 0.321112 0.125911
-0.000163822 0.0116494 0.131715 0.938939 -0.0482067 0.254905 0.10629
-0.304995 -0.150414 0.212699 0.96916 -0.127067 -0.0760344 0.0526383
-0.0382378 -0.173057 0.194732 0.964125 -0.167452 0.132491 0.164411
-0.30294 -0.0368881 0.0710649 0.981916 -0.0622595 -0.119412 0.0191747
0.117585 -0.036467 0.0736712 0.950365 -0.0567746 0.0381252 -0.00494636
0.0621723 -0.020684 0.0100814 0.978036 -0.0968182 0.122887 0.0651953
0.0205753 -0.0534314 0.0359511 0.980285 -0.0998813 0.121667 0.0787768
-0.167756 -0.158398 0.201383 0.960367 -0.146789 -0.105536 0.0357325
0.20486 -0.129432 0.148452 0.943214 -0.120538 0.260152 0.158703
-0.159483 0.263345 -0.120679 0.990222 -0.00217236 -0.0480054 -0.0323313
-0.667408 -0.177365 0.330959 0.958888 -0.109381 0.127616 0.172093
0.25512 -0.0690372 0.125244 0.911711 -0.0703217 0.297518 0.118021
-0.21611 -0.168103 0.229801 0.960614 -0.153382 -0.100473 0.0444226
0.146155 -0.060902 0.124586 0.944753 -0.0593463 0.202255 0.0777295
-0.284144 -0.160592 0.2446 0.971435 -0.150084 -0.110432 0.0487086
-0.665794 -0.180442 0.320499 0.956932 -0.101559 0.160994 0.186641
0.798186 -0.443427 0.0614104 0.947673 -0.27276 -0.138201 -0.0953678
0.250068 0.131305 -0.0585934 0.974158 -0.0570867 0.215664 0.0660361
0.178066 -0.0588821 0.134109 0.928441 -0.0583807 0.235936 0.0879122
-0.415758 -0.218927 0.302275 0.976012 -0.130275 0.0405008 0.124938
-0.656959 -0.18222 0.33981 0.964625 -0.127628 0.100248 0.162807
-0.00669764 -0.155201 0.189605 0.958278 -0.154249 0.17693 0.169246
0.165767 -0.0381218 0.194971 0.895428 -0.0361699 0.337764 0.127568
-0.058989 -0.078258 0.0929563 0.972911 -0.0986143 -0.120995 0.00557712
-0.182399 -0.169359 0.223368 0.959784 -0.153674 -0.110121 0.0393603
0.227182 -0.0925442 0.201459 0.90935 -0.072088 0.361369 0.162549
-0.458199 -0.142775 0.218547 0.974267 -0.0988856 -0.0520234 0.0662779
-0.0726954 0.00355543 0.0281916 0.993132 -0.0536127 0.0227488 0.0105709
-0.334603 -0.0522818 0.0812585 0.977289 -0.0597025 -0.0938883 0.0362523
0.845981 -0.402078 0.059649 0.939119 -0.261946 -0.182365 -0.116434
-0.0573622 -0.18989 0.213012 0.964732 -0.17937 0.105513 0.167503
0.285454 -0.0533227 0.183247 0.913835 -0.0534758 0.372365 0.157306
-0.155899 -0.117164 0.150241 0.973357 -0.113583 -0.150465 0.0282282
0.2857 -0.181314 0.00441693 0.975277 -0.123867 0.100233 0.062421
-0.711939 -0.18078 0.3262 0.956765 -0.102597 0.168938 0.193857
0.81108 -0.43253 0.0636014 0.946384 -0.272332 -0.150377 -0.100276
-0.296569 -0.0458191 0.0768409 0.980967 -0.0695569 -0.126276 0.0210201
-0.0563957 -0.0824654 0.0955518 0.970851 -0.103071 -0.121653 0.0060797
0.15005 -0.124984 0.167385 0.948192 -0.122577 0.254517 0.159005
0.332651 -0.14619 0.103815 0.943942 -0.144622 0.209525 0.110358
-0.464438 -0.175162 0.257223 0.972379 -0.117705 -0.0397157 0.0761172
0.236675 0.119238 -0.0321517 0.968652 -0.0544507 0.230258 0.0748579
0.11866 -0.0948337 0.0552731 0.96029 -0.0883043 0.0630232 0.00878113
0.22674 -0.0911144 0.196019 0.91469 -0.0759254 0.351882 0.158969
0.289643 0.112191 -0.126326 0.97534 -0.0929291 0.198371 0.0768262
-0.381422 -0.138842 0.192678 0.974867 -0.0981553 -0.0670133 0.0629042
-0.269623 -0.155827 0.236532 0.970616 -0.146465 -0.117438 0.0460924
0.820007 -0.434973 0.0668733 0.939957 -0.276849 -0.144672 -0.100075
0.227843 0.18466 -0.138267 0.965982 -0.106077 0.229584 0.089637
-0.203701 -0.164968 0.216512 0.961884 -0.151081 -0.0996922 0.0414322
0.111902 -0.0233433 -0.0181493 0.980281 -0.090562 0.107094 0.0478749
0.234386 -0.0621102 0.0930992 0.934032 -0.0723063 0.232259 0.0850039
0.188324 -0.108864 0.209799 0.922182 -0.0806994 0.33616 0.161975
0.237602 -0.0394818 -0.0587812 0.98946 -0.0634989 0.111979 0.0494813
0.134846 -0.04107 0.0670697 0.952539 -0.0606024 0.0348308 -0.00698021
0.266589 -0.0783808 0.0949262 0.928009 -0.0805931 0.253133 0.0987442
0.812721 -0.437241 0.0588884 0.940015 -0.276125 -0.133439 -0.0965227
-0.445975 -0.201952 0.287844 0.973007 -0.12045 0.0440304 0.116628
0.283455 -0.121783 0.130069 0.921842 -0.0924328 0.322456 0.171509
-0.212043 -0.134679 0.206891 0.953659 -0.155696 0.0382498 0.122172
-0.162002 -0.105359 0.12469 0.978162 -0.099663 -0.106644 0.0317303
0.00587911 -0.0640168 0.040074 0.982868 -0.098983 0.111623 0.0756213
-0.177554 -0.00468713 0.0141762 0.997509 -0.0562889 -0.0379678 -0.000662931
0.125637 0.217626 -0.0982754 0.963028 -0.0744827 0.232568 0.0827308
0.862942 -0.373856 0.0530193 0.932116 -0.245583 -0.20762 -0.128269
-0.240231 -0.157859 0.228912 0.970718 -0.146865 -0.121086 0.0428886
0.597958 -0.108658 -0.083467 0.965712 -0.030232 0.174244 0.151969
-0.0184494 0.0205439 0.132708 0.941415 -0.0430634 0.250466 0.102123
-0.181106 -0.108787 0.13782 0.975627 -0.116938 -0.0804007 0.0262155
0.564866 -0.115287 -0.0671553 0.963718 -0.0308908 0.157131 0.155579
-0.37754 -0.184285 0.270655 0.971234 -0.131724 -0.0249857 0.0916082
0.279228 -0.160655 -0.00387762 0.976115 -0.115243 0.106596 0.0627683
0.275883 0.139228 -0.138651 0.972289 -0.101075 0.207426 0.0816709
-0.226887 -0.166727 0.225334 0.963253 -0.152392 -0.0989675 0.04393
-0.194911 -0.125726 0.156782 0.974772 -0.116155 -0.102462 0.036901
0.530822 -0.103246 -0.104289 0.985097 -0.0440186 0.123807 0.0995986
0.559409 -0.281395 -0.0480118 0.956482 -0.159212 0.000130148 -0.00316497
0.0506511 0.281772 -0.129323 0.970689 -0.0328759 0.127233 0.0267378
0.354636 -0.0708286 -0.0867756 0.99075 -0.0554707 0.115777 0.0644081
0.147222 -0.033743 0.186384 0.903134 -0.0360099 0.319292 0.11957
-0.0655788 -0.00212567 0.0292795 0.972201 -0.067883 -0.0551325 -0.00462712
-0.0547671 -0.0428599 0.0493524 0.982681 -0.0949483 0.0906939 0.0658884
-0.267459 -0.160721 0.210899 0.969263 -0.137216 -0.0765627 0.0514289
-0.472209 -0.202213 0.295376 0.972807 -0.117412 0.0549635 0.122734
0.218128 0.0915786 0.0420357 0.958262 -0.0486296 0.268658 0.0933854
-0.0529049 -0.190235 0.209721 0.965435 -0.17598 0.110446 0.165616
-0.0918179 -0.0923522 0.085785 0.982612 -0.0994776 0.0996338 0.0826351
0.308783 0.107665 -0.105309 0.97911 -0.0696354 0.193276 0.0619253
-0.213415 -0.129617 0.201929 0.954025 -0.153705 0.0351704 0.11838
0.484374 -0.113357 -0.030342 0.955594 -0.0303414 0.174124 0.156619
0.871741 -0.252233 0.028581 0.923991 -0.168093 -0.259777 -0.132592
-0.298287 -0.035401 0.059702 0.981098 -0.0623646 -0.123788 0.0199722
0.427453 -0.252066 -0.0149693 0.952536 -0.161768 0.0214914 -0.0108953
0.810597 -0.208147 0.0166774 0.911344 -0.137056 -0.231846 -0.109035
-0.24257 -0.138465 0.188312 0.967661 -0.125477 -0.0926192 0.0428038
0.00277473 -0.155158 0.185578 0.959226 -0.155534 0.173141 0.167766
-0.337154 -0.0841169 0.120384 0.9765 -0.073135 -0.0866429 0.0465439
0.242027 -0.125506 0.153697 0.938764 -0.113964 0.288148 0.158774
-0.130997 -0.0522447 0.0778954 0.976609 -0.105466 -0.022318 0.0209782
-0.248794 -0.0587958 0.0839995 0.978733 -0.0785147 -0.133973 0.0219893
-0.188184 -0.0710702 0.099047 0.983848 -0.097106 -0.0628595 0.0182276
0.0240202 0.0576029 -0.0201025 0.979201 -0.0451126 -0.0463016 -0.0160665
0.183897 -0.0734928 0.21028 0.893768 -0.0577842 0.36449 0.161502
0.130992 -0.0510141 0.0636248 0.954807 -0.0689096 0.0537818 -0.000185803
0.156998 -0.0156296 0.0474516 0.955131 -0.0604914 0.0278208 -0.0134809
-0.167263 -0.170948 0.229351 0.959143 -0.174189 0.0774017 0.159439
-0.414235 -0.167117 0.240571 0.971177 -0.120664 -0.0556292 0.0693072
0.150826 0.192644 -0.100321 0.960904 -0.0901026 0.238616 0.0916252
0.0929238 -0.0948841 0.0603981 0.959587 -0.0876201 0.0679659 0.0133491
-0.0579888 -0.0175535 0.0304627 0.984588 -0.0930728 0.0691753 0.0463102
-0.0999193 -0.0875766 0.111163 0.961134 -0.108339 -0.0849517 0.0135315
0.0318699 -0.0587737 0.155912 0.938982 -0.0789745 0.252788 0.130061
-0.267985 -0.156586 0.237361 0.970311 -0.147747 -0.116905 0.0458715
-0.302169 -0.166776 0.225457 0.970431 -0.137499 -0.0719576 0.0555186
-0.109007 -0.0158468 0.0853314 0.992297 -0.0472834 0.0545239 0.0140314
0.468576 -0.112443 -0.0317064 0.959318 -0.0298027 0.148817 0.147055
0.522718 -0.117508 -0.0498723 0.9591 -0.0318451 0.172806 0.160251
0.214923 0.0587661 0.0889887 0.949809 -0.0459269 0.290991 0.10515
0.613418 -0.107653 -0.114158 0.980633 -0.0386722 0.130274 0.117589
-0.453851 -0.136691 0.208361 0.974674 -0.0939464 -0.0513105 0.065991
-0.507542 -0.169606 0.307384 0.966059 -0.13529 0.00332555 0.104051
0.26637 -0.08057 0.201123 0.89628 -0.0588266 0.388656 0.170112
0.79746 -0.437956 0.0520681 0.936657 -0.272165 -0.111018 -0.0869301
-0.334591 -0.160233 0.260929 0.964056 -0.145375 -0.0953804 0.0561488
0.250982 -0.111885 0.133519 0.94157 -0.114797 0.275763 0.150259
-0.209575 -0.126351 0.159458 0.974421 -0.115886 -0.0994751 0.0369381
0.26866 -0.0373216 0.166483 0.919212 -0.0533185 0.357578 0.150446
-0.0114144 -0.00731317 0.153884 0.938243 -0.0502493 0.259672 0.111711
-0.219208 -0.0945378 0.139751 0.976724 -0.100312 0.107372 0.100686
0.268392 -0.0433939 -0.0671005 0.988899 -0.0626316 0.112946 0.0489596
-0.414193 -0.145252 0.209806 0.976433 -0.10203 -0.0641775 0.0651349
0.304836 -0.194698 -0.00646774 0.974728 -0.129633 0.0840292 0.0501622
0.300274 -0.116207 0.164361 0.912672 -0.0909929 0.362791 0.17512
0.156723 -0.126115 0.172289 0.945392 -0.117826 0.266048 0.159974
-0.188534 -0.074967 0.113555 0.980983 -0.107567 -0.0523981 0.0210568
0.210652 0.191803 -0.117467 0.961584 -0.100635 0.244222 0.094293
0.59679 -0.149557 -0.108218 0.990837 -0.0799025 0.027344 0.0477688
-0.0594611 -0.0834199 0.0689296 0.983737 -0.0982073 0.100417 0.0767115
-0.272571 -0.15942 0.242376 0.970423 -0.149815 -0.114793 0.0466074
0.218485 0.0271518 0.114846 0.942034 -0.0499566 0.305819 0.116533
0.537121 -0.276409 -0.0578725 0.973819 -0.152049 0.0165279 0.00479746
-0.0626624 -0.0224502 0.0371339 0.983873 -0.0956173 0.0755463 0.0531711
-0.129353 -0.136275 0.150407 0.970484 -0.135321 -0.101321 0.0223986
-0.21271 -0.170433 0.217032 0.965089 -0.150984 -0.0897384 0.0453221
-0.7058 -0.174668 0.323191 0.952745 -0.0953113 0.172828 0.192434
-0.323562 -0.0128609 0.053888 0.983986 -0.0430903 -0.0984437 0.0179528
-0.0593609 -0.0128006 0.0275919 0.985249 -0.0905216 0.0654807 0.0407309
-0.359393 -0.159368 0.230676 0.969474 -0.126577 -0.0669246 0.0596281
0.11709 -0.0866041 0.0429458 0.959453 -0.0894501 0.0715222 0.0121727
0.515913 -0.283703 0.104606 0.934507 -0.211523 0.0669227 0.0285513
-0.153531 -0.0923805 0.115165 0.979795 -0.0967643 0.106131 0.0910095
0.174523 -0.13558 0.147711 0.945336 -0.126817 0.244012 0.15969
0.179305 -0.0435025 0.160899 0.910059 -0.0497947 0.311541 0.119678
-0.139136 -0.0574766 0.0889538 0.973981 -0.115192 0.0117873 0.050467
-0.22023 -0.168056 0.224674 0.963053 -0.152898 -0.0980705 0.0439924
0.0240816 0.048015 -0.012664 0.978758 -0.0455708 -0.0519058 -0.0160457
-0.175956 -0.104639 0.130635 0.976332 -0.114963 -0.0770409 0.0254741
0.220378 -0.0979271 0.203855 0.914883 -0.0772997 0.351387 0.161249
0.240356 -0.125634 0.149458 0.929828 -0.106455 0.300584 0.167839
-0.141818 -0.0519309 0.0804727 0.980354 -0.103787 -0.0285376 0.0169731
0.00344479 -0.159644 0.184193 0.961161 -0.160489 0.159493 0.166425
-0.163631 0.00456824 0.0411198 0.989981 -0.0512578 -0.0307533 0.0011407
0.216658 -0.0799867 0.199882 0.906465 -0.0653023 0.363228 0.159505
0.0550274 -0.0232314 0.0127459 0.977762 -0.0970249 0.122273 0.0673213
-0.198952 0.0561019 -0.0172457 0.996449 -0.0529465 -0.0337485 -0.010422
0.247611 -0.138648 0.0100448 0.959393 -0.116705 0.053672 0.00298685
0.592932 -0.272625 -0.0439407 0.950525 -0.156644 -0.0238793 -0.0146948
0.34182 -0.214851 -0.0101716 0.96396 -0.146522 0.0464346 0.0114531
0.331126 -0.144648 -0.0334166 0.973424 -0.100517 0.125289 0.0596228
0.193132 -0.0325851 0.166992 0.901059 -0.0464562 0.328437 0.124034
0.308915 -0.115695 0.10918 0.912041 -0.0771335 0.339602 0.178089
0.00680193 0.0604732 -0.0297067 0.9829 -0.0527096 -0.0242632 -0.0116968
-0.0553973 -0.0890792 0.101984 0.970213 -0.107353 -0.123953 0.00653429
-0.378999 -0.125214 0.176296 0.975953 -0.0907734 -0.0701049 0.0607555
-0.444895 -0.132875 0.200078 0.975372 -0.092303 -0.0560378 0.0654189
0.310839 -0.19457 -0.0122725 0.971009 -0.132382 0.0673352 0.0320076
0.116049 -0.0201023 0.162504 0.915565 -0.039986 0.2919 0.109553
-0.0483122 -0.0235756 0.0360319 0.983473 -0.095084 0.0875429 0.060379
-0.522299 -0.202843 0.313533 0.969249 -0.116822 0.0937017 0.149688
-0.347014 -0.0915072 0.130214 0.975664 -0.0769743 -0.0835246 0.0493457
-0.474582 -0.168724 0.252692 0.972901 -0.115555 -0.0434807 0.0741504
-0.229584 -0.0930028 0.142938 0.976409 -0.0989662 0.107326 0.10018
-0.365696 -0.184088 0.266339 0.9711 -0.131592 -0.0255133 0.0903142
0.300082 0.113667 -0.0936894 0.978418 -0.0672024 0.198354 0.0621135
0.427298 -0.254333 -0.0119138 0.95062 -0.162184 0.0205208 -0.0114383
-0.11648 -0.192809 0.23584 0.959899 -0.183003 0.0926284 0.172957
0.237123 -0.126238 0.153504 0.939107 -0.115919 0.283896 0.158518
-0.148266 0.272017 -0.125007 0.989478 -0.00340623 -0.0412939 -0.0307828
-0.180115 -0.134013 0.172164 0.966452 -0.127065 -0.0982535 0.0339629
-0.202046 -0.107231 0.143652 0.975812 -0.107169 -0.137685 0.0289137
0.198027 -0.0891801 0.219969 0.908102 -0.0623781 0.36648 0.162972
0.179131 -0.134491 0.152229 0.944106 -0.125794 0.250835 0.161166
0.0658777 0.0755438 -0.00164235 0.959109 -0.0758252 0.192479 0.079047
-0.604878 -0.177645 0.329837 0.965844 -0.129909 0.074064 0.146913
0.792111 -0.445861 0.0610105 0.945885 -0.273218 -0.133843 -0.0940838
-0.175748 -0.139913 0.174844 0.968136 -0.136736 -0.0906269 0.0301382
0.0935797 0.129025 -0.047869 0.956256 -0.0812304 0.210726 0.0826822
-0.0868316 -0.0494387 0.0633661 0.982959 -0.0961105 0.086639 0.0668521
0.665688 -0.367422 0.0759285 0.925011 -0.246131 -0.0374191 -0.0375319
0.518609 -0.108542 -0.047548 0.956965 -0.0286801 0.183606 0.159465
0.201163 -0.019891 -0.0512266 0.985527 -0.0795409 0.114521 0.0471764
-0.147376 -0.0786784 0.105638 0.980497 -0.0928122 0.104851 0.0837338
-0.0597184 -0.111656 0.123773 0.967956 -0.119283 -0.125671 0.0122906
-0.185794 -0.171034 0.227471 0.959972 -0.155255 -0.110244 0.0402679
0.547124 -0.289182 -0.0546605 0.966768 -0.159518 0.0147402 0.00177774
0.279335 -0.13215 -0.0196026 0.978799 -0.100129 0.117063 0.0637383
-0.147413 -0.184665 0.238314 0.958026 -0.180223 0.0845749 0.168882
0.248399 -0.112422 0.145739 0.930379 -0.106301 0.303324 0.158275
0.135712 -0.0364718 0.0683165 0.950504 -0.0581533 0.0351041 -0.00672773
0.0303199 -0.0451945 0.161946 0.937698 -0.0673357 0.261782 0.124369
-0.186072 0.00385727 0.0509174 0.990308 -0.0488034 -0.0250223 0.00220518
-0.180167 -0.0751092 0.123401 0.970863 -0.126963 0.0315128 0.080223
0.404648 -0.244391 -0.0123409 0.954164 -0.159037 0.0257298 -0.00778418
0.237084 -0.115664 0.123227 0.935729 -0.111357 0.273003 0.14946
0.223234 -0.0969989 0.199416 0.915624 -0.0780242 0.349535 0.160013
-0.141631 -0.0668318 0.0847801 0.976768 -0.095599 -0.0862724 0.0123251
-0.0780966 -0.0983655 0.111069 0.967702 -0.117292 -0.119625 0.00639601
0.357212 -0.0695588 -0.0917169 0.989162 -0.058697 0.118341 0.0674763
0.623799 -0.134421 -0.108986 0.987844 -0.0632894 0.0579693 0.0750221
-0.135998 -0.0465252 0.0737874 0.977217 -0.105934 -0.00908991 0.0283372
0.0443749 -0.0213826 0.141459 0.938557 -0.0544835 0.256268 0.109426
0.212539 0.0541791 0.0947295 0.947095 -0.0467359 0.293805 0.10696
-0.199395 -0.0951701 0.126007 0.97545 -0.100987 -0.144273 0.0263435
-0.00936339 0.0374983 -0.00116228 0.976915 -0.0450994 -0.0574679 -0.0127382
-0.184438 -0.0998154 0.130655 0.976743 -0.10137 -0.133372 0.0263618
-0.0999543 -0.0170963 0.0850448 0.99143 -0.0477106 0.0573973 0.0136749
0.415198 -0.248231 -0.00872932 0.949941 -0.159745 0.0228547 -0.0105743
0.816264 -0.432194 0.0650334 0.937727 -0.27622 -0.14178 -0.0992685
-0.21204 -0.0805313 0.118366 0.983122 -0.103043 -0.0648985 0.0225904
-0.226692 -0.161929 0.214462 0.963457 -0.148547 -0.0942598 0.0425146
0.792137 -0.444516 0.0623208 0.945234 -0.273931 -0.134295 -0.094336
0.798532 -0.441507 0.061223 0.948312 -0.272654 -0.139466 -0.095711
0.293984 -0.129329 -0.0132285 0.97204 -0.0961422 0.140739 0.0753865
-0.138514 -0.187561 0.238287 0.958902 -0.180839 0.0882213 0.170534
-0.187688 -0.109053 0.142778 0.976395 -0.107533 -0.133843 0.0294643
0.0628395 -0.0226247 0.00774478 0.979333 -0.0958495 0.121882 0.0658229
-0.271851 -0.160412 0.24137 0.971057 -0.149767 -0.112996 0.0473577
-0.169187 -0.0103336 0.0166465 0.997535 -0.0543271 -0.0400182 0.000170126
0.527601 -0.108465 -0.0522426 0.956398 -0.0285607 0.190218 0.162648
-0.500437 -0.200664 0.304058 0.971328 -0.118311 0.0678864 0.132324
-0.18902 -0.0737277 0.107209 0.983674 -0.099563 -0.057125 0.0200271
0.0418759 0.0137745 0.0490198 0.961878 -0.0767763 0.174211 0.0772213
0.214133 -0.125819 0.143478 0.939568 -0.118532 0.26723 0.160338
0.0311311 -0.067619 0.173593 0.933301 -0.0719018 0.26382 0.130815
0.107706 -0.00122988 0.119461 0.930297 -0.06664 0.273035 0.113666
-0.0783399 -0.0956055 0.0819456 0.982779 -0.101137 0.0973981 0.08357
0.0194741 -0.152553 0.184804 0.957658 -0.149702 0.186758 0.167677
-0.329295 -0.0359974 0.083595 0.982723 -0.0580148 -0.105598 0.0214315
-0.221304 -0.0863315 0.119115 0.97612 -0.0957093 -0.141806 0.0248395
-0.361732 -0.179993 0.263068 0.973122 -0.132968 -0.0444889 0.0790707
0.0881977 -0.139562 0.17542 0.953038 -0.135645 0.223776 0.164605
0.0274666 -0.0297127 0.153715 0.937829 -0.0546238 0.258906 0.113269
-0.0799966 -0.0112974 0.0817909 0.98863 -0.0457858 0.05982 0.0113568
0.24234 -0.0906499 0.191725 0.905616 -0.0744976 0.363646 0.166286
0.239302 -0.117812 0.0744077 0.950307 -0.107963 0.223959 0.125929
-0.207121 -0.0777047 0.117217 0.982683 -0.102043 -0.0576279 0.0222499
0.222373 0.0095495 0.12179 0.939338 -0.0529936 0.311595 0.123454
-0.0770888 0.00142899 0.041193 0.993377 -0.0522046 0.0323327 0.0115112
-0.173993 -0.0741108 0.0980186 0.981283 -0.0996654 -0.0676252 0.018889
-0.169655 -0.0917527 0.114551 0.979343 -0.108405 -0.0719401 0.022518
0.809703 -0.439884 0.0568747 0.940932 -0.275908 -0.129016 -0.0947461
0.119608 -0.0209194 -0.0243231 0.980945 -0.0901789 0.104385 0.0444031
-0.1954 0.0382803 -0.00955006 0.99699 -0.054641 -0.0353238 -0.00766466
0.244878 -0.06168 0.137018 0.906742 -0.0648833 0.310659 0.123144
0.191206 -0.0847715 0.220104 0.896231 -0.0659555 0.368218 0.164878
-0.0595196 -0.107861 0.120345 0.968312 -0.117452 -0.126312 0.0116716
-0.32583 -0.0399067 0.0860788 0.982444 -0.0607184 -0.10804 0.0220435
-0.0479118 -0.184768 0.204688 0.965617 -0.172983 0.116678 0.163902
0.802504 -0.439935 0.0657048 0.943425 -0.275378 -0.140069 -0.097082
0.297756 -0.11235 0.154389 0.910545 -0.0872243 0.362534 0.17681
-0.144189 -0.0767614 0.0967906 0.97572 -0.101194 -0.0914276 0.0135671
-0.105255 -0.0421541 0.0708064 0.965302 -0.0893661 -0.0647791 0.00369452
-0.154441 -0.0270541 0.031689 0.997205 -0.0531535 -0.0450306 0.00379748
0.0442722 -0.149973 0.18115 0.95674 -0.145629 0.197428 0.166528
-0.181122 -0.0216114 0.0663442 0.984885 -0.067035 -0.0485274 0.00941752
0.0415171 -0.0452588 0.157228 0.936925 -0.0702022 0.262692 0.125486
-0.33283 -0.0625409 0.0932134 0.977406 -0.0629691 -0.091033 0.0388455
0.636687 -0.121957 -0.0940672 0.982197 -0.0413908 0.0804577 0.111252
-0.453713 -0.180127 0.262338 0.972812 -0.122294 -0.0394886 0.076075
0.764858 -0.420339 0.0539693 0.92901 -0.263899 -0.0901719 -0.0745541
0.236927 -0.0202721 0.131771 0.932378 -0.0582959 0.324235 0.136027
0.307293 -0.109077 0.142776 0.908743 -0.0855829 0.361347 0.177284
-0.109252 -4.97162e-05 0.0654834 0.99463 -0.0453623 0.034334 0.00941865
0.0316759 -0.0591391 0.158611 0.938766 -0.0772171 0.253922 0.129305
0.00404081 -0.157095 0.18315 0.96069 -0.158434 0.164121 0.16665
0.076429 -0.0182532 0.00320692 0.978287 -0.0959806 0.122896 0.0629222
0.281325 0.128051 -0.134939 0.97335 -0.0988303 0.204057 0.08035
0.0647208 0.0435104 0.0221239 0.961073 -0.0735172 0.180617 0.0761793
-0.325481 -0.177832 0.267776 0.966088 -0.151395 -0.0766407 0.0619214
-0.131754 -0.16225 0.179062 0.967741 -0.146614 -0.100096 0.0280728
0.534389 -0.242732 -0.0709093 0.978019 -0.134512 0.0229608 0.0150793
-0.188727 -0.0422001 0.0802283 0.979984 -0.0800895 -0.0722623 0.0117503
0.215973 -0.0444896 0.144534 0.907519 -0.0577585 0.315199 0.122795
0.18633 -0.124847 0.188336 0.935963 -0.105073 0.299149 0.161895
0.17663 -0.061123 0.225786 0.892844 -0.041079 0.376148 0.155502
-0.317239 -0.000904552 0.0257138 0.983792 -0.0333939 -0.0964598 0.0169409
0.0109496 -0.0127512 0.154006 0.936621 -0.0536033 0.264808 0.114753
0.163993 -0.0683771 0.220141 0.892857 -0.0484619 0.365819 0.157921
-0.07115 -0.0756519 0.0936755 0.962559 -0.105409 -0.0826429 0.00675331
0.120926 0.161548 -0.0817514 0.957765 -0.0873829 0.218695 0.0847394
-0.351356 -0.155485 0.222068 0.969368 -0.122017 -0.0677307 0.0587462
-0.280608 -0.060479 0.0870318 0.980168 -0.0786804 -0.134964 0.0230398
0.255629 0.134308 -0.0678739 0.975355 -0.0585065 0.212763 0.0647087
0.297993 -0.10986 0.147886 0.90996 -0.086969 0.358745 0.176391
0.171431 0.0388113 0.0696888 0.930156 -0.0741544 0.284866 0.112528
-0.22173 -0.118645 0.190745 0.958285 -0.148177 0.0324496 0.110741
-0.349251 -0.159798 0.22842 0.969434 -0.127434 -0.066222 0.0592432
0.384819 -0.086721 -0.0935443 0.988965 -0.0541069 0.119714 0.0760061
-0.637593 -0.179975 0.335105 0.965295 -0.127867 0.0933647 0.158504
0.614433 -0.110717 -0.0930923 0.970119 -0.0323303 0.15927 0.142329
-0.325684 -0.030222 0.075379 0.982966 -0.0541171 -0.103545 0.0208917
-0.171423 -0.153058 0.194275 0.961287 -0.144848 -0.102053 0.0344524
0.270887 -0.122084 0.115933 0.928418 -0.089012 0.305207 0.170059
-0.301033 -0.167619 0.255625 0.970869 -0.151864 -0.101045 0.0522385
0.277847 -0.0421777 0.171701 0.918764 -0.0551764 0.360166 0.15129
-0.0881234 -0.0930725 0.0841844 0.982676 -0.100258 0.0968361 0.0825588
0.806603 -0.442868 0.0523002 0.941619 -0.275064 -0.120823 -0.0918139
-0.339009 -0.157747 0.226113 0.969372 -0.128955 -0.0684305 0.0575912
0.179213 -0.127646 0.178896 0.941207 -0.113512 0.281456 0.160818
-0.435273 -0.138937 0.204198 0.975991 -0.0960906 -0.0581333 0.0660461
0.235733 -0.0549239 0.147056 0.90325 -0.0594811 0.320222 0.125377
-0.180768 -0.127385 0.161931 0.96851 -0.13093 -0.0876577 0.0302947
-0.169188 -0.102691 0.123069 0.979059 -0.097646 -0.104614 0.0310959
0.212814 -0.12883 0.151663 0.94176 -0.120949 0.268456 0.159348
-0.103081 -0.112678 0.13519 0.967464 -0.12351 -0.123088 0.0101451
0.734575 -0.401764 0.059415 0.925636 -0.257303 -0.0701465 -0.0614947
0.0903972 -0.0392106 0.12757 0.956541 -0.0450568 0.178097 0.0664326
-0.104326 -0.0493143 0.0701185 0.982318 -0.0970486 0.0887988 0.0693652
0.0701508 -0.143415 0.17925 0.95373 -0.137861 0.217779 0.166143
0.193892 -0.0892623 0.216411 0.898428 -0.0701148 0.364137 0.165687
0.231956 -0.0938265 0.194685 0.905419 -0.0775933 0.360306 0.166855
0.370511 -0.0798524 -0.092982 0.988867 -0.055834 0.120518 0.0734901
0.7854 -0.430004 0.0535791 0.932057 -0.268755 -0.106162 -0.0833492
0.154628 -0.125785 0.170146 0.94656 -0.119995 0.261178 0.159523
0.2041 -0.0597301 0.118185 0.932444 -0.0641136 0.238973 0.0878852
0.00639324 -0.154396 0.188304 0.958134 -0.151765 0.181883 0.168199
-0.100601 -0.0917359 0.0884486 0.982323 -0.0997579 0.0981168 0.0833139
-0.464971 -0.134882 0.21008 0.975777 -0.0928007 -0.0516989 0.0654649
0.106391 -0.0459516 0.117146 0.954382 -0.0486452 0.173346 0.0652274
0.184253 -0.113051 0.202025 0.926598 -0.0866307 0.323767 0.162132
-0.145638 -0.0533363 0.0802589 0.982441 -0.101671 -0.0307262 0.0153725
-0.269493 -0.158136 0.240315 0.970332 -0.149401 -0.116472 0.0457674
0.206047 0.0710867 0.0709186 0.953063 -0.0465329 0.280738 0.100469
0.116311 0.00522466 0.113585 0.934418 -0.0510729 0.26119 0.0981544
0.0512842 -0.0703 0.143962 0.93956 -0.0879984 0.239825 0.129454
-0.104468 -0.0925984 0.0905727 0.982066 -0.099936 0.0995089 0.0844357
-0.459548 -0.163994 0.24272 0.974564 -0.114431 -0.0500217 0.0704967
0.461308 -0.111674 -0.0275708 0.957027 -0.0284793 0.16224 0.15161
0.557233 -0.107539 -0.0651478 0.958413 -0.0289909 0.191907 0.163402
0.298332 0.101889 -0.122299 0.976739 -0.0879403 0.194147 0.0733256
0.204646 0.110978 -0.0327173 0.948623 -0.0936949 0.256606 0.101829
0.190025 -0.0723049 0.211297 0.899275 -0.0564529 0.366503 0.158258
0.20429 0.127995 -0.0483096 0.951892 -0.0952792 0.258155 0.101777
0.150152 -0.046692 0.13051 0.934946 -0.0522468 0.213771 0.0778758
-0.142112 -0.0535297 0.0818609 0.975034 -0.109688 -0.00738128 0.0350895
-0.2244 -0.161725 0.22725 0.969181 -0.148303 -0.117986 0.0425367
-0.415653 -0.214029 0.287932 0.974436 -0.125347 0.0555413 0.12588
0.248922 -0.06656 0.0947607 0.930234 -0.075478 0.245875 0.0927511
0.123038 -0.0156315 0.165055 0.909214 -0.0405431 0.3042 0.114653
0.27655 -0.122054 0.127577 0.926026 -0.0941906 0.312595 0.169826
0.412531 -0.239763 -0.0108606 0.949297 -0.159886 0.0232422 -0.0120794
-0.0460603 -0.179969 0.200454 0.965259 -0.171037 0.121593 0.164059
-0.670832 -0.179255 0.329047 0.957926 -0.107083 0.13724 0.17624
0.388441 -0.234316 -0.00815031 0.955806 -0.158411 0.0268686 -0.00595553
0.109157 -0.096042 0.0582505 0.960021 -0.0882372 0.0649595 0.0104329
0.178904 -0.0653883 0.209451 0.891922 -0.0504653 0.360007 0.156591
-0.644053 -0.181917 0.326047 0.960103 -0.111135 0.130172 0.174375
-0.0634038 -0.0247914 0.0382659 0.983466 -0.0964458 0.074179 0.054183
0.00683471 -0.154909 0.182737 0.959953 -0.155822 0.170494 0.166684
0.0838653 -0.0887591 0.0539862 0.959913 -0.0883967 0.070394 0.0158281
-0.314832 -0.0550369 0.0981597 0.981609 -0.0727882 -0.119983 0.0236452
-0.178693 0.00147626 0.0559481 0.992235 -0.046243 -0.0169764 0.00354525
0.208368 0.138694 -0.0653995 0.953919 -0.0991868 0.254517 0.100651
-0.715784 -0.177022 0.324192 0.953957 -0.0969807 0.175279 0.194816
-0.366028 -0.125625 0.173024 0.975375 -0.0916296 -0.0706472 0.0602266
0.0500219 -0.0744841 0.153073 0.938046 -0.085528 0.246449 0.132185
0.306426 -0.114786 0.158402 0.911701 -0.0889055 0.364309 0.175903
-0.173951 -0.0803033 0.0879182 0.991972 -0.0777255 -0.0563811 0.0210301
-0.386655 -0.173954 0.246778 0.97152 -0.130877 -0.061287 0.0666003
-0.224815 -0.0896204 0.140091 0.975807 -0.0982084 0.112267 0.101617
-0.175905 -0.105066 0.12643 0.978722 -0.0995461 -0.0989807 0.0327554
-0.210332 -0.119503 0.150569 0.976937 -0.109321 -0.0984923 0.0383142
0.764188 -0.420676 0.0528657 0.929339 -0.263276 -0.0893092 -0.0741917
-0.185238 0.116955 -0.0509534 0.993052 -0.0447639 -0.0304674 -0.0173026
-0.159421 -0.116001 0.147099 0.974331 -0.110953 -0.145382 0.0283885
0.857062 -0.358551 0.0488199 0.929466 -0.237009 -0.21449 -0.129434
-0.0506247 -0.0834438 0.0963315 0.97208 -0.101124 -0.12225 0.0047306
-0.0293079 -0.164099 0.191094 0.961812 -0.163971 0.147987 0.167424
-0.187636 -0.14929 0.19132 0.971096 -0.139435 -0.11677 0.0343185
0.360948 -0.072439 -0.0929694 0.989157 -0.0575748 0.119613 0.069766
-0.105886 -0.0559594 0.0815824 0.965595 -0.0967391 -0.0715554 0.00753826
0.817557 -0.431704 0.0664417 0.937897 -0.276451 -0.144489 -0.100192
0.268971 -0.080687 0.0986737 0.924731 -0.0804293 0.260082 0.103002
0.124962 -0.040337 0.11114 0.955171 -0.0493653 0.178428 0.0669692
0.245527 -0.0215179 0.159827 0.92343 -0.0493955 0.344768 0.141206
-0.126119 -0.12012 0.133835 0.972807 -0.125905 -0.101912 0.019658
0.14226 -0.064251 0.133781 0.93762 -0.0580253 0.210424 0.0802629
0.815546 -0.434396 0.061785 0.938827 -0.276435 -0.137981 -0.0982248
-0.719599 -0.182077 0.328922 0.957759 -0.105566 0.16358 0.192825
0.855786 -0.370615 0.0511058 0.931128 -0.242803 -0.206198 -0.126514
-0.156424 -0.056635 0.0885102 0.976947 -0.0878375 -0.0852699 0.0107513
0.576033 -0.149957 -0.103458 0.989672 -0.083124 0.0261344 0.043048
0.283779 -0.0875997 0.188769 0.904117 -0.0714053 0.37899 0.170356
-0.293003 -0.0521358 0.0802874 0.979807 -0.0742285 -0.130085 0.0231668
-0.0379374 0.00210642 0.0684807 0.982363 -0.0442338 0.059585 0.00794723
-0.424544 -0.208221 0.285513 0.975288 -0.123873 0.0505598 0.122287
-0.193762 -0.108812 0.139651 0.977368 -0.10509 -0.125704 0.0310922
0.676172 -0.200052 -0.0271191 0.931624 -0.127392 -0.12355 -0.0539194
-0.37058 -0.120088 0.168709 0.976527 -0.0876032 -0.0734076 0.0578599
0.190971 -0.102986 0.218264 0.916801 -0.0720317 0.348951 0.161621
-0.148958 -0.105839 0.133398 0.973638 -0.106465 -0.148554 0.0255106
0.299439 -0.116131 0.0846142 0.918409 -0.0690777 0.314911 0.17609
0.292826 -0.116438 0.165435 0.915834 -0.0938633 0.355505 0.172796
0.200099 -0.128198 0.144178 0.9445 -0.121653 0.25435 0.156457
0.221778 -0.0947864 0.200111 0.910138 -0.0740159 0.359322 0.163557
-0.154717 -0.0643506 0.101899 0.978122 -0.0985968 0.105282 0.0872304
-0.422412 -0.198348 0.291748 0.974066 -0.129004 0.00651528 0.106904
0.0560939 -0.0624311 0.135019 0.940254 -0.0875105 0.237891 0.1265
0.0336492 0.00939207 0.0567087 0.971228 -0.0469034 0.0521906 0.000255329
0.667981 -0.189325 -0.0257779 0.930185 -0.122773 -0.126737 -0.0535499
-0.0393366 -0.0309606 0.0398091 0.98263 -0.0947482 0.0948632 0.0653568
-0.206973 -0.0776508 0.112936 0.983502 -0.101711 -0.0630405 0.0213263
0.231539 -0.00618726 0.131293 0.935281 -0.0543049 0.320527 0.130024
-0.206424 -0.083542 0.120156 0.982313 -0.10401 -0.0665621 0.023676
-0.410528 -0.171346 0.245918 0.970455 -0.125586 -0.0573938 0.0688195
0.617463 -0.11772 -0.0895868 0.97901 -0.0371639 0.0944146 0.122751
0.0567807 -0.0683994 0.155763 0.935238 -0.0796292 0.254447 0.129729
-0.00239037 -0.154332 0.189211 0.957905 -0.152497 0.180423 0.16902
0.218329 0.0390176 0.109168 0.944212 -0.0478411 0.302408 0.112246
-0.192358 -0.164021 0.217375 0.961704 -0.149828 -0.108698 0.0401696
0.304811 -0.113177 0.156624 0.910926 -0.0876161 0.36476 0.176678
-0.430512 -0.169017 0.244987 0.971311 -0.118902 -0.0497664 0.0719122
0.177455 -0.0586428 0.219236 0.894657 -0.0407265 0.369713 0.153782
-0.147913 -0.0229323 0.0248806 0.997503 -0.0540657 -0.0413116 0.0026318
0.544191 -0.108276 -0.0607745 0.957751 -0.0291648 0.194055 0.164426
-0.158431 0.268741 -0.121271 0.992703 0.000997502 -0.048354 -0.0322197
-0.0667797 -0.00458376 0.0783332 0.984315 -0.0437209 0.0598375 0.00957988
0.16933 -0.0629019 0.215947 0.892094 -0.0456734 0.364437 0.155853
-0.270409 -0.0579363 0.0814258 0.980276 -0.0773463 -0.135656 0.0220785
0.53772 -0.108306 -0.0564512 0.957053 -0.0290083 0.191826 0.163198
-0.303748 -0.168379 0.230087 0.978136 -0.125588 -0.0568218 0.0643203
-0.0911996 -0.0990405 0.0895546 0.982651 -0.101594 0.0969277 0.0841024
-0.0680921 -0.0172003 0.0418715 0.97041 -0.0744682 -0.0548157 -0.00294626
0.552761 -0.313391 0.102493 0.931462 -0.224064 0.0315507 0.00897797
0.387102 -0.21747 -0.0101617 0.950893 -0.155813 0.0263988 -0.0118342
-0.12734 -0.043376 0.0679082 0.977532 -0.103963 -0.0129338 0.0232298
-0.232964 -0.134564 0.178841 0.970301 -0.122532 -0.0914483 0.0409199
-0.449935 -0.134066 0.204799 0.975643 -0.0933102 -0.0530856 0.0645066
0.103712 -0.135325 0.171844 0.952406 -0.133193 0.229281 0.16278
0.0909552 -0.0453404 0.071044 0.955691 -0.0639953 0.0645823 0.00525581
-0.383939 -0.174206 0.285869 0.960536 -0.148083 -0.0584083 0.0711667
0.0832676 -0.0142226 0.0849406 0.954929 -0.0648455 0.175231 0.0687136
0.163992 -0.0308263 0.0510498 0.953357 -0.0633227 0.0286774 -0.0119034
-0.309856 0.00848575 0.0163799 0.985373 -0.0274811 -0.0944899 0.0133197
0.174545 -0.057514 0.219397 0.895167 -0.0402121 0.369248 0.153089
-0.351369 -0.0940441 0.134611 0.975402 -0.0782897 -0.083713 0.050964
0.115631 -0.016066 -0.00875066 0.977965 -0.096016 0.126824 0.0593083
-0.0480397 -0.168446 0.197645 0.961736 -0.165438 0.143334 0.168514
-0.141889 -0.103693 0.135979 0.961434 -0.115446 -0.0871429 0.0242182
0.468464 -0.110471 -0.0322265 0.959315 -0.0291156 0.14997 0.147264
-0.18511 -0.168827 0.222907 0.959796 -0.155628 -0.106809 0.0387491
0.871722 -0.269583 0.032859 0.923327 -0.182582 -0.257359 -0.136258
0.262258 -0.108062 0.10589 0.945157 -0.124284 0.241847 0.132288
0.0609503 -0.145917 0.181514 0.954472 -0.139637 0.213159 0.166572
0.172788 -0.0684846 0.220041 0.893275 -0.0484171 0.36864 0.15806
0.462548 -0.111953 -0.0277827 0.956513 -0.0276 0.169774 0.155796
-0.0256781 0.017467 0.00998655 0.977528 -0.0543013 -0.0579537 -0.00880242
0.234659 -0.124042 0.148816 0.932572 -0.111056 0.292484 0.164772
-0.719017 -0.188773 0.340621 0.961568 -0.117173 0.144691 0.188249
-0.162939 -0.0629213 0.104964 0.977184 -0.0988276 0.111122 0.0913386
0.633555 -0.109698 -0.109137 0.976768 -0.0356773 0.135497 0.127747
0.602075 -0.106377 -0.113739 0.981097 -0.0400772 0.131445 0.114136
0.181058 -0.0685236 0.207177 0.894039 -0.0538959 0.360816 0.15931
0.283021 -0.0833426 0.186329 0.914494 -0.0755161 0.366107 0.164009
-0.146704 -0.053828 0.0817718 0.981729 -0.101721 -0.0331858 0.0156562
0.247683 -0.0376695 -0.0630246 0.989877 -0.0615764 0.113867 0.0492736
-0.454015 -0.133951 0.205802 0.975495 -0.0925173 -0.0515005 0.0653958
-0.203551 -0.162878 0.21825 0.962405 -0.149904 -0.105816 0.041646
-0.271516 -0.160048 0.242236 0.970484 -0.14976 -0.113457 0.0472918
0.219192 -0.0806665 0.203044 0.905866 -0.0634488 0.366646 0.160039
0.058065 -0.147487 0.180871 0.955504 -0.142025 0.206949 0.166223
0.212124 0.0817253 0.0597133 0.955445 -0.046905 0.276094 0.0970801
0.215394 -0.0240816 -0.0529202 0.986634 -0.0741854 0.116182 0.0508049
0.85552 -0.39152 0.0550114 0.937374 -0.256093 -0.193575 -0.122325
-0.238664 -0.0764321 0.108589 0.976993 -0.0909016 -0.139644 0.0242806
-0.169219 0.204354 -0.0922194 0.991532 -0.0221406 -0.0369489 -0.027351
-0.104416 -0.192791 0.233118 0.961077 -0.183715 0.0943077 0.173515
-0.217641 -0.161721 0.222008 0.959545 -0.149713 -0.101969 0.0429572
-0.16747 -0.0749829 0.111966 0.977976 -0.102909 0.102628 0.091281
0.0601857 0.039752 0.0249522 0.960249 -0.0799681 0.185595 0.0819114
0.275412 0.1264 -0.0766126 0.976418 -0.0618836 0.207316 0.0635556
-0.489748 -0.200455 0.299186 0.972643 -0.11693 0.0629425 0.128406
-0.298842 -0.0476513 0.0856879 0.981628 -0.0673852 -0.118906 0.0213277
0.259708 -0.0721255 0.112526 0.91643 -0.0733809 0.28074 0.110785
-0.410565 -0.163357 0.280567 0.962544 -0.140053 -0.0482934 0.0761508
-0.447299 -0.175809 0.25591 0.972611 -0.120578 -0.0423134 0.0750994
