-9.45315 0.614516 -8.16385 0.835286 -0.107795 -0.540415 0.0717722
-10.442 1.19597 45.3957 0.430201 -0.0953923 -0.893802 0.109093
22.3765 -0.797327 -14.091 0.930574 -0.300285 0.191804 -0.0571748
13.139 -0.28645 -10.8947 0.951244 -0.0930887 0.173238 -0.0370928
15.5258 0.000578739 49.7066 0.173869 -0.0572612 0.172409 -0.0531284
17.2889 -0.404882 -0.894705 0.783955 -0.0413333 0.493263 -0.0301793
34.9932 -0.808729 51.5325 0.281218 -0.0534952 0.948433 -0.136267
35.4695 -0.9307 44.8905 0.379849 -0.0387129 0.903858 -0.185345
19.1508 -0.630966 -15.1766 0.945728 -0.242134 0.212176 -0.0541446
-0.505497 0.83191 55.0296 0.190657 -0.0586384 -0.970572 0.13881
-10.0303 0.981049 30.7281 0.439867 -0.11109 -0.882038 0.162036
1.12511 0.208864 -11.1809 0.93391 -0.15304 -0.319349 0.0470072
-9.71998 0.657646 -2.88119 0.776985 -0.131201 -0.576583 0.122022
-10.1688 1.0883 36.7508 0.356844 -0.0938843 -0.917948 0.140337
28.6598 -0.589603 46.8545 0.231806 -0.0420002 0.969526 -0.133479
8.06931 -0.18702 -9.13833 0.917149 -0.265331 -0.0225957 -0.0104354
-5.69962 0.530724 -5.34433 0.878873 -0.0990717 -0.4486 0.0399839
9.06972 -0.0448981 2.34475 0.723453 -0.11329 0.131723 -0.0186071
8.0564 -0.0833074 -13.1771 0.993435 -0.104305 -0.00695929 -0.00742119
16.8395 -0.42995 -9.24786 0.9168 -0.0500776 0.397527 -0.030439
22.09 -0.822633 -5.75795 0.793677 -0.296435 0.478175 -0.169019
-9.83837 0.816702 19.1303 0.627233 -0.125097 -0.76566 0.125412
-4.14888 0.393621 -10.1181 0.968494 -0.110568 -0.251666 0.0511816
19.4047 -0.531148 -5.15592 0.904001 -0.0791637 0.314281 -0.0405133
36.4521 -1.15671 24.6617 0.648656 -0.0555026 0.752899 -0.084265
-11.724 0.713934 -2.1317 0.802718 -0.102259 -0.599471 0.0833586
14.9175 -0.38552 -4.81822 0.881628 -0.18309 0.282314 -0.0541504
23.5478 -0.321862 50.5767 0.184066 -0.0742118 0.95582 -0.146228
5.96775 -0.000747908 -10.099 0.990116 -0.124232 -0.0825609 0.00275697
20.9441 -0.674975 -15.5562 0.977576 -0.148412 0.154446 0.043567
5.76946 0.56578 54.337 0.159789 -0.0794696 -0.952931 0.234273
37.798 -1.17575 26.579 0.462699 -0.0604834 0.860124 -0.157381
2.67461 0.148833 -0.288365 0.606858 -0.178761 -0.18108 0.0170441
37.3594 -1.36141 -0.681172 0.79105 -0.106163 0.577149 -0.0906781
9.62248 -0.130182 -11.9097 0.984322 -0.0924182 0.0467786 -0.00966876
34.969 -0.82501 48.2199 0.289482 -0.0229198 0.941329 -0.16316
0.628156 0.269118 -0.982537 0.817333 -0.181418 -0.361475 0.112528
16.6835 -0.494227 -16.1065 0.978049 -0.180627 0.11137 -0.00778326
-11.92 0.719777 -4.48615 0.834706 -0.0952249 -0.548263 0.0694156
-11.5811 0.785404 10.7347 0.628078 -0.140049 -0.752172 0.167719
20.9512 -0.467167 35.7976 0.398387 -0.0219954 0.666694 -0.083333
25.7191 -0.276194 54.9916 0.27892 -0.0116639 0.953953 -0.128559
-6.61302 0.815075 27.3075 0.631178 -0.0982115 -0.771912 0.0738018
3.46092 0.0736047 -12.4496 0.951061 -0.195779 -0.121431 0.0365424
38.3428 -1.41967 5.71599 0.822701 -0.0845509 0.549438 -0.0665193
20.7427 -0.0784209 55.2697 0.204126 -0.0121426 0.964855 -0.174932
-10.2752 0.72347 6.77562 0.712647 -0.10049 -0.698646 0.0874879
16.0918 -0.470208 -16.479 0.98268 -0.175692 0.084435 -0.00857142
23.8488 -0.829152 -14.5584 0.931782 -0.208889 0.279826 -0.0696802
-4.33415 0.723937 23.9619 0.403873 -0.0941019 -0.694736 0.147709
10.059 -0.162376 -13.1982 0.98485 -0.0820808 0.125633 -0.00883396
0.67618 0.269895 -6.76539 0.952635 -0.0608877 -0.13095 0.00204176
34.6392 -0.761654 52.6196 0.329646 -0.0618278 0.935875 -0.0937397
11.8427 -0.0996105 14.0183 0.602064 0.00974337 0.0652822 0.0268101
-10.8746 0.742009 17.1589 0.519961 -0.206238 -0.795974 0.276478
-11.8147 1.24942 45.8177 0.424862 -0.0857556 -0.898498 0.11637
8.76706 -0.150456 -9.01231 0.924607 -0.235755 -0.139521 0.0266687
5.90924 0.555647 54.0764 0.16543 -0.0835403 -0.955847 0.234635
30.8047 -0.506761 55.3894 0.331169 -0.00600896 0.940821 -0.0797446
-9.9855 0.637415 -3.09408 0.810511 -0.10081 -0.56404 0.0836511
16.6995 -0.420108 -11.5381 0.918768 -0.0732683 0.396154 0.0113919
36.8371 -1.1175 29.9743 0.541288 -0.0493713 0.823825 -0.122408
-7.12743 0.755885 20.1335 0.849651 -0.083692 -0.509867 0.0515201
0.974343 0.515237 22.3431 0.448752 -0.0982901 -0.638504 0.0882087
20.2133 -0.559112 -5.28629 0.885157 -0.0507022 0.432624 -0.059626
-0.519322 0.329353 -3.87354 0.927557 -0.0565007 -0.178286 0.00363169
21.0165 -0.672104 -10.3165 0.903961 -0.158048 0.366619 -0.0862148
36.2102 -1.3018 8.22722 0.865992 -0.0544343 0.447483 -0.0592571
8.49425 -0.0953903 -10.8225 0.930919 -0.16387 -0.043386 0.0283572
-10.6466 0.728178 5.90855 0.701765 -0.101716 -0.708019 0.093847
27.4511 -0.469813 52.2498 0.327593 0.00749833 0.896178 -0.14711
36.8159 -1.13109 28.909 0.585517 -0.0540158 0.796904 -0.113027
10.9006 -0.236928 -12.7221 0.966441 -0.186006 -0.0332006 -0.010343
28.5042 -0.430621 53.7722 0.303524 0.00617471 0.950316 -0.0728803
11.276 0.0826334 25.6168 0.448468 -0.03012 -0.389249 0.0602438
-3.08572 0.430318 -2.52371 0.918581 -0.0774715 -0.320924 0.0264308
6.26677 -0.0245135 -11.415 0.906961 -0.209817 -0.164653 0.0144489
-4.94124 0.507398 -3.34766 0.880703 -0.0864449 -0.449417 0.032534
-9.8927 1.17854 47.1773 0.397889 -0.084502 -0.910265 0.121405
-2.98429 0.918033 54.2994 0.200464 -0.0718008 -0.968585 0.123117
33.3161 -0.603462 56.5551 0.28701 0.000607351 0.951256 -0.106779
35.2361 -0.844502 49.3226 0.284817 -0.0327581 0.947192 -0.159173
19.4245 -0.613349 -10.2298 0.9243 -0.186812 0.319769 -0.0729104
5.83524 0.0129864 -12.1243 0.969273 -0.1281 -0.10842 0.0139728
14.2894 -0.381084 -16.731 0.986157 -0.157728 0.0583927 -0.00886457
-8.24159 0.614557 -6.85918 0.943817 -0.0688892 -0.323345 0.0313757
24.0866 -0.77973 -16.2123 0.923409 -0.134652 0.343739 -0.0103873
-7.43506 1.04831 42.6543 0.416149 -0.0780865 -0.883794 0.144457
0.997103 0.246485 -8.69426 0.870689 -0.156785 -0.354477 0.038279
11.2607 -0.114781 5.74843 0.683454 -0.105202 0.216554 -0.031385
-9.36936 1.04539 37.3986 0.356424 -0.0987427 -0.920613 0.152718
-11.1211 1.2137 45.5102 0.435979 -0.0896262 -0.889983 0.115504
10.9068 -0.370818 -17.1919 0.931767 -0.357228 0.0218104 0.00915165
18.9492 -0.601914 -15.6528 0.944394 -0.2102 0.250631 -0.0518257
18.0102 -0.535105 -15.1775 0.950643 -0.168012 0.256585 -0.0462715
1.56945 0.183439 -11.5225 0.929541 -0.154188 -0.336299 0.0518255
21.4238 -0.77098 -5.15005 0.79824 -0.281507 0.494921 -0.155409
-9.99388 0.48545 -8.88555 0.829954 -0.290603 -0.436288 0.185167
14.8895 -0.370876 -13.2962 0.943631 -0.105502 0.290175 -0.00402496
6.92633 -0.0231313 -12.236 0.982065 -0.099288 -0.0329845 -0.011819
13.9504 -0.447919 -3.41661 0.753345 -0.269002 0.352503 -0.0837912
-3.54398 0.394875 -0.74182 0.819746 -0.203625 -0.412497 0.146986
22.6103 -0.635953 -7.28138 0.881587 -0.0369933 0.463832 -0.0485063
-2.53769 0.362771 -9.99023 0.87007 -0.140609 -0.462 0.057623
-3.06206 0.347719 -11.4472 0.917232 -0.159595 -0.370003 0.059286
37.0033 -1.32198 -6.27863 0.927488 -0.0225474 0.374478 -0.0466382
20.8918 -0.664683 -15.4285 0.975815 -0.168051 0.103024 0.0248276
-1.22907 0.31442 -8.79095 0.955151 -0.0887192 -0.235676 0.023096
11.3431 -0.275127 -16.9595 0.990436 -0.15863 0.0080018 0.0111559
-8.24696 0.587356 -5.60938 0.845999 -0.103375 -0.523515 0.0619582
17.7943 -0.447287 -9.10183 0.917455 -0.0390518 0.38642 -0.0370043
1.48176 0.245608 -5.41882 0.943998 -0.0512648 -0.102531 -0.00137685
37.8174 -1.25042 15.9758 0.53511 -0.0658619 0.823056 -0.142131
-1.82569 0.353291 -9.3406 0.913224 -0.125547 -0.347979 0.0348416
7.78389 -0.0874706 -7.31912 0.829452 -0.228679 -0.0427645 0.00288984
11.2498 -0.240949 -16.1845 0.983302 -0.121511 0.103962 0.0375604
4.34788 0.148427 -1.52109 0.791444 -0.141774 -0.154074 0.0141237
1.04111 0.1709 -15.0709 0.972005 -0.146594 -0.184783 0.0434096
38.4046 -1.24497 24.9994 0.46566 -0.0802051 0.862907 -0.169849
35.1916 -1.24755 -6.841 0.936464 -0.0321021 0.346569 -0.0460801
3.98068 0.146187 -2.89415 0.846139 -0.127723 -0.0644235 0.0242271
5.93321 0.259059 21.3305 0.591014 -0.0922024 -0.33279 0.0880837
-5.57198 0.537204 -4.00534 0.86926 -0.096876 -0.447607 0.0420164
5.72011 0.0115678 -9.93907 0.988523 -0.12518 -0.0781444 0.0011161
37.0145 -1.11866 30.2978 0.475192 -0.0481106 0.858252 -0.152243
-5.72908 0.952625 43.3405 0.30255 -0.0635304 -0.841959 0.137564
23.2974 -0.736141 -16.2243 0.959162 -0.126215 0.255549 -0.0161285
27.8637 -0.781028 14.0431 0.74834 0.016934 0.46563 -0.0479129
8.61965 -0.0693923 -4.91497 0.867138 -0.0764206 0.245834 -0.00170727
-7.42102 0.56922 -5.78038 0.853108 -0.0963483 -0.518397 0.0597586
36.0405 -1.16918 20.8023 0.67126 -0.0286195 0.738161 -0.0393014
22.9635 -0.716801 -16.118 0.961138 -0.115778 0.253354 -0.00693206
37.9005 -1.21797 26.0145 0.500619 -0.091164 0.841591 -0.176821
37.34 -1.24664 24.6573 0.697448 -0.0894279 0.695388 -0.067279
-3.64928 0.377605 -2.09477 0.821708 -0.206174 -0.414609 0.147629
6.72997 -0.0129344 -5.07915 0.880476 -0.0636596 0.189479 0.010444
32.5116 -1.11172 11.0059 0.752888 -0.0762212 0.604649 -0.0812006
-10.7523 0.747848 7.61876 0.709761 -0.0974116 -0.701921 0.0823261
5.81868 0.547992 53.4692 0.202195 -0.0686972 -0.925779 0.190126
8.82689 -0.279463 -16.5936 0.927494 -0.350837 -0.0107285 0.0183935
7.53067 0.496219 53.8707 0.173975 -0.0826774 -0.951851 0.232939
-12.4692 0.78561 5.34055 0.743373 -0.119609 -0.650491 0.147094
32.8179 -0.766518 47.3769 0.294801 -0.0409325 0.939039 -0.187428
11.6463 -0.274772 -15.8406 0.973705 -0.174554 0.0873124 -0.00206584
-0.330992 0.315043 -6.30645 0.913371 -0.118869 -0.213765 0.0453644
-4.50656 0.474753 -5.10566 0.893382 -0.102035 -0.424857 0.0335712
23.5431 -0.732026 -3.82328 0.758101 -0.0764747 0.633581 -0.0922729
22.7469 -0.651171 -6.93002 0.880944 -0.0340907 0.46652 -0.0485263
10.4868 -0.122879 -6.45981 0.953838 -0.0477979 0.230457 -0.0183211
-5.81029 0.740379 24.0433 0.686975 -0.102552 -0.713285 0.0734121
-11.115 0.815703 14.0564 0.650552 -0.125175 -0.739472 0.134332
13.2883 -0.237919 -1.82943 0.818279 -0.110323 0.0987056 0.00833795
10.2783 -0.218336 -10.9245 0.953982 -0.215658 -0.101908 0.0101019
-4.83319 0.4889 -4.63878 0.880559 -0.110519 -0.439953 0.0397938
10.3449 -0.190892 -15.0192 0.996392 -0.100575 0.00095224 -0.00622198
0.90551 0.303094 -0.789882 0.936471 -0.0636774 -0.194142 0.0176725
20.9959 -0.685769 -10.1909 0.909062 -0.192833 0.360081 -0.083213
-11.1734 0.991605 29.4587 0.418996 -0.0871602 -0.884564 0.173564
-4.55342 0.487482 -5.52384 0.886913 -0.0996872 -0.429429 0.0411834
13.9175 -0.353103 -15.7159 0.973512 -0.120743 0.168077 0.0385872
16.3198 -0.401329 -12.015 0.921929 -0.0741303 0.389358 0.0118424
21.4055 -0.293158 45.9832 0.199667 -0.0415854 0.963065 -0.128655
23.7838 -0.759898 -15.9731 0.956896 -0.137778 0.256093 -0.0251896
-0.112496 0.733838 40.1489 0.193844 -0.0577029 -0.953507 0.163165
1.76556 0.271942 -1.06489 0.940975 -0.0368619 -0.159801 0.0120271
-5.26611 0.510732 -5.22568 0.891063 -0.0957413 -0.43547 0.0401231
-11.6981 1.033 30.5931 0.437494 -0.107997 -0.88366 0.155369
0.053143 0.608224 28.5195 0.345903 -0.0918147 -0.785853 0.101321
19.4956 -0.627973 -15.0904 0.940009 -0.234968 0.249911 -0.0582209
7.71221 -0.142402 -16.4765 0.98125 -0.192112 -0.081666 0.0397228
10.6241 -0.118562 -4.5905 0.960367 -0.0394093 -0.00158298 0.00212031
17.5633 -0.412743 2.58311 0.792627 -0.0985221 0.317648 -0.0603841
1.03833 0.157801 -15.3727 0.971592 -0.156144 -0.170715 0.0496358
19.3573 -0.601421 -15.9541 0.978492 -0.169929 0.124013 0.0149111
3.96502 0.0955251 -10.2784 0.932105 -0.150022 -0.147728 0.0110918
-5.41812 0.491942 -4.25482 0.887201 -0.101743 -0.425206 0.0415646
12.9627 -0.381081 -16.9416 0.977234 -0.214991 -0.0168493 0.0268565
4.31211 0.0593032 -10.8739 0.981685 -0.127031 -0.131998 0.0215881
10.3137 -0.184368 -14.8839 0.996491 -0.0973812 0.0118445 -0.00652274
4.46761 0.0237197 -14.0281 0.958639 -0.198358 -0.0892358 0.0287146
27.6293 -0.928075 -12.4985 0.974493 -0.108687 0.198443 0.00555494
-9.7177 0.815634 19.7637 0.675714 -0.133047 -0.713263 0.115051
37.3135 -1.36717 9.50694 0.77119 -0.107169 0.617659 -0.0536925
-15.4324 0.860254 -2.08048 0.783833 -0.102186 -0.615582 0.0930313
15.9684 -0.525877 -16.3852 0.960699 -0.27982 0.0611442 0.0115879
8.74848 -0.281714 -16.7389 0.928735 -0.357566 -0.00688135 0.0212637
-12.2672 0.672984 -9.18209 0.800975 -0.173337 -0.570862 0.132051
17.4276 -0.541329 -15.0663 0.942111 -0.21605 0.249722 -0.0492395
10.0316 -0.176097 -15.3527 0.988343 -0.1003 -0.0278975 0.0489619
17.3121 -0.476185 -13.4593 0.95161 -0.136022 0.270966 -0.0454554
24.6959 -0.823986 -15.8308 0.94165 -0.155178 0.306482 -0.0273642
1.62163 0.126764 -15.9314 0.970794 -0.168656 -0.15999 0.0542478
-11.4549 0.944912 25.9125 0.442551 -0.107408 -0.873 0.20592
36.5663 -1.10979 29.3746 0.560398 -0.0505283 0.812952 -0.108674
21.6402 -0.772608 -14.5749 0.932445 -0.314925 0.180556 -0.0554519
20.3225 -0.567726 -8.74614 0.898821 -0.069527 0.432869 -0.0494934
22.9478 -0.81902 -14.2713 0.906888 -0.281304 0.279356 -0.0807261
25.9248 -0.975255 -5.71444 0.785167 -0.273186 0.507263 -0.185335
37.9876 -1.19248 32.6529 0.380175 -0.0395395 0.905567 -0.168987
21.3355 -0.587679 -7.63449 0.888534 -0.0556674 0.452177 -0.0501865
14.5112 -0.360189 -14.1555 0.974076 -0.144732 0.138642 -0.0365099
7.90895 -0.0809115 -12.6779 0.971188 -0.145372 -0.0559668 0.0126319
7.66929 -0.00799652 -4.86754 0.944734 -0.0872934 0.0561952 -0.00315779
22.8005 -0.809631 -14.3519 0.919011 -0.260161 0.266415 -0.0773453
-6.74619 1.07444 50.3918 0.347218 -0.0873437 -0.930591 0.108008
15.138 -0.393967 -13.513 0.944664 -0.144495 0.279013 -0.025524
19.9178 -0.528789 -1.71275 0.779493 -0.0258708 0.585606 -0.0455632
-9.87146 1.17232 45.6036 0.434404 -0.0972337 -0.891152 0.108419
0.0457428 0.314215 -4.40052 0.932345 -0.059547 -0.200333 0.0102796
-7.11159 0.567306 -7.16008 0.872464 -0.100312 -0.471099 0.0480127
13.0682 -0.270247 -10.7973 0.951728 -0.053254 0.273726 -0.024611
-13.1133 0.782004 -1.87671 0.770667 -0.103239 -0.627761 0.0904086
12.551 -0.438532 -17.1324 0.936246 -0.353361 0.0436877 0.00521745
24.3019 -0.808769 -15.2041 0.94379 -0.165524 0.276253 -0.0495526
10.4001 -0.193969 -15.2245 0.9962 -0.1062 0.0168749 -0.00507569
-3.11368 0.426097 -6.54242 0.908725 -0.107224 -0.387416 0.0335735
-10.827 0.64805 -8.79886 0.813636 -0.141434 -0.573449 0.102661
-5.93054 0.767606 27.0515 0.556314 -0.0973404 -0.740125 0.115181
26.3872 -0.293451 55.8655 0.293096 -0.0110805 0.951637 -0.110959
21.2513 -0.746553 -7.7094 0.85711 -0.242291 0.366794 -0.116607
-1.09345 0.225004 -13.4016 0.936898 -0.215101 -0.184598 0.0855057
23.4951 -0.729151 -12.5362 0.91696 -0.0704794 0.38655 -0.0295796
23.2402 -0.73712 -15.1206 0.911709 -0.10981 0.374789 0.0007051
24.302 -0.77225 -12.3414 0.895382 -0.0755195 0.404835 0.00293922
19.656 -0.540383 -8.31805 0.886109 -0.0733619 0.461273 -0.0479305
-4.99712 0.440029 -9.80697 0.891096 -0.143944 -0.422056 0.0666005
-2.82098 0.92325 49.3204 0.320937 -0.083397 -0.938489 0.0741781
10.483 -0.194994 -15.1883 0.996404 -0.102506 0.00280734 -0.00673082
23.0257 -0.748019 -6.34105 0.843775 -0.13977 0.49751 -0.103072
-2.8872 0.897632 47.127 0.268451 -0.0415554 -0.822125 0.13764
27.6571 -0.979368 -0.316414 0.698627 -0.163796 0.65597 -0.15283
19.034 -0.603874 -15.3363 0.939639 -0.220931 0.263889 -0.0539249
-10.8195 0.782298 20.1354 0.511121 -0.191139 -0.80481 0.270741
2.97974 0.136777 -8.93279 0.897336 -0.185958 -0.315511 0.0487386
0.201857 0.805449 53.7854 0.197683 -0.0562223 -0.95662 0.145151
20.0077 -0.635821 -13.2929 0.984282 -0.104051 0.104202 0.0375892
23.9595 -0.610016 12.3086 0.708274 0.0131062 0.463447 -0.0274464
-11.7637 1.03842 30.0764 0.416961 -0.103257 -0.898662 0.147623
21.9432 -0.0492088 57.5606 0.271636 -0.00930663 0.953658 -0.124317
-10.1401 0.968855 30.5591 0.43502 -0.107348 -0.857216 0.156423
8.42471 -0.0387347 -5.06133 0.947165 -0.0599051 0.139644 -0.00904734
-15.5857 0.863415 -0.720374 0.758683 -0.104459 -0.64482 0.120437
37.3353 -1.34947 0.655079 0.925768 -0.0497963 0.360004 -0.0423313
-11.1483 0.76823 10.1015 0.65742 -0.108011 -0.746212 0.121425
17.9143 0.017884 54.7199 0.111338 -0.0427813 0.976057 -0.187675
2.78514 0.0727153 -15.9404 0.975597 -0.175578 -0.134797 0.0500992
34.8802 -0.833082 49.3625 0.300252 -0.0562137 0.937904 -0.16967
-9.69894 0.616297 9.43961 0.587094 -0.234978 -0.734614 0.285868
21.4373 -0.727221 -5.94445 0.807332 -0.235585 0.428261 -0.117031
2.6884 0.138801 -10.3816 0.969271 -0.108666 -0.19208 0.0232952
22.7985 -0.791131 -4.4865 0.786061 -0.236391 0.544799 -0.138778
-11.8455 0.757656 9.93399 0.646816 -0.127109 -0.74116 0.155825
29.6841 -1.06822 -3.21742 0.743727 -0.179821 0.621602 -0.160172
-9.134 0.933809 29.3459 0.437495 -0.115517 -0.878848 0.16154
30.5798 -0.499145 54.8111 0.320319 -0.000575251 0.946698 -0.0719221
-9.49551 0.468327 -9.1141 0.832888 -0.295729 -0.426865 0.176964
37.764 -1.37983 1.99041 0.819934 -0.100785 0.552009 -0.0891528
22.9211 -0.220756 56.0237 0.162227 -0.0357448 0.968866 -0.203619
-11.1837 0.923513 26.4723 0.426239 -0.122855 -0.875421 0.226568
1.56603 0.216548 -8.68679 0.889157 -0.144222 -0.29831 0.0458632
-0.59036 0.282585 -7.70345 0.927687 -0.129505 -0.27626 0.0322084
14.9577 -0.296124 3.38163 0.701336 -0.0841149 0.29955 -0.040183
37.899 -1.16328 28.5804 0.456125 -0.0477451 0.872965 -0.157364
35.0671 -1.15803 15.7652 0.777887 -0.0516706 0.550879 -0.0616353
-5.14664 0.439074 0.377542 0.798317 -0.227273 -0.481236 0.177757
36.2309 -1.27764 -3.39663 0.93477 -0.0177229 0.331596 -0.0337193
33.7457 -1.18076 -6.42232 0.923853 -0.0279609 0.36248 -0.0389349
-10.1541 1.03821 33.8977 0.399628 -0.0960805 -0.904666 0.149091
21.2468 -0.679044 -15.1133 0.974614 -0.132348 0.171454 0.0465969
26.8241 -0.325784 56.9369 0.308017 -0.0163787 0.942826 -0.135766
16.4256 -0.481034 -16.1367 0.981014 -0.177756 0.100683 -0.0159797
-8.06453 0.45298 -7.19895 0.820318 -0.273089 -0.456827 0.170479
-11.3883 0.727835 12.932 0.55554 -0.206089 -0.781 0.251637
37.8376 -1.34921 14.012 0.739514 -0.0866863 0.661709 -0.0800429
35.5344 -1.25028 9.13768 0.865616 -0.0538735 0.421375 -0.0640886
14.8983 -0.351247 -14.123 0.969883 -0.0961487 0.123473 0.0285427
34.0583 -1.18575 -7.91313 0.859323 -0.042699 0.484848 -0.0488144
32.6987 -0.598322 55.8473 0.369288 -0.00711473 0.917789 -0.123666
1.27053 0.291493 -0.95257 0.926783 -0.0510877 -0.192694 0.016797
-11.9686 0.999942 28.2325 0.414248 -0.0998072 -0.892682 0.194736
37.8901 -1.20783 26.3822 0.502709 -0.0887763 0.841268 -0.171897
37.1896 -1.35893 11.8739 0.770174 -0.110454 0.61788 -0.0593267
5.49382 0.0245728 -7.58547 0.893468 -0.214185 -0.218262 0.0363302
1.7996 0.092997 1.39598 0.699522 -0.192452 -0.0964033 0.127914
37.1529 -1.34748 -2.37851 0.853294 -0.0699423 0.505782 -0.0780128
-13.304 0.767375 -1.79317 0.79564 -0.0943229 -0.613235 0.0754581
10.0435 -0.177259 -14.9208 0.995501 -0.108702 0.0157056 -0.00530189
1.38524 0.236337 -6.21031 0.945302 -0.0533693 -0.0865225 0.00592307
-10.5126 0.796247 12.4627 0.87767 -0.131091 -0.451822 0.0896035
-0.0224672 0.279134 -9.86265 0.935865 -0.124658 -0.322636 0.0321361
16.2842 0.0966586 55.6183 0.111205 -0.0615931 0.977374 -0.168565
22.5932 -0.0917753 57.4919 0.295265 -0.0137168 0.943983 -0.139519
38.4143 -1.19066 28.7916 0.363735 -0.0267911 0.914891 -0.144797
18.2435 -0.0240109 50.7623 0.186573 -0.0561422 -0.00087781 -0.00995745
15.9784 -0.430584 -15.1508 0.953684 -0.0988733 0.270943 0.0335746
-11.7249 0.723091 9.21738 0.600291 -0.187174 -0.754811 0.228523
20.5024 -0.652889 -11.2054 0.93515 -0.196807 0.283757 -0.0764488
-2.39751 0.903665 48.1053 0.32178 -0.0768133 -0.937416 0.0665943
29.3028 -1.02932 1.52615 0.702501 -0.117869 0.646069 -0.0997087
38.6493 -1.41782 0.993211 0.833208 -0.103046 0.538066 -0.0823853
-2.88276 0.930369 51.5224 0.249494 -0.0802614 -0.960529 0.0904303
-5.66101 0.524809 -4.38353 0.934117 -0.101148 -0.331301 0.0274619
36.8889 -1.31551 -3.97049 0.94041 -0.0235045 0.34676 -0.0438232
11.8029 -0.244301 -14.252 0.981924 -0.135849 0.0630574 -0.0203421
11.9981 0.224245 51.0236 0.164516 -0.0265026 -0.240509 0.0744099
22.3465 -0.799224 -14.1793 0.905737 -0.281782 0.27443 -0.0827291
-9.12944 0.617437 -6.52715 0.833684 -0.108522 -0.542259 0.0726182
23.0425 -0.770156 -15.0616 0.973108 -0.157438 0.136177 0.0299673
33.8228 -0.800255 48.3761 0.288981 -0.0340976 0.942494 -0.18473
-7.57194 0.583619 -7.05469 0.85446 -0.104258 -0.500816 0.0599853
-0.296165 0.604888 25.553 0.378384 -0.0746242 -0.700247 0.0825277
37.8962 -1.20082 25.5682 0.500132 -0.0751165 0.845623 -0.159276
37.6596 -1.35437 17.9312 0.750585 -0.110214 0.640293 -0.0558386
37.7464 -1.36975 0.133148 0.840492 -0.0848071 0.524969 -0.0835874
37.7851 -1.16954 32.7118 0.437416 -0.0491115 0.879904 -0.167798
26.6461 -0.527956 43.8899 0.240222 -0.0436916 0.93488 -0.12133
26.3294 -0.71374 15.2258 0.74548 0.00241912 0.415393 -0.0490601
23.1031 -0.816127 -2.22329 0.734679 -0.251357 0.569051 -0.173778
-3.97607 0.46669 -5.87888 0.890606 -0.113471 -0.409916 0.0396405
37.4697 -1.36166 -2.85463 0.855894 -0.0735693 0.504243 -0.0786597
19.8672 0.00770814 56.4619 0.15451 0.00107282 0.920417 -0.131609
38.4147 -1.40019 2.10685 0.839112 -0.0997211 0.527027 -0.0787091
35.6197 -0.792818 53.2666 0.330117 -0.0474054 0.937664 -0.106661
-1.18246 0.359976 -5.28388 0.940663 -0.0991935 -0.219125 0.0386508
-3.36527 0.368929 -10.8511 0.904036 -0.153729 -0.400755 0.051514
27.0771 -0.891375 -13.2595 0.958463 -0.0996263 0.244764 0.0152269
35.731 -1.09533 28.2415 0.522606 -0.0283184 0.845585 -0.097756
-7.37339 0.578726 -2.36511 0.87401 -0.0938934 -0.474815 0.0494001
28.1031 -0.966595 -12.6791 0.971314 -0.108236 0.202567 0.0376357
-1.67028 0.654701 29.4078 0.337056 -0.0203128 -0.408579 0.094188
12.1957 -0.338815 -16.974 0.984167 -0.186486 -0.0180339 0.0226933
2.42956 0.211368 -1.21965 0.868717 -0.109665 -0.0523058 0.058014
11.7913 -0.219995 -5.29856 0.939547 -0.0735167 0.145701 -0.0298103
14.3419 -0.192657 8.79682 0.750931 -0.0141557 0.17464 -0.00813788
5.37888 0.00551443 -11.4617 0.897918 -0.218286 -0.186335 0.0178313
-9.60841 0.68143 6.32653 0.692371 -0.108994 -0.714593 0.101855
36.8759 -1.13838 28.8563 0.569677 -0.0522896 0.809416 -0.113346
-8.03518 1.11815 49.1759 0.378397 -0.0920412 -0.914836 0.113675
21.2766 -0.639558 -1.42497 0.716473 -0.0628104 0.618011 -0.0873661
3.97569 0.0746374 -10.5773 0.984918 -0.121654 -0.121598 0.0170239
12.7384 -0.309102 -17.228 0.98958 -0.147101 0.0476236 -0.00524344
33.7042 -1.19033 3.90093 0.751265 -0.0791327 0.628122 -0.0618529
-7.87399 0.612338 9.34058 0.640363 -0.207921 -0.686103 0.237173
-10.9229 1.21225 45.7714 0.371895 -0.0813772 -0.908885 0.12517
9.79682 -0.17718 -12.8765 0.946281 -0.190004 -0.03644 -0.00976526
-12.7262 0.756051 -4.28554 0.819519 -0.101969 -0.568578 0.0929793
-13.7298 0.790527 1.2942 0.747586 -0.109958 -0.649927 0.150759
0.869255 0.190991 -8.36982 0.911077 -0.194416 -0.220421 0.072927
38.4552 -1.19702 31.879 0.346522 -0.0294833 0.919859 -0.161076
-10.2941 0.726801 6.78118 0.68066 -0.11369 -0.723169 0.106743
4.2714 0.00720657 -15.9042 0.976296 -0.180113 -0.10712 0.0464649
17.8793 -0.49332 -8.57708 0.902026 -0.101598 0.406269 -0.0496251
-0.545972 0.254576 -12.1867 0.930946 -0.161717 -0.303432 0.0520812
-2.64397 0.362876 -10.3503 0.875601 -0.136184 -0.455283 0.0586484
-11.3196 0.760981 7.84507 0.690039 -0.10986 -0.719997 0.100727
3.31294 0.685954 54.5854 0.134375 -0.0278977 -0.898975 0.136861
5.62879 0.0516083 -8.85928 0.957934 -0.100614 -0.0985238 0.0128976
19.096 -0.200909 46.2952 0.170777 -0.0225209 0.314713 -0.0366571
37.1961 -1.35912 6.77252 0.767109 -0.0888618 0.628367 -0.0673495
18.1186 -0.397796 4.58599 0.786255 -0.0724436 -0.0153106 0.000136732
35.2965 -1.25661 0.0527735 0.941156 -0.0565129 0.315028 -0.0438458
-4.80775 0.402167 -7.65715 0.869808 -0.191821 -0.353218 0.118455
-11.7321 0.720068 -5.13018 0.814354 -0.120671 -0.570056 0.0945507
4.358 0.0573678 -9.61116 0.983751 -0.133401 -0.117736 0.00685429
-3.15532 0.316558 -13.0639 0.937068 -0.220919 -0.220216 0.0927767
13.801 -0.428526 -2.78193 0.711198 -0.209016 0.406914 -0.0572045
-10.0336 1.06536 36.7794 0.360038 -0.09521 -0.921992 0.141032
19.9739 -0.614615 -14.5563 0.967061 -0.171902 0.190211 -0.0489299
-8.0404 0.581396 -6.21646 0.851483 -0.103945 -0.518788 0.0642562
-11.2859 0.759876 8.11093 0.721806 -0.118325 -0.681881 0.113366
25.0357 -0.944146 -6.3119 0.794452 -0.268674 0.498823 -0.177668
12.7406 0.225341 48.741 0.193085 -0.0696094 -0.356736 0.071402
29.4433 -1.0486 0.572262 0.748152 -0.199856 0.470698 -0.111833
24.668 -0.694 6.10054 0.838781 -0.0101295 0.382083 -0.0355855
29.3029 -1.05726 0.502002 0.715475 -0.198657 0.635023 -0.158606
28.8039 -0.923904 2.11878 0.759796 -0.0331833 0.638641 -0.0742432
4.42621 0.0881937 -9.72471 0.911459 -0.148295 -0.0927094 0.0138131
24.84 -0.895813 -13.9892 0.918701 -0.254931 0.292936 -0.0758096
-11.3952 0.778195 9.28578 0.653172 -0.113155 -0.748028 0.124713
-11.2557 1.2197 43.6569 0.444571 -0.0857084 -0.887437 0.106936
-12.1153 0.896984 18.5374 0.492335 -0.137753 -0.839719 0.205484
21.5822 -0.201559 51.9871 0.152599 -0.0549057 0.969853 -0.183108
0.851756 0.273975 -4.40786 0.936341 -0.0508533 -0.150914 0.000984899
38.1721 -1.35221 -4.93864 0.915754 -0.0191881 0.39195 -0.0404974
-11.1009 0.688782 -5.86007 0.848791 -0.0890923 -0.528916 0.0773368
18.2414 -0.519406 -14.0363 0.949612 -0.138684 0.277086 -0.0498137
31.9431 -0.624117 53.3079 0.281135 -0.0263184 0.951883 -0.117007
37.3424 -1.1187 38.1987 0.412645 -0.039566 0.891609 -0.170605
4.49925 0.134293 -4.54812 0.916988 -0.0377255 -0.0566208 -0.00134251
-10.5374 1.21031 47.4495 0.383258 -0.0834612 -0.916291 0.119908
18.1972 -0.546509 -10.586 0.931291 -0.159524 0.31725 -0.0645847
26.8926 -0.308691 55.6543 0.28556 -0.00419428 0.78321 -0.122531
13.1076 -0.310898 -14.9662 0.984763 -0.142975 0.0843584 -0.0379284
25.5811 -0.960859 -5.82321 0.788251 -0.287 0.493811 -0.184697
-10.7549 1.18033 42.2818 0.452113 -0.0848975 -0.8843 0.120135
9.35482 -0.135586 -14.342 0.99547 -0.0876151 0.00403803 -0.00460188
22.5994 -0.804566 -14.5497 0.936274 -0.291039 0.180597 -0.0497748
-9.0625 0.802479 16.6475 0.88632 -0.107842 -0.440786 0.0651817
26.2032 -0.320986 54.1983 0.26408 -0.00610949 0.958002 -0.113144
35.1244 -0.794785 52.8826 0.279325 -0.0629005 0.94947 -0.127729
7.78869 -0.0534115 -11.7266 0.975959 -0.105506 -0.0461587 0.0095922
19.4783 -0.583221 -11.8884 0.935941 -0.149742 0.308006 -0.0642422
-14.2188 0.809888 0.234416 0.745278 -0.109356 -0.655746 0.145176
0.438837 0.239734 -11.3303 0.904435 -0.164192 -0.355225 0.0561891
18.6915 -0.674458 -7.18087 0.847122 -0.301207 0.379385 -0.126807
23.1084 -0.71764 -13.2694 0.893791 -0.0836011 0.407282 0.00971303
-10.6149 0.732283 7.09609 0.679332 -0.108935 -0.727306 0.110511
17.9922 -0.481274 -12.1451 0.924585 -0.0726254 0.382201 0.00492842
13.1839 -0.241333 -7.32955 0.932542 -0.0321612 0.321597 -0.0299961
26.4494 -0.90525 -12.995 0.966493 -0.151106 0.193361 0.00123522
35.7583 -1.08113 28.4562 0.548804 -0.0397949 0.818748 -0.105697
11.8444 -0.183516 -6.81629 0.942483 -0.0312086 0.290197 -0.0269191
2.11399 0.711935 51.8403 0.174829 -0.0467292 -0.877385 0.157161
10.3397 -0.0935796 -2.74898 0.948965 -0.0455811 -0.0074192 -0.00180813
24.6021 -0.410474 47.5859 0.205443 0.000230492 0.838523 -0.116976
18.2901 -0.00660809 56.4191 0.149329 -0.0633114 0.971942 -0.191877
37.1672 -1.22043 20.279 0.680598 -0.0655488 0.71153 -0.064071
-2.85872 0.364375 -10.5287 0.892267 -0.16391 -0.400372 0.0497923
37.9726 -1.21112 24.5591 0.503064 -0.0725425 0.843136 -0.149198
-0.637347 0.265161 -9.43816 0.882005 -0.182925 -0.292768 0.0702199
1.49716 0.246494 -5.80118 0.946994 -0.0544014 -0.126529 0.00147641
21.6737 -0.753085 -15.0794 0.954321 -0.24502 0.168686 -0.0312449
27.7414 -0.942109 -2.80957 0.73271 -0.128425 0.652067 -0.126305
6.92951 0.525829 54.3496 0.173229 -0.0887313 -0.951277 0.248004
-9.97752 0.766471 13.4051 0.732898 -0.155832 -0.644608 0.108278
22.4988 -0.190615 55.9648 0.164317 -0.0279832 0.971097 -0.192627
-0.538475 0.305788 -8.27017 0.920545 -0.128426 -0.345723 0.0363472
8.05966 -0.0503671 -7.25154 0.937741 -0.126621 -0.0139793 0.0053028
12.125 -0.353113 -16.9196 0.976484 -0.217389 -0.0337933 0.0274393
35.6999 -0.799449 53.1812 0.319223 -0.0605415 0.937595 -0.106003
35.9398 -1.1207 21.4725 0.552529 -0.0330634 0.817631 -0.106848
35.2376 -1.24525 11.7524 0.734919 -0.0884885 0.643101 -0.0660304
12.3857 -0.236147 -7.4919 0.938173 -0.0871085 0.16896 -0.0154196
-12.0362 1.05204 31.1949 0.412358 -0.0991432 -0.900621 0.14722
36.3149 -1.17148 22.0929 0.665296 -0.0354917 0.743407 -0.052793
33.5939 -1.17946 0.00324276 0.705099 -0.0681773 0.677843 -0.0981158
-5.46979 0.717329 22.4016 0.773137 -0.0784925 -0.603393 0.0525709
13.1767 -0.283432 -12.4501 0.962185 -0.0806895 0.234548 0.00655832
-10.605 0.666296 -6.06092 0.850523 -0.0967884 -0.52354 0.0725314
-13.4475 0.792959 2.79299 0.745229 -0.10881 -0.650774 0.160003
6.35894 0.000883758 -11.1575 0.962098 -0.120468 -0.0715234 0.0185533
36.1838 -1.16754 22.5522 0.62931 -0.0445659 0.766973 -0.0872591
29.762 -1.08312 0.215171 0.700166 -0.17378 0.657136 -0.162377
36.6901 -1.28056 1.3006 0.779826 -0.0312204 0.622224 -0.0652622
15.7843 -0.44872 -14.5199 0.94704 -0.182035 0.251932 -0.0377152
-11.6393 0.963172 27.9896 0.408656 -0.10499 -0.894463 0.191745
37.4308 -1.31248 15.8025 0.738212 -0.0984735 0.653424 -0.0557116
-5.32977 1.02902 50.3559 0.33678 -0.0786403 -0.935966 0.0813113
19.8863 -0.0243456 54.9729 0.25418 -0.00719662 0.9367 -0.138263
3.75558 0.686469 54.2701 0.121577 -0.0539207 -0.967321 0.205013
11.8946 -0.365896 -17.1213 0.946084 -0.267519 0.105668 0.00546452
30.504 -0.480077 56.07 0.310612 0.000576118 0.941947 -0.0983634
35.3145 -0.794861 53.3097 0.29866 -0.0709672 0.942716 -0.121875
10.1256 -0.146683 -5.80567 0.863304 -0.0727718 0.313384 -0.0196884
0.492365 0.332376 0.541914 0.938723 -0.0437726 -0.210569 0.0129783
17.9652 -0.543061 -16.533 0.978745 -0.177889 0.107488 -0.000512839
-9.58218 0.629067 -5.96743 0.849437 -0.0980577 -0.523049 0.0654719
21.4082 -0.683993 -8.08579 0.796892 -0.0946689 0.492856 -0.0661928
-1.48209 0.869825 47.8989 0.304619 -0.0777651 -0.937215 0.060302
37.2603 -1.32354 9.95088 0.861957 -0.057657 0.437435 -0.0648491
0.546514 0.211759 -11.446 0.916876 -0.193212 -0.305756 0.0679775
22.0483 -0.0585552 57.4739 0.272549 -0.0140186 0.95357 -0.128919
14.2785 -0.295246 -8.67322 0.934402 -0.0405885 0.339028 -0.0316118
38.3813 -1.40733 7.02903 0.715578 -0.125513 0.67044 -0.136659
0.306504 0.322372 -2.5639 0.943796 -0.062447 -0.183402 0.0205086
-6.82717 1.0756 50.07 0.350478 -0.0919484 -0.927238 0.118662
5.2483 0.00356419 -5.41572 0.885806 -0.224499 -0.109791 0.0465181
5.57577 0.011801 -10.6781 0.990073 -0.116979 -0.10173 0.00684249
4.72613 0.118872 -6.19718 0.942167 -0.0878756 -0.123859 0.0163813
6.29479 0.548765 54.2852 0.159885 -0.0853504 -0.955866 0.24277
18.7677 -0.576982 -15.5262 0.944219 -0.192741 0.267505 -0.0478355
16.4764 -0.423827 -8.15125 0.924152 -0.10185 0.304303 -0.0653024
-1.95811 0.897389 49.2427 0.264338 -0.0788037 -0.952646 0.0726718
-10.7732 1.20739 45.3314 0.44485 -0.0947248 -0.886463 0.109991
35.6754 -1.10877 23.3516 0.606962 -0.0354746 0.779104 -0.0836443
3.67198 0.176909 -3.51595 0.948638 -0.0624065 -0.152011 0.0197647
37.8804 -1.38299 -1.69386 0.844298 -0.081867 0.520611 -0.0795271
17.0019 -0.513029 -15.3827 0.943908 -0.20315 0.258325 -0.0400779
7.41913 -0.0569609 -13.2727 0.984658 -0.119083 -0.0358842 -0.0138578
19.3267 -0.627733 -3.85894 0.769172 -0.174004 0.528286 -0.0816025
13.6977 -0.336848 -17.2003 0.992321 -0.131021 0.0607294 -0.00985927
28.0967 -0.911717 -3.91413 0.910673 -0.0323714 0.272048 -0.0282451
26.9227 -0.321984 56.7343 0.305257 -0.0148636 0.944109 -0.12401
-0.0284775 0.369672 1.38719 0.915282 -0.0301621 -0.237196 0.0101329
31.6109 -0.551143 56.059 0.252968 -0.0164975 0.959182 -0.132954
20.429 -0.627857 -14.1641 0.951671 -0.147578 0.274037 -0.05139
-14.0343 0.814914 2.43175 0.746202 -0.109956 -0.653797 0.152518
9.91332 -0.330463 -17.6393 0.938432 -0.34431 0.0138455 0.021763
-5.50931 0.525907 -5.20074 0.878927 -0.0963081 -0.446458 0.0421605
-11.4404 1.06465 31.2969 0.367858 -0.0910809 -0.912276 0.175138
-10.9099 0.742346 8.00867 0.819636 -0.160881 -0.53507 0.113848
-9.39953 1.16291 46.4928 0.355491 -0.0817622 -0.930353 0.127482
-10.169 0.639467 -8.62679 0.82281 -0.118101 -0.549308 0.08367
6.96614 0.511909 53.7842 0.16336 -0.0778165 -0.960646 0.209925
-11.3403 0.879695 23.5848 0.4683 -0.128904 -0.858041 0.204861
11.9717 -0.202906 -10.9686 0.971459 -0.0728818 0.14329 -0.0137373
-3.85551 0.97271 50.3452 0.332705 -0.0807209 -0.934942 0.0641071
3.34631 0.241494 2.31402 0.874188 -0.0456158 -0.158375 0.0135324
1.08357 0.281406 -1.95195 0.959452 -0.0579444 -0.183561 0.00856961
37.044 -1.3302 7.84101 0.614453 -0.113645 0.753403 -0.16986
-0.974993 0.303113 -10.4548 0.894398 -0.151751 -0.409557 0.0462707
21.4867 -0.131609 55.3792 0.17528 -0.0235559 0.96849 -0.194584
35.8329 -1.25616 1.42567 0.912113 -0.0207991 0.36438 -0.0388247
36.368 -1.2866 -8.58272 0.890518 -0.0303651 0.446379 -0.0567346
16.6958 -0.433017 -13.3426 0.931291 -0.0761379 0.35683 0.0248718
-4.85872 0.504304 -4.42246 0.876735 -0.0956742 -0.441089 0.0349557
36.5698 -1.14328 24.229 0.615286 -0.0253617 0.771899 -0.0460688
36.8472 -1.3076 -7.01871 0.899465 -0.0264696 0.430962 -0.0553067
34.6356 -0.853693 47.0143 0.334305 -0.032877 0.923184 -0.189866
-11.3292 0.580737 -8.68506 0.821715 -0.265707 -0.480874 0.182854
36.0354 -1.12521 23.9066 0.589996 -0.0373711 0.794702 -0.0923187
5.62482 0.0964585 -4.39144 0.9454 -0.0681545 -0.113438 0.0104343
9.17721 -0.129934 -10.9696 0.952223 -0.156349 0.000351882 0.0077813
25.0667 -0.875476 -14.3449 0.953177 -0.20872 0.218501 -0.0372683
0.648661 0.241573 -6.7278 0.764529 -0.161961 -0.312821 0.0289047
35.8597 -1.27926 -6.07104 0.938636 -0.031206 0.343831 -0.0393062
22.8321 -0.320581 43.5971 0.406258 -0.0651033 0.452218 -0.076035
24.4862 -0.84947 -14.9299 0.951864 -0.217223 0.223505 -0.0375448
34.4457 -1.19686 -0.487603 0.94608 -0.0218985 0.300472 -0.0352376
9.94667 -0.196094 -17.0129 0.986965 -0.137356 0.0328158 0.0181628
1.85708 0.175768 -10.752 0.917916 -0.162277 -0.353841 0.0530342
21.3344 -0.757446 -14.3995 0.933282 -0.309045 0.163139 -0.0514196
38.0282 -1.37902 0.645189 0.810098 -0.0596627 0.580508 -0.0611658
24.6157 -0.203251 57.2734 0.302116 -0.0149246 0.941684 -0.146329
-7.91404 0.573616 -7.86327 0.851453 -0.11135 -0.516377 0.0724069
-12.4962 0.745422 -3.56552 0.802506 -0.121781 -0.578266 0.110254
38.1266 -1.21455 24.2399 0.476552 -0.0702459 0.856361 -0.157321
